1.65019,0.798325,9.73052
1.67876,0.750717,9.6353
1.64305,0.772141,9.6234
1.6002,0.800705,9.65196
1.55022,0.762619,9.63768
1.47404,0.793564,9.55437
1.41216,0.76738,9.53056
1.39787,0.774521,9.54485
1.48357,0.719772,9.67815
1.65733,0.593613,9.80193
1.70018,0.591232,9.71623
1.66209,0.674545,9.69719
1.61687,0.753098,9.55437
1.5764,0.795944,9.54723
1.57402,0.729294,9.57817
1.54308,0.757858,9.45439
1.56212,0.781662,9.502
1.5645,0.764999,9.50438
1.62639,0.734055,9.6115
1.68114,0.70787,9.57579
1.84776,0.688828,9.52342
1.78587,0.781662,9.55199
1.73351,0.83165,9.59483
1.75493,0.676926,9.64958
1.79301,0.63884,9.59483
1.79539,0.584091,9.55199
1.82396,0.598373,9.50676
1.72874,0.624557,9.50676
1.65733,0.693588,9.52104
1.67162,0.764999,9.44487
1.60735,0.764999,9.40202
1.65257,0.619797,9.45439
1.65257,0.631699,9.52818
1.77159,0.524582,9.6591
1.9644,0.526962,9.7567
1.95488,0.650742,9.68053
1.88585,0.772141,9.70195
1.94774,0.762619,9.82097
2.07628,0.731674,9.76146
2.1096,0.693588,9.74004
2.11198,0.864975,9.71861
2.06676,0.900681,9.71385
2.00963,0.864975,9.76146
2.01439,0.745956,9.76146
2.03105,0.662643,9.66386
1.98821,0.560288,9.54485
1.99297,0.70787,9.44249
1.95726,0.795944,9.35918
1.93584,0.886398,9.30919
1.90965,0.995895,9.16161
2.27861,0.546005,9.73527
2.0977,0.615036,9.66148
2.00963,0.674545,9.60197
1.9644,0.598373,9.94475
2.18578,0.429367,10.0519
2.39287,0.262741,10.0114
2.47856,0.236557,9.94951
2.41429,0.38414,9.93285
2.28575,0.546005,9.85905
2.18816,0.548386,9.82097
2.12627,0.38652,9.86144
2.08104,0.484116,9.74242
1.99297,0.603134,9.78526
1.96916,0.610275,9.75432
1.89775,0.569809,9.66386
1.88109,0.443649,9.65672
1.9406,0.455551,9.6234
1.98582,0.491257,9.53056
1.96916,0.581711,9.52342
1.94298,0.665024,9.40678
1.89299,0.488876,9.40916
1.90251,0.469833,9.46629
1.88823,0.434128,9.502
1.89061,0.403183,9.59959
1.95488,0.260361,9.63054
1.89775,0.250839,9.6234
1.88585,0.179428,9.60674
1.87633,0.0199432,9.7686
1.94536,0.0675507,9.73289
2.00011,0.0128021,9.76384
2.231,0.569809,9.79478
2.15721,0.70549,9.64006
2.15245,0.70787,9.59245
2.10722,0.695969,9.57817
2.04295,0.822128,9.28777
1.93346,0.819748,9.25682
1.77159,0.8983,9.15922
1.71446,0.741196,9.62578
1.84538,0.688828,9.65196
1.90489,0.44841,9.6353
1.62401,0.410324,9.42345
1.56688,0.460312,9.44249
1.55022,0.476975,9.5377
1.59068,0.562668,9.73766
1.75255,0.472214,9.89714
1.88823,0.207993,9.85191
1.9406,0.169907,9.87572
1.88823,0.172287,9.88524
1.80492,0.300827,9.94475
1.63829,0.350815,9.85905
1.96916,0.424606,9.87334
1.99297,0.405563,9.86144
2.09532,0.31987,9.84239
2.17149,0.272263,9.73052
2.15483,0.277023,9.60435
2.11436,0.279404,9.65196
2.09056,0.343674,9.59959
1.99059,0.38414,9.48296
1.91203,0.329391,9.39012
1.97154,0.260361,9.2711
1.95012,0.565048,9.30919
2.08818,0.598373,9.36394
2.13103,0.605514,9.37108
2.15245,0.572189,9.3568
2.25481,0.327011,9.39726
2.38811,0.236557,9.45677
2.44524,0.32225,9.5139
2.40953,0.524582,9.57817
2.36668,0.724533,9.502
2.29051,0.662643,9.59007
2.00487,0.595993,9.47582
2.02629,0.591232,9.41155
2.12627,0.5103,9.51628
2.2072,0.507919,9.43059
2.29765,0.484116,9.42107
2.25957,0.505539,9.44725
2.28337,0.438889,9.51152
2.32622,0.479355,9.55199
2.45238,0.484116,9.76146
2.51903,0.529343,9.84715
2.13103,0.51506,9.84001
2.13341,0.460312,9.68767
2.05962,0.405563,9.60912
2.0739,0.436508,9.59007
1.99773,0.415085,9.52342
2.01915,0.398422,9.51866
2.06676,0.457932,9.54961
2.15245,0.505539,9.6472
2.2072,0.543625,9.69481
2.2429,0.538864,9.7448
2.26671,0.453171,9.62102
2.30717,0.31987,9.64958
2.27385,0.329391,9.74956
2.21434,0.38176,9.67339
2.15721,0.419846,9.67577
2.14055,0.553146,9.59721
2.11913,0.429367,9.6115
2.09532,0.310349,9.51628
2.01915,0.155624,9.38298
1.9644,0.0842133,9.33061
1.97154,0.0389862,9.34966
1.98106,0.155624,9.36632
1.91441,0.277023,9.49486
1.85014,0.284164,9.45201
1.86681,0.346054,9.43059
1.90727,0.360336,9.42821
1.92155,0.260361,9.43773
1.90965,0.284164,9.43773
1.88585,0.205612,9.44487
1.94774,0.165146,9.45677
2.09532,0.274643,9.54723
2.0739,0.267502,9.55913
2.14769,0.31749,9.59721
2.13579,0.376999,9.6115
2.16673,0.365097,9.63054
2.11913,0.277023,9.60197
2.13817,0.250839,9.49486
2.10246,0.198471,9.48058
2.14531,0.172287,9.57579
2.21196,0.186569,9.58293
2.15007,0.460312,9.37584
2.20006,0.486496,9.50676
2.19292,0.51268,9.51866
2.12151,0.555527,9.65672
2.14055,0.567429,9.65672
2.10722,0.517441,9.67339
2.14055,0.353195,9.64958
2.14531,0.281784,9.65434
2.20482,0.346054,9.65672
2.22624,0.391281,9.66148
2.29051,0.557907,10.3327
2.35954,0.681686,10.4899
2.40953,0.695969,10.597
2.4976,0.550766,10.8636
2.49522,0.338913,11.1087
2.48808,0.305588,11.1326
2.55235,0.291306,11.1873
2.53569,0.219894,11.3158
2.59758,0.25322,11.4729
2.5952,0.526962,11.611
2.20006,0.0937347,12.2847
2.04057,0.0437469,12.3727
1.85966,0.0389862,12.4346
1.67876,0.024704,12.1133
1.455,-0.0943146,12.0085
1.25743,-0.303787,11.6777
1.0313,-0.32283,11.3944
0.762314,-0.0728912,10.9231
0.405258,0.103256,10.6113
0.0862885,0.0151825,10.5208
-4.10316,0.281784,7.14781
-4.22218,0.417465,7.15257
-4.02699,0.0770721,7.30968
-3.84132,-0.168106,7.28349
-3.8318,-0.12764,7.13353
-3.95558,0.00328064,6.86931
-4.36977,0.229416,6.88359
-4.56258,0.222275,6.88359
-4.80061,0.365097,6.66698
-4.95296,0.260361,6.37895
-6.743,0.357956,5.67674
-7.00722,0.150864,5.81004
-7.06197,0.12468,5.69341
-7.23335,-0.00624084,5.86717
-7.28096,-0.0300446,5.72673
-7.36903,-0.0252838,5.9124
-7.38332,0.0842133,5.73149
-7.45711,0.100876,5.62437
-7.37379,0.360336,5.06023
-7.58089,0.615036,4.86742
-8.75679,1.62907,2.2014
-8.85915,1.73381,1.64915
-9.00911,1.7957,0.970749
-9.34474,1.65288,0.685104
-9.60896,1.60051,0.14476
-9.89461,1.55052,-0.121841
-10.254,1.54576,-0.267044
-10.5444,1.61241,-0.214676
-10.6539,1.74809,-0.417007
-10.773,1.86235,-0.619339
-9.87318,1.56956,0.704147
-9.80415,1.35771,0.72081
-9.71608,1.21965,0.630356
-9.73036,1.11015,0.573227
-9.7018,1.01018,0.996933
-9.58992,0.905441,1.47301
-9.43758,0.881638,1.91814
-9.29475,0.917343,2.4204
-9.19478,0.872116,2.44896
-9.2281,0.822128,2.39421
-8.72823,0.717392,3.54155
-8.54018,0.593613,3.58678
-8.44496,0.531723,3.67009
-8.22359,0.426987,3.87956
-8.05458,0.288925,4.13426
-7.86415,0.158005,4.39134
-7.79036,0.198471,4.56511
-7.75465,0.391281,4.76268
-7.61421,0.522202,5.06737
-7.48567,0.572189,5.23875
-5.55995,-0.310928,7.50725
-5.40761,-0.477554,7.50249
-5.26717,-0.396622,7.41203
-5.30049,0.000900269,7.33348
-5.23622,0.293686,7.23827
-5.17909,0.291306,7.16447
-5.04103,0.069931,7.26921
-4.8625,-0.0443268,7.41679
-4.59352,-0.189529,7.59294
-4.23885,-0.410904,8.26659
-3.89607,-0.32045,8.91167
-3.52473,-0.229996,9.37584
-3.12483,-0.32045,9.53294
-2.96297,-0.408524,9.30919
-2.99867,-0.25618,8.7498
-3.25813,0.00566101,8.40941
-3.26765,-0.013382,8.74504
-2.9225,-0.0348053,9.11162
-2.5583,-0.203812,9.44725
-2.1703,-0.472794,10.2685
-1.61092,-0.625137,10.8064
-1.17055,-0.634659,11.1397
-0.944412,-0.791763,11.2778
-0.751602,-0.96315,11.2587
-0.680191,-0.865555,10.9445
-0.844437,-0.522781,10.478
-1.04677,-0.313309,10.2066
-1.26814,-0.153824,9.95903
-1.36336,-0.0657501,10.0185
-1.20387,0.0794525,10.347
-0.830154,0.088974,10.8683
-0.461197,-0.0871735,10.8517
-0.230301,-0.310928,10.7874
-0.0874786,-0.439468,10.8064
0.0148773,-0.353775,10.6541
0.0791473,-0.0681305,10.4518
0.119614,0.0556488,10.4303
0.141037,0.0461273,10.5636
0.171982,0.181808,10.735
0.312424,0.307968,10.785
0.457626,0.265121,11.0088
0.624252,0.229416,10.9897
0.679001,0.162766,10.8755
0.80278,0.112778,11.1159
1.02892,-0.101456,11.2492
1.20506,-0.356155,11.2016
1.39787,-0.379959,11.0254
1.48357,-0.168106,10.9397
1.43596,0.236557,10.9897
1.37407,0.350815,11.0421
1.30266,0.12468,11.0778
1.28838,0.0199432,10.8802
1.20506,0.100876,10.6541
1.14793,0.122299,10.478
1.19316,-0.00386047,10.5946
1.38121,-0.0229034,10.8326
1.59782,0.0627899,10.6779
1.64543,0.0461273,10.5874
1.65971,-0.0443268,10.4256
1.70256,-0.180008,10.4922
1.70018,-0.144302,10.5184
1.76683,-0.0609894,10.5018
1.77159,0.0532684,10.6232
1.81206,0.0604095,10.6136
1.84776,-0.110977,10.5089
1.87871,-0.184769,10.3018
1.82872,-0.203812,10.0661
1.71446,-0.277603,9.96855
1.76445,-0.303787,10.2399
1.86919,-0.246658,10.128
1.83824,-0.25618,10.0352
1.90965,-0.282364,10.0947
1.843,-0.325211,10.0661
1.82396,-0.334732,9.90666
1.81206,-0.349014,9.83287
1.8073,-0.301407,9.82097
1.80254,-0.139542,9.67815
1.74065,0.0485077,9.62816
1.64067,-0.0110016,9.49486
1.60735,-0.115738,9.50676
1.61449,-0.199051,9.62102
1.68114,-0.270462,9.51628
1.77397,-0.318069,9.56865
1.75969,-0.337112,9.53056
1.82396,-0.375198,9.68053
1.85728,-0.303787,9.72813
1.93108,-0.303787,9.77574
1.91679,-0.277603,9.69243
1.89775,-0.329971,9.72575
1.84538,-0.377579,9.76622
1.68828,-0.327591,9.60912
1.71446,-0.344254,9.63054
1.7097,-0.270462,9.6472
1.73112,-0.301407,9.71385
1.75017,-0.222855,9.75432
1.78825,-0.146683,9.78764
1.73112,-0.144302,9.78764
1.79539,-0.151443,9.72099
1.73827,-0.3871,9.66148
1.81206,-0.441849,9.57103
1.81444,-0.520401,9.68767
1.75017,-0.544205,9.6353
1.80492,-0.425186,9.64482
1.80968,-0.32283,9.74004
1.74541,-0.325211,9.74004
1.73827,-0.275223,9.66863
1.72874,-0.253799,9.671
1.73112,-0.246658,9.75194
1.74065,-0.313309,9.73289
1.80016,-0.353775,9.69481
1.80968,-0.415665,9.74242
1.8549,-0.470413,9.73527
1.81682,-0.548965,9.59245
1.76921,-0.568008,9.67815
1.73589,-0.532303,9.63292
1.72398,-0.446609,9.75194
1.78111,-0.465652,9.76622
1.74065,-0.403763,9.64244
1.6859,-0.38472,9.52342
1.68114,-0.365677,9.54961
1.7097,-0.560867,9.53294
1.71446,-0.57515,9.60435
1.77159,-0.539444,9.59483
1.89775,-0.608475,9.70671
1.93346,-0.558487,9.71385
1.95012,-0.51326,9.68291
1.89299,-0.375198,9.77336
1.90013,-0.415665,9.80669
1.80492,-0.420425,9.69005
1.88823,-0.437088,9.70671
1.78587,-0.482315,9.68767
1.78587,-0.45137,9.7448
1.86205,-0.51326,9.7448
1.87395,-0.496597,9.66386
1.86919,-0.51326,9.71147
1.88823,-0.503738,9.81383
1.90965,-0.51088,9.88524
1.9525,-0.470413,9.76146
1.94298,-0.456131,9.84953
1.89537,-0.401382,9.72099
1.80968,-0.501358,9.71147
1.76683,-0.508499,9.59483
1.75969,-0.472794,9.60197
1.78349,-0.427567,9.66386
1.80968,-0.470413,9.66148
1.82158,-0.472794,9.62816
1.8192,-0.403763,9.6234
1.84776,-0.410904,9.80193
1.85966,-0.425186,9.84477
1.88823,-0.420425,9.82097
1.84062,-0.537064,9.59007
1.79539,-0.560867,9.56865
1.80968,-0.418045,9.56627
1.78587,-0.434708,9.56627
1.81206,-0.472794,9.55913
1.83586,-0.45137,9.63768
1.90965,-0.494217,9.60435
1.88109,-0.45137,9.58293
1.87871,-0.439468,9.74004
1.9287,-0.479935,9.7686
1.78825,-0.482315,9.67815
1.85252,-0.556107,9.63768
1.87157,-0.470413,9.64244
1.88823,-0.503738,9.73052
1.87871,-0.415665,9.70433
1.90727,-0.437088,9.62102
1.88823,-0.396622,9.69243
1.85014,-0.296646,9.67577
1.843,-0.306168,9.57817
1.84062,-0.44899,9.62102
1.79301,-0.406143,9.59007
1.78825,-0.353775,9.51628
1.78349,-0.339493,9.67815
1.843,-0.349014,9.66863
1.83824,-0.401382,9.75194
1.78349,-0.377579,9.74718
1.75493,-0.425186,9.74956
1.73351,-0.396622,9.73052
1.75017,-0.494217,9.70909
1.83586,-0.560867,9.70433
1.83824,-0.475174,9.74242
1.75731,-0.434708,9.72813
1.80254,-0.339493,9.80193
1.82872,-0.349014,9.75908
1.84538,-0.437088,9.81621
1.89061,-0.627518,9.79478
1.93108,-0.656082,9.71861
1.90965,-0.603714,9.73527
1.94298,-0.501358,9.72575
1.85014,-0.434708,9.62102
1.82872,-0.403763,9.6353
1.86443,-0.408524,9.62816
1.79778,-0.375198,9.66386
1.85728,-0.38472,9.62102
1.83348,-0.408524,9.54723
1.843,-0.377579,9.54246
1.79539,-0.239517,9.59007
1.82634,-0.19191,9.69005
1.8311,-0.315689,9.69957
1.82158,-0.38472,9.64482
1.88109,-0.337112,9.65196
1.84776,-0.44899,9.64482
1.8311,-0.489456,9.67577
1.84062,-0.57753,9.63292
1.78825,-0.527542,9.58055
1.75969,-0.415665,9.54246
1.77635,-0.382339,9.59245
1.85728,-0.475174,9.62578
1.89061,-0.525162,9.62816
1.92155,-0.51564,9.62578
1.95726,-0.38472,9.84239
1.93584,-0.403763,9.78526
1.84062,-0.44899,9.80431
1.82634,-0.470413,9.7567
1.87633,-0.475174,9.70433
1.77635,-0.456131,9.59959
1.76207,-0.44899,9.66624
1.74303,-0.446609,9.64958
1.8192,-0.425186,9.71147
1.86205,-0.413284,9.71385
1.87633,-0.418045,9.75194
1.85014,-0.432327,9.66863
1.94774,-0.413284,9.68767
1.98106,-0.496597,9.66386
1.96202,-0.522781,9.69243
1.86919,-0.453751,9.7567
1.80492,-0.353775,9.74956
1.78825,-0.310928,9.72575
1.82158,-0.418045,9.76622
1.86919,-0.494217,9.73289
1.86681,-0.479935,9.69243
1.83586,-0.494217,9.63768
1.76921,-0.463272,9.67339
1.80016,-0.415665,9.78288
1.83586,-0.360916,9.72575
1.85728,-0.418045,9.74242
1.85252,-0.446609,9.61864
1.86919,-0.601334,9.61626
1.87395,-0.582291,9.56627
1.87395,-0.45137,9.62102
1.89061,-0.453751,9.69957
1.84538,-0.441849,9.71385
1.80254,-0.522781,9.68291
1.87633,-0.460892,9.59245
1.85252,-0.434708,9.64006
1.90251,-0.458511,9.60674
1.84776,-0.415665,9.55675
1.80968,-0.372818,9.6353
1.82158,-0.379959,9.65196
1.82396,-0.437088,9.68529
1.79301,-0.496597,9.59245
1.82396,-0.479935,9.52342
1.843,-0.38472,9.60912
1.84776,-0.365677,9.64958
1.79778,-0.32283,9.57817
1.77873,-0.363297,9.58055
1.8549,-0.315689,9.65434
1.9525,-0.377579,9.77336
1.87871,-0.356155,9.69957
1.88109,-0.413284,9.73766
1.89537,-0.358536,9.75194
1.88823,-0.391861,9.73052
1.83348,-0.32045,9.63054
1.83586,-0.396622,9.70909
1.86443,-0.413284,9.64006
1.88585,-0.329971,9.68767
1.8549,-0.32283,9.76384
1.87871,-0.344254,9.69719
1.8311,-0.45137,9.67577
1.78349,-0.427567,9.68529
1.78587,-0.406143,9.6591
1.75255,-0.341873,9.66148
1.88585,-0.315689,9.77098
1.89775,-0.353775,9.69719
1.86205,-0.346634,9.67815
1.85728,-0.341873,9.76622
1.85014,-0.332352,9.73052
1.89299,-0.429947,9.67815
1.89537,-0.439468,9.64244
1.87157,-0.45137,9.60674
-3.82228,-0.318069,7.74528
-3.97939,-0.279984,7.3073
-4.26503,-0.241898,6.98833
-4.49355,-0.222855,6.38371
-4.84108,-0.241898,6.36467
-5.10292,-0.318069,6.68602
-5.52425,-0.149063,6.05046
-5.71468,-0.0895538,5.46965
-6.01698,-0.110977,5.42918
-6.30977,-0.0538483,5.06023
-8.99007,0.484116,3.55583
-9.09718,0.607895,3.31541
-9.16383,0.636459,3.31065
-9.13765,0.70787,3.12975
-9.22572,0.905441,2.8679
-9.19478,1.15538,2.62273
-9.3019,1.20061,2.40373
-9.34474,1.15776,2.0919
-9.53993,1.20537,1.87291
-9.58992,1.28392,1.92766
-10.0089,0.719772,0.749374
-9.87556,0.657883,1.23259
-9.77083,0.812607,1.56346
-9.77797,0.903061,1.66582
-9.84462,0.781662,1.59441
-9.90175,0.653122,1.36827
-9.88032,0.560288,1.39446
-9.71132,0.610275,1.48491
-9.63277,0.698349,1.66106
-9.5685,0.662643,1.58965
-9.60896,0.572189,1.71104
-9.66609,0.57457,1.79198
-9.6899,0.774521,1.94908
-9.64705,0.917343,1.82768
-9.67085,0.786423,1.81102
-9.59706,0.572189,1.7896
-9.5923,0.455551,1.8253
-9.65657,0.572189,1.77769
-9.61848,0.681686,1.96098
-9.62087,0.805466,2.21092
-9.57564,0.903061,2.29185
-9.4709,0.764999,2.45372
-9.36855,0.745956,2.39421
-9.37807,0.776901,2.27995
-9.45662,0.912582,2.42992
-9.34474,0.848312,2.71794
-9.25905,0.710251,2.95598
-9.16145,0.565048,2.98692
-9.08528,0.476975,3.10356
-8.94008,0.493637,3.22734
-8.94008,0.588852,3.30113
-8.86629,0.710251,3.31779
-8.84486,0.719772,3.28447
-8.81154,0.676926,3.47966
-8.76393,0.645981,3.851
-8.59492,0.534103,4.13664
-8.31166,0.291306,4.59129
-8.02126,0.088974,4.82219
-7.83083,-0.106216,4.88884
-7.94984,-0.0514679,4.61748
-8.15218,0.0818329,4.82695
-8.12123,0.174667,5.12212
-7.94032,0.155624,5.02928
-7.73323,0.0556488,5.1602
-7.50233,-0.0919342,5.57439
-7.21907,-0.251419,5.75767
-7.05006,-0.365677,6.09807
-6.96437,-0.434708,5.99809
-6.94057,-0.563248,6.21233
-6.78346,-0.422806,6.76933
-6.5121,-0.146683,6.8455
-6.31929,0.0508881,6.59557
-6.35976,0.298447,6.73601
-6.3788,0.303207,6.99547
-6.20265,0.148483,7.44774
-6.04317,-0.077652,7.72148
-5.74086,-0.456131,7.9976
-5.58138,-0.601334,8.02379
-5.41475,-0.670364,7.94286
-5.28621,-0.651321,8.34752
-5.22432,-0.432327,8.19041
-5.23146,-0.275223,8.01189
-5.31953,-0.132401,7.96666
-5.26002,-0.110977,8.01427
-5.12672,-0.296646,8.27135
-4.84346,-0.520401,8.64745
-4.58162,-0.763199,9.20445
-4.30074,-0.910782,9.26396
-4.13173,-1.02266,9.09496
-4.15315,-1.02266,9.06401
-4.2079,-0.891739,9.11638
-4.23647,-0.463272,9.07591
-4.10316,-0.251419,9.04735
-3.8437,-0.327591,9.03307
-3.57234,-0.732254,8.85216
-3.4319,-1.01552,9.12352
-3.31526,-0.996475,9.48058
-3.22481,-0.877457,9.50914
-3.1653,-0.875076,9.34727
-3.19862,-0.89888,9.37108
-3.0201,-0.867935,9.50438
-2.73683,-0.77272,9.5139
-2.60115,-0.529922,9.60435
-2.40596,-0.368057,9.69481
-2.24886,-0.434708,9.68767
-2.19173,-0.496597,9.7686
-2.19887,-0.506119,9.74004
-2.16078,-0.503738,9.61864
-2.04652,-0.508499,9.57579
-2.03224,-0.315689,9.66148
-1.90846,-0.139542,9.79716
-1.61092,-0.187149,9.97569
-1.36812,-0.299026,10.1185
-1.04201,-0.444229,10.397
-0.856339,-0.45137,10.4875
-0.646866,-0.506119,10.5874
-0.532608,-0.556107,10.6422
-0.539749,-0.608475,10.5732
-0.589737,-0.598953,10.4708
-0.592117,-0.534683,10.4446
-0.596878,-0.327591,10.5422
-0.446915,-0.270462,10.6041
-0.280289,-0.401382,10.5993
-0.199356,-0.498978,10.6136
-0.116043,-0.653702,10.8421
0.0220184,-0.64418,10.8421
0.155319,-0.629898,10.7184
0.22197,-0.51564,10.6184
0.267197,-0.294266,10.5874
0.264816,-0.160965,10.5279
0.1577,-0.0562286,10.6565
0.171982,-0.0371857,10.6041
0.207687,-0.0324249,10.7517
0.464767,-0.180008,10.9374
0.648056,-0.151443,10.9159
0.73613,-0.0847931,10.8088
0.745651,-0.108597,10.6993
0.721848,-0.0609894,10.8088
0.693283,-0.141922,10.6565
0.719467,-0.120499,10.5946
0.707565,-0.0181427,10.616
0.693283,-0.0824127,10.6041
0.788498,-0.239517,10.6374
0.855148,-0.265701,10.647
0.888474,-0.344254,10.4351
0.819443,-0.334732,10.2875
0.769455,-0.249039,10.3113
0.740891,-0.263321,10.1709
0.631393,-0.227615,10.0709
0.600449,-0.410904,10.0519
0.695663,-0.489456,9.97807
0.743271,-0.498978,10.0043
0.871811,-0.429947,10.1971
1.02892,-0.325211,10.3018
1.01939,-0.3871,10.209
1.01939,-0.498978,10.0471
0.967026,-0.487076,9.98045
0.969406,-0.413284,9.94237
0.921799,-0.458511,10.0376
0.969406,-0.444229,10.0423
0.938461,-0.470413,9.98283
0.921799,-0.432327,10.0947
0.933701,-0.396622,10.0638
0.947983,-0.394241,10.0138
0.926559,-0.377579,9.89714
0.895615,-0.349014,9.77812
0.855148,-0.437088,9.73766
0.890854,-0.441849,9.8781
0.933701,-0.427567,9.81621
0.926559,-0.444229,9.87096
0.983688,-0.482315,9.85905
0.933701,-0.615616,9.83287
0.838486,-0.503738,9.83287
0.814682,-0.399002,9.70671
0.812302,-0.329971,9.66386
0.828964,-0.375198,9.66863
0.883713,-0.489456,9.68291
0.93132,-0.551346,9.84953
0.99321,-0.529922,9.83049
1.00749,-0.418045,9.85667
0.938461,-0.506119,9.82811
0.919418,-0.51564,9.75194
0.897995,-0.532303,9.85191
0.940842,-0.482315,9.74242
0.93132,-0.406143,9.72337
0.893234,-0.346634,9.64244
0.92894,-0.441849,9.69719
0.869431,-0.506119,9.65672
0.909897,-0.453751,9.69719
0.969406,-0.432327,9.76622
1.00511,-0.418045,9.82811
0.983688,-0.420425,9.70909
0.852768,-0.529922,9.66386
0.817062,-0.377579,9.78288
0.897995,-0.32283,9.95903
1.00035,-0.382339,9.93523
1.04082,-0.456131,9.87572
0.990829,-0.489456,9.83049
1.01701,-0.420425,9.93523
1.01225,-0.360916,9.94237
1.04558,-0.539444,9.9876
1.04082,-0.525162,9.86858
1.03844,-0.460892,9.89952
1.01225,-0.465652,9.96617
1.01463,-0.472794,9.9019
0.988449,-0.541824,9.89952
1.07652,-0.548965,9.91618
1.09319,-0.460892,9.95665
1.15508,-0.532303,10.0233
1.15031,-0.63942,10.0066
0.971786,-0.399002,9.78288
0.93132,-0.389481,9.80431
0.936081,-0.489456,9.73766
0.92894,-0.632278,9.75194
0.921799,-0.608475,9.73052
0.964645,-0.584671,9.84001
0.990829,-0.551346,9.74242
1.0432,-0.584671,9.71385
1.05748,-0.613236,9.80907
1.00987,-0.541824,9.83763
1.04796,-0.548965,9.85191
1.02892,-0.625137,9.85191
1.06938,-0.70369,9.83049
1.09319,-0.744156,9.84715
1.06938,-0.64418,9.80193
1.00511,-0.520401,9.76384
1.01939,-0.479935,9.79955
1.00987,-0.477554,9.70433
1.00035,-0.532303,9.83525
1.02415,-0.532303,9.79955
1.067,-0.560867,9.81383
1.03606,-0.617996,9.75194
0.959885,-0.632278,9.77812
1.00511,-0.653702,9.77574
1.0313,-0.556107,9.79716
1.04558,-0.51088,9.7924
0.983688,-0.525162,9.69481
0.986069,-0.482315,9.78526
1.02415,-0.568008,9.83763
1.02892,-0.548965,9.93999
1.09557,-0.553726,9.88286
1.07176,-0.520401,9.82811
1.00273,-0.548965,9.79002
1.04796,-0.622757,9.78764
1.02653,-0.601334,9.79955
1.01701,-0.45137,9.85429
1.03844,-0.482315,9.93999
1.08366,-0.415665,9.89476
1.10747,-0.479935,9.92571
1.16698,-0.506119,9.98045
1.1646,-0.527542,9.96617
1.11937,-0.541824,9.90428
1.08604,-0.518021,9.95665
1.11223,-0.508499,9.91856
1.12175,-0.539444,9.86858
1.09319,-0.51326,9.89
1.07176,-0.460892,9.87096
0.978928,-0.45137,9.83525
1.01463,-0.518021,9.79716
1.01701,-0.520401,9.84477
1.05034,-0.589432,9.7805
1.06224,-0.615616,9.90428
1.09319,-0.622757,9.7448
1.04082,-0.660843,9.76146
1.08366,-0.70607,9.79955
1.05986,-0.646561,9.83525
1.04082,-0.537064,9.77574
1.05272,-0.477554,9.66624
1.04558,-0.506119,9.78764
1.08128,-0.503738,9.80431
1.07652,-0.460892,9.84239
1.03606,-0.444229,9.79002
1.00987,-0.551346,9.83763
1.01463,-0.589432,9.85905
1.00511,-0.587051,9.72575
0.976547,-0.563248,9.73289
1.00749,-0.656082,9.84001
1.11223,-0.658462,9.84001
1.09081,-0.51564,9.84715
1.0432,-0.458511,9.82811
1.08604,-0.496597,9.8781
1.00511,-0.527542,9.89238
1.03368,-0.582291,9.88286
1.1646,-0.658462,9.89
1.11223,-0.727493,9.75908
1.13127,-0.675125,9.76622
1.10509,-0.646561,9.80193
1.0432,-0.51326,9.7805
0.997971,-0.470413,9.7686
0.990829,-0.51088,9.81859
0.959885,-0.479935,9.72575
1.00511,-0.551346,9.78288
1.04796,-0.598953,9.74242
1.06224,-0.558487,9.78526
1.09557,-0.501358,9.88524
1.09795,-0.51326,9.90666
1.05034,-0.534683,9.85191
1.04558,-0.503738,9.87096
1.0789,-0.520401,9.91618
1.05034,-0.551346,9.79478
1.10033,-0.525162,9.82097
1.08366,-0.460892,9.86858
1.10271,-0.496597,9.80431
1.12413,-0.439468,9.85667
1.02415,-0.446609,9.81383
1.07176,-0.51564,9.82573
1.10747,-0.506119,9.80907
1.14317,-0.563248,9.71861
1.16222,-0.475174,9.81383
1.14079,-0.484695,9.7567
1.11461,-0.541824,9.73289
1.0789,-0.651321,9.74718
1.13365,-0.758438,9.76146
1.13127,-0.684647,9.79002
1.11937,-0.456131,9.80669
1.10509,-0.418045,9.88286
1.04558,-0.479935,9.84715
1.06938,-0.422806,9.82335
1.05034,-0.375198,9.84477
1.09319,-0.429947,9.77812
1.05986,-0.520401,9.74718
1.02415,-0.57753,9.7686
1.03606,-0.534683,9.74004
0.997971,-0.525162,9.79002
1.00273,-0.491837,9.75194
1.11461,-0.572769,9.8781
1.14555,-0.660843,9.83763
1.13841,-0.627518,9.74956
1.09795,-0.57515,9.82811
1.03606,-0.603714,9.79002
1.03844,-0.64418,9.85429
1.08842,-0.653702,9.84001
1.06462,-0.551346,9.80669
1.04558,-0.529922,9.85191
1.02892,-0.465652,9.85429
0.969406,-0.444229,9.81145
0.945602,-0.425186,9.82811
1.00987,-0.427567,9.85905
1.12413,-0.487076,9.87096
1.09557,-0.472794,9.9019
1.16222,-0.489456,9.86382
1.12889,-0.520401,9.8781
1.0789,-0.498978,9.78764
1.04796,-0.551346,9.78764
1.06224,-0.498978,9.74718
1.06938,-0.458511,9.73527
1.04082,-0.475174,9.73766
1.09557,-0.477554,9.7924
1.14317,-0.470413,9.84477
1.17412,-0.539444,9.81859
1.09557,-0.584671,9.81145
1.08366,-0.51088,9.75432
1.11937,-0.3871,9.79716
1.09557,-0.479935,9.77098
1.07176,-0.460892,9.76384
1.03368,-0.453751,9.79955
1.01225,-0.472794,9.72813
0.983688,-0.632278,9.72813
1.05748,-0.637039,9.78526
1.08366,-0.491837,9.79716
1.09081,-0.418045,9.81145
1.10509,-0.518021,9.77336
1.07652,-0.537064,9.82811
1.20982,-0.57991,9.91142
1.13841,-0.556107,9.8781
1.17888,-0.646561,9.79478
1.1765,-0.698929,9.88762
1.17412,-0.613236,9.77574
1.14317,-0.558487,9.76622
1.07414,-0.477554,9.76146
1.03844,-0.444229,9.7686
1.06224,-0.456131,9.80431
1.07176,-0.456131,9.84953
1.01939,-0.446609,9.7567
1.10509,-0.503738,9.79002
1.10985,-0.591812,9.74242
1.08128,-0.627518,9.74718
1.08842,-0.546585,9.77336
1.05986,-0.477554,9.80669
1.08128,-0.532303,9.7924
1.07652,-0.520401,9.7805
1.01939,-0.546585,9.78526
1.01701,-0.534683,9.7924
1.04796,-0.587051,9.86144
1.05986,-0.617996,9.73289
1.08128,-0.606094,9.70671
1.08128,-0.546585,9.75908
1.067,-0.503738,9.84477
1.06462,-0.518021,9.79955
1.0789,-0.472794,9.7924
1.06938,-0.472794,9.80669
1.10271,-0.584671,9.85429
1.13127,-0.51564,9.85191
1.12651,-0.584671,9.86144
1.14555,-0.551346,9.85905
1.12889,-0.520401,9.83763
1.19792,-0.568008,9.92094
1.15269,-0.508499,9.84953
1.16936,-0.468033,9.80193
1.13841,-0.484695,9.86144
1.09795,-0.606094,9.82097
1.11937,-0.613236,9.87096
1.19316,-0.613236,9.89
1.15508,-0.537064,9.85905
1.09319,-0.472794,9.77336
1.0789,-0.489456,9.85429
1.09557,-0.458511,9.82811
1.09319,-0.508499,9.76622
1.04082,-0.527542,9.79002
1.09319,-0.465652,9.7567
1.14317,-0.496597,9.85429
1.1884,-0.487076,9.80193
1.19078,-0.51564,9.75194
1.13603,-0.606094,9.71147
1.07414,-0.518021,9.75432
1.13603,-0.51326,9.74956
1.15508,-0.548965,9.81621
1.17174,-0.608475,9.81145
1.24077,-0.613236,9.7805
1.19078,-0.563248,9.78764
1.19078,-0.518021,9.86858
1.14079,-0.520401,9.9138
1.13365,-0.548965,9.89952
1.1884,-0.548965,9.87096
1.15746,-0.520401,9.87334
1.18126,-0.520401,9.86382
1.18602,-0.570389,9.9019
1.15746,-0.551346,9.73527
1.13841,-0.489456,9.74004
1.08366,-0.468033,9.84001
1.13841,-0.489456,9.83287
1.1765,-0.534683,9.86858
1.13127,-0.608475,9.76384
1.15269,-0.57515,9.75432
1.11223,-0.506119,9.81383
1.18364,-0.582291,9.82573
1.15746,-0.57515,9.79716
1.17174,-0.501358,9.84239
1.11223,-0.458511,9.85667
1.19078,-0.570389,9.76622
1.17888,-0.627518,9.7924
1.19792,-0.601334,9.79955
1.17888,-0.503738,9.84715
1.14555,-0.584671,9.74718
1.11699,-0.57753,9.72337
1.13365,-0.560867,9.75194
1.11461,-0.527542,9.76384
1.15269,-0.453751,9.69481
1.0551,-0.477554,9.64482
1.12175,-0.453751,9.66624
1.10747,-0.498978,9.71623
1.13841,-0.506119,9.68053
1.13365,-0.487076,9.74956
1.13365,-0.489456,9.71385
1.20506,-0.475174,9.78526
1.18126,-0.501358,9.77098
1.1646,-0.444229,9.70909
1.21935,-0.437088,9.75908
1.22173,-0.389481,9.77098
1.2122,-0.334732,9.79478
1.27171,-0.518021,9.81145
1.24315,-0.603714,9.84477
1.24791,-0.491837,9.86144
1.30742,-0.403763,9.91618
1.26933,-0.437088,9.87334
1.25981,-0.506119,9.79478
1.26457,-0.429947,9.82811
1.28838,-0.399002,9.84715
1.29552,-0.327591,9.88286
-1.11104,-0.77272,9.80669
-1.45381,-0.648941,9.51628
-2.30598,-0.465652,8.52843
-2.7892,-0.360916,8.44988
-3.02724,-0.299026,8.12614
-3.25099,-0.379959,7.91667
-3.51759,-0.339493,7.90477
-3.71516,-0.296646,7.43108
-3.96034,-0.401382,7.43584
-4.12459,-0.420425,6.786
-4.38643,-0.356155,6.34801
-4.67445,-0.339493,6.1909
-5.04341,0.0389862,5.75053
-5.40047,0.162766,5.95763
-5.69325,0.217514,5.95525
-5.80513,0.105637,6.02666
-5.80037,-0.0157623,5.59105
-5.94557,-0.272842,5.5244
-5.97414,-0.482315,5.53868
-6.10268,-0.477554,5.38158
-8.04744,-0.0562286,3.83434
-8.15932,0.115158,4.06761
-8.10457,0.25322,3.65105
-8.28786,0.315109,3.77245
-8.42592,0.348434,3.64629
-8.51637,0.262741,3.57726
-8.68062,0.343674,3.64629
-8.74965,0.486496,3.244
-8.94246,0.70787,3.04881
-9.02815,0.698349,3.05119
-9.10194,0.829269,2.9536
-9.24001,1.00542,2.91313
-9.29951,1.06017,2.83696
-9.3376,1.1411,2.74413
-9.39949,1.26012,2.42516
-9.51375,1.17204,2.28947
-9.58992,1.27916,2.12999
-9.66609,1.26488,2.10381
-9.65657,1.27202,2.05382
-9.74703,1.41484,1.9586
-9.93031,1.1411,1.42778
-9.94698,1.13158,1.27306
-9.9565,1.1411,1.05406
-9.89937,1.07683,1.04454
-9.82796,0.864975,0.968369
-9.68514,0.715012,1.09453
-9.66133,0.588852,1.23259
-9.67323,0.572189,1.96574
-9.69228,0.695969,2.09666
-9.67561,0.698349,2.2252
-9.58516,0.600754,2.01811
-9.60658,0.595993,1.62297
-9.7256,0.855453,1.18974
-9.85652,1.07921,1.03026
-9.88985,1.11729,1.10643
-9.83272,1.13872,1.1826
-9.8232,1.11253,1.56108
-9.68037,1.10539,1.4492
-9.63991,1.05778,1.6563
-9.6161,1.0078,1.64677
-9.67323,0.89592,1.50633
-9.73512,0.886398,1.4016
-9.72084,0.857834,1.4135
-9.71608,0.807846,1.87053
-9.47804,0.814987,2.31566
-9.42329,0.869736,2.38469
-9.3257,0.907822,2.5537
-9.29713,0.860214,2.59416
-9.30428,1.01732,2.50609
-9.3495,1.10301,2.299
-8.5854,0.672165,3.47014
-8.36879,0.51506,3.72008
-8.18788,0.338913,4.05571
-8.05696,0.222275,4.66509
-7.81892,0.0675507,5.01738
-7.7856,-0.058609,5.03404
-7.70943,-0.141922,5.31017
-7.57613,0.0128021,5.26494
-7.51186,0.143723,5.32207
-7.31429,0.150864,5.67674
-7.1429,0.0937347,5.81956
-6.97627,-0.00862122,6.16948
-6.7668,-0.215714,6.48607
-6.61684,-0.341873,6.76457
-6.53828,-0.32283,7.06212
-6.52162,-0.165726,6.94548
-6.57637,0.0151825,7.04546
-6.45497,0.312729,7.04308
-6.14314,0.284164,7.03593
-6.03603,0.51506,7.07402
-4.6078,-0.184769,8.34752
-4.40547,-0.456131,8.3856
-4.24123,-0.572769,8.73076
-4.16743,-0.410904,9.07591
-4.10555,-0.270462,9.34251
-4.01985,-0.275223,9.64482
-3.80324,-0.122879,9.35442
-3.59853,-0.0205231,9.41393
-3.38667,-0.0110016,9.57817
-3.09151,-0.25618,9.69957
-2.8868,-0.525162,9.58769
-2.86299,-0.620377,9.50914
-2.85109,-0.560867,9.88048
-2.83443,-0.532303,10.1947
-2.813,-0.301407,10.2637
-2.79634,-0.201431,9.9876
-2.74159,-0.265701,9.78288
-2.52736,-0.327591,9.64958
-2.36073,-0.241898,9.58293
-2.16078,-0.372818,9.66386
-2.00844,-0.415665,9.56151
-1.98225,-0.434708,9.69957
-1.95369,-0.425186,10.0685
-1.73708,-0.32045,10.2256
-1.57045,-0.239517,9.94713
-0.496902,-0.382339,10.1471
-0.408829,-0.453751,10.0709
-0.537369,-0.496597,10.109
-0.613541,-0.38472,10.4494
-0.454056,-0.25856,10.7279
-0.0970001,-0.291885,10.9017
0.164841,-0.425186,10.5946
0.291,-0.389481,10.3804
0.312424,-0.339493,10.428
0.393356,-0.422806,10.516
0.291,-0.339493,10.5494
0.129135,-0.215714,10.5851
0.141037,-0.218094,10.6351
0.205307,-0.201431,10.7755
0.407639,-0.222855,10.9588
0.624252,-0.265701,10.9397
0.686142,-0.303787,10.9159
0.640915,-0.353775,10.8826
0.662338,-0.356155,10.735
0.726608,-0.337112,10.7279
0.724228,-0.232376,10.9231
0.828964,-0.101456,10.9374
0.86705,-0.0919342,11.1373
1.01701,-0.244278,11.1849
1.0432,-0.334732,11.0088
0.99321,-0.456131,10.9612
0.900375,-0.410904,10.6922
0.848007,-0.334732,10.7255
0.812302,-0.170486,10.7017
0.86705,-0.196671,10.6017
0.902756,-0.337112,10.6065
0.917038,-0.394241,10.6612
0.831345,-0.232376,10.516
0.73613,-0.158585,10.4256
0.640915,-0.299026,10.2899
0.617111,-0.284744,10.2828
0.590927,-0.201431,10.1828
0.533798,-0.12764,10.0661
0.54332,-0.146683,10.0233
0.595688,-0.249039,10.0043
0.667099,-0.377579,10.0423
0.755173,-0.363297,10.0471
0.724228,-0.289505,10.0447
0.719467,-0.208572,10.0661
0.719467,-0.296646,10.0709
0.67424,-0.318069,9.88762
0.705185,-0.268082,9.83287
0.67186,-0.25856,9.78288
0.61235,-0.218094,9.80669
0.633774,-0.234756,9.64244
0.659958,-0.382339,9.67577
0.693283,-0.379959,9.75194
0.721848,-0.327591,9.93761
0.721848,-0.344254,9.96617
0.643295,-0.429947,9.93047
0.588547,-0.410904,9.85905
0.5457,-0.296646,9.73527
0.429062,-0.346634,9.61388
0.367172,-0.382339,9.51628
0.376694,-0.408524,9.671
0.452866,-0.503738,9.67815
0.476669,-0.456131,9.69481
0.529038,-0.418045,9.82097
0.593307,-0.375198,9.84001
0.60759,-0.420425,9.76146
0.586166,-0.368057,9.77812
0.567123,-0.318069,9.74956
0.529038,-0.282364,9.68053
0.529038,-0.296646,9.67815
0.593307,-0.472794,9.88762
0.759934,-0.534683,9.88524
0.828964,-0.472794,9.88286
0.788498,-0.363297,10.0162
0.702805,-0.391861,9.98283
0.571884,-0.410904,9.95189
0.529038,-0.456131,9.90428
0.526657,-0.410904,9.76146
0.562363,-0.394241,9.72337
0.495712,-0.341873,9.69481
0.519516,-0.432327,9.77812
0.536179,-0.399002,9.76384
0.498093,-0.475174,9.75908
0.519516,-0.465652,9.79478
0.486191,-0.372818,9.77336
0.474289,-0.310928,9.79716
0.48143,-0.244278,9.77336
0.457626,-0.227615,9.77812
0.498093,-0.239517,9.81859
0.586166,-0.346634,9.87096
0.683762,-0.351395,9.83525
0.67424,-0.370438,9.87572
0.60759,-0.437088,9.89238
0.655197,-0.44899,9.99235
0.686142,-0.475174,10.0233
0.728989,-0.406143,10.0495
0.73851,-0.351395,10.0923
0.686142,-0.439468,9.98521
0.640915,-0.439468,9.96617
0.602829,-0.444229,10.0209
0.624252,-0.584671,10.0257
0.590927,-0.418045,9.66386
0.540939,-0.3871,9.73289
0.500473,-0.406143,9.89952
0.60759,-0.38472,9.92333
0.605209,-0.482315,9.89238
0.593307,-0.503738,9.87572
0.600449,-0.477554,9.89476
0.54808,-0.32045,9.90428
0.521896,-0.325211,9.7805
0.464767,-0.432327,9.76146
0.471909,-0.475174,9.73527
0.455246,-0.525162,9.81859
0.476669,-0.508499,9.79716
0.486191,-0.403763,9.72813
0.519516,-0.437088,9.77574
0.495712,-0.44899,9.81145
0.550461,-0.44899,9.75194
0.586166,-0.415665,9.7686
0.564743,-0.415665,9.81383
0.569504,-0.498978,9.87334
0.67186,-0.653702,9.85429
0.638535,-0.594193,9.83049
0.667099,-0.544205,9.94713
0.590927,-0.463272,9.93999
0.562363,-0.506119,9.85667
0.557602,-0.651321,9.85191
0.576645,-0.632278,9.89
0.559982,-0.479935,9.85667
0.569504,-0.394241,9.9138
0.633774,-0.453751,10.0043
0.686142,-0.446609,9.98997
0.73613,-0.427567,10.0471
0.669479,-0.51088,10.2209
0.667099,-0.501358,10.1637
0.669479,-0.429947,10.1019
0.748032,-0.446609,10.1518
0.728989,-0.529922,10.0566
0.698044,-0.534683,10.0281
0.705185,-0.508499,10.0757
0.695663,-0.372818,10.0876
0.638535,-0.32045,10.0447
0.636154,-0.234756,9.95903
0.769455,-0.346634,9.89952
0.778976,-0.287125,9.9019
0.728989,-0.346634,9.94713
0.664719,-0.506119,9.98997
0.693283,-0.546585,9.87334
0.788498,-0.496597,9.94713
0.80278,-0.303787,9.83763
0.80516,-0.270462,9.84715
0.728989,-0.332352,9.77574
0.600449,-0.415665,9.76384
0.540939,-0.334732,9.64958
0.48143,-0.232376,9.46629
0.433823,-0.153824,9.56627
0.469528,-0.172867,9.63768
0.576645,-0.291885,9.75194
0.61235,-0.318069,9.74242
0.552841,-0.19429,9.67815
0.421921,-0.146683,9.71861
0.357651,-0.101456,9.66863
0.343369,-0.110977,9.69719
0.362411,-0.163345,9.69243
0.486191,-0.172867,9.73527
0.614731,-0.187149,9.88762
0.67424,0.000900269,9.93285
0.695663,0.150864,9.87572
0.698044,0.0818329,10.0114
0.688522,-0.0514679,10.0257
0.657578,-0.0847931,9.94951
0.640915,-0.103836,9.92571
0.679001,-0.0705109,9.95427
0.774216,-0.0824127,10.1209
0.902756,-0.318069,10.1661
0.978928,-0.437088,10.1495
0.881332,-0.408524,9.99235
0.645676,-0.329971,10.0114
0.502853,-0.334732,9.91142
0.440964,-0.270462,9.84477
0.576645,-0.329971,9.85191
0.767075,-0.32283,9.92571
0.914658,-0.246658,9.89714
0.917038,-0.103836,9.81383
0.962265,-0.0800324,9.9019
0.971786,-0.058609,9.91856
0.986069,0.00804138,9.88048
1.00749,0.0294647,9.78764
1.01225,0.0913544,9.77812
0.943222,0.0175629,9.78288
0.914658,0.0984955,9.7448
0.912277,0.0770721,9.78288
0.947983,0.0508881,9.83525
0.990829,-0.00624084,9.80431
1.03368,-0.0705109,9.74956
1.02653,-0.0800324,9.63292
1.01701,-0.0895538,9.5377
0.924179,-0.149063,9.6115
0.876572,-0.249039,9.65434
0.938461,-0.213333,9.60197
0.952744,-0.168106,9.67577
0.986069,-0.0990753,9.57579
0.967026,-0.0419464,9.77574
0.714706,0.355576,9.72813
0.61235,0.334152,9.74004
0.424301,0.536484,9.71147
0.467148,0.538864,9.75194
0.474289,0.481735,9.7924
0.509995,0.362717,9.7567
0.48381,0.122299,9.79002
0.517136,0.0199432,9.79716
0.600449,0.0651703,9.88286
0.626633,0.146103,10.0019
0.569504,0.155624,9.95189
0.571884,0.069931,9.94951
0.650436,0.0723114,10.0423
0.812302,0.112778,9.98521
0.876572,0.177048,9.99474
0.883713,0.227036,10.04
0.957504,0.393661,10.0733
0.978928,0.462692,10.1257
1.06462,0.453171,10.2613
1.07652,0.429367,10.2518
1.01701,0.5103,10.1209
0.890854,0.51506,10.0757
0.859909,0.429367,10.0804
0.819443,0.424606,10.0185
0.859909,0.376999,9.85905
0.771835,0.481735,9.83049
0.650436,0.57933,9.72575
0.54808,0.657883,9.53056
0.431442,0.695969,9.52818
0.500473,0.657883,9.4044
0.574264,0.526962,9.2354
0.526657,0.529343,9.14494
0.360031,0.593613,9.14494
0.293381,0.531723,9.15447
0.340988,0.486496,9.05449
0.514755,0.44603,9.01402
0.669479,0.529343,9.15922
0.795639,0.698349,9.30681
0.917038,0.76738,9.4901
0.86705,0.743576,9.43773
0.750412,0.669785,9.79478
0.945602,0.667404,10.0209
1.19554,0.615036,10.0804
1.15746,0.541245,10.0328
0.947983,0.293686,10.0542
0.712326,0.148483,9.99712
0.629013,0.0532684,9.91618
0.709946,-0.0324249,9.82573
0.888474,-0.0752716,9.88286
1.0313,-0.110977,9.89
1.14793,0.0128021,10.0566
1.22173,0.153244,10.1852
1.26933,0.119919,10.3089
1.32408,-0.153824,10.3208
1.35027,-0.306168,10.3827
1.48595,-0.441849,10.5113
1.54784,-0.332352,10.5851
1.55022,-0.187149,10.4446
1.45262,-0.0205231,10.4756
1.31694,0.0770721,10.4351
1.17412,0.112778,9.47105
1.35027,0.0746918,9.41631
1.38835,0.122299,9.36156
1.38597,0.172287,9.26158
1.3455,0.200851,9.25444
1.34312,0.238937,9.24968
1.36455,0.234177,9.26634
1.39073,0.265121,9.03783
1.37407,0.250839,9.03783
1.36217,0.379379,9.14256
1.1765,0.393661,9.65672
1.12175,0.348434,9.77098
1.09557,0.234177,9.7686
1.12175,0.184189,9.76384
1.30028,0.334152,9.79478
1.46928,0.407944,9.88524
1.57878,0.403183,9.90904
1.49547,0.305588,9.86382
1.46928,0.136581,9.87572
1.45738,0.153244,9.82573
-2.256,-1.88316,10.2756
-1.59068,-1.57729,10.6113
-2.06914,-2.5937,10.2923
-1.96797,-3.09477,10.3923
-1.24077,-1.99266,10.9647
-1.32051,-1.10597,11.536
-1.94298,-1.9879,11.0135
-1.28123,-2.14143,11.3158
0.217209,-0.3871,10.81
0.304092,-0.462082,10.7327
0.970596,-0.647751,9.75551
1.04677,-0.694168,9.78764
0.977737,-0.593002,9.78288
0.937271,-0.584671,9.83882
1.0182,-0.756058,9.82692
1.05867,-0.757248,9.84358
1.09081,-0.713211,9.90428
1.00749,-0.797714,9.79955
0.989639,-0.638229,9.93166
1.02415,-0.548965,9.95784
0.972977,-0.731064,9.79598
0.945602,-0.532303,9.78407
0.919418,-0.610855,9.74599
1.04439,-0.839371,9.75194
0.956314,-0.77153,9.68529
0.900375,-0.608475,9.85429
0.936081,-0.571579,9.838
0.976547,-0.696548,9.86501
1.01939,-0.794144,9.89
1.08366,-0.758438,9.90309
1.02892,-0.827469,9.80431
0.906326,-0.856033,9.74718
0.856339,-0.740585,9.77812
0.975357,-0.637039,9.84239
1.01344,-0.697739,9.87334
0.976547,-0.869125,9.73885
0.968216,-0.914352,9.79955
0.997971,-0.559677,9.86025
0.989639,-0.531113,9.83525
0.93013,-0.748917,9.84001
0.963455,-0.973862,9.76622
0.961075,-0.83461,9.73766
0.977737,-0.667984,9.8055
0.908707,-0.528732,9.81145
0.917038,-0.759628,9.84358
0.977737,-0.746536,9.94713
1.09438,-0.63942,9.93761
0.971786,-0.777481,9.76265
0.889664,-0.77272,9.84358
0.957504,-0.604904,9.90904
0.988449,-0.589432,9.92928
0.919418,-0.713211,9.7686
0.888474,-0.712021,9.71147
0.922989,-0.792953,9.77693
0.944412,-0.875076,9.72099
0.905136,-0.902451,9.76979
0.950363,-0.83699,9.8293
0.956314,-0.751297,9.89357
1.00511,-0.752487,9.87929
0.933701,-0.883408,9.75432
0.925369,-0.848892,9.86262
0.988449,-0.751297,9.87453
0.968216,-0.741776,9.84358
0.881332,-0.77391,9.84477
0.832535,-0.785812,9.85667
0.914658,-0.841751,9.84715
0.903946,-0.851273,9.84477
0.963455,-1.15001,9.73647
0.939651,-0.975052,9.85667
0.880142,-0.787003,9.87691
0.905136,-0.889359,9.79478
0.892044,-0.938156,9.76027
0.827774,-0.90126,9.76979
0.839676,-0.622757,9.86858
0.924179,-0.735825,9.86977
1.00749,-0.923874,9.85667
0.963455,-0.819138,9.86144
0.917038,-0.715591,9.88881
0.919418,-0.700119,9.83168
0.825394,-0.798904,9.79836
0.899185,-0.741776,9.79359
0.890854,-0.740585,9.82097
0.858719,-0.792953,9.74123
0.839676,-0.903641,9.73409
0.873001,-0.892929,9.73766
0.893234,-0.926254,9.74599
0.832535,-0.692978,9.79121
0.838486,-0.811996,9.83763
0.874191,-0.817947,9.81264
0.939651,-0.709641,9.86858
0.946793,-0.715591,9.79955
0.93132,-0.844131,9.80431
0.920609,-0.927444,9.79955
0.922989,-0.744156,9.77098
0.871811,-0.792953,9.80312
0.908707,-0.779861,9.8662
0.917038,-0.714401,9.86858
0.875381,-0.747726,9.80907
0.775406,-0.77391,9.8412
0.861099,-0.811996,9.88524
0.999161,-0.789383,9.92451
0.934891,-0.733444,9.81502
0.768265,-0.810806,9.84834
0.911087,-0.811996,9.87572
0.980118,-0.782242,9.91142
0.906326,-0.787003,9.78526
0.789688,-0.858414,9.8662
0.86705,-0.70726,9.91975
0.899185,-0.688217,9.89714
0.873001,-0.846512,9.8531
0.837296,-0.859604,9.78645
0.844437,-0.801285,9.69362
0.857529,-0.779861,9.70433
0.794449,-0.738205,9.7567
0.798019,-0.807236,9.76741
0.917038,-0.806046,9.84239
0.86348,-0.77272,9.91975
0.870621,-0.821518,9.87215
0.897995,-0.766769,9.88405
0.857529,-0.676315,9.89833
0.806351,-0.756058,9.81145
0.861099,-0.815567,9.79955
0.849197,-0.665604,9.82335
0.900375,-0.546585,9.83882
0.894424,-0.698929,9.74361
0.813492,-0.798904,9.79598
0.842056,-0.815567,9.79121
0.894424,-0.6418,9.8055
0.853958,-0.64061,9.78288
0.80397,-0.682266,9.80907
0.93251,-0.801285,9.83882
0.905136,-0.839371,9.79478
0.813492,-0.688217,9.83882
0.826584,-0.591812,9.86739
0.86467,-0.717972,9.89119
0.858719,-0.853653,9.86858
0.857529,-0.735825,9.95903
0.843246,-0.789383,9.93523
0.892044,-0.709641,9.94118
0.845627,-0.687027,9.89
0.795639,-0.733444,9.91975
0.899185,-0.809616,9.77693
0.894424,-0.804855,9.82573
0.808731,-0.712021,9.74718
0.80278,-0.621567,9.84239
0.824203,-0.588242,9.82692
0.787308,-0.729874,9.82811
0.781357,-0.625137,9.8174
0.862289,-0.526352,9.76622
0.882523,-0.650131,9.79598
0.80278,-0.858414,9.71861
0.990829,-0.756058,9.86977
1.06581,-0.619186,9.94594
0.915848,-0.850082,9.77693
0.969406,-0.910782,9.86262
1.0313,-0.629898,9.94951
0.974167,-0.475174,9.90428
0.909897,-0.564438,9.8531
0.926559,-0.747726,9.81145
0.990829,-0.454941,9.88643
0.952744,-0.378769,9.87096
0.99321,-0.381149,9.76146
0.949173,-0.444229,9.79002
0.909897,-0.440659,9.81383
0.918228,-0.265701,9.78407
0.880142,-0.382339,9.7079
0.752792,-0.522781,9.59483
0.80159,-0.468033,9.68053
0.814682,-0.573959,9.61626
0.8004,-0.70845,9.61269
0.80516,-1.03218,9.47224
0.833725,-1.30592,9.5139
0.813492,-1.45827,9.53532
0.728989,-1.49278,9.61388
0.61235,-1.71059,9.71147
0.79921,-2.24022,9.74956
0.917038,-2.94005,9.74718
1.02773,-3.02693,9.91975
1.03249,-2.4247,10.103
1.03249,-1.71654,10.1887
0.955124,-1.74629,10.1221
1.1158,-2.09026,10.0376
1.40501,-1.82246,10.2578
1.54546,-1.23689,10.4006
1.55379,-0.958389,10.466
1.78706,-0.804855,10.8671
2.0013,-0.349014,11.1897
2.06676,0.0627899,11.3908
2.17863,-0.045517,11.273
2.16078,-0.751297,11.1885
2.0977,-0.602524,11.5265
2.24528,0.750717,11.7741
2.36668,1.61955,11.9026
2.31194,1.90877,11.9883
2.01082,1.71477,11.5694
2.08818,1.52196,11.6705
2.40477,2.25392,11.5277
2.20125,2.78951,11.417
1.843,2.59669,11.0623
1.7216,2.68715,11.2135
1.92989,3.07277,11.0171
1.58473,3.21916,10.5172
0.86467,3.02159,10.3423
0.474289,3.30605,10.3197
0.529038,3.71071,10.3458
0.498093,3.84877,10.1554
0.28624,3.69048,9.85191
0.0743866,3.506,9.31633
-0.28981,3.02873,9.15565
-0.463577,2.86092,8.99855
-0.323135,2.97755,8.81764
-0.455246,3.08586,8.36894
-1.02773,3.16203,7.95595
-1.60377,3.34651,7.731
-1.81325,3.22987,7.4525
-1.96916,2.96208,6.89668
-2.36906,2.87877,6.74196
-2.91179,3.1656,6.49916
-3.1534,3.30962,6.32658
-3.00343,3.32033,6.41347
-3.01057,2.54433,6.21947
-3.60091,2.01469,6.04927
-3.70921,1.82545,6.23732
-3.39381,2.23607,6.04808
-3.69374,1.95638,5.8148
-4.13292,1.60646,6.06712
-4.20909,1.39104,6.29683
-4.18529,1.35533,6.33134
-4.40071,1.47197,6.43608
-4.61613,1.21846,6.55748
-4.51616,0.504349,6.75981
-4.07341,0.216324,6.76576
-3.81514,0.655502,7.10139
-3.96391,0.700729,7.16923
-4.58162,0.12825,6.93596
-4.20552,-0.615616,7.16685
-3.42952,-0.988144,7.46321
-3.59377,-1.11906,7.63817
-4.15791,-0.840561,7.8524
-3.96153,-1.01552,8.03807
-3.70207,-1.25356,8.09044
-3.85442,-1.54396,8.10591
-3.58186,-1.39519,8.56294
-2.86537,-1.13454,9.03426
-2.85823,-1.34996,9.35442
-3.13554,-1.94267,9.17708
-2.52974,-1.88911,9.45796
-2.09889,-1.84032,9.6591
-2.05605,-1.76772,10.0281
-2.12746,-1.70821,10.0233
-1.83586,-2.1093,10.1233
-1.56331,-2.06407,10.3078
-1.455,-1.99385,10.5922
-1.286,-2.31877,10.4803
-1.03487,-2.5092,10.3934
-0.849197,-1.80699,10.8921
-0.594498,-1.006,11.367
-0.386215,-1.26189,11.1433
-0.312424,-2.08788,10.8779
0.0850983,-2.19261,10.9064
0.335037,-1.45351,11.4587
0.254105,-0.627518,11.5979
0.28743,-0.978622,11.1623
0.687332,-1.43684,11.0683
0.878952,-0.870316,11.3266
0.631393,-0.38353,11.3944
0.636154,-0.551346,11.1171
0.99559,-0.366867,11.2123
0.976547,-0.0574188,11.1587
0.73613,-0.112167,10.9374
0.918228,-0.350204,10.6815
1.0551,-0.379959,10.6672
1.02534,0.213943,10.7814
1.12175,0.372238,10.6874
1.2979,0.221085,10.6505
1.25029,0.0282745,10.5232
1.28838,-0.0538483,10.4315
1.32646,0.277023,10.3958
1.22173,0.00328064,10.1007
1.09438,-0.234756,10.0054
1.19197,0.209183,10.0257
1.10747,0.479355,10.0245
0.965836,0.19252,9.74242
0.940842,-0.120499,9.54008
1.00987,-0.013382,9.64125
1.03487,0.354385,9.79359
1.11461,0.260361,9.81145
1.18959,-0.120499,9.77812
1.09319,-0.346634,9.71861
1.06938,-0.226425,9.71147
1.18959,-0.203812,9.82335
1.16936,-0.113358,9.88643
1.07771,-0.227615,9.9269
1.1039,-0.490646,9.89
1.13365,-0.485886,9.90547
1.06105,-0.547775,9.89595
1.08366,-0.427567,9.8055
1.10271,-0.346634,9.87334
0.919418,-0.635849,9.74599
0.937271,-0.739395,9.74718
1.11342,-0.519211,9.87096
0.939651,-0.551346,9.69719
0.848007,-0.620377,9.72456
0.981308,-0.583481,9.72932
1.04677,-0.493027,9.85429
1.04796,-0.534683,9.79836
1.02653,-0.588242,9.74718
0.99202,-0.541824,9.70314
0.987259,-0.506119,9.71266
0.969406,-0.397812,9.7567
0.886093,-0.38591,9.81502
1.02892,-0.535873,9.77098
1.07295,-0.556107,9.81264
0.953934,-0.554916,9.90428
0.987259,-0.489456,9.86382
1.0789,-0.483505,9.99712
1.0789,-0.683456,9.85072
1.06819,-0.529922,9.94594
1.0182,-0.554916,9.89
1.04439,-0.518021,9.89238
0.984879,-0.365677,9.97688
0.977737,-0.429947,9.86501
0.969406,-0.502548,9.89595
0.959885,-0.5811,9.84834
1.03963,-0.490646,9.8662
0.943222,-0.484695,9.86382
1.00749,-0.498978,9.80073
0.968216,-0.565628,9.81978
1.00868,-0.521591,9.85667
0.93132,-0.57515,9.86262
0.924179,-0.522781,9.89595
1.00749,-0.402573,9.92928
0.889664,-0.504929,9.87096
0.968216,-0.634659,9.84834
0.945602,-0.616806,9.79598
0.903946,-0.498978,9.76741
0.881332,-0.487076,9.7567
0.908707,-0.607285,9.62816
0.878952,-0.57515,9.68172
0.763504,-0.548965,9.74123
0.826584,-0.525162,9.82454
0.92894,-0.437088,9.83525
0.918228,-0.465652,9.83763
0.809921,-0.51564,9.83644
0.918228,-0.414475,9.92571
1.04796,-0.399002,9.94594
0.881332,-0.497787,9.88524
0.828964,-0.478745,9.83763
0.894424,-0.410904,9.9019
0.925369,-0.418045,9.91975
0.793259,-0.472794,9.77812
0.80516,-0.532303,9.86858
0.896805,-0.559677,9.86977
0.947983,-0.45137,9.90071
0.881332,-0.376389,9.81978
0.7397,-0.454941,9.7567
0.837296,-0.600143,9.73647
0.902756,-0.531113,9.78526
0.771835,-0.587051,9.70433
0.7397,-0.613236,9.75075
0.889664,-0.4478,9.81502
0.79921,-0.356155,9.86262
0.778976,-0.434708,9.85786
0.899185,-0.57991,9.85429
0.982498,-0.556107,9.8055
0.907516,-0.669174,9.8412
0.725418,-0.597763,9.74599
0.8004,-0.458511,9.93523
0.859909,-0.407333,9.82097
0.815872,-0.453751,9.83168
0.752792,-0.638229,9.82692
0.853958,-0.560867,9.95784
0.896805,-0.489456,9.88643
0.86467,-0.544205,9.7924
0.780167,-0.545395,9.85786
0.813492,-0.45018,9.93404
0.86824,-0.490646,9.96974
0.944412,-0.615616,9.90666
0.851578,-0.613236,9.84477
0.73732,-0.519211,9.80788
0.80159,-0.464462,9.84715
0.848007,-0.470413,9.86739
0.86586,-0.560867,9.90071
0.782547,-0.435898,9.8781
0.751602,-0.422806,9.90071
0.906326,-0.491837,9.95427
0.843246,-0.566818,9.9019
0.86467,-0.345444,9.94356
0.793259,-0.437088,9.90904
0.701614,-0.501358,9.85191
0.845627,-0.556107,9.78764
0.86467,-0.604904,9.71385
0.771835,-0.508499,9.72456
0.740891,-0.44899,9.80312
0.862289,-0.496597,9.89357
0.880142,-0.490646,9.84715
0.897995,-0.402573,9.86858
0.807541,-0.446609,9.76265
0.769455,-0.462082,9.7686
0.887283,-0.425186,9.80073
0.86824,-0.446609,9.83525
0.731369,-0.440659,9.83644
0.745651,-0.431137,9.80193
0.908707,-0.363297,9.87096
0.846817,-0.368057,9.88524
0.733749,-0.458511,9.83882
0.856339,-0.408524,9.82335
0.817062,-0.288315,9.78883
0.73613,-0.434708,9.7317
0.745651,-0.543014,9.81621
0.838486,-0.288315,9.92928
0.773026,-0.277603,9.87453
0.818253,-0.341873,9.94356
0.896805,-0.399002,9.91142
0.925369,-0.469223,9.99355
0.956314,-0.352585,9.98283
0.851578,-0.314499,9.9507
0.811111,-0.471603,9.83049
0.937271,-0.497787,9.8531
0.925369,-0.406143,9.86501
0.897995,-0.327591,9.90071
0.884903,-0.285934,9.8531
0.86348,-0.270462,9.91142
0.889664,-0.271652,9.82097
0.874191,-0.208572,9.81621
0.746841,-0.262131,9.6841
0.894424,-0.231186,9.68291
0.843246,-0.116928,9.71623
0.723038,-0.234756,9.67815
0.846817,-0.184769,9.64482
0.893234,-0.176437,9.70433
0.968216,-0.245468,9.57698
0.951553,-0.341873,9.42107
0.936081,-0.63942,9.35204
1.01463,-0.854843,9.34966
0.873001,-0.981003,9.39488
0.781357,-1.23094,9.39726
0.92894,-1.58205,9.45558
0.908707,-2.14738,9.46153
0.943222,-2.65202,9.5389
1.13127,-2.54134,9.73052
1.19673,-2.73296,9.61983
1.25505,-3.06859,9.43059
1.55379,-3.18166,9.39726
1.81444,-1.90816,9.74599
1.61211,-0.936966,9.99831
1.52641,-1.19286,10.0054
1.92393,-1.68083,9.94356
2.32622,-1.34282,10.2566
2.55711,-0.495407,10.6839
2.47618,-0.681076,10.8005
2.72493,-0.541824,11.2659
2.95106,-0.197861,11.4575
2.94511,-0.5811,11.4539
3.10222,-0.251419,11.6503
3.2617,0.547195,11.8669
3.29027,0.624557,11.7907
3.30336,0.441269,11.8312
3.24266,1.06136,12.0169
3.28551,2.1956,12.124
3.4081,2.96446,11.8883
2.89037,2.55742,11.7229
2.56902,1.99565,11.7193
2.79872,2.41103,11.6919
2.67018,2.94185,11.3646
2.37502,3.26201,11.1516
2.44405,3.37746,11.0207
2.45357,3.51433,10.5922
2.20006,3.15251,10.4292
1.77992,2.98708,10.0816
1.51094,3.26915,9.84596
1.20863,3.42625,9.35918
0.686142,3.48695,8.95094
0.266006,3.56194,8.57484
0.111282,3.59288,8.10472
-0.392166,3.37508,7.53581
-1.0063,3.11919,6.97047
-1.34312,3.36317,6.72173
-1.57521,3.59526,6.97047
-1.76802,3.51076,6.88002
-2.31432,3.27034,6.60985
-2.82848,2.65739,6.46822
-2.97844,2.54909,6.24922
-3.03914,2.80379,6.35634
-3.42714,2.52052,6.50154
-3.25575,2.28487,6.82408
-2.92488,2.342,6.85027
-3.3712,1.74095,6.52415
-3.80205,1.48625,6.58842
-3.61519,1.94447,6.83241
-3.53664,1.88258,6.84074
-4.01033,1.55647,6.8824
-4.08055,1.23155,7.04427
-3.72588,0.857834,6.99547
-4.01628,0.274643,6.94667
-4.63518,0.290115,7.10616
-4.23409,0.390091,7.32515
-3.55449,0.075882,7.26207
-3.76396,-0.353775,7.03712
-3.92464,-0.422806,7.09306
-3.65565,0.0318451,7.4156
-3.7592,-0.372818,7.26445
-4.03056,-0.979813,7.35371
-4.05199,-0.926254,7.63341
-3.60567,-0.481125,7.87859
-3.53783,-0.374008,8.11781
-3.75444,-0.819138,8.07378
-3.75087,-1.30116,8.4594
-3.03795,-1.45113,9.15803
-2.45357,-1.09288,9.40678
-2.70113,-1.49278,9.46629
-2.97249,-2.10097,9.66743
-2.51903,-1.10597,10.2744
-2.37978,-0.757248,10.5779
-2.68684,-2.09145,10.1745
-2.21672,-2.63417,10.4422
-1.63353,-2.08311,10.9243
-1.67162,-1.67369,11.0516
-1.61211,-1.82246,10.8957
-1.286,-1.98314,10.9076
-1.08247,-1.91054,11.1111
-1.37288,-1.78914,11.104
-1.1884,-1.58919,10.96
-0.727798,-1.27855,11.2385
-0.587357,-1.15477,11.2206
-0.583786,-1.35115,11.029
-0.273148,-1.62489,10.8314
0.0339203,-1.52611,10.9731
-0.0458221,-0.985764,11.1492
-0.183884,-0.266891,11.2587
0.0755768,-0.207382,11.1409
0.346939,-0.860794,10.9969
0.534988,-1.14406,10.9267
0.700424,-0.776291,10.9433
0.719467,-0.0205231,10.9552
0.581406,0.269882,11.0147
0.777786,-0.203812,10.8529
0.921799,-0.521591,10.7934
0.706375,-0.559677,10.4815
0.812302,-0.077652,10.4708
0.926559,0.440079,10.5267
0.80397,0.462692,10.4399
0.73851,0.166336,10.2601
0.834915,0.143723,10.0685
0.786118,0.178238,9.92333
0.818253,0.0556488,9.81502
0.950363,0.354385,9.89714
0.813492,0.530533,9.89595
0.583786,0.272263,9.69362
0.596878,0.0806427,9.68291
0.588547,0.0794525,9.77455
0.444534,0.12587,9.79716
0.386215,-0.0574188,9.81264
0.448105,-0.212143,9.74599
0.406448,-0.316879,9.74361
0.450485,-0.428757,9.73409
0.683762,-0.432327,9.76979
0.540939,-0.32402,9.671
0.270767,-0.312119,9.63292
0.336227,-0.263321,9.64125
0.507614,-0.100265,9.79002
0.401688,-0.225235,9.7805
0.382645,-0.553726,9.8662
0.581406,-0.32045,10.0281
0.518326,-0.446609,9.94951
0.294571,-0.610855,9.87691
0.176743,-0.613236,9.87334
0.291,-0.491837,9.88048
0.204117,-0.437088,9.95665
0.125565,-0.423996,9.96617
0.293381,-0.681076,9.91023
0.452866,-0.617996,9.96498
0.379074,-0.657272,9.94832
0.320755,-0.923874,9.94832
0.402878,-0.778671,9.92213
0.521896,-0.719162,9.84715
0.41478,-0.5811,9.95665
0.376694,-0.597763,9.97807
0.451675,-0.682266,9.97212
0.436203,-0.57991,9.93166
0.280289,-0.552536,9.88048
0.274338,-0.409714,9.89833
0.314804,-0.337112,9.91618
0.280289,-0.622757,9.88524
0.315994,-0.712021,9.86262
0.329086,-0.620377,9.95308
0.35408,-0.444229,9.90309
0.393356,-0.501358,9.94475
0.443344,-0.501358,9.90547
0.357651,-0.484695,9.99712
0.445725,-0.501358,9.9019
0.521896,-0.543014,9.72337
0.371933,-0.583481,9.70671
0.254105,-0.466843,9.7317
0.324326,-0.458511,9.71623
0.383835,-0.344254,9.82097
0.308853,-0.460892,9.76503
0.324326,-0.608475,9.81026
0.235062,-0.325211,9.88524
0.295761,-0.389481,10.0114
0.329086,-0.57753,9.92094
0.362411,-0.588242,10.009
0.375504,-0.607285,9.99712
0.337418,-0.57991,9.98045
0.282669,-0.45256,10.0316
0.346939,-0.519211,10.0019
0.401688,-0.598953,9.99355
0.302902,-0.682266,9.8781
0.235062,-0.498978,9.91023
0.301712,-0.334732,9.94118
0.340988,-0.381149,9.93404
0.257675,-0.609665,9.80193
0.311234,-0.656082,9.81859
0.330276,-0.526352,9.82335
0.227921,-0.473984,9.93404
0.283859,-0.369247,9.9269
0.339798,-0.329971,9.94237
0.260056,-0.444229,9.83763
0.28862,-0.558487,9.7686
0.393356,-0.51088,9.78169
0.360031,-0.541824,9.86382
0.236252,-0.587051,9.77812
0.246964,-0.496597,9.81621
0.267197,-0.38353,9.88524
0.248154,-0.372818,9.95665
0.232681,-0.51326,9.91261
0.237442,-0.504929,9.89
0.282669,-0.360916,9.99355
0.249344,-0.456131,9.91499
0.312424,-0.401382,9.9876
0.241013,-0.533493,9.90428
0.164841,-0.635849,9.88405
0.28981,-0.568008,9.89833
0.360031,-0.379959,9.99593
0.246964,-0.38472,9.93523
0.206497,-0.557297,9.92928
0.16246,-0.603714,9.77455
0.202927,-0.434708,9.78288
0.217209,-0.299026,9.80193
0.175552,-0.501358,9.78288
0.336227,-0.598953,9.90904
0.348129,-0.548965,9.91737
0.220779,-0.284744,9.88524
0.202927,-0.344254,9.94475
0.251724,-0.521591,9.92213
0.342178,-0.526352,9.94951
0.277908,-0.435898,9.87691
0.244583,-0.425186,9.9019
0.214828,-0.463272,9.82097
0.277908,-0.454941,9.90428
0.293381,-0.440659,9.89714
0.251724,-0.38591,9.94118
0.121994,-0.374008,9.87691
0.148178,-0.421616,9.89119
0.183884,-0.45256,9.94951
0.1577,-0.429947,9.9388
0.3517,-0.478745,10.0352
0.317184,-0.613236,9.94475
0.204117,-0.601334,9.93047
0.0636749,-0.296646,9.91142
0.152939,-0.277603,10.0721
0.28862,-0.457321,9.98283
0.326706,-0.609665,9.8412
0.182693,-0.613236,9.84953
0.0970001,-0.504929,9.86025
0.145798,-0.346634,9.90666
0.245773,-0.434708,9.89595
0.101761,-0.57515,9.86382
0.236252,-0.589432,9.92928
0.28743,-0.456131,9.96379
0.204117,-0.391861,9.97569
0.132706,-0.546585,9.96498
0.171982,-0.557297,9.88643
0.255295,-0.483505,9.83882
0.139847,-0.441849,9.77217
0.164841,-0.439468,9.8531
0.148178,-0.491837,9.88524
0.121994,-0.327591,9.90904
0.0815277,-0.472794,9.76741
0.0922394,-0.469223,9.75313
0.0970001,-0.369247,9.8174
0.156509,-0.377579,9.87691
0.292191,-0.51207,9.90309
0.242203,-0.508499,9.9876
0.245773,-0.410904,10.0173
0.330276,-0.347824,10.0507
0.232681,-0.498978,9.98402
0.192215,-0.557297,9.97926
0.256485,-0.374008,9.93523
0.194595,-0.38472,9.88048
0.0886688,-0.5811,9.84358
0.236252,-0.438278,9.96974
0.141037,-0.374008,9.89
0.0124969,-0.378769,9.74004
0.0303497,-0.394241,9.72813
0.15889,-0.349014,9.76027
0.104141,-0.401382,9.7317
0.182693,-0.546585,9.72575
0.254105,-0.438278,9.71266
0.212448,-0.345444,9.7567
0.193405,-0.303787,9.78407
0.22197,-0.302597,9.6353
0.285049,-0.25618,9.63292
0.321945,0.0449371,9.59007
0.344559,0.236557,9.59364
0.496902,0.582901,9.4532
0.589737,0.953049,9.17827
0.529038,1.09349,8.98189
0.476669,1.25774,8.91167
0.626633,1.60527,9.26634
1.03844,1.64217,9.42345
1.09081,1.14824,9.40202
1.12413,0.930435,9.64363
1.33836,1.04231,10.059
1.52284,1.13158,10.2709
1.51094,1.03993,10.2471
1.5395,1.11729,10.3911
1.64543,1.20299,10.622
1.68947,1.01494,10.8338
1.92632,0.947098,10.9778
2.15959,0.881638,11.2932
2.29051,0.616226,11.4777
2.47142,0.113968,11.9859
2.49879,-0.284744,12.2263
2.26552,-0.776291,12.3918
2.18101,-1.09169,12.6465
2.20482,-1.11549,12.7714
2.24528,-1.37138,12.9678
2.07747,-1.75105,12.8762
2.08461,-2.05693,12.7143
2.11555,-2.33662,12.5155
1.81801,-2.44136,12.2311
1.28004,-2.41042,11.8205
0.836105,-2.44255,11.5277
0.693283,-2.23308,11.2123
0.540939,-2.29021,10.935
0.254105,-2.44136,10.6279
0.00773621,-2.46516,10.4196
-0.442154,-2.62584,9.99235
-0.695663,-2.62227,9.80193
-0.759934,-2.04384,9.71385
-0.955124,-1.90102,9.49129
-1.41573,-2.10454,9.0283
-1.85014,-2.09859,8.63673
-1.89537,-1.82008,8.37965
-2.14769,-1.60704,8.03688
-2.52379,-1.55943,7.59175
-2.79515,-1.23213,7.10735
-3.12007,-0.96434,6.75029
-3.55211,-1.006,6.45155
-3.53069,-0.750107,6.46227
-3.32954,-0.159775,6.60985
-3.74849,-0.0931244,6.30754
-3.99962,-0.183578,5.9731
-3.95439,0.302017,5.76244
-4.18053,0.169907,5.59819
-4.36024,-0.423996,5.4399
-4.24956,-0.344254,5.67198
-3.90202,0.45079,5.94215
-4.11507,1.02089,5.88264
-4.18886,1.2506,6.11235
-3.71754,1.69929,6.35872
-3.62114,2.17418,6.68245
-3.58781,2.35628,6.79314
-3.78181,1.9171,6.78123
-4.06032,1.75761,6.9669
-3.48665,2.52885,7.43703
-2.89394,3.36674,8.04521
-3.27718,2.75023,7.71434
-2.97963,2.0742,7.88335
-2.55711,2.39198,8.59032
-2.55116,2.39674,8.69743
-2.16435,2.23607,8.46535
-1.96916,2.42174,8.98189
-1.8799,2.86211,9.3437
-1.62163,3.08229,9.34251
-1.21815,2.56099,9.19255
-1.16698,2.20512,9.64601
-1.28004,2.10396,10.1649
-1.10509,2.42531,10.134
-0.583786,2.68239,10.2816
-0.54332,2.50386,10.4601
-0.633774,2.10158,10.8731
-0.263626,2.43364,11.0754
0.48381,2.38127,10.7077
0.619492,1.70049,10.5732
0.279099,1.26012,10.7207
0.580215,1.70525,10.8909
1.0182,1.6981,10.929
0.905136,1.28273,10.7981
0.921799,1.21846,11.0278
1.10509,1.02684,11.3063
1.06343,0.25798,11.3599
1.37288,0.00804138,11.1445
1.6252,0.417465,11.3396
1.46809,0.371048,11.4099
1.30861,-0.0419464,11.367
1.57759,-0.489456,11.0647
1.72517,-0.83699,10.6898
1.40977,-0.76796,10.497
1.18007,-0.694168,10.666
1.34669,-0.51207,10.8326
1.42406,-0.63942,10.5065
1.25267,-0.656082,10.3744
1.30266,-0.794144,10.5113
1.5276,-1.07384,10.4887
1.65138,-1.18452,10.5208
1.48119,-1.46184,10.1947
1.4312,-1.47969,10.1792
1.55617,-0.890549,10.2994
1.42287,-0.821518,10.1875
1.23006,-1.07979,10.084
1.25624,-1.28807,9.78169
1.36217,-1.51421,9.56389
1.30742,-1.36662,9.48058
1.21815,-0.83461,9.64839
1.1646,-0.522781,9.68291
1.15388,-0.427567,9.60554
1.11223,-0.782242,9.51033
1.17174,-0.659653,9.55318
1.22292,-0.460892,9.67696
1.37645,-0.413284,9.83168
1.33836,-0.453751,9.75194
1.27052,-0.794144,9.63411
1.29671,-0.593002,9.66029
1.30861,-0.391861,9.79955
1.16936,-0.390671,9.69957
1.07652,-0.31926,9.72337
1.06938,-0.312119,9.71147
1.28004,-0.224045,9.82097
1.30028,-0.32402,9.79598
1.19197,-0.439468,9.79359
1.21935,-0.275223,9.86144
1.19911,-0.331161,9.78407
1.1515,-0.473984,9.79359
1.18602,-0.476364,9.71385
1.34193,-0.32283,9.88286
1.18364,-0.0728912,9.91737
1.08247,-0.116928,10.0054
1.24196,-0.25499,9.98521
1.34312,-0.435898,9.90071
1.2122,-0.489456,9.75075
1.13841,-0.381149,9.69243
1.15746,-0.0978851,9.75313
1.15627,-0.220474,9.71742
1.31932,-0.463272,9.7317
1.31694,-0.38591,9.64006
1.15984,-0.376389,9.63887
1.09795,-0.271652,9.7317
1.22173,-0.224045,9.78645
1.29076,-0.225235,9.86739
1.3586,-0.407333,9.87572
1.36574,-0.518021,9.80431
1.20506,-0.544205,9.77098
1.16936,-0.325211,9.77574
1.14317,-0.283554,9.77336
1.15984,-0.328781,9.74123
1.25029,-0.422806,9.78526
1.22768,-0.531113,9.8174
1.28719,-0.416855,9.88048
1.12651,-0.365677,9.80312
1.05391,-0.481125,9.73766
1.23601,-0.459702,9.8293
1.33955,-0.457321,9.79836
1.18483,-0.389481,9.78288
1.10628,-0.327591,9.80193
1.23363,-0.332352,9.82454
1.19197,-0.462082,9.8293
1.16341,-0.397812,9.80312
1.23958,-0.271652,9.80312
1.27766,-0.345444,9.84596
1.18126,-0.465652,9.79716
1.14674,-0.441849,9.86501
1.20863,-0.264511,9.82216
1.17769,-0.370438,9.80431
1.12413,-0.502548,9.67577
1.26338,-0.508499,9.70195
1.18483,-0.421616,9.74123
1.13722,-0.268082,9.79836
1.21935,-0.456131,9.79359
1.42168,-0.676315,9.79716
1.31694,-0.416855,9.82454
1.1277,-0.356155,9.72218
1.14079,-0.419235,9.73289
1.14317,-0.638229,9.68291
1.19792,-0.612045,9.72575
1.17888,-0.360916,9.78645
1.06462,-0.368057,9.8293
1.09438,-0.463272,9.91261
1.26219,-0.541824,9.93999
1.23244,-0.625137,9.97926
1.16579,-0.675125,9.84001
1.17412,-0.502548,9.88405
1.12175,-0.479935,9.93285
1.1277,-0.488266,9.93047
1.20982,-0.507309,9.96974
1.26576,-0.651321,9.88643
1.18007,-0.562057,9.86977
1.10747,-0.368057,9.9269
1.15508,-0.396622,9.82454
1.23601,-0.607285,9.77693
1.2003,-0.613236,9.72337
1.12532,-0.497787,9.79478
1.17174,-0.400192,9.74956
1.14198,-0.544205,9.70314
1.11104,-0.57753,9.67934
1.07414,-0.51326,9.64006
1.00511,-0.476364,9.71028
1.08128,-0.435898,9.73052
1.12889,-0.458511,9.69481
1.01939,-0.543014,9.75432
1.05867,-0.509689,9.77098
1.10985,-0.423996,9.79478
1.20982,-0.508499,9.86501
1.18602,-0.635849,9.76979
1.10747,-0.489456,9.77931
1.09081,-0.420425,9.74599
1.10985,-0.51564,9.77574
0.984879,-0.431137,9.82811
1.08247,-0.453751,9.84715
1.22173,-0.453751,9.89476
1.1277,-0.422806,9.86144
1.13722,-0.509689,9.83763
1.11461,-0.546585,9.85191
1.08009,-0.443039,9.81145
1.08723,-0.416855,9.81978
1.11699,-0.478745,9.81859
1.16341,-0.521591,9.78764
1.11104,-0.490646,9.89119
1.11104,-0.473984,9.8662
1.09914,-0.587051,9.81264
1.05034,-0.548965,9.82692
0.990829,-0.414475,9.82216
1.10628,-0.478745,9.79121
1.16579,-0.621567,9.72932
1.01225,-0.566818,9.78645
0.951553,-0.483505,9.74718
1.10985,-0.454941,9.78764
1.08604,-0.670364,9.69481
1.04796,-0.675125,9.75908
1.03011,-0.458511,9.85786
1.11461,-0.482315,9.8412
1.18721,-0.439468,9.81383
1.07771,-0.51088,9.84239
1.08604,-0.685837,9.73409
1.1039,-0.551346,9.73527
0.99559,-0.441849,9.71385
1.05153,-0.500168,9.71266
1.15388,-0.57515,9.73647
1.09676,-0.495407,9.73409
1.04558,-0.372818,9.82811
1.07295,-0.423996,9.7567
1.08723,-0.520401,9.79836
1.09914,-0.38829,9.83763
1.15865,-0.38353,9.87453
1.1277,-0.551346,9.88167
1.12889,-0.57991,9.87334
1.14912,-0.433517,9.86025
1.11461,-0.476364,9.81621
1.03368,-0.522781,9.78883
1.09319,-0.412094,9.83525
1.08961,-0.339493,9.75551
1.11818,-0.363297,9.64125
1.15269,-0.293076,9.58769
1.1396,-0.096695,9.46272
1.10985,0.147293,9.34966
1.19554,0.360336,9.19136
1.18364,0.481735,9.0164
1.08009,0.720962,8.91048
1.1884,0.914963,8.97118
1.28242,1.30058,9.07234
1.44072,1.47792,9.15328
1.71446,1.34105,9.54128
1.94536,1.40056,9.64601
2.18816,1.09944,9.95665
2.64638,1.05302,10.2197
2.83324,0.925674,10.5517
2.7166,0.905441,10.9802
2.65947,0.862595,11.2635
2.73088,0.738815,11.5396
2.93321,0.331772,12.0788
3.12245,-0.443039,12.3953
3.18196,-0.77391,12.6965
2.83443,-1.08574,12.9178
2.80229,-1.37972,12.8857
3.01533,-1.05479,13.0166
2.79634,-1.10359,12.8452
2.51427,-1.69511,12.4894
2.38097,-2.32829,12.2335
2.11674,-2.45802,11.8586
1.81444,-2.35924,11.6931
1.70494,-2.60085,11.561
1.31218,-2.90791,11.0826
0.661148,-3.08287,10.5506
0.304092,-3.01503,10.3566
-0.0803375,-2.89125,10.0293
-0.590927,-2.95314,9.71266
-1.08842,-2.59727,9.54961
-1.32527,-2.41399,9.35204
-1.61925,-2.43422,8.92119
-1.82277,-2.55681,8.54152
-1.71327,-2.21403,8.44154
-1.79301,-2.10216,8.07616
-2.44405,-2.2057,7.56081
-2.59639,-1.72963,7.39775
-2.61186,-1.19881,7.18471
-3.15102,-1.25237,6.85622
-3.79491,-0.969101,6.46703
-3.70564,-0.335922,6.41466
-3.614,-0.0740814,6.3968
-4.33763,-0.19191,5.95287
-4.41975,-0.0443268,5.93025
-3.99248,0.570999,6.09926
-4.1841,0.0544586,5.90764
-4.2079,-0.432327,5.73387
-4.02461,0.623367,6.23375
-4.29121,1.42555,6.30159
-4.50307,1.39461,6.08974
-4.12578,1.81474,6.33015
-3.99486,2.36342,6.77885
-4.28288,2.21584,6.80385
-4.27455,1.3958,6.74077
-3.99248,1.98851,7.34181
-4.01985,2.72881,7.52153
-3.70326,2.73952,7.38942
-3.43428,2.78117,7.44179
-3.56401,2.76213,7.75838
-3.52235,2.72762,7.88454
-3.07603,2.90852,8.01784
-2.7773,2.93114,8.02736
-3.00462,2.69191,8.0345
-2.95345,2.85139,8.35347
-2.60591,3.47981,8.57246
-2.23338,3.8214,8.79622
-2.31908,3.40602,9.04021
-2.3167,2.69191,9.03545
-1.89061,2.94423,9.47819
-1.59187,3.35127,9.73647
-1.69066,2.92876,9.69838
-1.56093,2.77403,9.79002
-1.43239,3.17632,10.2435
-1.35384,3.26439,10.5053
-0.950363,2.60622,10.3577
-0.576645,2.01707,10.3815
-0.227921,2.07539,10.5458
-0.304092,2.27773,10.766
-0.292191,1.86354,10.7446
0.125565,1.63145,10.9445
0.443344,1.73024,11.1159
0.407639,1.42198,11.0671
0.261246,0.969711,11.0457
0.406448,1.16371,11.1802
0.705185,1.14348,11.1766
0.796829,0.847122,11.0397
0.844437,0.76976,11.1361
0.965836,0.83284,11.1575
0.958694,0.930435,11.0207
0.808731,0.569809,10.7934
0.686142,0.332962,10.6505
0.819443,0.273453,10.8064
0.902756,0.580521,10.8707
0.905136,0.536484,10.5315
0.842056,0.332962,10.2506
0.80516,0.25322,10.3423
0.918228,0.0496979,10.3982
0.883713,-0.0288544,10.1899
0.833725,0.0175629,10.1197
0.753983,-0.118118,10.0792
0.692093,-0.32283,9.97569
0.615921,-0.554916,9.78645
0.571884,-0.764389,9.61626
0.638535,-0.566818,9.59721
0.718277,-0.247849,9.67339
0.708755,-0.479935,9.64125
0.519516,-0.90007,9.44249
0.407639,-0.526352,9.55913
0.488571,-0.0229034,9.7448
0.588547,-0.122879,9.87096
0.475479,-0.160965,9.75432
0.420731,-0.215714,9.8662
0.60759,-0.0871735,10.0709
0.470718,-0.133591,10.0043
0.464767,-0.395432,9.91142
0.67067,-0.144302,10.0328
0.699234,0.200851,10.1387
0.637344,0.31987,10.1042
0.584976,-0.0490875,9.98879
0.642105,-0.0847931,9.95903
0.596878,0.155624,9.91023
0.618301,0.155624,9.76979
0.640915,0.206802,9.78526
0.705185,0.0984955,9.81264
0.623062,0.160385,9.86977
0.67305,0.215134,9.82216
0.575455,0.0211334,9.74718
0.501663,0.210373,9.78407
0.534988,0.490067,9.95665
0.759934,0.419846,9.88643
0.700424,0.186569,9.87572
0.565933,0.130631,9.74123
0.571884,0.355576,9.84596
0.725418,0.303207,9.84477
0.770645,0.0818329,9.79716
0.769455,0.152054,9.74599
0.707565,0.344864,9.92333
0.564743,0.235367,9.82573
0.524277,0.252029,9.81621
0.524277,0.312729,9.85072
0.654007,0.278214,9.8531
0.640915,0.0842133,9.77336
0.595688,-0.0467072,9.79002
0.599258,0.0270844,9.7805
0.60878,0.25441,9.82335
0.492142,0.123489,9.77812
0.524277,0.171097,9.83168
0.584976,0.211563,9.88524
0.613541,-0.0240936,9.86262
0.728989,-0.039566,9.77217
0.687332,0.121109,9.82454
0.505234,0.267502,9.90666
0.537369,0.278214,9.8531
0.598068,0.0592194,9.82335
0.568314,0.0116119,9.76265
0.559982,0.0830231,9.82097
0.561172,0.167526,9.8293
0.561172,0.19371,9.84834
0.571884,0.217514,9.91618
0.567123,0.143723,9.94594
0.677811,0.0461273,9.9138
0.655197,-0.0728912,9.90428
0.632584,0.0389862,9.85786
0.551651,0.161575,9.94356
0.514755,0.252029,9.97093
0.599258,0.171097,9.91618
0.758743,0.105637,9.95903
0.637344,0.0639801,9.87215
0.500473,0.198471,9.79716
0.524277,0.197281,9.85667
0.579025,0.273453,9.94237
0.619492,0.113968,9.8662
0.54213,-0.0121918,9.83168
0.586166,0.0604095,9.89952
0.709946,0.106827,9.94237
0.651627,0.0318451,9.84477
0.532608,0.0116119,9.80907
0.570694,0.0984955,9.76979
0.571884,0.0627899,9.77455
0.559982,0.0604095,9.81383
0.574264,0.0508881,9.75551
0.48262,0.00209045,9.76384
0.448105,0.0770721,9.86858
0.488571,0.185379,9.92333
0.589737,0.146103,9.93761
0.531418,0.0651703,9.91142
0.550461,-0.0836029,9.88167
0.474289,-0.0359955,9.88286
0.559982,0.217514,9.96141
0.486191,0.196091,9.94832
0.514755,0.0651703,9.87572
0.574264,0.108017,9.90785
0.60759,0.0996857,9.91023
0.54332,0.171097,9.92333
0.592117,0.241318,9.9876
0.644486,0.240128,9.93761
0.488571,0.0830231,9.93642
0.507614,0.117538,9.87453
0.598068,0.223465,9.90071
0.514755,0.137772,9.82335
0.385025,0.100876,9.76146
0.499283,0.180618,9.79836
0.473099,0.169907,9.73409
0.383835,0.136581,9.78764
0.413589,0.0735016,9.86025
0.582596,0.144913,9.91023
0.605209,0.122299,9.88405
0.517136,-0.0490875,9.81383
0.513565,-0.045517,9.77931
0.41597,0.133011,9.85905
0.444534,0.215134,9.81859
0.473099,0.216324,9.8174
0.473099,0.0163727,9.79359
0.488571,0.0937347,9.83644
0.492142,0.0794525,9.86025
0.518326,0.159195,9.85548
0.450485,0.305588,9.96736
0.454056,0.113968,9.87334
0.494522,0.00328064,9.87334
0.509995,0.0258942,9.86858
0.486191,0.261551,9.95784
0.47905,0.213943,9.88167
0.524277,0.0068512,9.86739
0.489761,0.0151825,9.89714
0.468338,0.173477,9.92213
0.454056,0.237747,9.85429
0.48143,0.0425568,9.86501
0.504044,0.0735016,9.87453
0.515945,0.133011,9.86144
0.439774,0.219894,9.87096
0.451675,0.0544586,9.87215
0.444534,0.00923157,9.73289
0.530228,0.0961151,9.81621
0.524277,0.069931,9.80907
0.467148,0.0544586,9.83644
0.565933,0.0865936,9.89476
0.537369,0.146103,9.86025
0.427872,0.0949249,9.8662
0.501663,0.106827,9.82573
0.569504,0.056839,9.79716
0.514755,-0.0467072,9.82335
0.464767,0.136581,9.80669
0.442154,0.182999,9.79716
0.452866,0.0461273,9.81264
0.507614,0.0461273,9.82097
0.448105,0.184189,9.87572
0.489761,0.209183,9.87334
0.458817,0.0735016,9.83525
0.48024,-0.0693207,9.83525
0.563553,0.00447083,9.85548
0.494522,0.159195,9.9019
0.450485,0.166336,9.96617
0.492142,0.0830231,9.94832
0.532608,0.0485077,9.97212
0.54689,0.069931,9.93761
0.509995,0.0520782,9.94832
0.500473,0.206802,9.88643
0.456436,0.332962,9.94475
0.48262,0.160385,9.92333
0.605209,0.0806427,9.87453
0.649246,0.00209045,9.92928
0.508804,0.088974,9.8174
0.429062,0.172287,9.82216
0.549271,0.234177,9.83644
0.538559,0.113968,9.85191
0.460007,0.0973053,9.8412
0.504044,0.12944,9.79955
0.476669,0.216324,9.83644
0.550461,0.232986,9.85905
0.60878,0.182999,9.90428
0.54451,0.0211334,9.80193
0.48024,-0.143112,9.73409
0.455246,0.163956,9.76027
0.47905,0.281784,9.83049
0.496902,0.0996857,9.79478
0.469528,-0.0621796,9.80073
0.456436,-0.0014801,9.85667
0.455246,0.152054,9.83406
0.514755,0.0996857,9.77931
0.421921,0.103256,9.83882
0.3517,0.0961151,9.83763
0.559982,0.0389862,9.85191
0.534988,0.0425568,9.8412
0.438583,0.18895,9.78169
0.424301,0.138962,9.77455
0.54808,0.0496979,9.8055
0.600449,0.160385,9.78407
0.532608,0.25322,9.71623
0.451675,0.303207,9.63887
0.445725,0.38176,9.60912
0.498093,0.463882,9.55675
0.487381,0.663834,9.52104
0.538559,0.801895,9.41273
0.540939,0.937576,9.16399
0.580215,0.96138,8.78432
0.658768,1.48625,8.73195
0.67067,2.45268,8.70338
0.586166,2.96565,8.83073
1.01582,2.99541,9.18184
1.59901,2.96803,9.34489
2.02391,2.56218,9.64482
2.46547,2.41103,9.97569
2.90822,2.07539,10.3851
3.06889,1.98732,10.685
2.90822,1.96233,11.06
2.90822,1.9171,11.4158
3.14864,1.87425,11.7705
3.3224,1.2018,11.9383
3.45451,0.737625,12.2751
3.16649,0.617416,12.6643
3.10817,0.70311,13.2249
3.23552,0.197281,12.9892
3.17006,-0.509689,13.0583
3.1284,-0.45018,13.1523
3.16649,-0.623947,13.1285
2.98796,-1.10716,12.9535
2.74873,-1.5511,12.5762
2.38573,-2.16167,12.3882
2.20125,-2.41042,12.2478
1.82991,-2.52824,12.0371
1.23839,-2.74724,11.6336
0.969406,-3.10548,11.0302
0.827774,-3.28877,10.5517
0.379074,-3.36971,10.1685
-0.137466,-3.40065,9.73052
-0.486191,-3.08049,9.39845
-0.812302,-2.70201,8.97594
-0.823013,-2.68892,8.40346
-1.28481,-2.70796,7.67268
-2.16435,-2.64964,7.32872
-2.39882,-1.90102,7.25374
-2.28337,-1.67369,6.88359
-2.68327,-1.67488,6.43727
-3.21172,-1.31068,6.26827
-3.52711,-0.745346,6.21947
-3.74254,-0.291885,6.02428
-3.93416,0.0473175,5.76958
-4.06151,0.311539,5.74696
-4.24718,0.0556488,5.55058
-3.9413,0.224655,5.60533
-4.09721,0.209183,5.20186
-4.41737,-0.187149,4.8698
-4.12935,0.740005,5.32921
-3.70207,2.33128,5.97429
-4.17339,2.73476,5.86122
-4.48521,1.85521,5.63152
-4.18172,2.0992,6.09688
-3.78062,2.74785,6.27779
-4.03889,2.65501,6.20161
-4.33287,2.65739,6.79314
-4.01747,3.31557,7.11687
-3.55449,3.59526,7.22993
-3.71516,2.9597,7.174
-3.94249,2.35747,7.2954
-3.27361,3.51195,8.12495
-2.94987,3.74046,7.80241
-2.97011,2.74547,7.57628
-2.82729,3.10371,8.60579
-2.45952,3.91185,9.04616
-2.56783,4.2451,8.72481
-2.85109,4.09752,8.77718
-2.70232,3.7119,8.96284
-2.45,3.72737,9.4901
-2.39763,3.59526,9.64125
-2.07509,3.19536,9.71147
-1.65495,2.85616,9.88405
-1.42168,3.45482,10.1864
-1.46095,4.01659,10.3994
-1.03368,3.24535,10.3304
-0.726608,2.3539,10.422
-0.767075,2.16704,10.2744
-0.767075,2.21822,10.3375
-0.745651,2.50029,10.6291
-0.683762,2.17894,10.6243
-0.267197,1.95757,10.6696
-0.0410614,1.94923,10.641
-0.201736,1.75999,10.691
-0.293381,1.82784,11.0695
0.0374908,1.9778,11.2075
0.363602,1.59337,11.1849
0.525467,1.32796,10.9278
0.567123,1.44222,10.8802
0.394547,1.22203,10.8814
0.274338,0.740005,10.8279
0.402878,0.580521,10.8279
0.558792,0.649551,10.7184
0.539749,0.77095,10.4196
0.498093,0.724533,10.303
0.688522,0.779282,10.1994
0.626633,0.588852,9.86382
0.561172,0.438889,9.97688
0.61235,0.324631,10.065
0.821823,0.354385,10.0542
0.632584,0.0223236,10.1518
0.498093,-0.171677,10.4065
0.549271,-0.180008,10.3911
0.536179,-0.356155,10.3101
0.60759,-0.546585,10.2923
0.592117,-0.648941,10.3899
0.574264,-0.422806,10.2006
0.520706,-0.340683,10.1518
0.489761,-0.402573,9.86144
0.374313,-0.345444,9.66863
0.41954,-0.0300446,9.75908
0.300522,0.266312,9.78764
0.220779,0.424606,9.88405
0.435013,0.415085,10.0233
0.393356,0.38533,9.99117
0.242203,0.219894,9.89833
0.388596,0.236557,10.0745
0.551651,0.631699,10.1495
0.486191,0.531723,10.1209
0.432632,0.334152,10.0126
0.445725,0.302017,9.98402
0.474289,0.609085,9.96974
0.446915,0.593613,9.90904
0.41716,0.754288,9.80312
0.393356,0.807846,9.89
0.515945,0.700729,9.80669
0.412399,0.685257,9.73885
0.331467,0.604324,9.69957
0.276718,0.57814,9.671
0.319565,0.588852,9.6472
0.325516,0.492447,9.56627
0.301712,0.404373,9.6353
0.28862,0.490067,9.7448
0.310043,0.518631,9.77217
0.283859,0.678116,9.78526
0.241013,0.559097,9.72575
0.275528,0.551956,9.75313
0.242203,0.720962,9.88167
0.273148,0.784042,9.90071
0.282669,0.580521,9.78645
0.291,0.51387,9.80788
0.377884,0.396042,9.85072
0.438583,0.412704,9.88762
0.5457,0.403183,9.91737
0.485001,0.529343,9.94356
0.448105,0.653122,9.9626
0.348129,0.651932,9.93761
0.299332,0.600754,9.89
0.246964,0.553146,9.86977
0.121994,0.529343,9.83644
0.230301,0.492447,9.77693
0.317184,0.418655,9.88405
0.261246,0.603134,9.94951
0.252914,0.603134,9.94118
0.431442,0.441269,9.93523
0.474289,0.38295,9.88643
0.360031,0.418655,9.89476
0.392166,0.57576,9.9507
0.433823,0.635269,9.92571
0.423111,0.587662,9.78407
0.307663,0.388901,9.79716
0.318375,0.45079,9.7686
0.360031,0.634079,9.79836
0.41835,0.799515,9.84596
0.264816,0.610275,9.70909
0.195786,0.549576,9.73885
0.22554,0.630508,9.83049
0.235062,0.715012,9.86262
0.120804,0.787613,9.94356
0.0862885,0.647171,9.84001
0.0993805,0.757858,9.91142
0.117233,0.682877,9.83644
0.0529633,0.615036,9.81026
0.116043,0.587662,9.82692
0.191025,0.622177,9.80669
0.121994,0.685257,9.78764
0.0517731,0.676926,9.74004
0.0458221,0.682877,9.67696
0.0422516,0.581711,9.72694
0.0648651,0.667404,9.85429
0.0672455,0.536484,9.70552
0.0303497,0.617416,9.80431
0.155319,0.722153,9.89238
0.177933,0.499588,9.80073
0.170792,0.482925,9.80073
0.108902,0.544815,9.68886
0.0351105,0.416275,9.70195
-0.0291595,0.542435,9.81978
-0.025589,0.590042,9.82692
-0.129135,0.742386,9.90547
-0.229111,0.785233,9.93166
-0.156509,0.794754,9.90785
-0.0553436,0.655502,9.90785
0.00297546,0.497208,9.86739
0.121994,0.544815,9.88167
0.175552,0.505539,9.82216
0.194595,0.493637,9.83406
0.141037,0.403183,9.85548
0.216019,0.437698,9.8174
0.28743,0.668594,9.80193
0.243393,0.842361,9.78407
0.0541534,0.854263,9.8781
-0.0172577,0.753098,9.84953
0.132706,0.801895,9.90071
0.137466,0.819748,9.8781
0.107712,0.736435,9.90666
0.0589142,0.668594,9.96022
0.108902,0.709061,9.95189
0.0291595,0.666214,9.98879
0.131516,0.509109,9.9745
0.273148,0.725723,10.0078
0.236252,0.938766,10.0495
0.038681,0.761429,9.87929
0.0184479,0.504349,9.64482
0.0970001,0.44841,9.5139
0.0291595,0.569809,9.71028
-0.0636749,0.686447,9.76146
0.00773621,0.676926,9.65315
0.0434418,0.618607,9.66386
-0.181503,0.76857,9.80312
-0.282669,0.788803,9.78526
-0.0648651,0.740005,9.81502
0.0482025,0.617416,9.88524
-0.00654602,0.694778,9.89238
-0.0981903,0.70192,9.79359
0.0720062,0.496017,9.81145
0.138657,0.488876,9.8531
0.152939,0.64241,9.80431
0.136276,0.650742,9.75313
0.0970001,0.603134,9.68053
0.163651,0.593613,9.66863
0.117233,0.623367,9.74123
0.104141,0.760239,9.86501
0.0827179,0.787613,10.0114
-0.0279694,0.616226,9.91023
-0.104141,0.517441,9.9864
0.0636749,0.528152,10.1721
0.0970001,0.582901,10.1197
0.0517731,0.655502,10.0673
-0.0208282,0.70192,10.0745
0.0303497,0.618607,9.99117
-0.00178528,0.561478,10.0162
-0.00535583,0.367477,9.87929
0.0267792,0.456741,9.86025
0.106522,0.561478,9.91023
0.089859,0.570999,9.87096
-0.0720062,0.482925,9.8293
-0.141037,0.296066,9.70433
-0.089859,0.347244,9.72218
-0.111282,0.456741,9.65791
-0.138657,0.536484,9.66743
-0.105331,0.559097,9.59483
0.0279694,0.566238,9.63173
0.119614,0.600754,9.76384
0.218399,0.437698,9.78407
0.0470123,0.555527,9.91023
-0.0398712,0.839981,9.98879
0.129135,0.841171,9.94475
0.141037,0.70549,9.97093
0.148178,0.475784,9.86262
0.00178528,0.488876,9.88524
-0.0101166,0.588852,10.0007
0.110092,0.687637,10.0971
0.126755,0.699539,10.09
0.142227,0.686447,10.0983
0.170792,0.565048,9.87929
0.0672455,0.665024,9.84834
0.164841,0.662643,9.98283
0.291,0.619797,9.93285
0.252914,0.620987,9.85786
0.0339203,0.604324,9.69362
-0.0243988,0.645981,9.66386
0.0874786,0.524582,9.66981
0.0850983,0.422226,9.57222
0.118423,0.754288,9.88762
0.0279694,0.817368,9.84715
-0.0363007,0.650742,9.75313
0.044632,0.516251,9.6841
-0.0529633,0.668594,9.71385
0.00892639,0.806656,9.79478
0.0886688,0.686447,9.95665
0.0779572,0.412704,9.90904
0.0339203,0.31987,9.84358
0.0113068,0.629318,9.98402
-0.070816,0.676926,9.9138
-0.0612946,0.416275,9.79836
-0.00416565,0.411514,9.74837
-0.0374908,0.57338,9.62102
-0.0874786,0.650742,9.43654
-0.0874786,0.465073,9.20088
0.0410614,0.341293,8.96404
0.101761,0.423416,8.43916
0.044632,0.423416,7.75481
-0.0482025,0.64003,7.10854
-0.127945,0.873306,6.69673
0.440964,0.6436,6.58604
1.13841,0.451981,6.71696
1.93822,0.0366058,6.98357
2.46071,-0.287125,7.34895
2.74159,-0.00624084,7.6584
2.85466,0.25679,7.78575
3.45927,0.265121,7.88573
4.03413,0.360336,8.31776
4.53163,0.202042,8.1071
4.97795,0.142532,7.95952
5.63731,-0.237137,7.8643
6.14671,-0.596573,8.01903
6.66444,-0.282364,8.32253
6.64897,0.5103,8.10353
6.67635,0.828079,7.66435
6.84535,0.687637,7.28349
7.2524,0.925674,7.87383
7.85939,1.13634,7.91072
8.49019,0.656693,7.34776
8.93532,0.0473175,6.8943
8.7556,-0.110977,6.59319
8.61873,0.0330353,6.33254
8.83058,0.4496,6.00523
9.07457,0.839981,5.59105
8.94841,1.43031,5.28993
8.80916,1.53981,4.85194
9.21382,0.932816,4.5544
9.64586,0.618607,4.17592
9.76726,0.757858,4.05452
9.72917,1.0685,3.73912
9.85176,0.926865,3.60463
10.0374,0.70192,3.269
10.0208,1.14824,3.1476
9.78868,1.38152,2.90718
9.83986,0.597183,2.62392
9.90294,0.916153,2.43706
9.75417,1.83855,2.78578
9.7137,1.6743,2.59059
9.88747,1.04945,2.41087
10.0719,1.30296,2.49419
9.95055,1.85164,2.46205
9.86604,1.24464,2.36327
9.79701,1.19942,2.36922
9.79463,1.66478,2.47633
9.66371,1.71358,2.34541
9.54826,1.30296,1.9955
9.61134,1.05183,1.93599
9.60777,1.59099,2.02168
9.35307,1.73857,1.85863
9.40663,1.07921,1.69914
9.57921,0.938766,1.80269
9.57207,1.11729,1.95265
9.50066,1.39342,2.11214
9.54588,1.21489,2.34541
9.77916,0.764999,2.3597
9.76845,1.26726,2.39302
9.58278,1.73262,2.65605
9.57921,1.53743,2.8929
9.60896,1.28154,2.95122
9.59468,1.13277,3.12141
9.7256,1.19704,3.37373
9.67204,1.43864,3.69508
9.70656,1.19823,3.81767
9.57802,1.18871,3.8629
9.30308,1.42436,4.16402
9.19002,1.40056,4.34254
9.12575,1.27321,4.42229
9.03767,1.03041,4.60796
8.95912,0.819748,4.85313
8.80321,1.05064,5.20781
8.80559,1.08873,5.58153
8.81749,0.540054,5.54463
8.70442,0.405563,5.88621
8.45805,0.750717,6.27184
8.34618,0.712631,6.48726
8.25334,0.371048,6.5063
8.07243,0.0330353,6.44441
7.68324,0.375809,6.57176
7.41783,0.496017,6.94667
7.18337,0.485306,6.83955
6.7906,0.203232,6.8943
6.42046,0.147293,6.98952
6.20741,0.12587,7.10377
5.98842,0.118729,7.25374
5.58495,0.168716,7.49892
5.35643,0.140152,7.70363
5.22908,0.19252,7.8286
4.92082,0.241318,7.96904
4.5959,0.246078,8.07259
4.3781,0.462692,8.34752
4.16624,0.310349,8.57484
4.00795,0.12944,8.4463
3.5295,0.630508,8.36061
3.1165,0.756668,8.59865
2.78682,0.368668,8.55461
2.48808,-0.107407,8.53319
2.1953,-0.0145721,8.44868
1.9037,0.57576,8.47011
1.5883,0.665024,8.507
1.18602,0.517441,8.51295
0.997971,0.0984955,8.55104
0.99678,0.119919,8.65935
1.01582,0.309158,8.93428
0.789688,0.631699,8.95808
0.520706,0.616226,9.01759
0.433823,0.610275,9.1628
0.293381,0.410324,9.23064
0.0374908,0.286545,9.04973
-0.0886688,0.268692,8.94856
-0.283859,0.531723,8.9688
-0.3517,0.57338,9.21635
-0.0624847,0.286545,9.36275
0.120804,0.353195,9.59959
-0.0291595,0.349625,9.5984
-0.00416565,0.198471,9.66029
0.241013,0.0449371,9.7317
0.236252,0.075882,9.72694
0.139847,0.187759,9.69005
0.169601,0.144913,9.71266
0.304092,-0.145493,9.81264
0.35527,-0.135971,9.72218
0.311234,0.249649,9.88167
0.362411,0.275833,9.94594
0.323135,0.0604095,9.87453
0.3517,-0.0681305,10.0185
0.314804,-0.0181427,10.0007
0.367172,0.0104218,10.0007
0.274338,-0.0681305,9.84715
0.361221,-0.19191,9.82335
0.326706,-0.096695,9.76146
0.175552,0.0627899,9.75789
0.279099,0.103256,9.74242
0.342178,0.131821,9.73766
0.346939,0.0496979,9.86144
0.368362,0.110397,9.94713
0.268387,0.0627899,9.94118
0.116043,-0.0883637,9.77693
0.0493927,-0.0181427,9.7686
0.100571,0.0711212,9.83168
0.169601,-0.0943146,9.98879
0.256485,0.00566101,10.0197
0.293381,0.175858,10.1637
0.385025,0.0877838,10.134
0.274338,0.069931,10.0709
0.22435,-0.00624084,10.103
0.145798,-0.0740814,10.0733
0.293381,-0.0502777,10.109
0.336227,-0.00624084,9.9745
0.187454,-0.0419464,9.85429
0.106522,-0.208572,9.77455
0.136276,-0.596573,9.71742
0.169601,-0.337112,9.88762
0.170792,-0.118118,9.94713
0.0743866,0.056839,9.74956
-0.0208282,-0.0383759,9.85072
0.0339203,-0.307358,9.84001
0.180313,-0.232376,9.99355
0.399307,-0.0490875,10.1411
0.202927,-0.077652,9.9995
-0.113663,-0.0883637,9.7805
-0.180313,-0.00386047,9.73527
-0.0327301,-0.141922,9.75194
0.00892639,-0.113358,9.79598
0.0410614,-0.00862122,9.87215
-0.044632,0.0735016,9.77455
0.0731964,0.19014,9.64125
0.133896,-0.00505066,9.41988
-0.0113068,-0.151443,9.3199
-0.136276,0.0854034,9.39726
-0.0874786,0.187759,9.59483
0.0720062,0.150864,9.67577
0.35051,0.0746918,9.71861
0.454056,0.180618,9.63173
0.383835,0.200851,9.70909
0.330276,0.227036,9.6841
0.394547,0.242508,9.62221
0.432632,0.273453,9.6472
0.452866,0.25322,9.75313
0.519516,0.309158,9.85667
0.683762,0.4496,9.86501
0.73851,0.422226,9.671
0.652817,0.341293,9.68648
0.476669,0.31987,9.79121
0.555222,0.303207,9.86025
0.821823,0.663834,10.0792
0.950363,0.807846,10.1911
0.962265,0.616226,9.91975
1.00868,0.570999,10.0019
1.10747,0.634079,10.1399
1.21339,0.737625,10.0733
1.2729,0.799515,9.91499
1.20863,0.669785,9.82692
1.21935,0.748337,9.81859
1.26695,0.740005,9.92094
1.32646,0.64003,9.85786
1.29195,0.541245,9.81859
1.23958,0.659073,9.74956
1.09438,0.841171,9.73052
1.08485,0.83046,9.73409
1.16936,0.737625,9.76265
1.12889,0.763809,9.81264
0.964645,0.792374,9.74956
0.961075,0.795944,9.85548
0.895615,0.932816,9.75908
0.99678,0.913773,9.80669
1.11104,0.757858,9.82454
1.09914,0.824509,9.9019
1.0789,0.842361,9.97688
1.01225,0.931625,9.98164
1.01225,0.931625,10.0304
1.07414,0.957809,9.85667
1.05391,0.806656,9.88167
1.17888,0.744766,9.88643
1.17412,0.860214,9.86382
