1.54546,-0.203812,9.75432
1.53355,-0.249039,9.77812
1.49071,-0.146683,9.72575
1.48119,-0.168106,9.67815
1.49547,-0.137161,9.63768
1.48119,-0.175247,9.61864
1.48357,-0.113358,9.57103
1.48595,-0.165726,9.51866
1.4431,-0.149063,9.54008
1.45024,-0.184769,9.55913
1.47881,-0.158585,9.53294
1.41216,-0.182388,9.57103
1.37407,-0.144302,9.61388
1.42644,-0.149063,9.65196
1.48119,-0.0633698,9.66624
1.4431,-0.0229034,9.60197
1.52403,-0.0157623,9.6234
1.57402,-0.039566,9.73766
1.5526,-0.0847931,9.77098
1.60497,-0.108597,9.76622
1.5883,-0.0562286,9.77812
1.5526,-0.12764,9.85667
1.52641,-0.0824127,9.84953
1.54546,-0.0443268,9.81383
1.52165,-0.0562286,9.91856
1.52641,-0.0205231,9.78764
1.48833,0.00328064,9.80907
1.50023,-0.0324249,9.84239
1.49309,-0.0014801,9.82811
1.53117,0.0389862,9.91618
1.40977,-0.158585,9.68291
1.4431,-0.260941,9.6353
1.39311,-0.337112,9.59007
1.41454,-0.275223,9.60435
1.32646,-0.25618,9.56151
1.34312,-0.203812,9.54246
1.38597,-0.225235,9.6353
1.4669,-0.249039,9.68291
1.43358,-0.268082,9.6472
1.45262,-0.327591,9.63768
1.455,-0.282364,9.68767
1.4431,-0.25856,9.69243
1.4312,-0.244278,9.64006
1.45024,-0.158585,9.6591
1.44548,-0.149063,9.69005
1.50023,-0.122879,9.69719
1.47643,-0.0943146,9.67577
1.42406,-0.0895538,9.73052
1.44786,-0.077652,9.67577
1.455,-0.0752716,9.70671
1.46928,-0.160965,9.71385
1.44786,-0.146683,9.75908
1.46214,-0.146683,9.72813
1.46214,-0.101456,9.81145
1.48119,-0.103836,9.70433
1.45976,-0.0824127,9.70909
1.47643,-0.122879,9.70433
1.45024,-0.096695,9.7448
1.44548,-0.125259,9.71385
1.44548,-0.115738,9.79716
1.48357,-0.103836,9.72813
1.47881,-0.103836,9.79716
1.54308,-0.0824127,9.78526
1.59782,-0.151443,9.79002
1.64067,-0.0990753,9.80193
1.61925,-0.096695,9.82335
1.56212,-0.058609,9.84477
1.54784,-0.077652,9.84001
1.54308,-0.0419464,9.83763
1.54546,-0.0324249,9.88762
1.51927,-0.0490875,9.77574
1.57878,-0.0205231,9.7805
1.5407,-0.00386047,9.79002
1.56212,0.0318451,9.7805
1.56212,0.0723114,9.81383
1.60497,0.0104218,9.7448
1.55736,-0.0538483,9.7567
1.5526,-0.0847931,9.71385
1.5645,-0.0728912,9.72575
1.53117,-0.0609894,9.77336
1.52641,-0.0681305,9.71623
1.57402,-0.103836,9.73289
1.60258,0.000900269,9.7567
1.50737,0.0746918,9.68529
1.55736,0.0556488,9.70909
1.54784,0.0437469,9.72099
1.54784,0.0342255,9.7567
1.57164,-0.0205231,9.78288
1.5645,-0.0157623,9.79478
1.53831,0.0984955,9.72813
1.57402,0.0794525,9.7567
1.5407,0.0961151,9.67815
1.53117,0.0818329,9.65196
1.45262,0.115158,9.55913
1.51927,0.0675507,9.78526
1.62163,0.088974,9.82097
1.59306,0.150864,9.88524
1.59068,0.103256,9.84001
1.57164,0.0865936,9.82573
1.57164,0.115158,9.75908
1.57164,0.138962,9.89
1.73589,0.0675507,10.0828
1.81682,0.150864,9.97331
1.76683,0.0913544,9.75908
1.7097,0.0675507,9.67815
1.48595,-0.301407,9.90666
1.51927,-0.272842,9.74956
1.50023,-0.158585,9.69957
1.45262,0.0318451,9.6353
1.40263,0.169907,9.53056
1.39549,0.355576,9.53532
1.35979,0.31749,9.47582
1.34074,0.267502,9.29253
1.3455,0.12706,9.17827
1.34312,0.0770721,9.19731
1.30028,0.165146,9.25444
1.41692,0.0485077,9.40202
1.46214,0.177048,9.39488
1.41692,0.300827,9.4901
1.45024,0.291306,9.6472
1.59782,0.167526,9.74718
1.60973,0.0104218,9.62816
1.62877,0.0818329,9.58769
1.60497,0.196091,9.47582
1.50023,0.291306,9.33775
1.38835,0.355576,9.34489
1.39311,0.369858,9.31157
1.3217,0.460312,9.26634
1.3098,0.369858,8.97356
1.35027,0.374619,8.94975
1.35503,0.500778,8.93309
1.39549,0.486496,9.0045
1.46452,0.453171,9.07829
1.53831,0.410324,9.49248
1.79063,0.353195,9.6115
1.99773,0.293686,9.88048
2.13579,0.0842133,9.74242
2.20244,0.105637,9.72099
2.25957,0.298447,9.74004
2.14293,0.5103,9.67577
2.03581,0.572189,9.75194
1.99535,0.653122,9.75194
1.92393,0.524582,9.74718
1.99773,0.341293,9.89476
2.14769,0.088974,9.91856
2.16197,0.108017,9.98045
2.13103,0.350815,10.0519
2.10246,0.436508,10.1947
2.09532,0.560288,10.1614
2.01915,0.541245,10.2304
2.11674,0.419846,10.2042
1.99773,0.438889,10.0447
1.89537,0.331772,9.98283
1.88823,0.172287,9.94475
1.82872,0.0961151,9.85429
1.77635,0.12468,9.88048
1.70018,0.117538,9.91142
1.65495,0.231796,9.89
1.63115,0.286545,9.79716
1.59544,0.307968,9.7686
1.54546,0.331772,9.68053
1.48833,0.474594,9.60197
1.455,0.553146,9.6115
1.44786,0.600754,9.58769
1.48357,0.503159,9.52104
1.56212,0.25322,9.80907
1.55022,0.312729,9.74242
1.50261,0.38176,9.69243
1.40739,0.396042,9.58055
1.35503,0.279404,9.53056
1.35979,0.281784,9.62578
1.39311,0.341293,9.56865
1.50261,0.217514,9.68291
1.72636,0.0270844,9.72813
1.81206,0.0151825,9.65434
1.88585,0.0723114,9.73527
1.84776,0.0294647,9.84239
1.83824,0.0223236,9.94951
1.76445,-0.077652,10.0685
1.76921,-0.232376,9.9995
1.71922,-0.353775,9.80431
1.5883,-0.353775,9.72337
1.5764,-0.215714,9.77574
1.54546,-0.160965,9.87334
1.50261,-0.175247,9.92571
1.53117,-0.172867,9.95903
1.65019,-0.180008,9.9876
1.70018,-0.201431,9.89238
1.76207,-0.19191,9.71147
1.78349,-0.229996,9.69243
1.88585,-0.377579,9.70433
1.79063,-0.291885,9.54485
1.68352,-0.168106,9.48058
1.58354,-0.0538483,9.44963
1.58592,-0.0371857,9.51628
1.95488,-0.241898,9.71861
2.03343,-0.260941,9.75432
2.02629,-0.272842,9.69719
1.95964,-0.239517,9.65672
1.84062,-0.220474,9.56865
1.85252,-0.241898,9.62816
1.88347,-0.306168,9.57817
1.77397,-0.296646,9.58293
1.75017,-0.458511,9.60197
1.79778,-0.532303,9.50438
1.32646,-0.439468,9.63292
1.39311,-0.463272,9.60912
1.35265,-0.546585,9.56389
1.36693,-0.672745,9.56151
1.41454,-0.63942,9.59721
1.30266,-0.563248,9.51628
1.24553,-0.45137,9.61626
1.25505,-0.563248,9.60674
1.29552,-0.560867,9.58293
1.29076,-0.560867,9.51152
1.09795,-0.401382,9.61864
1.12651,-0.249039,9.69719
1.32408,-0.622757,9.68291
1.30504,-0.76796,9.59245
1.31218,-0.825089,9.67339
1.2979,-0.753677,9.671
1.29552,-0.717972,9.61864
1.23839,-0.737015,9.56865
1.2122,-0.696548,9.52104
1.16936,-0.667984,9.5258
1.46452,-0.763199,9.61626
1.5645,-0.572769,9.69957
1.60258,-0.720352,9.66386
1.58354,-0.970291,9.71385
1.60258,-1.05122,9.69481
1.5883,-0.884598,9.82811
1.64543,-0.677505,10.0804
1.71446,-0.658462,10.0971
1.75255,-0.544205,10.2161
1.8073,-0.498978,10.3351
2.0977,-0.270462,12.1585
1.9763,-0.144302,12.3061
2.19768,-0.308548,12.6512
2.28575,-0.477554,12.6084
2.14293,-0.682266,12.7679
2.23576,-0.806046,13.0154
2.50475,-0.96077,13.3082
2.51903,-1.04884,13.3201
2.43095,-1.04408,13.213
2.26909,-0.936966,13.0702
2.02153,-0.851273,12.9274
1.65019,-0.715591,12.6203
1.35265,-0.663223,12.4418
1.26457,-0.751297,12.2061
1.10747,-1.1274,11.9562
1.00749,-1.27022,11.5396
0.614731,-1.19643,11.2301
0.393356,-1.27498,11.3016
0.381454,-1.14644,10.9588
-0.0827179,-1.09169,10.4851
-2.98677,-0.751297,7.5858
-3.32002,-0.689407,7.08116
-3.70802,-0.617996,6.81694
-3.8199,-0.429947,6.44322
-4.31264,-0.237137,6.44084
-4.3174,-0.0562286,6.13377
-4.72206,0.0770721,6.00999
-4.91487,0.103256,5.84099
-5.07912,0.0746918,5.54106
-5.36476,-0.0348053,5.57677
-5.68135,-0.0609894,5.42204
-5.91463,-0.168106,5.5244
-5.75038,-0.251419,5.37682
-6.32167,-0.496597,5.31255
-6.48592,-0.158585,5.31731
-6.08839,0.115158,5.23637
-6.6454,-0.0252838,5.16972
-6.9001,0.0270844,4.70079
-6.89772,-0.0324249,4.70793
-6.94771,-0.0609894,4.87218
-6.80965,-0.234756,4.79601
-7.15718,-0.299026,5.01976
-7.34285,-0.403763,5.09355
-7.41188,-0.306168,4.89598
-7.59517,-0.391861,4.85075
-7.60469,-0.420425,4.75316
-7.80702,-0.401382,4.97453
-7.77846,-0.182388,4.68889
-7.92366,0.141342,4.65794
-8.11409,0.2556,4.63414
-8.24739,0.288925,4.72697
-8.24501,0.436508,4.71745
-8.37117,0.531723,4.74602
-8.43306,0.555527,4.45799
-8.68062,0.569809,4.4818
-8.69014,0.738815,4.21519
-8.82344,0.645981,4.35326
-8.65443,0.734055,3.98906
-8.83772,0.903061,3.69627
-9.0472,1.153,3.37016
-9.28047,1.35295,3.18925
-9.40663,1.33391,3.09166
-9.46852,1.34819,2.7108
-9.60896,1.39104,2.10143
-9.84462,1.42436,1.79436
-10.1398,1.51006,1.59917
-10.1922,1.54814,1.20879
-10.3397,1.33867,1.21593
-10.2612,1.11491,0.970749
-10.3136,0.979233,0.808884
-10.3064,1.09349,0.835068
-10.2897,1.28392,0.885056
-10.3064,1.4077,0.951706
-10.2874,1.48149,0.970749
-10.2802,1.44579,1.0731
-10.1969,1.34343,1.03978
-10.1279,1.10539,1.19212
-10.0255,0.784042,1.48491
-9.86366,0.700729,1.67296
-9.76607,0.698349,1.78246
-9.69466,0.572189,2.0562
-9.5685,0.615036,2.22997
-9.62563,0.741196,2.05382
-9.75655,0.862595,1.99907
-9.69704,0.819748,1.89909
-9.64467,0.826889,1.95622
-9.67323,0.957809,1.82054
-9.81129,0.924484,1.75627
-9.87318,0.779282,1.53728
-9.91365,0.648361,1.39922
-9.8232,0.64122,1.38017
-9.6161,0.669785,1.74913
-9.07338,0.886398,2.48467
-9.31142,0.536484,2.687
-9.67323,0.779282,2.22044
-9.68751,0.745956,2.25377
-9.38759,0.674545,2.4561
-9.04005,0.517441,2.687
-8.83058,0.607895,2.86314
-8.68776,0.793564,3.03215
-8.55446,0.850693,3.24638
-8.47353,0.805466,3.43443
-8.35927,0.605514,3.6201
-8.4164,0.484116,3.56773
-8.44972,0.227036,3.43681
-8.39259,-0.153824,3.50346
-8.29738,-0.291885,3.72246
-8.11647,-0.177628,3.90337
-7.80464,0.0199432,4.0081
-7.50233,0.115158,4.24138
-7.21669,0.0437469,4.19139
-7.07625,-0.0847931,4.22472
-7.01674,-0.196671,4.18901
-6.98817,-0.260941,4.16521
-6.73824,-0.418045,4.63176
-6.26692,-0.482315,5.50536
-5.06245,-0.360916,5.49583
-4.85774,-0.839371,7.28349
-5.17909,-0.675125,6.48369
-5.19337,-0.610855,6.29088
-4.972,-0.420425,6.11949
-4.64113,-0.141922,6.88121
-3.97224,0.0199432,7.87144
-3.32002,-0.0443268,8.4713
-3.20576,-0.458511,8.57841
-3.46761,-1.11549,8.49272
-3.39143,-1.47493,8.81645
-3.08437,-1.51302,8.9688
-3.04628,-1.07503,8.80455
-3.02724,-0.691788,8.94499
-2.75111,-0.301407,9.39488
-2.26314,-0.199051,9.6115
-2.01558,-0.251419,9.57103
-2.03224,-0.391861,9.42583
-1.97035,-0.822708,9.79716
-1.76326,-0.989334,10.0281
-1.65614,-0.879837,10.3256
-1.34193,-0.856033,10.8421
-1.17769,-0.715591,11.254
-0.794449,-0.748917,11.2682
-0.594498,-0.863174,10.9969
-0.54213,-0.77034,10.5494
-0.549271,-0.434708,10.6089
-0.268387,-0.351395,10.8588
-0.139847,-0.558487,10.8041
-0.28981,-0.794144,10.8921
-0.282669,-1.01314,10.8112
-0.218399,-1.28926,10.9326
-0.0160675,-1.41304,10.835
0.110092,-1.39876,10.8421
0.274338,-1.14644,10.6803
0.243393,-0.77272,10.5375
0.229111,-0.356155,10.4208
0.295761,-0.227615,10.3042
0.405258,-0.241898,10.2375
0.5457,-0.313309,10.3756
0.886093,-0.403763,10.3566
1.0551,-0.341873,10.3351
1.20506,-0.437088,10.8398
1.77159,-0.501358,11.2825
2.02629,-0.760818,11.2706
2.09532,-0.858414,11.073
2.0977,-0.677505,10.985
2.04057,-0.406143,11.0683
1.88823,-0.260941,10.9897
1.72874,-0.139542,10.9445
1.69542,-0.0252838,10.7684
1.69304,-0.0990753,10.7541
1.78825,-0.19191,10.8683
1.88585,-0.399002,11.0373
2.29051,-1.13692,10.4137
2.33574,-1.05598,10.428
2.38573,-1.06551,10.4375
2.40477,-1.11549,10.3732
2.49284,-1.18929,10.1994
2.51189,-1.08455,10.109
2.46904,-0.96553,10.1923
2.42619,-0.865555,10.1423
2.42381,-0.910782,10.1923
2.33098,-0.70369,10.1138
2.24528,-0.615616,9.98521
2.15721,-0.658462,10.0852
2.2072,-0.848892,9.98045
2.27623,-1.01552,9.89
2.18816,-1.10359,9.82573
2.10722,-0.89888,9.7924
2.01677,-0.875076,9.85667
2.05247,-0.951248,9.8662
2.05724,-0.979813,9.77812
1.92155,-0.925064,9.67577
1.97154,-1.0179,9.69957
1.91441,-1.01076,9.59483
1.88823,-1.03932,9.55913
1.85728,-0.977432,9.502
1.85014,-0.90126,9.38536
1.84538,-0.870316,9.3568
1.8549,-0.822708,9.32585
1.88109,-0.891739,9.2592
1.90489,-1.03932,9.33775
1.87395,-1.07979,9.33061
2.05009,-0.913162,9.52104
2.08342,-1.05122,9.5377
2.062,-1.07265,9.6353
2.04533,-1.08455,9.69243
2.05962,-1.0179,9.55675
2.02391,-1.03694,9.6353
1.94298,-1.10121,9.66386
1.93346,-1.15834,9.72337
1.90489,-1.12025,9.71623
1.86681,-0.979813,9.65672
1.84776,-0.879837,9.62816
1.84538,-0.882217,9.59483
1.87157,-0.994095,9.6115
1.90013,-0.998856,9.5377
1.92393,-0.90126,9.6353
1.90965,-0.867935,9.69481
1.94536,-1.00838,9.65434
2.01677,-1.13454,9.69243
1.99535,-1.1512,9.62102
2.02867,-1.03218,9.62816
2.00963,-0.953629,9.62816
2.01201,-1.006,9.70195
1.99059,-1.02504,9.69481
2.02629,-1.16786,9.66386
2.00249,-1.17976,9.65434
1.96678,-1.02742,9.68529
1.93584,-0.96315,9.66148
1.9644,-1.01314,9.65196
1.93822,-1.02266,9.62578
2.02391,-1.10597,9.6472
2.00725,-1.05836,9.67577
1.99535,-0.998856,9.6353
1.9763,-1.02266,9.67577
2.03581,-1.04408,9.75908
2.02153,-1.06551,9.74718
2.03581,-1.01552,9.80193
2.01201,-0.934586,9.94475
1.98344,-0.877457,9.90428
1.98106,-0.991715,9.78526
1.97868,-1.06551,9.64482
1.99773,-1.03456,9.74004
2.02629,-0.977432,9.76146
2.01201,-0.96315,9.77812
1.95012,-0.96315,9.76384
1.93108,-1.11073,9.71623
1.92393,-1.15596,9.7805
1.98821,-1.13216,9.69243
1.99297,-0.998856,9.71385
2.03105,-1.00362,9.62102
1.9763,-1.0536,9.62578
1.95488,-0.96077,9.63292
1.9644,-0.991715,9.55199
1.85728,-1.09169,9.6115
1.90251,-1.29402,9.5139
1.83586,-1.25594,9.42345
1.77159,-1.1869,9.39964
1.73827,-1.11549,9.41869
1.73351,-1.19881,9.33537
1.74779,-1.16548,9.3568
1.72636,-1.05836,9.43773
1.96678,-1.19643,9.71861
1.89299,-1.11549,9.68529
1.85966,-1.03694,9.55437
1.77159,-1.04884,9.52342
1.76921,-1.09883,9.48534
1.74303,-1.09169,9.55199
1.77873,-1.09169,9.45677
1.82872,-1.02266,9.502
1.84062,-1.08455,9.57579
1.88347,-1.06551,9.64958
1.8073,-1.07027,9.66863
1.85728,-0.991715,9.69481
1.85252,-1.03932,9.65672
1.86205,-1.03456,9.71147
1.92632,-1.09883,9.73527
1.88585,-1.09645,9.69719
1.92632,-1.11073,9.68529
1.90489,-1.06313,9.73289
1.85966,-1.11311,9.72337
1.87157,-1.21309,9.76384
1.87633,-1.17738,9.76146
1.8192,-1.12502,9.66624
1.86443,-1.1869,9.72099
1.80492,-1.01314,9.65434
1.76683,-0.929825,9.67339
1.81682,-0.920303,9.66624
1.82158,-0.982193,9.68291
1.74779,-0.8965,9.58769
1.78587,-0.994095,9.64244
1.82634,-1.00362,9.64482
1.79063,-0.951248,9.6115
1.76207,-0.991715,9.57579
1.77873,-1.0298,9.62578
1.79778,-1.02266,9.63768
1.84062,-1.08693,9.6472
1.80968,-1.12263,9.71147
1.88585,-1.13692,9.69005
1.82396,-1.24641,9.68529
1.80016,-1.20357,9.68291
1.90251,-1.18452,9.70671
1.85966,-1.1274,9.66624
1.80254,-1.05598,9.6115
1.8311,-1.09883,9.61864
1.83824,-1.19167,9.6234
1.86681,-1.1631,9.54485
1.86919,-1.07741,9.58055
1.87157,-1.05598,9.59959
1.843,-1.02266,9.66386
1.83348,-1.11073,9.62816
1.80016,-1.08217,9.54961
1.80254,-1.06789,9.67577
1.81444,-0.986954,9.65672
1.81444,-0.925064,9.62102
1.79778,-0.910782,9.69719
1.84776,-0.944107,9.70195
1.90489,-0.90126,9.79955
1.90727,-0.922684,9.75432
1.94298,-0.998856,9.79478
1.9763,-1.0536,9.76622
1.90727,-1.0298,9.72575
1.91203,-1.07265,9.74242
1.83586,-1.09883,9.75908
1.77635,-1.08455,9.70195
1.78825,-1.07741,9.6115
1.79301,-1.16548,9.57579
1.75493,-1.12978,9.60674
1.76683,-1.1274,9.56627
1.76921,-1.06551,9.59245
1.76445,-1.03932,9.59721
1.82396,-1.03218,9.6234
1.80254,-0.977432,9.6234
1.82634,-0.994095,9.60435
1.86443,-1.00362,9.6353
1.8311,-1.01314,9.6115
1.79301,-1.00838,9.57341
1.77397,-1.02266,9.55913
1.80968,-0.953629,9.53532
1.76683,-0.791763,9.55913
1.75731,-0.779861,9.58531
1.76921,-0.839371,9.58293
1.81682,-0.944107,9.59959
1.78825,-0.996475,9.5377
1.80968,-1.00838,9.57817
1.78349,-1.01552,9.60912
1.74065,-0.934586,9.59483
1.78349,-0.951248,9.59007
1.75493,-0.984573,9.62816
1.80254,-1.05598,9.58531
1.83824,-1.12025,9.68529
1.8549,-1.09407,9.6353
1.82158,-0.998856,9.74004
1.82872,-0.977432,9.69243
1.74779,-1.02028,9.65672
1.77397,-1.03932,9.69481
1.79778,-1.06313,9.76146
1.84538,-1.14168,9.77336
1.89299,-1.20357,9.7567
1.92393,-1.13216,9.67339
1.81444,-1.06789,9.68291
1.76921,-1.03694,9.63292
1.75969,-0.936966,9.70909
1.76445,-0.889359,9.69005
1.74065,-0.948868,9.69957
1.78825,-0.975052,9.60674
1.8192,-1.11787,9.67577
1.84062,-1.09883,9.68767
1.80492,-1.07027,9.70671
1.83824,-1.13692,9.73527
1.84062,-1.08455,9.69957
1.81206,-1.05836,9.74004
1.83348,-1.06551,9.73527
1.77873,-1.00362,9.69719
1.75969,-1.04884,9.77098
1.79063,-1.06075,9.64006
1.77873,-1.06313,9.69243
1.81206,-0.986954,9.63292
1.73351,-0.944107,9.68767
1.76207,-0.956009,9.69719
1.74779,-0.984573,9.67339
1.75493,-1.02266,9.63292
1.7216,-1.03218,9.58531
1.75969,-0.975052,9.68053
1.68114,-1.00362,9.69005
1.74779,-1.12025,9.67339
1.75731,-1.19167,9.66386
1.75731,-1.09883,9.62816
1.76445,-1.06551,9.68767
1.71446,-0.982193,9.68291
1.79301,-1.06551,9.68529
1.80016,-1.13692,9.69481
1.80016,-0.934586,9.64006
1.74779,-0.994095,9.60197
1.85252,-1.13692,9.56627
1.78111,-1.12263,9.54008
1.82158,-1.07027,9.51152
1.78825,-1.00362,9.53294
1.77159,-1.0179,9.49724
1.80492,-0.982193,9.50676
1.81444,-0.870316,9.45677
1.83586,-0.813187,9.42821
-8.51161,0.629318,3.67961
-8.46876,0.493637,3.80101
-8.25453,0.562668,3.90337
-8.18788,0.610275,3.95573
-8.1974,0.586472,3.79625
-8.19978,0.498398,3.85814
-8.07124,0.479355,3.82957
-7.8094,0.272263,4.48894
-7.36903,0.236557,5.04356
-7.06673,0.169907,5
-2.4012,-1.19167,9.77336
-2.42976,-1.13454,9.99235
-2.55354,-1.12978,9.93047
-2.81538,-1.0179,9.79955
-2.85585,-0.741776,9.85429
-2.49165,-0.444229,10.3566
-1.87038,-0.570389,10.3708
-1.46571,-0.865555,10.397
-1.17531,-0.906021,10.1899
-1.08485,-0.975052,10.2566
-1.09676,-1.03456,10.4494
-1.1158,-1.0298,10.3732
-1.21101,-1.05598,10.3756
-1.30147,-1.05122,10.2875
-1.34908,-0.989334,10.2637
-1.23006,-0.894119,10.3613
-0.915848,-0.970291,10.5494
-0.615921,-1.07741,10.4589
-0.399307,-0.872696,10.4351
-0.239822,-0.884598,10.3256
-0.323135,-0.910782,10.3399
-0.477859,-0.846512,10.3375
-0.54689,-0.829849,10.5446
-0.361221,-0.8965,10.8493
-0.0113068,-0.96553,10.9826
0.114853,-0.96315,10.9302
0.205307,-0.813187,10.8779
0.210068,-0.748917,10.835
0.181503,-0.591812,10.9136
0.319565,-0.537064,11.1135
0.460007,-0.670364,11.1183
0.395737,-0.667984,11.1944
0.257675,-0.634659,11.173
0.260056,-0.756058,11.3587
0.467148,-0.806046,11.461
0.426682,-0.732254,11.2992
0.307663,-0.744156,11.2635
0.233871,-0.667984,11.073
0.141037,-0.725113,10.9802
0.200546,-0.8965,11.0088
0.22197,-0.977432,10.9873
0.129135,-0.948868,10.7969
-0.00178528,-0.801285,10.7469
-0.0970001,-0.791763,10.5922
-0.142227,-0.829849,10.4375
-0.118423,-0.825089,10.2851
-0.0684357,-0.863174,10.2375
0.0220184,-0.90126,10.1614
0.0696259,-0.820328,9.92571
0.126755,-0.791763,9.89
0.112473,-0.784622,9.90428
0.0315399,-0.722733,9.73766
0.0148773,-0.687027,9.7805
0.0672455,-0.867935,9.60912
0.0315399,-0.915543,9.42345
-0.0374908,-0.841751,9.53532
0.0886688,-0.717972,9.63292
0.212448,-0.810806,9.72337
0.293381,-0.944107,9.60435
0.336227,-0.913162,9.64006
0.379074,-0.83699,9.7924
0.395737,-0.920303,9.75432
0.421921,-0.917923,9.7686
0.471909,-0.913162,9.80193
0.405258,-0.90126,9.85905
0.379074,-0.951248,9.82573
0.381454,-1.09883,9.79002
0.400497,-1.13692,9.70909
0.383835,-1.03456,9.74956
0.47905,-0.934586,9.99235
0.576645,-0.844131,9.97569
0.502853,-0.96077,10.0114
0.54332,-0.877457,9.98521
0.493332,-0.83699,9.95189
0.426682,-0.925064,9.96141
0.502853,-1.0536,9.97807
0.505234,-1.02742,9.9138
0.507614,-1.00838,9.84239
0.502853,-1.01076,9.81145
0.476669,-0.994095,9.85429
0.521896,-0.939346,9.9876
0.593307,-1.00362,9.91142
0.621872,-1.12978,9.81145
0.536179,-1.12025,9.78764
0.555222,-1.12263,9.77098
0.557602,-1.21785,9.81145
0.600449,-1.26308,9.75908
0.588547,-1.16786,9.80669
0.538559,-0.982193,9.86858
0.476669,-0.90126,9.93761
0.569504,-0.886978,9.93999
0.655197,-1.01552,10.04
0.679001,-0.996475,10.0304
0.521896,-1.08931,10.0019
0.524277,-0.972672,9.94475
0.538559,-1.08693,9.90428
0.550461,-1.15358,9.95903
0.502853,-1.20119,9.89
0.490952,-1.16072,9.84715
0.443344,-1.11311,9.93999
0.498093,-1.1631,10.04
0.462387,-1.09169,9.98521
0.533798,-1.08931,9.97807
0.495712,-1.10835,9.98997
0.529038,-1.08217,9.97331
0.490952,-1.13692,9.92571
0.538559,-1.20119,9.97331
0.574264,-1.14406,9.96379
0.460007,-1.04884,9.89476
0.41954,-0.979813,9.93047
0.464767,-0.956009,9.89
0.452866,-0.886978,9.86382
0.395737,-0.789383,9.89238
0.41716,-0.822708,9.87572
0.388596,-0.982193,9.7567
0.464767,-1.13216,9.80907
0.440964,-1.12263,9.82097
0.436203,-1.1512,9.87334
0.398117,-1.08693,9.7805
0.343369,-1.03932,9.82097
0.400497,-1.13692,9.81383
0.360031,-1.12502,9.83525
0.455246,-1.0536,9.84953
0.393356,-0.958389,9.82335
0.374313,-1.02028,9.79478
0.410019,-1.06075,9.83287
0.395737,-1.13216,9.76146
0.445725,-1.15596,9.74956
0.410019,-1.17262,9.81145
0.48381,-1.20833,9.76622
0.474289,-1.27022,9.77098
0.440964,-1.20119,9.84001
0.448105,-1.18929,9.82573
0.467148,-1.15358,9.85191
0.381454,-1.1393,9.84715
0.338608,-1.17738,9.79478
0.283859,-1.16786,9.81621
0.35527,-1.08217,9.82811
0.307663,-1.02742,9.82811
0.390976,-1.04646,9.88762
0.383835,-1.19167,9.81621
0.343369,-1.17738,9.85191
0.360031,-1.10835,9.84715
0.405258,-1.09883,9.93047
0.371933,-1.05598,9.98521
0.381454,-1.12502,9.96855
0.388596,-1.20595,9.95189
0.412399,-1.25594,9.99235
0.314804,-1.14882,9.9138
0.390976,-1.03932,9.99235
0.35289,-1.11311,9.9138
0.310043,-1.21071,9.78526
0.331467,-1.19405,9.7924
0.248154,-1.12025,9.74004
0.1577,-1.0536,9.79478
0.262436,-1.17738,9.74718
0.243393,-1.31783,9.76384
0.307663,-1.35829,9.80193
0.390976,-1.32973,9.79955
0.300522,-1.24403,9.7805
0.329086,-1.23213,9.85667
0.283859,-1.1869,9.84239
0.336227,-1.30354,9.82811
0.326706,-1.29164,9.83287
0.300522,-1.09407,9.99474
0.345749,-1.03932,10.0162
0.362411,-1.12978,9.92571
0.35289,-1.20357,9.92808
0.35527,-1.16786,9.90666
0.319565,-1.12263,9.97331
0.302902,-1.07503,9.91618
0.302902,-1.11311,9.87096
0.214828,-1.06313,9.89952
0.148178,-1.12502,9.88048
0.167221,-1.30592,9.95903
0.200546,-1.37733,9.81621
0.141037,-1.25117,9.87096
0.141037,-1.18929,9.86858
0.0743866,-1.09169,9.7924
0.152939,-1.06551,9.8781
0.155319,-1.03218,9.87572
0.231491,-1.05122,9.82097
0.271957,-1.14644,9.81145
0.333847,-1.20119,9.83525
0.257675,-1.17738,9.81145
0.248154,-1.1274,9.84953
0.245773,-1.08455,9.88524
0.312424,-1.07265,9.89714
0.35289,-1.06551,9.95903
0.383835,-1.07503,9.99235
0.348129,-1.06313,9.89952
0.324326,-1.18214,9.89714
0.281479,-1.23213,9.8662
0.267197,-1.32973,9.83049
0.248154,-1.22499,9.85905
0.243393,-1.15834,9.83763
0.202927,-1.1631,9.86858
0.164841,-1.14406,9.82097
0.22197,-1.20357,9.86144
0.202927,-1.13692,9.88762
0.110092,-1.10597,9.82335
0.16008,-1.10597,9.86382
0.279099,-1.31068,9.87096
0.231491,-1.27498,9.84001
0.207687,-1.13216,9.92094
0.231491,-1.07027,9.97331
0.200546,-1.04646,9.89
0.191025,-1.04884,9.89952
0.186264,-1.09645,9.90666
0.191025,-1.11787,9.94475
0.202927,-1.21309,9.86382
0.245773,-1.28926,9.80669
0.214828,-1.26308,9.79478
0.217209,-1.1869,9.84239
0.183884,-1.17738,9.8781
0.241013,-1.17024,9.92333
0.210068,-1.10121,9.93761
0.217209,-1.08931,9.9019
0.212448,-1.14644,9.99474
0.243393,-1.19881,9.88762
0.241013,-1.23689,9.88048
0.241013,-1.23689,9.81145
0.198166,-1.23451,9.89238
0.236252,-1.26308,9.85905
0.236252,-1.21071,9.80669
0.212448,-1.11787,9.85429
0.22435,-1.08217,9.88286
0.186264,-1.04884,9.83287
0.124374,-0.946487,9.75432
0.110092,-1.04884,9.74242
0.124374,-1.10121,9.76146
0.1577,-1.09883,9.7686
0.210068,-1.17976,9.77574
0.207687,-1.15596,9.80193
0.186264,-1.13216,9.81621
0.145798,-1.08931,9.89476
0.126755,-1.08931,9.91142
0.131516,-1.09883,9.87334
0.219589,-1.16548,9.93047
0.200546,-1.1631,9.84477
0.188644,-1.13216,9.86858
0.167221,-0.996475,9.89952
0.167221,-1.07741,9.88048
0.219589,-1.1274,9.81859
0.202927,-1.16548,9.86858
0.191025,-1.22023,9.91618
0.152939,-1.21547,9.82811
0.16246,-1.19643,9.87096
0.200546,-1.21547,9.82811
0.169601,-1.13454,9.85667
0.152939,-1.15834,9.84239
0.1577,-1.09883,9.82573
0.148178,-1.11787,9.91142
0.143417,-1.17024,9.89714
0.0910492,-1.11073,9.82811
0.0981903,-1.04646,9.82097
0.107712,-1.03456,9.82573
0.110092,-1.08693,9.82573
0.183884,-1.15358,9.78764
0.200546,-1.18214,9.81145
0.200546,-1.19405,9.82335
0.191025,-1.24879,9.81145
0.164841,-1.18214,9.7805
0.102951,-1.13216,9.82097
0.0839081,-1.08931,9.89714
0.0696259,-1.11549,9.89238
0.102951,-1.17738,9.78764
0.100571,-1.2964,9.81383
0.117233,-1.21309,9.91856
0.102951,-1.15596,9.96141
0.117233,-1.06313,10.0019
0.117233,-1.07741,9.93285
0.0862885,-1.05598,9.89714
0.0791473,-1.18452,9.84239
0.124374,-1.27736,9.9138
0.0434418,-1.33449,9.92094
0.0815277,-1.26308,9.85905
0.0958099,-1.20833,9.97331
0.145798,-1.1869,9.89
0.164841,-1.14168,9.91618
0.174362,-1.1631,9.93761
0.0934296,-1.05598,9.94951
0.0410614,-0.994095,9.90904
0.0291595,-1.06075,9.87096
-0.00416565,-1.14168,9.80669
0.038681,-1.08455,9.77574
0.0624847,-1.07503,9.82811
0.102951,-1.12263,9.84953
0.129135,-1.20119,9.89476
0.100571,-1.22499,9.88048
0.112473,-1.20595,9.92094
0.155319,-1.1631,9.92808
0.148178,-1.24641,9.90666
-0.089859,-0.982193,9.95427
-0.113663,-0.929825,9.98283
-0.070816,-1.04646,9.95665
-0.0684357,-1.12263,9.94475
-0.0422516,-1.20595,9.95903
-0.0517731,-1.2726,9.82335
-0.106522,-1.33211,9.7448
-0.101761,-1.3083,9.80193
-0.156509,-1.25117,9.81859
-0.156509,-1.17738,9.83763
6.9489,-0.917923,8.90215
6.97746,-0.884598,8.87358
2.63329,-0.701309,7.72386
2.69756,-0.848892,7.60484
2.93797,-1.0298,7.59294
3.33549,-0.986954,7.72386
3.84013,-1.1869,7.98094
4.24718,-1.31544,8.1928
4.46379,-1.27022,8.09044
4.73277,-1.34401,8.17375
9.67918,0.117538,4.64842
9.70537,0.00328064,4.85075
9.61729,-0.118118,4.91026
9.653,-0.444229,5.07689
9.64824,-0.615616,5.08641
9.62444,-0.610855,5.14354
9.62682,-0.453751,5.26018
9.54826,-0.318069,5.61009
9.57207,-0.377579,5.71959
9.55541,-0.51564,5.81242
-1.10152,-1.14168,8.03569
-1.11818,-1.175,8.15947
-1.13008,-1.16548,8.08092
-1.19673,-1.18452,8.44273
-1.08485,-1.1869,8.42131
-1.10866,-1.22261,8.65221
-1.08247,-1.24403,8.65697
-1.28957,-1.11311,8.55937
-1.47762,-1.0298,8.62364
-1.58949,-0.970291,8.7736
-0.989639,-1.42256,10.1185
-0.958694,-1.4059,10.1066
-0.951553,-1.43922,10.0566
-0.999161,-1.41542,9.9876
-1.08009,-1.38448,10.0638
-1.11104,-1.2964,10.0447
-1.08723,-1.31306,10.1161
-1.12294,-1.32259,10.1756
-1.09914,-1.40352,10.0542
-1.20863,-1.53206,10.0328
-1.25148,-1.51064,9.78288
-1.25624,-1.41066,9.64006
-1.30861,-1.27498,9.64244
-1.31099,-1.25594,9.64482
-1.22054,-1.34401,9.66624
-1.1277,-1.36781,9.68053
-1.17055,-1.41542,9.80193
-1.11104,-1.58443,9.84001
-1.09438,-1.65822,9.97569
-1.05629,-1.71297,10.0209
-1.0182,-1.76534,10.0733
-1.02058,-1.6606,9.87572
-1.0063,-1.59395,9.86144
-1.08247,-1.42256,9.82573
-1.06105,-1.394,9.86144
-1.06343,-1.41304,9.89
-1.06819,-1.4297,9.85429
-1.1396,-1.55348,9.88048
-1.09438,-1.59871,9.90666
-1.08723,-1.65108,9.90904
-1.02058,-1.41304,9.83049
-1.05391,-1.3821,9.74956
-1.13722,-1.36067,9.62578
-1.15388,-1.32259,9.69481
-1.07057,-1.35353,9.75432
-1.05391,-1.31068,9.65434
-0.982498,-1.27974,9.80193
-0.956314,-1.31544,9.80669
-0.925369,-1.394,9.82811
-0.968216,-1.4416,9.84239
-0.93013,-1.49873,9.95427
-0.956314,-1.54634,9.87572
-0.949173,-1.5511,9.95427
-0.989639,-1.43446,9.92333
-0.963455,-1.40352,9.88524
-0.99678,-1.33211,9.91856
-1.00154,-1.24641,9.90666
-0.956314,-1.32735,9.87334
-0.99678,-1.38924,9.85905
-1.04677,-1.33925,9.81145
-1.03487,-1.33925,9.88048
-1.07057,-1.36067,9.76622
-1.00392,-1.48683,9.77098
-0.99202,-1.46065,9.64244
-1.01106,-1.31068,9.72575
-1.09676,-1.25117,9.64006
-1.05153,-1.38686,9.7448
-1.03249,-1.37257,9.76384
-1.06343,-1.36543,9.82573
-1.09914,-1.39162,9.8662
-1.05153,-1.52492,9.86382
-1.01106,-1.52254,9.86144
-1.05867,-1.51064,9.83049
-1.02058,-1.50825,9.75194
-1.01106,-1.49873,9.76622
-1.0063,-1.4059,9.78764
-0.9944,-1.36305,9.81621
-1.03487,-1.41066,9.71861
-0.99202,-1.45589,9.80907
-1.00154,-1.49159,9.8662
-1.05867,-1.45589,9.81621
-1.00154,-1.54158,9.86144
-1.0063,-1.43684,9.84001
-0.987259,-1.33211,9.89476
-1.03249,-1.31068,9.95665
-1.0063,-1.32021,9.91142
-1.02534,-1.41542,9.84239
-1.01344,-1.49159,9.72099
-1.03249,-1.5154,9.75432
-1.02773,-1.52968,9.81383
-0.980118,-1.54634,9.81859
-1.03725,-1.57491,9.88524
-0.982498,-1.51302,9.83763
-1.01106,-1.51302,9.82811
-1.02773,-1.56538,9.85429
-1.02773,-1.5392,9.80193
-1.08247,-1.52254,9.83525
-1.11342,-1.5392,9.77098
-1.07771,-1.60585,9.83763
-1.11104,-1.56062,9.84953
-1.12532,-1.54158,9.88286
-1.13722,-1.52968,9.79002
-1.15865,-1.49397,9.8781
-1.13246,-1.49873,9.8662
-1.10152,-1.49635,9.79002
-1.1277,-1.5273,9.80193
-1.08009,-1.40352,9.82573
-1.07771,-1.33449,9.7805
-1.09438,-1.30116,9.80431
-1.08723,-1.35829,9.74718
-1.04201,-1.48207,9.8662
-1.07533,-1.51302,9.89952
-1.07057,-1.59395,9.85905
-1.07057,-1.67488,9.80907
-1.03249,-1.50587,9.76146
-1.07057,-1.39876,9.83049
-1.04915,-1.39638,9.82811
-1.0182,-1.50111,9.80431
-1.06819,-1.5392,9.80431
-1.09676,-1.5511,9.7924
-1.16579,-1.62727,9.81145
-1.18483,-1.57967,9.86858
-1.1277,-1.52492,9.7448
-1.1515,-1.51778,9.77812
-1.15627,-1.47731,9.86144
-1.07533,-1.45589,9.80669
-1.10152,-1.41304,9.82573
-1.16341,-1.37019,9.91856
-1.09438,-1.4416,9.81859
-1.12294,-1.54634,9.81383
-1.18245,-1.52492,9.80907
-1.22292,-1.58205,9.82573
-1.21339,-1.52016,9.85191
-1.22292,-1.50349,9.84953
-1.19435,-1.60109,9.82811
-1.19673,-1.57014,9.80193
-1.25624,-1.49397,9.7924
-1.25386,-1.51778,9.75908
-1.261,-1.57252,9.84239
-1.25386,-1.57729,9.7805
-1.28719,-1.6725,9.74242
-1.28242,-1.61537,9.68767
-1.27052,-1.48445,9.65196
-1.30861,-1.47017,9.68529
-1.33717,-1.4059,9.72813
-1.27528,-1.5154,9.671
-1.2372,-1.51778,9.72337
-1.24434,-1.44875,9.7567
-1.18959,-1.54396,9.67339
-1.25386,-1.563,9.70909
-1.23244,-1.54634,9.77336
-1.30623,-1.63203,9.77574
-1.30147,-1.58681,9.73289
-1.32527,-1.50349,9.71147
-1.29433,-1.57729,9.68053
-1.28242,-1.56776,9.6591
-1.27052,-1.54872,9.6115
-1.31337,-1.50587,9.72099
-1.27052,-1.49159,9.66863
-1.25148,-1.45827,9.66386
-1.31575,-1.45827,9.7686
-1.26576,-1.50349,9.80907
-1.21339,-1.54634,9.76384
-1.25743,-1.47255,9.78169
-1.27171,-1.42375,9.80193
-1.22292,-1.50468,9.88762
-1.2253,-1.58205,9.90547
-1.23244,-1.37972,9.9388
-1.23006,-1.44279,9.95189
-1.20744,-1.47017,9.89952
-1.2491,-1.47136,9.86262
-1.24077,-1.46898,9.87334
-1.2491,-1.47374,9.81264
-1.25624,-1.41899,9.76622
-1.23482,-1.53087,9.7317
-1.3336,-1.52016,9.69957
-1.32289,-1.57967,9.61864
-1.26576,-1.53444,9.60674
-1.30861,-1.45589,9.57579
-1.25386,-1.54515,9.42702
-1.24791,-1.61061,9.36751
-1.26338,-1.64394,9.25801
-1.31099,-1.54753,9.10329
-1.3217,-1.30116,8.9081
-1.35146,-1.19524,8.54271
-1.48952,-1.00362,8.12495
-1.52522,-0.870316,7.74886
-1.33717,-0.573959,7.44893
-0.920609,-0.4478,7.30849
-0.41478,-0.607285,7.2942
0.274338,-1.05836,7.41917
0.798019,-1.39519,7.85835
1.16222,-1.71416,8.09996
1.16817,-1.42256,8.31895
1.42763,-1.42375,8.08211
1.99178,-1.31306,8.30348
2.8011,-1.51064,8.63554
3.42714,-1.99385,8.895
3.88298,-1.8058,9.089
4.4138,-2.10216,9.36156
4.87798,-2.10097,9.20564
5.01723,-1.50111,8.80574
5.37309,-0.958389,8.82716
5.46474,-0.851273,9.14018
5.8325,-1.62727,8.81407
5.95509,-1.64394,8.49629
6.03603,-1.18214,8.14995
6.57756,-1.1024,7.87263
6.95723,-1.30235,7.9619
7.5797,-1.57491,8.18922
7.85582,-1.55229,7.89525
7.83321,-1.12859,7.77623
7.72252,-0.77034,7.38228
7.58803,-0.622757,6.95143
7.49995,-0.587051,6.45274
7.44045,-0.634659,6.02666
7.71419,-0.615616,5.63985
7.97841,-0.406143,5.36134
8.07719,-0.181198,5.20067
8.27595,-0.0693207,4.94597
8.68895,-0.458511,4.59248
9.08052,-0.612045,4.3723
9.1198,-0.31926,4.19734
9.10909,0.0116119,4.02238
9.25191,0.323441,3.89265
9.40544,0.45079,3.65462
9.48518,0.213943,3.24638
9.59468,0.160385,2.8441
9.63039,0.735245,2.77507
9.80296,0.657883,2.78102
10.1374,0.0485077,2.62273
10.5183,0.149673,2.7346
10.6028,0.38414,2.7346
10.304,0.566238,2.67033
9.99934,0.475784,2.48585
9.97792,0.536484,2.45015
9.96959,0.911392,2.11928
9.81844,0.966141,2.13356
9.74583,0.855453,2.08952
9.73631,0.741196,1.96812
9.77916,0.64003,1.86458
9.78392,0.691208,1.83125
9.70775,0.869736,1.9586
9.75297,0.606705,2.10262
9.84462,0.469833,2.07762
9.90294,0.63884,2.17998
9.92793,0.617416,2.2621
9.75417,0.644791,2.13118
9.62444,0.70311,2.33946
9.64586,0.682877,2.30971
9.68751,0.618607,2.38231
9.7863,0.522202,2.48347
9.80296,0.140152,2.66914
9.847,0.403183,2.90004
9.87795,0.242508,3.06429
9.86842,0.213943,3.10832
9.7375,0.360336,3.25472
9.57088,0.365097,3.2928
9.24596,0.0282745,3.2202
9.04958,-0.096695,3.50346
9.03291,-0.0514679,3.72722
9.03886,-0.212143,3.9724
8.91865,-0.0490875,4.2021
8.90675,-0.155014,4.3723
8.83058,-0.376389,4.71983
8.7794,-0.329971,4.88408
8.66991,-0.279984,5.16139
8.57945,-0.441849,5.32088
8.5497,-0.751297,5.59343
8.42354,-0.664413,5.96953
8.32118,-0.597763,6.17424
8.17955,-0.671555,6.48131
8.10695,-0.8358,6.57652
7.93794,-0.990524,6.81337
7.73918,-1.02504,7.04665
7.52495,-0.938156,7.16805
7.30833,-0.821518,7.41203
7.14171,-1.00957,7.55009
6.81322,-1.17738,7.69411
6.43593,-0.939346,7.83455
6.13957,-1.01909,7.89049
5.83845,-0.990524,8.10948
5.66707,-1.16905,8.39989
5.34096,-1.35591,8.43797
4.78038,-1.2726,8.55104
4.60423,-1.41899,8.75099
4.44118,-1.37376,8.8474
3.95677,-1.01314,8.62959
3.23552,-0.913162,8.51057
2.72493,-1.07741,8.30348
2.48689,-1.29045,8.41298
2.22981,-1.19881,8.13805
1.80135,-0.921494,8.144
1.48476,-0.895309,8.09877
1.26338,-1.26308,8.23445
1.07057,-1.30235,8.22374
0.917038,-1.23332,8.59032
1.01225,-1.34758,8.83549
0.73613,-1.2964,8.74028
0.509995,-1.19405,8.69148
0.263626,-1.14763,8.75218
0.192215,-1.18452,8.83431
0.0470123,-1.00481,8.7867
-0.257675,-0.881027,8.7867
-0.410019,-0.778671,8.76646
-0.330276,-0.756058,8.95927
-0.125565,-1.00838,9.17351
-0.133896,-1.14287,9.26396
0.0553436,-1.14525,9.66267
0.0803375,-1.16191,9.62697
0.0101166,-1.08574,9.6353
-0.0731964,-1.33092,9.55556
-0.0981903,-1.41661,9.62102
-0.0160675,-1.21785,9.82811
0.0886688,-1.20952,9.78169
0.217209,-1.33092,9.87929
0.192215,-1.47136,9.94832
0.171982,-1.47969,10.0209
0.195786,-1.24284,10.0947
0.0755768,-1.08693,9.99712
0.0874786,-1.20238,9.93761
0.0208282,-1.35115,9.95665
0.089859,-1.40471,9.89952
0.0517731,-1.1881,9.94475
-0.0541534,-1.09764,9.91737
-0.0505829,-1.1512,9.89595
-0.0196381,-1.24284,9.82573
0.0862885,-1.53801,9.83168
0.149368,-1.36305,10.0471
0.111282,-1.34758,10.0078
0.0565338,-1.2476,9.90547
-0.0458221,-1.25117,9.71861
0.00297546,-1.43446,9.77336
0.057724,-1.36186,9.84834
-0.0184479,-1.1881,9.84239
-0.0434418,-1.21547,9.76027
-0.0541534,-1.32497,9.68767
-0.0113068,-1.28569,9.69838
0.0374908,-1.24046,9.71623
0.0327301,-1.11787,9.85548
0.0910492,-1.30473,9.86501
0.00773621,-1.45708,9.87929
0.0160675,-1.38567,9.9019
0.0470123,-1.20714,10.0007
0.0196381,-1.15715,9.97926
-0.0220184,-1.32259,9.93404
-0.0493927,-1.49159,9.88524
-0.057724,-1.2476,10.0031
-0.123184,-1.175,9.8531
-0.0731964,-1.20952,9.75908
0.0136871,-1.21309,9.8412
-0.0184479,-1.394,9.78883
0.0363007,-1.44875,9.92213
0.000595093,-1.31425,9.93999
0.0160675,-1.21666,9.81621
-0.0303497,-1.29521,9.75432
0.0172577,-1.40947,9.79955
-0.0315399,-1.38448,9.82573
-0.0541534,-1.35829,9.85786
-0.0434418,-1.25594,9.7805
-0.00654602,-1.24403,9.94356
-0.0303497,-1.32735,9.85667
-0.0363007,-1.46422,9.8781
-0.0351105,-1.33449,9.89238
-0.0720062,-1.16429,9.93047
-0.0291595,-1.20238,9.83287
-0.0993805,-1.28926,9.83763
-0.106522,-1.59395,9.81145
-0.119614,-1.43803,9.91499
-0.107712,-1.27736,9.84001
-0.0482025,-1.31068,9.83763
-0.0374908,-1.33211,9.85786
-0.0232086,-1.54753,9.8055
-0.121994,-1.38805,9.86501
-0.0696259,-1.35234,9.89
-0.0791473,-1.35353,9.86144
-0.0148773,-1.48088,9.84834
-0.0660553,-1.39638,9.86858
-0.0981903,-1.36305,9.87215
-0.0993805,-1.37733,9.87691
-0.0922394,-1.34282,9.8293
-0.0731964,-1.39519,9.84953
-0.0981903,-1.42375,9.79002
-0.025589,-1.47017,9.87215
-0.0243988,-1.44041,9.88524
-0.0303497,-1.41185,9.90428
-0.0648651,-1.27141,9.85667
-0.117233,-1.18095,9.85548
-0.144608,-1.26427,9.77336
-0.116043,-1.35115,9.81621
-0.0505829,-1.48207,9.82097
-0.0636749,-1.46541,9.85786
-0.0243988,-1.31306,9.85548
-0.0303497,-1.32021,9.92571
0.0113068,-1.39995,9.91737
-0.0434418,-1.46898,9.84715
0.0172577,-1.42018,9.86739
-0.0291595,-1.39162,9.76979
-0.105331,-1.32497,9.78526
-0.0160675,-1.46422,9.81026
-0.0267792,-1.53206,9.79598
-0.00416565,-1.3571,9.89357
-0.0327301,-1.35829,9.8781
-0.00654602,-1.45351,9.86382
0.000595093,-1.46541,9.93761
-0.0291595,-1.41661,9.83882
-0.0886688,-1.43208,9.85429
-0.0791473,-1.52135,9.77098
-0.0160675,-1.4904,9.82811
-0.0517731,-1.43208,9.78764
-0.335037,-2.74962,8.87477
-0.317184,-4.11119,8.61888
-0.116043,-5.35136,8.15114
-0.202927,-6.50346,7.59889
-0.166031,-7.13069,7.18114
-0.238632,-7.42586,6.6515
-0.296951,-8.31374,6.05046
-0.424301,-8.20305,5.93382
-0.291,-8.45894,5.02452
-0.149368,-9.2885,4.01881
-0.423111,-9.09093,-3.43056
-0.251724,-8.83504,-4.24821
-0.231491,-8.62675,-5.00398
-0.216019,-8.2816,-5.63121
-0.308853,-8.21733,-6.05254
-0.324326,-7.92812,-6.52861
-0.411209,-7.40086,-6.89995
-0.465958,-6.68199,-7.32008
-0.325516,-6.16069,-8.23415
-0.217209,-6.244,-8.66856
-0.596878,-4.19926,-9.04347
-0.646866,-4.28972,-8.84709
-0.517136,-4.28496,-8.96611
-0.339798,-4.38969,-9.15178
-0.283859,-4.48372,-9.25295
-0.358841,-4.61583,-9.24818
-0.457626,-4.97288,-9.35887
-0.376694,-5.16093,-9.44814
-0.364792,-5.17879,-9.36006
-0.401688,-5.58107,-9.26366
-0.141037,-9.22304,-1.15968
-0.202927,-9.05641,-0.198013
-0.112473,-9.98357,0.300674
-0.00297546,-10.8465,1.22664
-0.0541534,-10.1073,2.01811
0.0243988,-8.20186,3.09642
0.114853,-7.49965,4.15926
0.431442,-7.86147,5.0638
0.475479,-7.87813,5.72911
0.293381,-7.35088,6.48012
0.302902,-0.176437,9.8412
0.282669,-0.0597992,9.91142
0.317184,-0.266891,9.81621
0.28743,-0.163345,9.91975
0.28624,-0.13002,9.90547
0.298141,-0.185959,9.96022
0.28862,-0.158585,9.93999
0.305283,-0.157394,9.94832
0.299332,-0.13002,10.015
0.28743,-0.106216,9.96141
0.22197,-0.522781,9.92094
0.216019,-0.473984,9.91975
0.186264,-0.532303,9.87096
0.167221,-0.6418,9.83049
0.16246,-0.591812,9.80431
0.199356,-0.543014,9.8055
0.210068,-0.596573,9.86262
0.183884,-0.568008,9.91737
0.146988,-0.528732,9.91142
0.235062,-0.51326,9.91856
0.182693,-0.57753,9.89119
0.22673,-0.541824,9.87691
0.236252,-0.537064,9.88524
0.186264,-0.507309,9.88048
0.195786,-0.604904,9.87096
0.22554,-0.685837,9.82573
0.192215,-0.557297,9.84834
0.193405,-0.602524,9.77217
0.191025,-0.673935,9.84239
0.246964,-0.682266,9.89
0.0434418,-0.845322,9.86262
0.0910492,-0.972672,9.83525
0.0541534,-0.958389,9.90904
0.0279694,-0.928635,9.93166
0.0458221,-1.04289,9.9388
0.0839081,-1.17738,9.87929
0.0458221,-1.10478,9.92094
0.076767,-1.09883,9.94356
0.0755768,-1.09883,9.94475
0.0458221,-1.05598,9.92213
0.175552,-1.1512,9.89833
0.181503,-1.19405,9.91618
0.233871,-1.22499,9.91142
0.182693,-1.18571,9.84477
0.139847,-1.17381,9.90904
0.189835,-1.26665,9.82097
0.235062,-1.31425,9.88524
0.169601,-1.17619,9.85548
0.219589,-1.15596,9.83763
0.198166,-1.2238,9.78645
0.210068,-1.19643,9.79598
0.213638,-1.2476,9.9019
0.204117,-1.21428,9.86382
0.235062,-1.31783,9.83644
0.239822,-1.32854,9.80073
0.205307,-1.2476,9.86382
0.167221,-1.25475,9.8662
0.173172,-1.29997,9.85072
0.22554,-1.29402,9.85786
0.231491,-1.30473,9.89
-1.07176,-3.22093,-9.32198
-0.964645,-3.59941,-9.39815
-1.01701,-3.6375,-9.35887
-0.792068,-3.33757,-9.27437
-0.945602,-3.42445,-9.13988
-0.93013,-3.64464,-9.25175
-0.851578,-3.82198,-9.45409
-0.845627,-4.51585,-9.91588
-0.645676,-4.95027,-10.3455
-0.726608,-5.09785,-9.7802
-0.682571,-5.09785,-9.32674
-0.655197,-5.38707,-8.77806
-0.619492,-6.38683,-8.4341
-0.464767,-7.34969,-8.14369
-0.401688,-8.00667,-7.48195
-0.561172,-8.15306,-6.1537
-0.715897,-8.22566,-4.68263
-0.582596,-8.42561,-3.59123
-0.343369,-8.96715,-3.30559
-0.346939,-9.67174,-2.54625
1.0432,-0.936966,10.0197
1.04082,-0.754868,10.0578
1.05153,-0.929825,9.99593
1.07057,-0.988144,10.065
1.05867,-1.10478,10.04
1.14793,-1.34401,10.0197
1.11699,-1.10835,9.9388
1.32051,-0.906021,9.99117
1.51332,-0.950058,9.96379
1.50975,-1.01552,10.0209
1.38954,-0.916733,10.0197
1.30742,-0.944107,9.86501
1.26457,-0.719162,9.81621
1.18483,-0.588242,9.64482
1.23363,-0.872696,9.66029
1.45381,-1.26546,9.65553
1.46095,-1.03575,9.72694
1.37169,-1.09407,9.66981
1.32051,-1.05717,9.67458
1.16817,-1.01314,9.66148
2.27623,8.97847,-0.568161
2.13817,9.20698,-0.530075
2.34169,8.82375,-0.995438
2.27861,8.68211,-0.810959
2.39525,8.744,-0.482468
2.66185,8.69402,-0.253952
2.93678,8.381,-0.506271
2.72493,8.67497,-0.527695
2.67732,8.76543,-0.270615
2.42262,9.27007,0.0781097
2.45595,-3.39589,9.1628
2.44286,-3.08406,9.04497
2.44286,-3.12334,9.01759
2.36549,-3.06978,9.04973
2.25957,-3.00908,9.03069
2.17387,-3.16618,8.97356
2.1584,-3.15666,9.03545
2.14531,-3.10667,9.10329
2.21315,-3.08168,9.13423
2.25124,-3.0067,9.14732
2.21077,-3.06621,9.32109
2.23695,-2.98408,9.31395
2.32265,-2.96385,9.26634
2.36073,-3.00075,9.24492
2.37621,-3.18761,9.26039
2.41429,-3.17928,9.19017
2.32741,-3.11858,9.20207
2.22862,-3.03288,9.23897
2.15483,-2.94838,9.21159
2.15602,-2.99004,9.18541
2.2072,-3.04955,9.11281
2.15364,-3.0674,9.07115
2.19411,-3.11024,8.93309
2.25362,-3.11144,8.9557
2.30717,-2.9948,9.03902
2.3167,-3.03526,8.98546
2.30479,-3.02931,9.08186
2.28694,-3.02336,9.07948
2.3167,-3.10191,9.11876
2.25838,-3.1281,9.07948
2.41191,-2.98885,9.24373
2.29289,-3.08882,9.16637
2.28813,-3.1638,9.12471
2.2798,-3.19118,9.10329
2.29527,-3.18761,9.04735
2.35478,-3.12334,9.25325
2.35478,-2.98885,9.29253
2.35121,-3.04002,9.20088
2.35121,-3.16023,9.17827
2.27028,-3.13286,9.16161
2.29051,-3.12453,9.09734
2.3286,-3.1888,9.1259
2.29765,-3.21855,9.08305
2.2429,-3.18761,9.11162
2.38811,-3.16023,9.26039
2.4012,-3.11382,9.17589
2.28218,-3.1757,9.17708
2.24886,-3.2364,9.08424
2.33336,-3.17332,9.08662
2.37263,-3.16618,9.07829
2.3405,-3.12096,9.10567
2.3643,-3.13167,9.04616
2.33455,-3.21141,9.12233
2.36311,-3.19713,9.20088
2.41667,-3.10429,9.22111
2.44167,-3.10667,9.18303
2.37859,-3.21022,9.19136
2.34288,-3.29472,9.15685
2.3893,-3.22569,9.13542
2.35121,-3.09358,9.19969
2.38097,-3.12215,9.21992
2.38692,-3.23402,9.16161
2.39525,-3.23997,9.09972
2.34169,-3.21498,9.07234
2.30241,-3.21498,9.04616
2.33098,-3.24474,9.1021
2.37859,-3.13048,9.15447
2.26671,-3.11739,9.20564
2.27385,-3.12334,9.23183
2.35478,-3.08644,9.24016
1.80135,9.8842,1.3766
2.04295,9.29149,1.0136
1.72755,9.58308,0.944565
2.13817,9.36052,0.748184
2.3167,9.07606,0.414932
2.0977,9.20223,0.431595
1.88704,8.76424,0.0519257
2.11198,8.01918,-0.286087
1.92989,8.59523,-0.724075
1.46333,9.18675,-0.854996
1.92393,9.70924,-1.18825
1.82396,8.88207,-1.13826
1.80373,9.01417,-0.958542
1.58354,9.18318,-0.919266
1.93346,8.49168,-1.04781
1.85966,8.9749,-0.545547
1.74779,9.83302,-0.62291
1.98106,9.11296,-1.21086
2.19292,8.6964,-1.31441
1.65733,9.44383,-0.62767
1.49071,9.47478,-0.919266
1.85252,8.94753,-1.34416
2.11555,8.61784,-1.57268
1.82277,9.60451,-0.963303
1.86681,9.63307,-0.925217
2.14531,8.59761,-1.44176
2.15721,8.59761,-1.54768
1.90846,9.62117,-0.959732
1.92393,9.3141,-1.03352
2.07985,8.96181,-1.33345
2.05962,9.09868,-1.27513
1.87276,9.64973,-1.05257
1.90251,9.70924,-0.807388
2.11913,9.27721,-0.87999
2.36549,9.908,-0.0242462
2.27385,11.1006,0.679153
2.35121,10.1758,0.788651
2.71422,8.54048,1.11119
2.25124,10.1508,2.59178
2.11794,10.7804,3.45705
1.91679,8.26079,3.21068
2.09056,5.17345,3.5844
2.13222,5.00801,4.98286
2.28932,6.89327,5.94215
1.9644,7.02776,6.29445
1.49785,7.11226,7.47035
1.74422,5.9911,8.08687
1.99178,4.57121,7.47868
1.89418,3.54408,7.75243
2.03224,2.67406,8.56889
2.38573,2.41341,8.84978
1.92632,2.06468,8.42012
1.73589,1.35057,9.11638
2.16078,0.762619,9.73766
2.16316,0.237747,9.06282
1.98701,-0.552536,9.05568
2.25005,-1.20595,9.69362
2.54164,-0.876266,9.81621
2.10484,-0.423996,9.59245
1.96321,-0.798904,9.90904
2.231,-1.25832,9.87691
2.16554,-1.48683,9.3568
1.87157,-1.93196,9.21397
1.9763,-2.29854,9.35204
2.18221,-2.05455,9.54723
2.09175,-1.43327,9.51271
1.84538,-1.16786,9.68053
1.8192,-1.369,9.79598
2.062,-1.56657,9.88643
1.91917,-1.76414,9.40321
1.83824,-2.05812,9.39726
1.87871,-1.75581,9.63054
1.89537,-1.31306,9.60912
1.60377,-1.18214,9.59483
1.68114,-1.35829,9.66148
1.89418,-1.3821,9.65196
1.73827,-1.27022,9.67696
1.72041,-1.44518,9.69957
1.76564,-1.2964,9.80431
1.74422,-1.16667,9.71147
1.76326,-1.26427,9.6722
1.89418,-1.2476,9.84477
1.80849,-1.0298,9.77931
1.71565,-1.2726,9.55318
1.868,-1.44875,9.6115
1.93227,-1.36543,9.62102
1.82396,-1.28093,9.57936
1.75493,-1.22261,9.58174
1.87752,-1.23689,9.54842
1.86919,-1.13097,9.66386
1.83229,-1.10835,9.60792
1.67638,-1.13573,9.51152
1.49666,-1.18214,9.46391
1.52879,-1.2476,9.66029
1.73946,-1.15953,9.63768
1.81206,-1.08931,9.6841
1.81087,-1.11787,9.66981
1.81444,-1.28807,9.63292
1.79778,-1.34044,9.66148
1.74422,-1.38091,9.57817
1.71803,-1.40828,9.55556
1.75136,-1.17738,9.76384
1.81801,-0.959579,9.85786
1.81801,-0.945297,9.88167
1.83943,-1.06313,9.82454
1.81563,-1.1143,9.60674
1.77992,-1.1274,9.57936
1.75731,-1.08217,9.50438
1.86919,-0.990524,9.56627
1.80611,-1.07503,9.44725
1.75374,-1.21309,9.52461
1.88228,-1.23689,9.65791
1.868,-1.0536,9.72337
1.77516,-1.03813,9.62935
1.80968,-1.14049,9.66505
1.79778,-0.976242,9.67339
1.72874,-0.96196,9.67339
1.68828,-1.03337,9.7317
1.70256,-1.13692,9.71266
1.81682,-1.02266,9.78883
1.90608,-0.929825,9.80073
1.81801,-0.945297,9.7079
1.81682,-1.03575,9.68886
1.82039,-1.02742,9.7317
1.78587,-1.02861,9.64125
1.77159,-1.07384,9.65077
1.83467,-1.12025,9.6353
1.88466,-1.02266,9.7198
1.89418,-1.02385,9.76622
1.93227,-1.12383,9.75075
1.90846,-1.04289,9.69005
1.86324,-1.09526,9.61983
1.71565,-1.08574,9.57698
1.7347,-0.921494,9.67696
1.74779,-0.841751,9.65196
1.7585,-1.04289,9.59602
1.8192,-1.0298,9.65196
1.82634,-0.90007,9.66148
1.76564,-0.886978,9.69243
1.7585,-1.05598,9.5508
1.9156,-1.05836,9.54723
1.96797,-0.936966,9.63887
1.86443,-0.875076,9.62816
1.80849,-1.07384,9.57222
1.80849,-1.05717,9.59483
1.74779,-0.979813,9.63887
1.84062,-0.926254,9.69362
1.87395,-0.877457,9.72694
1.77159,-0.796524,9.74837
1.76564,-0.927444,9.72099
1.82634,-1.02266,9.70076
1.8799,-0.977432,9.74599
1.86086,-0.975052,9.68648
1.85014,-1.00124,9.73052
1.85966,-0.916733,9.78764
1.83824,-0.967911,9.73289
1.7942,-0.985764,9.68529
1.83348,-0.952438,9.6234
1.84062,-0.856033,9.68648
1.77397,-0.869125,9.63649
1.76207,-0.863174,9.57341
1.77754,-0.873886,9.62578
1.7942,-0.789383,9.55318
1.77992,-0.861984,9.53532
1.7942,-0.804855,9.66505
1.69542,-0.715591,9.6722
1.59663,-0.76796,9.671
1.67995,-0.83699,9.64482
1.80611,-0.662033,9.71028
1.7466,-0.606094,9.64958
1.57045,-0.782242,9.62697
1.62163,-0.852463,9.64363
1.72398,-0.866745,9.60317
1.81444,-0.967911,9.50557
1.73351,-0.83223,9.55675
1.76088,-0.945297,9.47343
1.73946,-1.04051,9.35442
1.79301,-1.13216,9.10924
1.79778,-1.37852,8.89857
1.78944,-1.75224,8.64269
1.68233,-2.01408,8.50581
1.61092,-2.11406,8.48201
1.91084,-2.56157,8.42964
1.97987,-2.4735,8.58318
2.11794,-2.54134,8.701
2.25481,-2.87221,8.59389
2.57378,-3.12334,8.71053
2.68089,-2.91743,9.13066
2.86061,-2.89244,8.93547
3.04152,-3.46611,8.52843
3.2748,-3.66249,9.16875
3.26646,-2.80556,9.67934
3.43785,-2.24379,9.69719
3.91988,-2.36519,10.497
3.91869,-1.52373,11.3408
4.02342,-0.820328,11.4527
4.36858,-0.884598,11.8324
4.51854,-0.506119,12.5655
4.54234,0.290115,12.8702
4.60423,0.823318,13.1594
4.58995,1.13515,13.1011
4.43404,1.26964,12.9274
4.29835,1.19704,12.4679
4.15791,1.07564,12.2478
4.04127,1.66121,12.199
3.68065,2.08372,11.78
3.20695,1.92543,11.3075
2.98677,1.39104,10.7124
2.89751,1.11848,10.5184
2.85942,1.3351,10.566
2.52617,1.99089,10.322
1.97511,2.30034,10.1102
1.75969,1.99803,9.9269
1.66924,1.6981,9.76622
1.56212,1.68501,9.73527
1.28481,1.74333,9.31633
0.880142,1.74452,9.1497
0.554031,1.63264,9.02235
0.337418,1.5041,8.64745
-0.000595093,1.5041,8.31538
-0.348129,1.71358,8.11305
-0.60759,1.81355,8.31776
-1.12056,1.73262,8.06663
-1.46452,1.63979,7.86549
-1.51808,1.64098,7.72386
-1.83586,1.45293,7.31682
-2.08223,1.26845,7.26088
-1.98106,1.04707,7.27873
-2.11436,1.05064,7.15138
-2.26909,0.76738,6.8336
-2.35002,0.0925446,6.70982
-2.39763,-0.379959,6.45988
-2.57973,-0.312119,6.60152
-2.86299,0.0389862,6.73363
-3.11531,-0.120499,6.72768
-2.8737,-0.501358,7.01689
-2.50475,-0.839371,6.96095
-2.82729,-0.994095,6.74672
-3.22243,-1.37614,6.92049
-2.65709,-1.86174,7.36681
-2.24052,-2.34258,7.12044
-2.79515,-2.6068,6.89073
-3.14864,-3.16856,7.15257
-2.33574,-3.5768,7.95952
-1.75136,-3.18642,8.07735
-2.20482,-2.73534,8.27016
-1.87395,-3.24593,8.68434
-1.42168,-3.70534,9.06877
-1.46809,-3.59584,9.05806
-1.30861,-3.31853,9.33418
-1.22411,-3.18285,9.47939
-1.66447,-3.17213,9.53294
-1.4062,-3.40184,9.96498
-0.67662,-3.3947,10.2375
-0.205307,-3.20427,10.2601
-0.748032,-3.17213,10.3018
-0.787308,-3.43517,10.5184
-0.141037,-3.94933,10.3577
0.260056,-4.37065,10.1435
0.360031,-4.07191,10.5267
0.260056,-2.83055,11.3027
0.22435,-2.37233,11.611
0.392166,-2.90553,11.273
0.875381,-3.28044,11.0778
1.26814,-3.42921,10.7743
1.17412,-2.73415,10.6993
1.15031,-1.92125,10.8493
1.26933,-1.95934,10.6696
1.17412,-1.96529,10.5053
1.35027,-2.16286,10.1483
1.49547,-1.97838,10.1756
1.3217,-1.17857,10.6208
1.31218,-0.493027,11.0254
1.55022,-0.493027,11.0254
1.86443,-0.848892,10.7814
2.1346,-0.866745,10.7446
2.07985,-0.460892,10.7077
1.90727,-0.395432,10.791
2.03343,-0.538254,10.5803
2.01796,-0.462082,10.2768
1.72517,-0.490646,10.1161
1.45857,-0.533493,9.94832
1.52998,-0.181198,10.1435
1.62877,0.248459,10.234
1.64781,0.142532,10.0864
1.5883,-0.0978851,10.1245
1.67638,-0.562057,9.93642
1.70494,-1.07741,9.59126
1.74422,-1.17857,9.52342
1.56212,-0.784622,9.79836
1.43239,-0.601334,9.90428
1.39906,-0.917923,9.76503
1.5407,-1.23451,9.55318
1.51094,-1.08812,9.58293
1.455,-1.13454,9.59959
1.40025,-1.08693,9.64601
1.42168,-1.22142,9.54961
1.48,-1.46541,9.52461
1.38597,-1.25713,9.6115
1.42882,-1.15001,9.72694
1.46333,-1.2238,9.73527
1.43953,-1.37138,9.66743
1.42882,-1.45351,9.76146
1.49785,-1.3083,9.74837
1.52998,-1.15477,9.88524
1.44786,-1.04765,9.87453
1.32884,-1.25117,9.76146
1.47643,-1.48564,9.73409
1.65257,-1.36662,9.76146
1.60139,-1.17262,9.7924
1.42168,-1.14406,9.77931
1.40144,-1.17143,9.70552
1.45262,-1.22975,9.69838
1.43239,-1.17976,9.59007
1.3336,-1.2357,9.59364
1.41216,-1.23332,9.6115
1.39906,-0.96196,9.73527
1.33598,-0.971481,9.7567
1.35027,-1.04646,9.70314
1.37883,-1.15715,9.68053
1.47166,-1.19048,9.74837
1.45619,-1.03932,9.82216
1.38597,-1.0298,9.84477
1.45976,-1.17857,9.82216
1.5764,-1.22618,9.69957
1.51808,-1.29402,9.62459
1.39906,-1.24284,9.68886
1.38716,-1.10835,9.81502
1.40144,-1.03218,9.84001
1.47762,-1.01671,9.79836
1.42049,-0.979813,9.68648
1.4193,-1.11073,9.69124
1.48357,-1.12502,9.65077
1.39787,-1.06789,9.66624
1.29076,-1.14882,9.69362
1.32527,-1.1393,9.7317
1.3943,-0.842941,9.95903
1.42644,-0.856033,9.9626
1.44072,-0.96434,9.87691
1.49904,-1.12859,9.78764
1.53593,-1.16786,9.71028
1.34312,-1.04289,9.63887
1.26814,-1.05956,9.64958
1.30861,-1.09169,9.60912
1.35741,-1.05836,9.60197
1.34312,-1.00124,9.6472
1.30385,-0.96434,9.70909
1.35146,-0.994095,9.70552
1.42168,-0.96434,9.65791
1.3336,-1.0417,9.68648
1.27885,-1.10478,9.63768
1.36217,-1.07384,9.72932
1.40501,-1.0536,9.76503
1.42644,-1.06432,9.69719
1.39549,-1.24046,9.77336
1.47643,-1.24641,9.81145
1.41573,-0.969101,9.84477
1.34193,-0.911972,9.85429
1.28123,-1.03813,9.77812
1.3943,-1.0786,9.81026
1.50142,-0.994095,9.79955
1.37883,-0.967911,9.70671
1.31813,-1.01552,9.73052
1.41216,-0.975052,9.74242
1.40501,-0.935776,9.71147
1.35146,-1.03456,9.60197
1.28004,-1.05241,9.63173
1.39668,-1.02266,9.69838
1.38716,-0.951248,9.74718
1.36217,-1.03932,9.72575
1.41216,-1.1024,9.68648
1.41097,-1.03099,9.77336
1.34312,-1.03099,9.70909
1.38954,-1.0667,9.82216
1.43596,-1.00124,9.81145
1.36574,-0.938156,9.84239
1.27409,-1.00243,9.77217
1.27171,-1.06194,9.8055
1.34431,-0.916733,9.82811
1.41216,-0.797714,9.91618
1.31218,-0.879837,9.82216
1.23601,-1.13216,9.70314
1.27647,-1.17976,9.68172
1.36217,-1.03575,9.69005
1.30623,-1.0536,9.70195
1.25624,-1.07979,9.72694
1.25743,-1.05241,9.82573
1.25386,-1.01433,9.78764
1.24077,-1.01314,9.80193
1.20863,-0.976242,9.69243
1.22292,-0.973862,9.73409
1.23839,-0.911972,9.76384
1.2491,-0.982193,9.65672
1.22887,-1.11668,9.61745
1.21458,-0.953629,9.64839
1.19673,-0.856033,9.76979
1.26576,-0.894119,9.79002
1.26933,-0.998856,9.77455
1.2729,-1.03813,9.81145
1.33122,-0.875076,9.97331
1.35146,-0.861984,9.99712
1.37764,-0.935776,9.92333
1.3705,-0.875076,9.90428
1.36812,-0.923874,9.84715
1.30623,-1.01076,9.7686
1.35741,-0.957199,9.80907
1.4431,-0.744156,9.90785
1.45262,-0.679886,9.83644
1.34908,-0.738205,9.72813
1.34193,-0.783432,9.60078
1.31456,-0.77272,9.5139
1.25981,-0.606094,9.51866
1.19078,-0.623947,9.39964
1.1396,-0.760818,9.33061
1.12889,-0.787003,9.36275
1.16579,-0.791763,9.30205
1.2253,-0.988144,9.39488
1.1158,-0.970291,9.36156
0.978928,-1.23094,9.31871
1.09914,-1.41899,9.21516
1.2003,-1.66536,9.15447
1.286,-1.98314,9.0771
1.33479,-2.26521,9.16637
1.36931,-2.52824,9.13304
1.46928,-3.40541,8.85811
1.53236,-4.04454,8.8712
1.58711,-3.63155,9.16161
1.6252,-3.29353,9.40321
1.82277,-3.04955,9.53532
1.93941,-2.73296,9.81502
2.10365,-2.34377,10.1994
2.38216,-2.04265,10.4089
2.35716,-2.08788,10.4339
2.46785,-2.44255,10.9017
2.89513,-1.76891,11.6598
3.17363,-1.61418,11.5598
3.49974,-2.18785,11.5087
3.7104,-2.20332,11.8895
3.78181,-1.99623,11.8371
3.76396,-2.0974,11.5455
3.86751,-1.41899,12.1847
3.84132,-0.103836,12.9476
3.63423,0.716202,12.7167
3.42357,0.501968,12.5548
3.48784,0.284164,12.2989
3.15221,0.137772,11.711
2.93797,-0.0705109,11.4634
3.18196,0.361526,11.486
2.84871,0.976852,11.1992
2.40953,1.1899,11.0052
2.38216,0.980423,10.835
2.50475,0.7043,10.6505
2.256,0.847122,10.4732
1.96797,1.28273,10.2804
1.62996,1.42317,10.0816
1.50499,1.29582,9.96141
0.974167,1.37556,9.46867
0.164841,1.50291,9.21874
-0.293381,1.32201,9.16042
-0.245773,1.32796,9.14375
-0.361221,1.80165,8.8712
-0.999161,2.02065,8.50343
-1.42287,1.75047,8.41893
-1.35979,1.34581,8.32133
-1.44072,1.01018,7.93095
-1.86205,1.12086,7.71315
-2.16197,1.50529,7.65483
-2.3167,1.66597,7.55962
-2.3167,1.41722,7.3549
-2.59877,0.789993,6.85265
-2.80229,0.162766,6.66698
-2.9951,0.000900269,6.64793
-3.48427,0.250839,6.65388
-3.27361,0.263931,7.0407
-3.41524,-0.0240936,7.11092
-3.48903,-0.4478,7.2216
-3.24266,-0.504929,7.14543
-3.4807,-0.589432,6.98238
-3.88179,-0.679886,6.93834
-3.8925,-0.604904,7.07759
-3.95677,-0.659653,7.21922
-3.89012,-1.16072,7.11092
-3.77586,-1.40352,7.19899
-3.5771,-1.56538,7.14305
-3.69731,-1.87602,7.20375
-3.58186,-2.08192,7.47392
-3.20695,-2.17595,7.59413
-3.5533,-2.2188,7.62746
-3.03676,-2.12239,7.79765
-3.09865,-2.03908,7.70958
-3.8437,-2.46873,7.57271
-3.47237,-2.78532,8.13924
-2.56187,-2.83055,8.38799
-2.92726,-2.74605,8.36894
-3.26408,-2.2914,8.8105
-3.15102,-2.2664,9.26515
-2.70232,-2.71034,9.25563
-1.95369,-3.53276,9.21635
-1.51451,-3.84697,9.59483
-2.36668,-2.53539,10.2471
-2.42738,-2.18428,10.4065
-1.89656,-3.09239,10.0316
-1.64543,-3.4911,9.87691
-1.4431,-3.56371,10.0507
-1.31694,-3.19951,10.1376
-1.30623,-2.79485,10.0602
-1.06224,-2.51872,10.1673
-1.22768,-2.27354,10.3732
-1.21696,-1.96767,10.6446
-1.14317,-2.20927,10.3482
-0.833725,-2.48659,10.2673
-0.638535,-1.77129,10.8112
-0.60997,-0.792953,11.0659
-0.431442,-1.15715,10.7136
-0.444534,-1.85817,10.4768
-0.615921,-1.61894,10.8517
-0.28862,-1.30592,11.2908
0.137466,-1.23213,11.2849
0.477859,-1.29283,11.4301
0.438583,-1.5273,11.5479
0.268387,0.182999,10.1661
0.345749,-0.250229,10.0578
0.356461,-0.598953,10.0054
0.258865,-0.51088,10.1721
0.507614,-0.740585,10.1578
0.533798,-0.863174,10.1578
0.504044,-1.05122,10.084
0.537369,-1.35829,9.95903
0.629013,-1.55467,9.87334
0.452866,-1.07027,9.93642
0.244583,-1.16191,9.82454
0.198166,-1.61299,9.4294
0.329086,-1.84984,9.38536
0.201736,-1.70583,9.39845
0.146988,-1.43208,9.60197
0.249344,-1.30949,9.72932
0.0815277,-1.38329,9.74599
0.0803375,-1.7094,9.671
0.152939,-1.75819,9.70552
0.208878,-1.36543,9.95189
0.142227,-1.2964,10.1507
0.138657,-1.44279,10.0983
0.120804,-1.68321,10.0185
0.273148,-2.09026,9.96022
0.268387,-1.93315,10.0162
0.101761,-1.65822,10.0602
-0.102951,-1.66298,9.92571
-0.243393,-1.79033,9.85905
-0.344559,-1.81056,9.77931
-0.277908,-1.72606,9.87215
-0.370743,-1.68678,9.88643
-0.429062,-1.757,9.89952
-0.295761,-1.78557,9.91975
-0.22554,-1.9641,9.78883
-0.333847,-1.90221,9.91737
-0.283859,-1.84151,10.0209
-0.0493927,-2.04503,9.96736
-0.0648651,-2.03551,9.85786
-0.405258,-1.74748,9.78764
-0.594498,-1.82008,9.43892
-0.573074,-1.95696,9.42464
-0.518326,-2.07716,9.21874
-0.519516,-2.05812,9.21754
-0.564743,-1.79747,9.42107
-0.770645,-1.67845,9.59483
-0.576645,-1.92958,9.89
-0.356461,-2.10335,9.89476
-0.230301,-1.87126,9.83168
-0.280289,-1.64513,10.0911
-0.326706,-1.48445,10.0888
-0.271957,-1.56062,9.91737
-0.0196381,-1.59157,9.7686
0.0755768,-1.56181,9.69243
0.126755,-1.62489,9.69243
0.216019,-1.79271,9.74956
0.220779,-1.66179,9.83763
0.0351105,-1.67488,9.94594
0.137466,-1.91768,9.71504
-0.0220184,-1.83675,9.60554
-0.0791473,-1.97124,9.60197
-0.0458221,-1.93077,9.68886
0.130325,-1.77962,9.77455
-0.0648651,-1.51302,9.54723
-0.0672455,-1.62489,9.53294
0.0720062,-1.84032,9.72099
0.0791473,-1.83199,9.6841
-0.0113068,-1.76295,9.61269
-0.0981903,-1.59157,9.61388
-0.164841,-1.61418,9.5865
-0.0993805,-1.73201,9.63768
-0.00178528,-1.81889,9.78169
0.00297546,-1.78081,10.0376
-0.102951,-1.75938,10.0971
-0.057724,-1.99266,10.159
-0.0482025,-2.01051,9.98283
0.0339203,-1.90697,9.88762
0.112473,-1.85341,10.078
-0.0136871,-1.88673,10.1471
0.0410614,-1.63799,10.1471
0.216019,-1.57372,9.92333
0.35527,-1.55586,10.0804
0.431442,-1.63441,10.0435
0.375504,-1.52135,10.1352
0.339798,-1.43446,10.1637
0.208878,-1.51302,10.2768
0.133896,-1.57252,10.2221
0.174362,-1.44756,10.2078
0.144608,-1.27736,10.1887
0.0839081,-1.28569,10.1637
0.0743866,-1.39162,10.0531
0.150558,-1.48445,10.0126
0.138657,-1.49873,9.94832
0.202927,-1.4666,9.91142
0.211258,-1.55705,10.0066
0.275528,-1.60704,9.84358
0.243393,-1.7213,9.69362
0.168411,-1.70107,9.68529
0.163651,-1.55943,9.73052
0.325516,-1.65941,9.72694
0.377884,-1.70345,9.76027
