1.02415,0.0580292,10.0566
1.00749,0.115158,10.0757
1.0789,0.0675507,10.1161
1.03844,0.117538,10.0947
0.967026,0.136581,10.078
1.00273,0.0818329,10.0471
0.952744,0.069931,10.0566
0.978928,0.0270844,10.0114
1.02177,0.108017,10.0423
0.990829,0.0818329,9.95903
1.00511,0.0961151,9.81621
0.92894,0.141342,9.78764
0.950363,0.0770721,9.78526
0.955124,0.0627899,9.74004
0.93132,0.0675507,9.70433
0.952744,0.196091,9.57579
1.0789,0.0104218,9.64958
1.02892,0.0199432,9.61864
0.99559,0.0675507,9.7567
1.11461,-0.039566,9.83049
1.00511,0.169907,9.95903
1.10747,0.131821,10.0304
1.18126,0.179428,10.128
1.2979,0.274643,10.1304
1.33598,0.298447,10.0281
1.26695,0.312729,9.94951
1.15031,0.298447,9.79716
1.08604,0.224655,9.89238
1.10509,0.0175629,9.90904
1.2122,-0.12764,9.97807
1.15508,-0.253799,9.98521
1.20506,-0.222855,9.93285
1.21696,-0.0657501,9.84001
1.14793,0.0342255,9.79955
1.12889,0.0961151,9.74242
1.10747,0.0723114,9.82335
1.16698,0.0128021,10.0185
1.33598,-0.0110016,10.0447
1.34074,0.0604095,9.81383
1.19554,0.186569,9.86144
1.45024,0.167526,9.35918
1.51689,0.162766,9.6234
1.86205,-0.0157623,9.68529
2.02153,-0.0300446,9.56627
2.00725,0.0318451,9.52818
2.10008,-0.00624084,9.55437
2.19768,-0.0324249,9.59721
2.08342,0.18895,9.41393
1.85252,0.286545,9.48772
1.74779,0.265121,9.50438
1.65733,0.265121,9.46153
1.50261,0.293686,9.30681
1.48595,0.248459,9.40202
1.50975,0.327011,9.43535
1.56926,0.286545,9.42821
1.67638,0.310349,9.38774
1.62639,0.417465,9.39488
1.59068,0.350815,9.36156
1.61925,0.286545,9.52342
1.83824,0.122299,9.88524
2.10484,0.136581,10.1566
2.21434,0.0223236,10.209
2.2191,0.088974,10.1875
2.23814,0.181808,10.0947
2.22386,0.205612,10.0162
2.3286,0.162766,10.0281
2.3167,0.153244,10.0281
2.23338,0.148483,10.0638
2.26433,0.069931,10.0733
2.32146,-0.0681305,9.94951
1.78587,-0.282364,9.80907
1.72636,-0.232376,9.81383
1.76445,-0.325211,9.95665
1.80492,-0.25618,10.0757
1.88109,-0.282364,10.1257
1.93822,-0.441849,10.1685
2.07628,-0.437088,10.2304
2.17149,-0.279984,10.1899
2.16435,-0.201431,10.2947
2.10484,-0.277603,10.1399
1.97392,-0.234756,10.0638
1.88109,-0.220474,9.95427
1.91679,-0.232376,9.91856
1.84538,-0.239517,9.92333
1.8192,-0.444229,9.88762
1.74541,-0.651321,9.58531
1.65971,-0.858414,9.38774
1.5407,-0.903641,9.21159
1.39549,-0.951248,9.1021
1.32884,-0.913162,9.13066
1.25267,-0.908401,9.09972
1.20506,-0.953629,9.02116
1.38121,-0.908401,9.15685
1.50975,-0.934586,9.2354
1.5645,-1.02504,9.2592
1.65495,-1.12025,9.28062
1.91679,-1.28688,9.42107
1.94774,-1.18452,9.44011
1.79301,-1.04884,9.45439
1.6859,-0.936966,9.39964
1.61687,-0.753677,9.6472
1.55736,-0.610855,9.72813
1.44548,-0.45137,9.62816
1.36931,-0.339493,9.48534
1.34789,-0.303787,9.40678
1.32646,-0.144302,9.31871
1.28123,-0.0467072,9.283
1.19316,-0.077652,9.26634
1.15031,-0.122879,9.14494
1.09557,-0.101456,9.16637
1.32646,-0.779861,9.27586
1.39073,-0.698929,9.39726
1.40739,-0.632278,9.41631
1.56926,-0.675125,9.46867
1.78349,-0.734634,9.72813
1.6978,-0.810806,9.78764
1.7216,-0.813187,9.94713
1.83824,-0.784622,10.0566
1.92155,-0.829849,9.94475
2.04533,-0.90126,10.0661
2.10008,-0.932205,10.159
2.01677,-0.763199,10.1566
1.59544,-0.891739,9.73052
1.59782,-0.889359,9.69005
1.5883,-0.972672,9.61626
1.64543,-0.886978,9.57341
1.59068,-0.870316,9.62816
1.6002,-0.884598,9.69719
1.57402,-0.89888,9.74242
1.65495,-0.989334,9.62578
1.67162,-0.970291,9.57103
1.60497,-0.801285,9.61864
1.58354,-0.765579,9.54485
1.60258,-0.879837,9.47105
1.61211,-0.698929,9.52818
1.61925,-0.665604,9.44725
1.61925,-0.775101,9.38774
1.5883,-0.775101,9.42107
1.65019,-0.694168,9.36156
1.62639,-0.710831,9.32109
1.61925,-0.727493,9.54961
1.66924,-0.779861,9.5377
1.78111,-0.777481,9.72099
1.76445,-0.798904,9.71147
1.76921,-0.889359,9.61626
1.73351,-0.936966,9.75432
1.77635,-0.96077,9.79002
1.68352,-0.932205,9.79478
1.66447,-0.934586,9.73052
1.66447,-0.825089,9.84715
1.72398,-0.684647,9.98283
1.69304,-0.70845,10.0352
1.76921,-0.984573,9.67815
1.74065,-0.975052,9.73052
1.72874,-0.908401,9.61388
1.65971,-0.798904,9.55913
1.63591,-0.746536,9.45677
1.60973,-0.746536,9.46391
1.67638,-0.727493,9.42107
1.63353,-0.672745,9.46153
1.61687,-0.560867,9.51152
1.6002,-0.563248,9.59007
1.68352,-0.625137,9.64006
1.73589,-0.6418,9.75194
1.72636,-0.672745,9.6115
1.76683,-0.615616,9.59721
1.75017,-0.601334,9.59483
1.76445,-0.615616,9.64958
1.75493,-0.646561,9.68767
1.76683,-0.63942,9.59007
1.72874,-0.725113,9.58055
1.60258,-0.844131,9.60435
1.67876,-0.96553,9.50914
1.65733,-0.96315,9.49962
1.61687,-0.958389,9.46391
1.5764,-0.879837,9.42583
1.53593,-0.941727,9.5258
1.63591,-1.02266,9.5377
1.71208,-0.996475,9.56151
1.60735,-1.02742,9.57103
1.63829,-0.89888,9.58769
1.66209,-0.908401,9.60912
1.72398,-0.870316,9.78764
1.75731,-0.972672,9.67577
1.72874,-1.08217,9.6353
1.6859,-1.03456,9.67339
1.70018,-0.956009,9.7805
1.72636,-0.796524,9.76622
1.67876,-0.76796,9.70909
1.72874,-0.746536,9.7567
1.68352,-0.689407,9.71623
1.70494,-0.582291,9.75194
1.71922,-0.70607,9.74956
1.75493,-0.784622,9.73052
1.76683,-0.910782,9.68529
1.84062,-0.986954,9.77574
1.88823,-0.903641,9.73289
1.88109,-0.77272,9.78526
1.82872,-0.667984,9.84477
1.80254,-0.648941,9.78764
1.78825,-0.722733,9.72575
1.82396,-0.763199,9.67339
1.79778,-0.760818,9.61864
1.843,-0.806046,9.69957
1.8549,-0.77034,9.72813
1.82872,-0.77034,9.68053
1.81444,-0.741776,9.69719
1.8073,-0.70369,9.65672
1.83348,-0.608475,9.6234
1.8549,-0.629898,9.60197
1.82396,-0.753677,9.58293
1.87633,-0.70607,9.62102
1.89299,-0.70369,9.6353
1.80492,-0.656082,9.58055
1.78825,-0.620377,9.57341
1.82158,-0.646561,9.60435
1.83824,-0.763199,9.5139
1.843,-0.827469,9.51628
1.81682,-0.879837,9.47105
1.87395,-0.851273,9.46629
1.86205,-0.729874,9.54008
1.81206,-0.694168,9.54723
1.96916,-0.756058,9.69005
1.9763,-0.720352,9.73527
2.00487,-0.798904,9.74004
1.95964,-0.867935,9.671
1.99297,-0.853653,9.65196
1.9287,-0.865555,9.72099
1.843,-0.867935,9.65434
1.89061,-0.756058,9.72099
1.87157,-0.841751,9.72575
1.92155,-0.813187,9.71385
1.96678,-0.820328,9.77336
2.02153,-0.860794,9.80669
2.00249,-0.794144,9.85667
2.01677,-0.777481,9.79002
1.96916,-0.798904,9.75432
1.94536,-0.796524,9.70909
1.93584,-0.875076,9.73289
1.95488,-0.96077,9.58293
1.95012,-0.910782,9.59483
1.9406,-0.875076,9.59007
1.93584,-0.810806,9.60674
1.93584,-0.760818,9.57817
1.87395,-0.725113,9.56389
1.87395,-0.801285,9.48534
1.92155,-0.8965,9.44011
1.89537,-0.932205,9.5139
1.93108,-0.903641,9.52104
1.89775,-0.787003,9.55437
1.86443,-0.715591,9.45677
1.86919,-0.696548,9.49962
2.01915,-0.727493,9.72099
2.00725,-0.77272,9.70671
1.99059,-0.817947,9.6353
1.95488,-0.839371,9.69719
1.98582,-0.756058,9.65434
1.96916,-0.677505,9.62816
1.98821,-0.713211,9.69481
2.00963,-0.70845,9.69005
1.98582,-0.777481,9.7448
2.00963,-0.810806,9.79002
1.92393,-0.877457,9.54723
1.96916,-0.841751,9.6115
1.90489,-0.803665,9.62578
1.90727,-0.760818,9.66386
1.90965,-0.789383,9.66148
2.00011,-0.813187,9.61388
2.00963,-0.756058,9.61388
1.96916,-0.701309,9.69957
1.9406,-0.820328,9.83525
2.03343,-0.810806,9.79716
2.04771,-0.801285,9.81145
2.05009,-0.865555,9.97331
2.14531,-0.941727,9.89238
2.0858,-0.844131,10.0114
2.062,-0.810806,10.0971
2.0977,-0.801285,10.2709
2.17863,-0.822708,10.4589
2.12389,-0.808426,10.835
2.19292,-0.791763,11.1635
2.20958,-0.713211,11.5301
-2.67494,-0.556107,8.11424
-2.84395,-0.663223,8.04997
-3.06056,-0.637039,7.79765
-3.30336,-0.477554,7.50487
-3.64137,-0.453751,7.16685
-3.98653,-0.439468,7.19304
-4.08888,-0.334732,7.18352
-4.0984,-0.332352,6.98357
-4.31264,-0.132401,6.77885
-4.64827,-0.180008,6.80742
-6.70253,0.177048,5.55058
-6.83107,0.0937347,5.45299
-6.85249,0.12944,5.19829
-6.97151,-0.0538483,5.39824
-6.98103,0.0508881,5.0269
-7.15956,0.143723,4.70793
-7.50233,0.19133,4.74602
-7.72847,0.100876,5.05547
-7.64516,0.146103,4.87456
-7.74513,0.243698,4.8579
-8.79012,0.807846,3.13689
-8.89485,0.698349,3.01311
-8.88771,0.884018,2.78221
-9.0591,0.953049,2.50847
-9.24715,1.11491,2.12761
-9.44472,1.06731,1.88005
-9.52089,0.986374,1.89909
-9.4828,1.01732,1.79912
-9.45424,1.11967,1.6563
-9.41853,1.06017,1.68962
-9.47804,1.2506,1.4492
-9.61134,1.36485,1.38731
-9.6161,1.65526,1.33733
-9.62087,1.82903,1.33257
-9.65895,1.96709,1.1469
-9.76131,1.85521,1.11833
-9.67323,1.79808,1.06596
-9.65895,1.87663,0.932663
-9.76845,1.96709,0.794601
-9.81367,2.06468,0.380417
-10.0446,1.6386,-0.56221
-9.98268,1.73143,-0.424149
-9.94698,1.75047,-0.362259
-9.91603,1.73857,-0.259903
-9.76845,1.66954,-0.0194855
-9.69466,1.63383,0.0281219
-9.78749,1.541,-0.0861359
-9.76131,1.42436,-0.102798
-9.73512,1.49815,-0.193253
-9.6161,1.47435,0.0828705
-9.44948,1.62431,0.489914
-9.36617,1.66478,0.637497
-9.4352,1.67668,0.870773
-9.36617,1.61241,1.02312
-9.26619,1.56242,1.09215
-9.26143,1.55052,1.3159
-9.18526,1.49577,1.56108
-9.10194,1.3839,1.53252
-9.07338,1.10539,1.76579
-8.98531,1.00066,1.86339
-7.63087,0.167526,4.90312
-7.50472,0.153244,5.1483
-7.44283,0.274643,5.56963
-7.30238,0.234177,5.86717
-7.20479,0.0223236,6.01476
-7.11671,-0.229996,6.06474
-6.9239,-0.463272,5.89336
-6.78822,-0.64418,6.28136
-6.49782,-0.508499,6.65269
-6.3907,-0.470413,7.00737
-6.27644,-0.572769,7.75005
-6.0265,-0.556107,7.87383
-5.92891,-0.51088,7.58104
-5.90511,-0.713211,7.32158
-6.04317,-0.796524,7.23589
-5.86226,-0.620377,7.27159
-5.75276,-0.310928,7.52867
-5.43379,-0.180008,7.82146
-5.21718,-0.334732,8.12138
-4.93867,-0.841751,8.53319
-4.62685,-1.17738,8.6403
-4.43642,-1.25117,8.53319
-4.37453,-1.07979,8.51414
-4.51021,-0.696548,8.65459
-4.5602,-0.425186,8.75218
-4.4388,-0.19191,8.87834
-4.0746,-0.377579,8.93071
-3.76991,-0.689407,8.9688
-3.6747,-1.07265,9.07829
-3.56996,-1.22261,9.32109
-3.47713,-1.20357,9.90904
-3.11769,-1.36067,10.378
-2.75826,-1.63679,10.2732
-2.80586,-1.71297,9.99235
-2.99153,-1.63679,9.86144
-3.16054,-1.1631,9.98997
-2.92964,-0.620377,9.92808
-2.644,-0.534683,9.90428
-2.54164,-0.727493,9.64482
-2.48689,-1.0417,9.73052
-1.1515,-1.10121,10.078
-0.782547,-1.15358,10.2471
-0.496902,-1.22261,10.3137
-0.430252,-1.04884,10.2804
-0.399307,-0.777481,10.3946
-0.420731,-0.634659,10.5898
-0.201736,-0.551346,10.6946
0.0124969,-0.551346,10.5279
0.0910492,-0.594193,10.5113
0.119614,-0.51564,10.5803
0.148178,-0.460892,10.666
0.105331,-0.351395,10.7707
0.129135,-0.563248,10.685
0.250534,-0.813187,10.5303
0.28624,-0.915543,10.5351
0.398117,-0.96553,10.6351
0.35289,-0.839371,10.7184
0.321945,-0.629898,10.7065
0.233871,-0.563248,10.6636
0.186264,-0.629898,10.5375
0.750412,-0.670364,10.2137
0.862289,-0.83223,10.2018
0.969406,-0.808426,10.1685
0.99559,-0.77034,10.3066
1.0789,-0.829849,10.3161
1.0551,-0.739395,10.2113
1.00273,-0.613236,10.128
0.952744,-0.634659,10.2375
1.0432,-0.839371,10.3851
1.25267,-1.03694,10.4446
1.38597,-0.953629,10.4351
1.34312,-0.860794,10.3446
1.22411,-0.70369,10.328
1.07414,-0.70607,10.2899
1.01939,-0.910782,10.2375
1.05034,-0.994095,10.1709
1.02892,-0.941727,10.0447
0.952744,-0.875076,10.0638
0.886093,-0.929825,10.0685
0.876572,-1.07503,10.0519
0.924179,-0.984573,9.72813
0.950363,-0.917923,9.83049
0.924179,-0.860794,9.87334
0.869431,-0.827469,9.88286
0.86467,-0.844131,9.94951
0.900375,-0.877457,9.76622
0.964645,-0.925064,9.78764
0.955124,-0.925064,9.71861
0.959885,-0.894119,9.74956
0.947983,-0.860794,9.79478
1.01939,-0.848892,9.85191
1.02415,-0.958389,9.81859
0.99321,-1.01076,9.82811
1.02892,-0.956009,9.8662
1.04558,-0.986954,9.88286
1.00035,-1.02742,9.78288
0.905136,-1.09883,9.82811
0.831345,-1.04646,9.97569
0.757553,-0.906021,9.88286
0.67424,-0.803665,9.82811
0.659958,-0.779861,9.92094
0.631393,-0.732254,9.9019
0.659958,-0.777481,9.95665
0.657578,-0.877457,9.9138
0.67186,-1.03218,9.83287
0.719467,-0.958389,9.87096
0.743271,-0.925064,9.85667
0.781357,-0.856033,9.96617
0.788498,-0.817947,9.92094
0.836105,-0.784622,9.87334
0.774216,-0.948868,9.97807
0.617111,-1.02028,9.70671
0.667099,-0.982193,9.7805
0.717087,-0.939346,9.85191
0.783737,-1.03218,9.87096
0.848007,-1.06789,9.77812
0.824203,-1.07265,9.88048
0.712326,-1.11549,9.75432
0.745651,-1.08217,9.89952
0.717087,-1.07265,9.85905
0.748032,-1.0536,9.84001
0.638535,-1.11073,9.87096
0.595688,-1.05598,9.95903
0.552841,-0.908401,10.0138
0.633774,-0.886978,10.009
0.659958,-1.03456,9.94713
0.657578,-1.04884,9.92333
0.667099,-1.07027,9.92094
0.709946,-1.10121,9.93047
0.690903,-1.1274,10.0304
0.695663,-1.15358,9.95189
0.740891,-1.18214,9.73527
0.73613,-1.21309,9.72099
0.709946,-1.1393,9.76622
0.714706,-1.14168,9.82573
0.709946,-1.1274,9.7686
0.621872,-1.09883,9.76622
0.67186,-1.13692,9.7805
0.695663,-1.10597,9.76384
0.636154,-1.10835,9.79002
0.621872,-1.06789,9.77812
0.559982,-1.0179,9.81859
0.574264,-1.01076,9.83763
0.576645,-1.06075,9.79002
0.564743,-1.08217,9.78764
0.576645,-1.11311,9.84239
0.650436,-1.14168,9.84953
0.67186,-1.10597,9.83287
0.648056,-1.1631,9.84953
0.750412,-1.09407,9.86858
0.73613,-1.05836,9.9138
0.776596,-1.0179,9.89
0.821823,-1.08217,9.84477
0.721848,-1.04408,9.9019
0.690903,-1.08931,9.85429
0.621872,-1.09883,9.81859
0.602829,-1.11311,9.70195
0.600449,-1.13692,9.72575
0.574264,-1.13454,9.6591
0.564743,-1.04408,9.75908
0.60997,-0.958389,9.70433
0.648056,-1.10597,9.89476
0.598068,-1.13216,9.98283
0.631393,-1.17024,9.91142
0.626633,-1.1393,9.97569
0.567123,-1.1274,10.0114
0.54332,-1.175,9.9995
0.624252,-1.22975,9.9876
0.521896,-1.32021,9.85905
0.562363,-1.26784,9.91142
0.583786,-1.22975,9.94713
0.557602,-1.08931,9.80431
0.624252,-1.08455,9.92094
0.688522,-1.09407,9.82335
0.648056,-1.11549,9.86382
0.67186,-1.16548,9.81383
0.60997,-1.19643,9.79478
0.643295,-1.20833,9.7805
0.640915,-1.25832,9.79716
0.648056,-1.19405,9.85429
0.688522,-1.07979,9.81383
0.728989,-1.1512,9.89714
0.664719,-1.08693,9.89238
0.683762,-1.19405,9.8662
0.67424,-1.15596,9.93047
0.624252,-1.20833,9.84953
0.664719,-1.22737,9.80431
0.657578,-1.20833,9.85191
0.636154,-1.12263,9.83287
0.60997,-1.15596,9.83049
0.636154,-1.21547,9.82097
0.631393,-1.19167,9.72575
0.61235,-1.23451,9.82811
0.583786,-1.19167,9.80193
0.567123,-1.17738,9.79955
0.617111,-1.23213,9.7924
0.667099,-1.15834,9.87334
0.662338,-1.20119,9.86858
0.67662,-1.21309,9.81383
0.67424,-1.28212,9.78288
0.667099,-1.25117,9.80669
0.643295,-1.22737,9.82811
0.593307,-1.175,9.7686
0.650436,-1.15834,9.80431
0.590927,-1.13692,9.82811
0.629013,-1.13692,9.87334
0.636154,-1.15358,9.88048
0.61235,-1.24165,9.85191
0.633774,-1.23213,9.89476
0.60997,-1.25832,9.90666
0.650436,-1.25356,9.85667
0.643295,-1.23689,9.85667
0.657578,-1.15596,9.77812
0.709946,-1.14168,9.84239
0.659958,-1.19643,9.89476
0.700424,-1.20595,9.81383
0.664719,-1.21547,9.83049
0.669479,-1.22023,9.81145
0.662338,-1.20119,9.82573
0.705185,-1.17976,9.86144
0.681381,-1.21785,9.8781
0.719467,-1.21547,9.89238
0.707565,-1.14644,9.8662
0.652817,-1.19167,9.81859
0.629013,-1.23927,9.91618
0.721848,-1.30354,9.87096
0.664719,-1.27736,9.80907
0.67424,-1.2726,9.81621
0.655197,-1.31068,9.76146
0.621872,-1.23213,9.78764
0.60997,-1.30592,9.85429
0.638535,-1.21309,9.89714
0.533798,-1.1512,9.89714
0.583786,-1.17976,9.94475
0.667099,-1.22023,9.94713
0.712326,-1.28688,9.84477
0.650436,-1.25356,9.83287
0.679001,-1.31783,9.83287
0.617111,-1.23213,9.92333
0.621872,-1.16548,9.89
0.640915,-1.18214,9.88286
0.655197,-1.18452,9.9019
0.629013,-1.21785,9.86144
0.638535,-1.29402,9.88048
0.631393,-1.32735,9.84477
0.648056,-1.29402,9.88524
0.657578,-1.31068,9.84001
0.631393,-1.33211,9.84953
0.67662,-1.34163,9.81145
0.657578,-1.23689,9.85429
0.593307,-1.15596,9.7448
0.655197,-1.30592,9.67339
0.648056,-1.27736,9.6472
0.67186,-1.2964,9.64958
0.652817,-1.30592,9.69719
0.636154,-1.2845,9.72099
0.626633,-1.23213,9.74956
0.636154,-1.19167,9.69719
0.621872,-1.2607,9.73289
0.593307,-1.23689,9.64482
0.574264,-1.32259,9.77336
0.769455,-1.23689,9.95189
0.664719,-1.25117,9.94713
0.733749,-1.30354,9.92571
0.686142,-1.34877,9.96617
0.783737,-1.31783,9.93761
0.700424,-1.24165,9.93523
0.67424,-1.18929,9.91618
0.664719,-1.21309,9.85191
0.640915,-1.25356,9.89714
0.681381,-1.2607,9.93285
0.679001,-1.2964,9.85667
0.731369,-1.23927,9.80193
0.717087,-1.22499,9.7924
0.629013,-1.21785,9.82811
0.636154,-1.20833,9.92571
0.617111,-1.22499,9.79955
0.621872,-1.24879,9.9019
0.695663,-1.27736,9.80193
0.714706,-1.37257,9.78288
0.719467,-1.34163,9.80431
0.798019,-1.24879,9.72813
0.774216,-1.33687,9.61864
0.776596,-1.35829,9.6591
0.795639,-1.394,9.60435
0.843246,-1.4178,9.47105
0.8004,-1.34401,9.36156
0.862289,-1.30354,9.25444
0.871811,-1.16548,9.09496
0.857529,-1.12263,8.88786
0.790878,-1.1869,8.68791
0.731369,-1.1274,8.60936
0.705185,-0.956009,8.47368
0.643295,-0.848892,8.36894
0.67186,-0.710831,8.12852
0.690903,-0.625137,8.01427
0.750412,-0.558487,7.79289
0.859909,-0.565628,7.77861
0.945602,-0.606094,7.58342
1.02415,-0.560867,7.41441
1.07652,-0.758438,7.32872
3.55925,-1.08455,7.63817
3.77824,-0.732254,7.96428
3.94963,-0.306168,8.05949
4.17577,-0.151443,7.9857
4.37096,-0.182388,7.70006
4.65898,-0.291885,7.39537
5.02318,-0.456131,7.11687
5.3969,-0.794144,7.11211
5.6754,-0.986954,7.24541
5.81346,-1.1512,7.61913
6.04198,-1.44399,7.75243
6.34905,-1.86055,7.75243
6.72514,-2.26045,7.55009
7.18932,-2.4128,7.35728
7.6035,-2.06288,7.61436
7.87724,-1.1393,8.0714
7.76537,-0.503738,8.23326
7.55113,-0.218094,8.03331
7.41783,-0.201431,7.56676
7.6035,-0.427567,7.31206
8.19383,-0.853653,6.88597
8.28667,-0.765579,6.92406
8.14385,-0.613236,7.10973
7.91295,-0.679886,7.10259
8.1129,-0.737015,6.88359
8.34856,-0.798904,6.61699
8.68657,-0.910782,6.42656
9.09123,-1.08455,6.11949
9.2531,-1.12263,5.9005
9.18169,-1.10121,5.791
9.87199,-0.446609,4.6389
9.653,-0.282364,4.60796
9.28642,0.312729,4.16283
9.26738,0.536484,3.89861
9.43163,0.710251,3.55345
9.76012,0.757858,3.33684
10.0577,0.748337,3.11308
10.1053,0.484116,3.0869
9.94102,0.695969,2.98692
9.71013,1.0197,3.03215
10.2005,-0.0871735,2.10143
10.3195,-0.0110016,2.17284
10.4219,0.365097,2.35851
10.3076,0.617416,2.41563
10.1719,0.755478,2.42516
9.94341,0.888779,2.24901
9.8101,0.869736,2.15379
10.0053,0.83165,1.97527
9.96721,0.862595,2.14427
9.95531,0.805466,2.22282
9.5435,0.296066,2.02049
9.64824,0.260361,2.19902
9.83391,0.455551,2.35136
9.86247,0.586472,2.6013
9.91484,0.63884,2.56798
9.92674,0.481735,2.64891
9.98387,0.415085,2.32994
9.97435,0.362717,2.43706
10.0529,0.51506,2.69414
10.0339,0.612656,2.76079
10.1148,0.153244,3.97002
10.0791,0.25322,4.05571
10.022,0.293686,4.19615
10.0053,0.277023,4.55321
9.97673,0.210373,4.79124
9.84343,0.0413666,4.71983
9.87199,-0.206192,4.67937
9.77678,-0.539444,4.59605
9.55064,-0.694168,4.70555
9.41258,-0.76796,4.86266
9.31975,-0.57991,4.99358
9.26976,-0.57991,5.21971
9.17693,-0.508499,5.35301
9.03172,-0.568008,5.36491
8.84605,-0.675125,5.51012
8.78178,-0.820328,5.68626
8.74608,-0.944107,5.84099
8.60326,-0.979813,5.95763
8.39378,-1.12978,6.00285
8.21049,-1.33687,6.01714
7.12267,-1.10121,6.72649
6.9727,-1.12502,6.81456
6.7299,-1.14882,6.76695
6.56566,-1.30354,6.83836
6.39189,-1.38924,7.03593
6.30858,-1.37495,7.20732
6.1729,-1.29164,7.11449
5.86345,-1.32497,7.17876
5.68968,-1.38448,7.22398
5.554,-1.43446,7.30492
5.48259,-1.48207,7.33824
5.45403,-1.44875,7.54533
5.32787,-1.43922,7.65959
5.13267,-1.31544,7.71196
4.8994,-1.30116,7.72862
4.71373,-1.47731,7.80241
4.59233,-1.62965,7.72148
4.63518,-1.80818,7.91429
4.65898,-1.92244,8.00713
4.71373,-1.86769,8.08092
4.58995,-1.64156,8.06663
4.29955,-1.48445,8.16661
4.10673,-1.4297,8.2285
3.96391,-1.26546,8.3499
3.76158,-1.32735,8.43321
0.314804,-1.05836,8.96641
0.181503,-1.0298,9.00926
0.164841,-1.11311,9.02354
0.0934296,-1.04884,8.91881
0.0124969,-1.1631,9.0164
0.0601044,-1.43922,8.91167
0.138657,-1.53444,9.05449
0.281479,-1.46065,9.1378
0.302902,-1.34163,9.23064
0.264816,-1.15358,9.37108
0.100571,-1.09645,9.2354
0.0672455,-1.15358,9.29015
0.121994,-1.3083,9.32585
0.169601,-1.42018,9.31633
0.191025,-1.61775,9.38536
0.340988,-1.79628,9.46629
0.398117,-1.77962,9.53056
0.438583,-1.65822,9.54723
0.490952,-1.5154,9.62578
0.500473,-1.51302,9.72099
0.629013,-1.53206,9.75432
0.700424,-1.58205,9.84001
0.728989,-1.62965,9.93285
0.781357,-1.78676,9.94713
0.80516,-1.96767,9.99712
0.814682,-2.00575,9.99712
0.857529,-1.951,10.0162
0.824203,-1.74629,10.1019
0.836105,-1.52968,10.059
0.767075,-1.37972,10.0614
0.683762,-1.5273,9.85905
0.705185,-1.74153,9.75194
0.709946,-1.82008,9.73766
0.659958,-1.82484,9.71147
0.567123,-1.7939,9.71623
0.643295,-1.73201,9.77574
0.693283,-1.61775,9.84239
0.643295,-1.61299,9.91618
0.617111,-1.5154,9.89952
0.598068,-1.58681,9.81859
0.538559,-1.65584,9.79716
0.567123,-1.74391,9.77812
0.588547,-1.74867,9.81383
0.533798,-1.74153,9.73766
0.586166,-1.66298,9.78288
0.662338,-1.51778,9.79002
0.657578,-1.52492,9.88524
0.643295,-1.53682,9.88286
0.579025,-1.61061,9.6591
0.579025,-1.74867,9.69243
0.564743,-1.64394,9.78764
0.595688,-1.58205,9.81145
0.593307,-1.69392,9.79716
0.698044,-1.74153,9.82097
0.657578,-1.76534,9.79002
0.60997,-1.74629,9.84239
0.586166,-1.73201,9.7567
0.552841,-1.85341,9.69719
0.555222,-1.77248,9.70909
0.555222,-1.63441,9.67815
0.493332,-1.57729,9.63054
0.54332,-1.56538,9.71861
0.636154,-1.60109,9.70433
0.621872,-1.64632,9.70195
0.581406,-1.74391,9.68767
0.583786,-1.79152,9.67339
0.60759,-1.75105,9.73289
0.555222,-1.71773,9.73289
0.538559,-1.63203,9.68291
0.54808,-1.67012,9.6472
0.600449,-1.67012,9.72813
0.667099,-1.76534,9.89952
0.60759,-1.75581,9.81383
0.540939,-1.72963,9.76384
0.529038,-1.75819,9.81859
0.569504,-1.74867,9.79955
0.595688,-1.80104,9.85429
0.579025,-1.74629,9.69481
0.564743,-1.66774,9.7448
0.562363,-1.72963,9.7567
0.61235,-1.69868,9.78288
0.60997,-1.76057,9.75908
0.586166,-1.69154,9.70671
0.517136,-1.76295,9.77574
0.567123,-1.75819,9.77812
0.586166,-1.78438,9.76622
0.538559,-1.75581,9.78764
0.550461,-1.71059,9.75194
0.579025,-1.72487,9.73289
0.583786,-1.69392,9.81859
0.614731,-1.71535,9.7924
0.614731,-1.70821,9.83287
0.590927,-1.75581,9.80907
0.626633,-1.74153,9.71861
0.633774,-1.72487,9.79002
0.559982,-1.79152,9.70433
0.557602,-1.83199,9.72099
0.536179,-1.78438,9.75908
0.552841,-1.75581,9.75194
0.569504,-1.82722,9.77098
0.600449,-1.75343,9.82335
0.600449,-1.71535,9.79955
0.564743,-1.73677,9.84239
0.60759,-1.74867,9.79478
0.593307,-1.75343,9.74718
0.571884,-1.79152,9.86144
0.569504,-1.74867,9.84715
0.533798,-1.76534,9.79955
0.571884,-1.75343,9.73289
0.562363,-1.71297,9.76622
0.590927,-1.7701,9.75194
0.552841,-1.782,9.81145
0.564743,-1.75343,9.8662
0.5457,-1.75581,9.82573
0.605209,-1.78676,9.79002
0.550461,-1.8058,9.75194
0.595688,-1.89864,9.73766
0.567123,-1.85817,9.75908
0.557602,-1.77962,9.83763
0.550461,-1.79866,9.84477
0.60759,-1.80818,9.7686
0.621872,-1.8058,9.82097
0.629013,-1.77486,9.80193
0.619492,-1.78438,9.7448
0.559982,-1.82961,9.74718
0.531418,-1.82008,9.67577
0.514755,-1.85341,9.69243
0.502853,-1.82722,9.671
0.500473,-1.75343,9.69481
0.498093,-1.65822,9.75194
0.529038,-1.62727,9.71385
0.526657,-1.65822,9.79002
0.531418,-1.78676,9.70909
0.521896,-1.91054,9.73527
0.559982,-1.90102,9.7567
0.519516,-1.73439,9.80431
0.557602,-1.73201,9.75194
0.505234,-1.83913,9.70671
0.443344,-1.82722,9.69243
0.48381,-1.81532,9.75432
0.502853,-1.76057,9.70909
0.47905,-1.77486,9.64244
0.476669,-1.83437,9.72099
0.517136,-1.81294,9.72575
0.54332,-1.83437,9.79955
0.474289,-1.782,9.71385
0.47905,-1.7701,9.70909
0.462387,-1.71773,9.7805
0.486191,-1.6963,9.82811
0.500473,-1.7701,9.76622
0.581406,-1.76772,9.7567
0.500473,-1.72963,9.83525
0.493332,-1.78914,9.77098
0.471909,-1.76534,9.82573
0.469528,-1.71297,9.83049
0.488571,-1.72963,9.77336
0.41954,-1.75581,9.69719
0.517136,-1.78676,9.77098
0.514755,-1.86293,9.82811
0.569504,-1.87007,9.87572
0.564743,-1.85341,9.79478
0.550461,-1.79628,9.79002
0.536179,-1.81532,9.84239
0.552841,-1.77962,9.83049
0.531418,-1.69868,9.85429
0.538559,-1.72011,9.77812
0.502853,-1.83675,9.74242
0.500473,-1.81056,9.70671
0.514755,-1.8177,9.77574
0.445725,-1.77248,9.78526
0.457626,-1.72011,9.74956
0.488571,-1.6963,9.72337
0.521896,-1.72963,9.70909
0.490952,-1.73915,9.78526
0.47905,-1.86055,9.74004
0.464767,-1.84389,9.69243
0.438583,-1.82722,9.74004
0.495712,-1.74153,9.76384
0.476669,-1.70107,9.7924
0.486191,-1.65822,9.78764
0.533798,-1.74153,9.7567
0.474289,-1.77486,9.7448
0.467148,-1.7701,9.70671
0.450485,-1.782,9.73766
0.41478,-1.75343,9.7567
0.460007,-1.84627,9.67339
0.448105,-1.73677,9.71861
0.495712,-1.78438,9.79478
0.48381,-1.73677,9.67339
0.505234,-1.8177,9.72813
0.519516,-1.82246,9.77098
0.529038,-1.83437,9.80431
0.495712,-1.77724,9.74718
0.486191,-1.73915,9.70195
0.467148,-1.782,9.7686
0.469528,-1.77962,9.69243
0.424301,-1.74391,9.80907
0.448105,-1.82961,9.79002
0.48381,-1.79866,9.83287
0.536179,-1.84389,9.77812
0.495712,-1.76295,9.72813
0.48143,-1.77962,9.81621
0.490952,-1.71059,9.92094
0.531418,-1.65822,9.87572
0.462387,-1.70583,9.78288
0.495712,-1.79628,9.74004
0.519516,-1.86531,9.73289
0.498093,-1.89626,9.70671
0.507614,-1.82722,9.76146
0.514755,-1.81056,9.83049
0.536179,-1.76295,9.77336
0.509995,-1.7701,9.70671
0.467148,-1.7701,9.80669
0.48143,-1.79628,9.81383
0.431442,-1.78914,9.83763
0.47905,-1.80818,9.81145
0.498093,-1.8177,9.82573
0.526657,-1.77962,9.84715
0.531418,-1.68916,9.83287
0.514755,-1.71059,9.86144
0.514755,-1.74153,9.74242
0.562363,-1.78676,9.75194
0.550461,-1.75581,9.82335
0.550461,-1.76534,9.7805
0.498093,-1.82484,9.73766
0.567123,-1.8058,9.83763
0.602829,-1.81532,9.79716
0.550461,-1.73439,9.86144
0.507614,-1.71297,9.82335
0.519516,-1.69868,9.82335
0.505234,-1.72249,9.83525
0.533798,-1.82722,9.74956
0.500473,-1.85341,9.78288
0.509995,-1.82722,9.70909
0.500473,-1.75343,9.76146
0.490952,-1.83675,9.87334
0.455246,-1.75343,9.81621
0.443344,-1.72487,9.79002
0.495712,-1.76057,9.75432
0.517136,-1.76772,9.82573
0.529038,-1.77248,9.84953
0.498093,-1.78676,9.80193
0.436203,-1.84151,9.77812
0.41716,-1.81294,9.80669
0.457626,-1.782,9.81145
0.471909,-1.82961,9.75432
0.440964,-1.81532,9.75432
0.426682,-1.82008,9.79955
0.464767,-1.79866,9.84477
0.502853,-1.82961,9.73052
0.460007,-1.78676,9.69719
0.48143,-1.76772,9.73289
0.457626,-1.71059,9.68053
0.476669,-1.71059,9.69243
0.502853,-1.87483,9.69481
0.443344,-1.92244,9.77574
0.533798,-1.93196,9.73527
0.495712,-1.82961,9.74718
0.448105,-1.76534,9.71861
0.440964,-1.67726,9.71147
0.438583,-1.73915,9.70195
0.48143,-1.77248,9.70671
0.424301,-1.86293,9.66624
0.512375,-1.86531,9.74718
0.474289,-1.85579,9.72813
0.41716,-1.79152,9.78764
0.467148,-1.79152,9.77574
0.41478,-1.82246,9.84239
0.467148,-1.79866,9.84239
0.488571,-1.8058,9.90428
0.476669,-1.82722,9.92571
0.426682,-1.82008,9.9019
0.464767,-1.85817,9.89
0.514755,-1.79152,9.89952
0.450485,-1.72249,9.90428
0.507614,-1.77962,9.8662
0.5457,-1.83437,9.89714
0.48143,-1.85579,9.84001
0.41716,-1.78438,9.84953
0.462387,-1.79628,9.84715
0.452866,-1.80104,9.88286
0.381454,-1.81056,9.83287
0.405258,-1.79152,9.75194
0.424301,-1.84865,9.77098
0.471909,-1.89626,9.75432
0.455246,-1.78438,9.74004
0.507614,-1.80342,9.7686
0.509995,-1.74391,9.7567
0.445725,-1.69868,9.72337
0.467148,-1.67726,9.78288
0.379074,-1.75105,9.76622
0.41954,-1.77962,9.69957
0.436203,-1.84865,9.68529
0.398117,-1.87483,9.67577
0.390976,-1.85817,9.69719
0.405258,-1.75581,9.78288
0.440964,-1.79152,9.79716
0.448105,-1.72011,9.7448
0.410019,-1.78676,9.73527
0.443344,-1.83437,9.73052
0.502853,-1.89149,9.81383
0.524277,-1.93196,9.7567
0.47905,-1.92244,9.70433
0.443344,-1.81294,9.84239
0.471909,-1.73677,9.79716
0.476669,-1.62965,9.79716
0.402878,-1.67012,9.68767
0.405258,-1.72963,9.71147
0.448105,-1.82722,9.72099
0.450485,-1.78914,9.70909
0.455246,-1.75105,9.69243
0.469528,-1.75343,9.671
0.47905,-1.75105,9.74718
0.457626,-1.75581,9.71147
0.429062,-1.75343,9.76146
0.402878,-1.782,9.70671
0.426682,-1.82484,9.73527
0.448105,-1.88197,9.671
0.488571,-1.83199,9.77574
0.445725,-1.69154,9.78764
0.402878,-1.68678,9.75194
0.448105,-1.66774,9.72813
0.462387,-1.72963,9.79716
0.474289,-1.82246,9.92571
0.550461,-1.79152,9.93523
0.559982,-1.82246,9.89714
0.54332,-1.87007,9.92808
0.552841,-1.80104,9.89
0.552841,-1.81532,9.93285
0.500473,-1.77724,10.1019
0.626633,-1.85579,10.1114
0.614731,-1.90102,10.1185
0.524277,-1.86769,10.128
0.576645,-1.83675,10.2899
0.605209,-1.94148,10.4161
0.655197,-1.93434,10.5256
0.767075,-1.90102,10.6136
0.821823,-1.91768,10.735
0.886093,-1.99147,10.9588
1.00035,-1.93434,11.004
1.10033,-1.97243,11.3849
1.1884,-2.16524,11.5848
1.31932,-2.27473,11.7157
1.29552,-2.21761,11.9205
1.09081,-2.10335,11.8205
0.859909,-2.07478,11.8395
0.67662,-2.06764,12.0181
0.640915,-1.96529,11.9538
0.502853,-1.90102,11.8133
0.22435,-1.83675,11.8181
0.136276,-1.82484,11.7134
-0.0184479,-1.9153,11.6491
-0.168411,-1.88911,11.5158
-0.306473,-2.02718,11.4015
-0.420731,-1.98671,11.1778
-0.620682,-1.95338,11.0754
-0.834915,-1.93672,11.1159
-0.908707,-2.0248,11.0635
-0.958694,-2.08907,10.9826
-1.02296,-2.10811,10.647
-1.18245,-2.12239,10.4732
-1.43477,-2.13667,10.2209
-1.65138,-2.01527,10.0304
-1.86086,-2.09383,9.95427
-1.96083,-2.0486,9.72099
-2.12508,-2.09621,9.69481
-2.27742,-1.97481,9.43773
-2.53688,-1.96529,9.40916
-2.70589,-1.99623,9.16399
-2.8868,-1.86055,8.79027
-3.09389,-1.72725,8.52129
-3.36049,-1.51778,8.34276
-3.61043,-1.39638,8.31895
-3.81038,-1.44637,8.39275
-3.88417,-1.53206,8.27135
-4.08888,-1.33687,8.01665
-4.26979,-1.17738,7.62151
-4.4745,-1.30592,7.57866
-4.71492,-1.36543,7.58342
-4.86726,-1.31306,7.3549
-5.03627,-1.18452,7.43346
-5.05769,-1.16786,7.52153
-5.15529,-1.02028,7.16209
-5.3719,-0.932205,7.05736
-5.6385,-0.629898,6.77171
-5.94557,-0.439468,6.67888
-6.26454,-0.501358,6.73839
-6.3907,-0.63942,6.66936
-6.43831,-0.741776,6.41942
-6.42403,-0.6418,6.0338
-6.58351,-0.475174,5.7672
-6.7906,-0.379959,5.50774
-7.05006,0.00804138,5.09593
-7.39522,0.224655,4.9174
-7.7618,0.238937,4.83885
-7.93318,0.205612,4.72221
-8.02364,0.0723114,4.68413
-8.02602,-0.00386047,4.67461
-7.93556,-0.0014801,4.41991
-8.09981,0.0818329,4.48656
-8.23073,0.315109,4.24138
-8.44972,0.462692,4.12474
-8.44972,0.493637,4.1414
-8.38307,0.96019,3.65105
-8.49019,1.24107,3.74388
-8.59016,1.31725,3.70342
-8.72823,1.3101,3.82957
-8.73537,1.00066,3.90337
-8.78297,0.83403,3.84386
-8.86391,0.70311,4.10094
-8.82344,0.745956,4.07951
-8.86629,0.841171,4.10094
-8.94246,0.874496,3.90813
-9.01149,0.986374,3.65819
-9.01625,1.23631,3.45348
-9.00911,1.34105,3.39635
-9.10194,1.36485,3.29161
-9.11385,1.23869,3.19878
-9.21144,1.12444,3.03691
-9.25191,0.972092,2.82506
-9.37569,1.16014,2.55132
-9.47566,1.39342,2.19664
-9.58754,1.61717,1.66106
-9.76131,2.03612,1.33971
-9.84938,2.10753,1.10643
-9.52089,1.52672,1.67534
-9.5685,1.36247,2.00383
-9.53279,1.20061,2.09666
-9.63277,1.21251,2.01573
-9.70894,1.0554,2.2252
-9.71132,1.02208,2.05858
-9.7018,1.10301,1.65868
-9.81129,1.34581,1.4492
-9.79939,1.61241,1.25639
-9.83986,1.86473,0.982651
-9.83986,1.9052,0.796982
-9.79701,1.75999,0.666061
-9.78987,1.62907,0.84935
-9.68275,1.51958,1.01836
-9.61848,1.45055,1.20879
-9.52565,1.42674,1.38969
-9.38997,1.35295,1.48015
-9.28047,1.46007,1.56108
-9.14717,1.47911,1.71819
-8.97817,1.3958,1.96336
-7.94984,0.841171,3.87242
-7.91652,0.619797,4.16997
-7.70943,0.419846,4.61748
-7.45473,0.250839,4.78648
-7.27858,0.0461273,5.13402
-7.09291,-0.0609894,5.64818
-6.92629,0.181808,5.83623
-6.88582,0.241318,5.90288
-6.86678,0.200851,5.79576
-6.79298,0.0532684,5.86479
-6.51448,-0.0324249,6.4456
-6.2693,0.12944,6.86693
-6.10744,0.134201,7.31682
-5.81703,-0.149063,7.59532
-5.71468,-0.617996,7.83812
-5.57185,-1.01314,8.3261
-5.35048,-0.934586,8.11186
-5.32668,-0.656082,7.54295
-5.22432,-0.539444,7.51201
-5.08864,-0.325211,7.59532
-3.45332,-0.70607,8.80931
-3.30336,-0.682266,9.02116
-3.05342,-0.865555,9.18779
-2.76778,-1.27022,9.60912
-2.37025,-1.67726,9.92808
-1.97035,-1.76534,10.1304
-1.60854,-1.88197,10.1923
-1.4919,-1.68202,10.0281
-1.58949,-1.45351,10.0043
-1.76326,-1.21547,9.9995
-1.71089,-1.09645,9.73289
-1.67043,-1.08931,9.47582
-1.61806,-1.30354,9.86382
-1.4062,-1.42732,10.0685
-1.06105,-1.40114,10.2661
-0.703995,-1.56062,10.4375
-0.485001,-1.68916,10.5684
-0.380264,-1.81532,10.447
-0.382645,-1.84627,10.2209
-0.494522,-1.52016,10.2113
1.23125,-1.35353,11.0588
1.02415,-1.00124,11.0183
1.04082,-0.76796,10.9897
1.10509,-0.908401,11.0421
1.29552,-0.979813,11.1683
1.45976,-1.09169,11.1421
1.51689,-1.40828,11.4301
1.66924,-1.67726,11.4111
1.82396,-1.77248,11.2754
1.87157,-1.61537,11.1564
1.66685,-1.4297,11.1349
1.49547,-1.39876,11.0611
1.45262,-1.27736,10.9683
1.43596,-1.175,10.9397
1.3336,-1.35829,10.7684
1.31932,-1.58205,10.7207
1.37645,-1.65346,10.6565
1.32646,-1.47731,10.5351
1.1646,-1.2845,10.4303
1.09081,-1.20357,10.4113
1.09081,-1.25356,10.278
1.12889,-1.20833,10.1709
1.07414,-1.03932,10.0376
1.01939,-0.979813,9.8781
0.936081,-1.05122,9.89952
0.959885,-1.06313,9.92094
1.00035,-1.19643,9.79002
1.07176,-1.27022,9.80193
1.02177,-1.27498,9.7924
1.01463,-1.19643,9.83049
1.08842,-1.2607,9.69481
1.02177,-1.2607,9.59007
1.06462,-1.26546,9.57817
0.957504,-1.25832,9.5377
0.983688,-1.34163,9.60435
0.978928,-1.2964,9.56865
0.976547,-1.28212,9.46629
0.907516,-1.27498,9.50676
1.03844,-1.36543,9.58531
1.05748,-1.33925,9.52342
1.06224,-1.37019,9.54008
1.06224,-1.27498,9.64244
1.0432,-1.26308,9.6353
1.0313,-1.31068,9.66148
1.03368,-1.37972,9.68529
1.11223,-1.56062,9.69719
1.23601,-1.56776,9.81621
1.23601,-1.43684,9.92333
1.26457,-1.4178,9.93047
1.29314,-1.36067,9.84477
1.22173,-1.25594,9.9995
1.19554,-1.35591,9.91142
1.1646,-1.38686,9.89714
1.12889,-1.394,9.85667
1.0789,-1.40828,9.83763
1.05272,-1.36305,9.82573
1.03606,-1.34639,9.84715
1.03844,-1.38448,9.76146
1.0432,-1.27736,9.83049
1.05034,-1.23927,9.74956
1.05034,-1.17738,9.78526
1.14317,-1.27022,9.85667
1.15031,-1.39876,9.82335
1.15031,-1.42494,9.71861
1.14555,-1.40114,9.78526
1.04558,-1.38924,9.70671
1.0789,-1.38686,9.69719
1.0551,-1.34639,9.69719
1.07652,-1.37019,9.73289
1.08366,-1.27498,9.67577
1.11223,-1.33925,9.79716
1.12413,-1.42018,9.73766
1.19078,-1.57729,9.78288
1.20982,-1.62013,9.81383
1.25743,-1.51302,9.81145
1.18602,-1.3821,9.8781
1.08604,-1.24879,9.86858
1.19316,-1.37733,9.80669
1.16222,-1.43684,9.79002
1.19316,-1.3821,9.89
1.15508,-1.41304,9.80669
1.13841,-1.48921,9.80669
1.11937,-1.43446,9.76384
1.11223,-1.38924,9.82097
1.0789,-1.41304,9.79716
1.0313,-1.42494,9.7805
1.08842,-1.39162,9.75908
1.05986,-1.36067,9.7686
1.10509,-1.29878,9.75908
1.07652,-1.38686,9.74718
1.13127,-1.40352,9.68767
1.10509,-1.37257,9.85667
1.0551,-1.31306,9.77574
1.00035,-1.31783,9.78526
1.05748,-1.34401,9.69957
1.11223,-1.41542,9.79955
1.15984,-1.37019,9.671
1.14793,-1.42494,9.69719
1.13365,-1.47255,9.75194
1.13841,-1.49159,9.74956
1.12175,-1.53206,9.79478
1.15269,-1.563,9.74004
1.08128,-1.52016,9.75432
1.09557,-1.43684,9.75194
1.067,-1.39638,9.71385
1.04082,-1.38686,9.68053
1.02892,-1.36067,9.65434
1.00749,-1.43922,9.68053
1.07652,-1.42494,9.71385
1.04082,-1.39162,9.72337
1.03368,-1.42494,9.72337
1.06224,-1.36543,9.74242
1.07652,-1.33211,9.74956
1.08842,-1.37733,9.79478
1.03368,-1.31068,9.70433
1.01701,-1.37972,9.7567
1.03368,-1.56776,9.76622
1.067,-1.56538,9.82335
1.10985,-1.40828,9.77336
1.11223,-1.4297,9.75908
1.10985,-1.41066,9.83763
1.11461,-1.46303,9.89238
1.15984,-1.44399,9.79478
1.15269,-1.41304,9.94237
1.12651,-1.45113,9.91856
1.10985,-1.46779,9.85905
1.05034,-1.52254,9.90666
1.10985,-1.53444,9.82811
1.07414,-1.61537,9.82811
1.05748,-1.56776,9.7448
1.10033,-1.38924,9.82097
1.13365,-1.42018,9.81859
1.12651,-1.43684,9.73527
1.08842,-1.46303,9.79716
1.07176,-1.48921,9.84477
1.07414,-1.50587,9.72813
1.0432,-1.52492,9.71861
1.02653,-1.63918,9.68053
1.06224,-1.62251,9.72575
1.01463,-1.56062,9.76146
0.943222,-1.47731,9.17827
0.988449,-1.38924,8.96641
0.997971,-1.36067,8.79741
0.986069,-1.32021,8.58556
1.02653,-1.20357,8.507
1.03368,-1.14644,8.26659
1.01463,-1.07503,8.02617
0.99321,-0.927444,7.80479
1.00987,-0.815567,7.69292
1.13127,-0.667984,7.64769
9.56136,-0.864365,3.92479
9.4709,-0.712021,3.5118
9.55898,-0.268082,3.09999
9.69347,-0.114548,2.76198
9.96602,0.00566101,2.68462
10.0838,-0.215714,2.72865
10.1791,-0.490646,2.53822
10.2398,-0.110977,2.40135
10.2564,0.25679,2.69533
10.2671,0.0175629,2.82863
-0.177933,-1.22737,9.14732
-0.0850983,-1.34044,9.24016
-0.0696259,-1.60942,9.25206
0.104141,-1.61061,9.47343
0.313614,-1.59752,9.66386
0.335037,-1.69511,9.76503
0.327896,-1.86769,9.9269
0.474289,-2.1938,9.94951
0.531418,-2.07835,9.97569
0.458817,-1.67964,10.065
0.41478,-1.64751,9.96022
0.400497,-1.92244,9.98997
0.517136,-2.20332,9.94356
0.455246,-1.82484,9.9269
0.430252,-1.52135,9.94237
0.464767,-1.60228,9.91023
0.508804,-1.88554,9.86501
0.508804,-1.85579,9.89119
0.460007,-1.58562,9.90666
0.436203,-1.54039,9.92808
0.437393,-1.78438,9.86382
0.513565,-1.84389,9.89
0.515945,-1.6725,9.87334
0.458817,-1.67845,9.91261
0.402878,-1.77248,9.86025
0.490952,-1.94981,9.7805
0.408829,-1.73439,9.79955
0.379074,-1.6725,9.73052
0.387405,-1.72606,9.76503
0.325516,-1.82722,9.71742
0.325516,-1.82484,9.75789
0.245773,-1.68559,9.72099
0.332657,-1.63322,9.77693
0.387405,-1.76295,9.77455
0.427872,-1.84746,9.82097
0.396927,-1.69273,9.78764
0.360031,-1.72606,9.80669
0.438583,-1.75105,9.83406
0.425491,-1.79509,9.82335
0.41835,-1.8665,9.72813
0.387405,-1.68678,9.80073
0.454056,-1.5392,9.76503
0.344559,-1.64513,9.75908
0.374313,-1.83199,9.69719
0.41954,-1.73082,9.76622
0.430252,-1.67607,9.82573
0.487381,-1.63084,9.81383
0.48381,-1.67488,9.80193
0.512375,-1.66893,9.81383
0.475479,-1.69035,9.79598
0.404068,-1.7094,9.85429
0.35527,-1.6963,9.77812
0.333847,-1.71773,9.79002
0.304092,-1.74272,9.81264
0.327896,-1.69511,9.81026
0.330276,-1.65822,9.8174
0.337418,-1.72368,9.81621
0.291,-1.68797,9.78407
0.28624,-1.62489,9.77574
0.317184,-1.79866,9.74361
0.333847,-1.6963,9.78883
0.401688,-1.69749,9.7805
0.423111,-1.79628,9.80431
0.377884,-1.91411,9.76384
0.394547,-1.75462,9.82335
0.360031,-1.69868,9.77217
0.439774,-1.82127,9.80193
0.361221,-1.88792,9.65315
0.386215,-1.75224,9.82573
0.348129,-1.7332,9.83763
0.396927,-1.70345,9.82097
0.41954,-1.68321,9.88405
0.440964,-1.71535,9.86144
0.344559,-1.69749,9.83406
0.320755,-1.81175,9.81264
0.298141,-1.77367,9.79716
0.271957,-1.78914,9.78883
0.269577,-1.67369,9.87572
0.238632,-1.65584,9.79121
0.262436,-1.76414,9.79836
0.381454,-1.81056,9.77455
0.337418,-1.78914,9.83406
0.326706,-1.68083,9.83525
0.337418,-1.7332,9.75789
0.336227,-1.80223,9.7805
0.35051,-1.74391,9.79716
0.320755,-1.70821,9.75194
0.35289,-1.71416,9.78407
0.312424,-1.61775,9.77574
0.231491,-1.57014,9.81978
0.369553,-1.79152,9.81026
0.35408,-1.76176,9.75075
0.311234,-1.66774,9.78764
0.295761,-1.62132,9.83644
0.333847,-1.71059,9.79478
0.326706,-1.77724,9.80312
0.312424,-1.63441,9.81859
0.301712,-1.65584,9.7924
0.28862,-1.72844,9.84001
0.35289,-1.79271,9.79478
0.320755,-1.64632,9.81859
0.251724,-1.56657,9.84477
0.283859,-1.69511,9.7805
0.304092,-1.75224,9.76622
0.301712,-1.71654,9.79359
0.308853,-1.61775,9.8293
0.283859,-1.58205,9.82097
0.269577,-1.69987,9.72218
0.295761,-1.80818,9.74718
0.307663,-1.782,9.77098
0.294571,-1.63799,9.80788
0.252914,-1.75819,9.79002
0.264816,-1.73082,9.81145
0.243393,-1.56419,9.84715
0.267197,-1.588,9.89952
0.357651,-1.75581,9.83882
0.337418,-1.87602,9.8781
0.279099,-1.65227,9.87215
0.274338,-1.63203,9.81978
0.308853,-1.77605,9.79121
0.285049,-1.79628,9.79598
0.235062,-1.61894,9.81145
0.189835,-1.65465,9.74837
0.199356,-1.64275,9.74956
0.237442,-1.74629,9.7924
0.263626,-1.73558,9.86739
0.308853,-1.77367,9.82573
0.258865,-1.77962,9.83049
0.301712,-1.82722,9.73885
0.348129,-1.76295,9.84239
0.271957,-1.67488,9.83882
0.264816,-1.76414,9.72932
0.233871,-1.73677,9.74004
0.277908,-1.72249,9.75313
0.213638,-1.61061,9.81502
0.207687,-1.59038,9.83406
0.216019,-1.68559,9.85905
0.258865,-1.78676,9.80907
0.269577,-1.73796,9.77574
0.219589,-1.70226,9.82335
0.256485,-1.64989,9.85072
0.230301,-1.75581,9.80193
0.260056,-1.78081,9.79478
0.283859,-1.6844,9.80907
0.262436,-1.72011,9.80788
0.227921,-1.782,9.72575
0.261246,-1.75938,9.78169
0.231491,-1.78557,9.78407
0.231491,-1.75343,9.78169
0.291,-1.68202,9.7567
0.244583,-1.62608,9.79002
0.191025,-1.70107,9.7805
0.183884,-1.72249,9.8174
0.237442,-1.67488,9.85429
0.171982,-1.73796,9.80907
0.206497,-1.82722,9.80669
0.198166,-1.68797,9.84715
0.236252,-1.7094,9.85548
0.220779,-1.79985,9.84477
0.207687,-1.92006,9.77574
0.181503,-1.76891,9.74123
0.164841,-1.588,9.78288
0.236252,-1.70107,9.77931
0.252914,-1.78081,9.7567
0.256485,-1.80818,9.79955
0.22673,-1.59871,9.92928
0.227921,-1.66298,9.86858
0.293381,-1.94386,9.82692
0.16008,-1.65465,9.82692
0.151749,-1.50825,9.79836
0.145798,-1.72011,9.8293
0.270767,-1.9879,9.85429
0.244583,-1.7213,9.89238
0.176743,-1.62013,9.85667
0.107712,-1.66774,9.7198
0.193405,-1.91173,9.68648
0.204117,-1.72249,9.78883
0.166031,-1.59514,9.75075
0.201736,-1.63203,9.76384
0.254105,-1.60704,9.78169
0.214828,-1.44399,9.8055
0.0970001,-1.17024,9.84953
-0.0172577,-1.21309,9.69362
-0.00416565,-1.94386,9.35561
-0.142227,-2.78651,8.76527
-0.304092,-3.86244,8.22969
-0.136276,-5.52989,7.68816
0.1577,-6.87956,7.09544
0.320755,-7.40443,6.61461
0.196976,-7.4211,5.65056
-0.0172577,-8.18282,5.04118
0.0791473,-9.15401,3.99739
0.176743,-10.3835,3.07976
0.0803375,-10.1347,2.54655
-0.330276,-9.47893,2.09904
-0.475479,-9.27898,1.06001
-0.456436,-9.26231,-0.527695
-0.593307,-9.99547,-2.01781
-0.725418,-10.3263,-2.76048
-0.73851,-9.85741,-3.20799
-0.584976,-8.78029,-4.45055
-0.437393,-8.22685,-4.91353
-0.41835,-8.10188,-5.60503
-0.360031,-7.54607,-6.46077
-0.407639,-7.08665,-7.257
-0.464767,-6.94978,-8.10918
-0.493332,-6.94502,-8.32579
-0.583786,-6.22496,-8.47337
-0.669479,-5.18117,-8.51146
-0.767075,-4.83125,-9.05656
-0.718277,-5.493,-9.48384
-0.888474,-5.88219,-9.08751
-0.947983,-4.87053,-8.83519
-0.896805,-4.58727,-8.73402
-0.832535,-4.83958,-8.93755
-0.846817,-5.39064,-9.06847
-0.861099,-5.72151,-9.05894
-0.834915,-5.59297,-8.73045
-0.778976,-5.28352,-8.1544
-0.73851,-5.42873,-8.27818
-0.631393,-6.07381,-9.16844
-0.531418,-7.1533,-9.55644
-0.593307,-7.55559,-9.08751
-0.469528,-6.84981,-8.12822
-0.429062,-6.4987,-7.04039
-0.599258,-7.15926,-6.28224
-0.605209,-8.10902,-5.93471
-0.411209,-8.97072,-5.64549
-0.405258,-9.54796,-4.90758
-0.420731,-9.20161,-3.78523
-0.340988,-8.77077,-2.51888
-0.312424,-8.81004,-1.73216
-0.291,-9.65626,-1.44295
-0.177933,-10.1883,-0.976395
-0.127945,-9.95262,-0.764542
-0.0374908,-9.9431,-0.246811
-0.0731964,-10.024,0.630356
0.0124969,-9.66698,1.57179
0.241013,-9.38252,2.60963
0.0172577,-8.86955,3.61058
-0.0589142,-8.51845,4.01643
0.00773621,-8.84575,4.52821
0.131516,-8.73387,5.07094
0.194595,-8.03523,5.60533
0.233871,-7.36397,6.09926
0.345749,-7.72221,6.47179
0.342178,-6.4868,7.1371
0.0482025,-5.69771,7.16923
0.219589,-4.73009,7.31087
0.0565338,-2.77342,8.30705
0.144608,-1.97362,8.19518
0.972977,0.330582,9.08662
0.702805,2.33366,10.2304
1.06343,2.38722,10.6934
1.69423,1.42198,10.4137
1.8918,0.816177,10.0911
1.97035,1.17561,10.1209
1.79659,1.65407,10.4339
1.68114,1.68977,10.3304
1.39906,1.42317,10.1376
1.30147,0.764999,9.74956
1.16698,0.293686,9.6841
1.3217,0.0330353,9.73289
1.3098,0.302017,9.87691
1.16103,0.330582,9.97331
1.28838,-0.224045,9.64006
1.31218,-0.291885,9.71028
1.20863,-0.0217133,9.97331
1.21815,0.185379,10.009
1.04439,0.57695,10.0316
1.02773,0.588852,9.9626
1.11104,0.392471,9.88405
1.08128,0.403183,9.82692
1.13008,0.181808,9.76622
1.08604,0.25322,9.95546
1.02296,0.0580292,9.83882
1.01344,-0.0621796,9.80788
1.04201,-0.077652,9.696
0.99678,-0.0193329,9.73766
1.07295,-0.000289917,9.65791
0.974167,0.0723114,9.76146
1.01582,-0.0312347,9.76027
0.99202,-0.00505066,9.84001
1.03725,0.0639801,9.9388
1.01463,-0.013382,9.75789
1.05867,-0.166916,9.69481
1.0551,0.000900269,9.85072
1.02534,0.0223236,9.86144
1.06224,-0.0836029,9.78169
1.00154,-0.19429,9.73409
0.99202,-0.177628,9.84477
0.972977,-0.0943146,9.76741
0.950363,0.0151825,9.76146
0.99678,-0.0550385,9.81026
0.977737,-0.19429,9.87929
1.03963,-0.313309,9.81621
1.00511,-0.135971,9.83525
1.05391,-0.0383759,9.86501
1.00868,-0.0348053,9.82692
1.12651,-0.221664,9.79121
1.04439,-0.151443,9.78526
1.05153,-0.187149,9.84001
0.989639,-0.0812225,9.91142
0.943222,-0.0324249,9.86501
0.880142,-0.137161,9.7567
0.971786,-0.240707,9.74004
0.901566,-0.25975,9.81145
0.905136,-0.331161,9.82692
0.925369,-0.445419,9.76265
0.909897,-0.346634,9.80788
0.896805,-0.290695,9.76503
0.855148,-0.264511,9.82573
0.86705,-0.282364,9.74837
0.849197,-0.294266,9.74361
0.807541,-0.239517,9.73527
0.751602,-0.172867,9.69124
0.765884,-0.144302,9.80073
0.807541,-0.19072,9.90428
0.939651,-0.229996,9.87334
1.00154,-0.165726,9.93642
1.01463,-0.096695,10.0792
1.02415,-0.221664,10.0352
0.970596,-0.185959,10.1411
0.933701,-0.0740814,10.1911
0.9944,-0.174057,10.1947
1.02296,-0.274033,10.159
0.93132,-0.246658,10.0352
0.895615,-0.262131,10.0043
0.92894,-0.187149,9.94118
0.794449,0.0282745,9.95308
0.901566,-0.419235,9.86144
0.955124,-0.493027,9.85905
0.893234,-0.366867,9.86144
0.858719,-0.263321,9.86739
0.896805,-0.301407,9.96974
1.06581,-0.617996,9.92571
0.925369,-0.488266,9.94832
0.922989,-0.441849,9.93523
0.969406,-0.77034,9.74242
0.827774,-0.584671,9.8662
0.897995,-0.438278,9.84477
0.742081,-0.437088,9.78526
0.605209,-0.394241,9.75789
0.499283,-0.283554,9.67815
0.469528,-0.307358,9.69719
0.229111,-0.246658,9.63768
0.461197,-0.507309,9.63173
0.531418,-0.666794,9.48177
0.433823,-0.709641,9.63173
0.557602,-0.569199,9.70909
0.633774,-0.540634,9.73409
0.988449,-0.672745,9.89714
0.983688,-0.478745,9.86977
0.899185,-0.382339,9.86144
0.902756,-0.307358,9.90785
0.768265,-0.212143,9.95427
0.753983,-0.284744,9.91618
0.792068,-0.287125,10.0031
0.8004,-0.0919342,10.0281
0.657578,-0.226425,9.96855
0.643295,-0.389481,10.8493
0.700424,-0.288315,10.6029
0.724228,-0.0788422,10.4149
0.719467,-0.039566,9.88048
0.648056,0.207993,9.35799
1.0063,1.22917,9.2842
0.99321,2.14919,9.18184
1.08247,2.82402,8.94261
1.29195,3.12752,8.70933
1.30266,3.82854,8.50462
1.2729,3.62978,8.50462
1.97273,3.90947,8.35347
2.03105,4.69023,7.99879
1.66566,5.07109,7.53581
1.62044,4.84734,7.00618
1.75731,5.56621,6.80504
1.4919,6.46956,6.70149
1.25029,6.10179,5.85884
1.75136,6.03276,5.37563
1.84181,6.41005,5.23042
1.53236,6.8159,4.28184
1.59306,6.93968,3.76054
1.97392,7.53835,4.05809
1.46571,8.68925,3.74269
1.84776,9.20223,2.69771
1.88228,9.10939,2.08952
1.86205,9.29982,2.71437
1.65733,8.93443,1.98003
1.70732,8.86302,1.00288
1.65614,9.11891,0.588699
1.72755,9.0713,0.372086
1.67162,8.88802,0.294724
1.61211,8.75234,0.0257416
1.37883,8.99156,-0.590775
1.40025,9.02251,-0.990677
1.59782,9.04512,-0.950211
1.649,9.17128,-0.69194
1.63472,8.95705,-0.730026
1.70613,9.06178,-0.699081
1.80254,9.12724,-0.769302
1.98582,8.93086,-1.05376
1.76088,9.14391,-0.451523
1.70256,9.15462,-0.0361481
1.7466,9.60213,-0.259903
1.8073,9.3986,-0.802628
1.93108,9.31767,-0.683609
1.93822,9.63188,-0.151596
1.89894,10.1163,-0.0873261
1.84895,9.64021,-0.188492
1.84657,10.2186,0.523239
1.9287,10.8673,1.03621
2.27861,10.0782,0.78508
1.95369,9.54738,0.65773
1.50261,9.38908,1.77888
1.60139,9.03084,2.69057
1.55617,7.83708,3.53322
2.55711,7.62999,4.16997
2.66899,8.43813,5.08998
1.89418,8.99632,5.27803
0.643295,6.52669,5.25542
1.80492,4.14513,5.60057
1.99059,5.70427,6.75624
1.60139,7.23604,7.20137
0.813492,7.12773,7.46916
1.08128,5.6638,7.79646
2.14174,3.17036,7.85002
1.68709,2.33961,7.54652
0.445725,2.23607,8.17256
1.06343,2.09087,9.42107
1.48119,2.23012,9.74718
0.798019,1.95757,8.92595
-0.0601044,1.51958,8.87239
0.0946198,1.72429,9.97688
0.212448,1.77666,10.0888
-0.246964,1.38271,9.93047
-0.141037,0.487686,9.69124
0.450485,0.468643,10.1626
0.67662,0.800705,10.3732
0.620682,0.392471,10.1197
0.73494,-0.420425,9.72694
1.27528,-0.465652,9.89
1.09914,0.594803,10.0031
0.728989,1.05421,10.09
0.796829,0.70668,9.87453
0.819443,0.136581,9.55675
0.881332,-0.247849,9.40202
0.858719,0.281784,9.70671
0.817062,0.905441,9.8531
0.840866,0.70787,9.84239
0.953934,0.194901,9.72932
1.01582,0.069931,9.78883
0.958694,0.466263,9.86144
0.938461,0.64003,9.96855
0.905136,0.497208,9.86739
0.894424,0.423416,9.83644
0.859909,0.687637,9.80907
0.806351,0.655502,9.71028
0.855148,0.437698,9.73885
0.982498,0.153244,9.80431
1.01939,0.31868,9.89238
1.01463,0.691208,9.96379
1.0432,0.64122,9.89833
1.03606,0.431747,9.80073
0.99678,0.32106,9.83525
1.07771,0.412704,9.94832
1.02892,0.517441,9.88048
0.976547,0.473404,9.72575
1.02892,0.553146,9.74956
0.958694,0.509109,9.71385
0.986069,0.455551,9.73766
0.907516,0.546005,9.83168
0.949173,0.686447,9.80312
0.99321,0.567429,9.71147
0.902756,0.456741,9.79598
0.933701,0.523392,9.87453
1.00273,0.622177,9.91618
1.05034,0.661453,9.84358
0.93132,0.526962,9.75075
0.953934,0.387711,9.77812
1.02534,0.330582,9.7686
0.984879,0.535294,9.8412
0.956314,0.624557,9.81978
1.02415,0.466263,9.73527
1.0182,0.459122,9.79955
1.02177,0.529343,9.84358
1.09676,0.546005,9.86501
1.06462,0.57576,9.81383
1.04915,0.405563,9.71266
0.983688,0.416275,9.68886
0.971786,0.469833,9.71266
0.934891,0.471024,9.71147
1.03249,0.529343,9.73409
1.05867,0.57695,9.73052
0.894424,0.606705,9.74242
0.937271,0.543625,9.7448
1.02058,0.463882,9.71028
1.04082,0.517441,9.76027
1.02177,0.609085,9.72456
0.917038,0.485306,9.77931
0.967026,0.418655,9.82811
0.997971,0.442459,9.76146
0.976547,0.378189,9.85191
0.969406,0.328201,9.85072
1.03368,0.375809,9.93999
1.07295,0.551956,9.94832
0.950363,0.616226,9.87096
0.93013,0.484116,9.78764
1.02415,0.376999,9.80193
0.980118,0.399612,9.73766
0.909897,0.44841,9.69243
0.890854,0.412704,9.68529
0.853958,0.392471,9.75432
0.940842,0.348434,9.79836
0.989639,0.438889,9.82335
0.922989,0.331772,9.76979
0.949173,0.215134,9.8055
1.06462,0.0961151,9.76265
1.01225,0.19252,9.80431
0.945602,0.19252,9.8412
0.914658,0.0901642,9.85429
0.976547,0.0139923,9.85786
0.922989,0.227036,9.98521
0.874191,0.279404,9.90785
0.906326,0.150864,9.88405
0.959885,0.116348,9.82216
0.870621,0.277023,9.86977
0.843246,0.422226,9.82454
0.881332,0.437698,9.87096
0.909897,0.31868,9.79598
0.945602,0.263931,9.7924
0.873001,0.261551,9.7317
0.888474,0.271072,9.77574
0.93013,0.337723,9.75789
0.86705,0.298447,9.74837
0.920609,0.277023,9.79716
0.855148,0.261551,9.70671
0.846817,0.280594,9.81502
0.884903,0.262741,9.86144
0.93132,0.368668,9.88405
0.869431,0.315109,9.81859
0.86348,0.206802,9.79955
0.908707,0.228226,9.83049
0.784927,0.261551,9.80312
0.807541,0.224655,9.79716
0.796829,0.25798,9.76265
0.817062,0.269882,9.71742
0.883713,0.269882,9.74837
0.846817,0.368668,9.85429
0.914658,0.335342,9.81264
1.00035,0.175858,9.74956
0.999161,0.174667,9.75551
0.965836,0.343674,9.81502
0.946793,0.486496,9.87929
0.989639,0.44722,9.82454
0.975357,0.310349,9.72932
0.905136,0.267502,9.74718
0.93013,0.399612,9.78288
0.906326,0.550766,9.78288
0.814682,0.367477,9.73885
0.818253,0.284164,9.77931
0.911087,0.340103,9.89
0.881332,0.391281,9.85905
0.887283,0.311539,9.92571
0.946793,0.241318,9.90666
1.00392,0.211563,9.86501
0.949173,0.178238,9.87215
0.951553,0.213943,9.83882
0.907516,0.260361,9.86501
0.918228,0.243698,9.81978
0.840866,0.161575,9.77693
0.86705,0.249649,9.86025
0.882523,0.332962,9.80431
0.850388,0.31868,9.76741
0.889664,0.238937,9.84001
0.896805,0.246078,9.82811
0.882523,0.306778,9.84596
0.877762,0.353195,9.89952
0.832535,0.51268,9.83168
0.833725,0.784042,10.009
0.809921,0.868546,10.2161
0.762314,0.584091,10.2102
0.731369,-0.237137,9.91499
0.787308,-1.64156,9.19969
0.759934,-3.07216,8.39513
0.8004,-4.4016,7.58818
0.876572,-6.00002,6.73601
0.589737,-6.91051,5.60533
0.392166,-7.6508,4.38896
0.318375,-7.80315,3.09047
0.189835,-8.54939,1.25996
0.0279694,-9.98119,-0.69075
0.0351105,-11.3261,-2.12016
0.0601044,-10.5037,-2.53554
-0.261246,-8.8886,-3.18895
-0.427872,-8.23518,-4.46721
-0.320755,-8.21495,-5.93114
-0.582596,-8.1114,-7.06657
-0.584976,-8.37205,-6.8452
-0.410019,-7.37111,-6.35246
-0.781357,-5.59297,-7.2451
-0.683762,-5.83458,-8.20677
-0.425491,-6.2928,-8.83043
-0.762314,-6.11308,-9.26009
-1.01106,-6.05238,-9.28151
-0.937271,-6.0988,-9.30293
-0.990829,-6.1357,-9.20296
-0.922989,-6.08452,-8.98991
-0.943222,-6.24995,-9.04347
-0.983688,-7.01643,-9.14583
-0.873001,-7.65437,-8.92207
-0.906326,-7.76863,-8.79353
-1.04915,-7.98405,-8.62572
-0.815872,-8.57439,-8.23891
-0.48024,-9.3361,-7.12132
-0.346939,-9.70506,-6.36794
-0.277908,-9.66103,-5.40508
-0.0791473,-9.4218,-3.64241
0.187454,-9.12663,-2.0071
0.22197,-9.0457,-0.530075
0.299332,-9.28374,0.777939
0.445725,-9.13615,1.93837
0.41478,-8.01857,3.21425
0.587357,-7.03667,3.91408
0.701614,-6.51537,5.12569
0.861099,-5.04787,6.38252
1.19435,-3.63512,7.60841
0.824203,-3.29234,7.3192
1.23958,-2.97456,7.50725
1.23244,-0.96077,8.3499
1.11699,0.699539,9.0164
0.896805,1.38152,8.8831
1.18126,1.13634,8.17851
1.48357,2.62645,8.45106
1.30623,5.25438,9.45915
1.10152,5.7245,9.3687
1.60258,5.18059,8.85097
1.3943,5.88875,9.10924
1.28123,6.44695,9.17946
0.952744,6.26485,8.90095
1.06938,4.99492,8.32371
1.03606,4.16298,8.3011
0.838486,4.17726,8.57841
0.989639,4.11418,8.71291
1.13603,4.11894,9.12352
1.48357,3.17632,8.45106
1.5157,2.78236,8.77837
1.38478,3.24059,9.32347
1.42168,3.43816,9.41035
1.34669,3.30724,9.37584
1.43477,2.73833,9.10329
1.26695,2.83116,9.40678
1.2979,2.76451,9.40202
1.19078,2.69072,9.39488
1.2122,2.56694,9.39726
1.13365,2.48839,9.43535
1.13603,2.28368,9.28538
1.28838,2.15514,9.14494
1.28362,2.17656,9.19969
1.3098,2.43602,9.27348
1.21935,2.5598,9.34727
1.15269,2.52885,9.29729
1.17174,2.47173,9.32823
1.1765,2.49553,9.42583
1.21458,2.57646,9.31157
1.21935,2.55028,9.29253
1.24077,2.31462,9.13542
1.24077,2.1956,9.10924
1.17174,2.16704,9.22111
1.24077,2.21465,9.2592
1.22411,2.34557,9.46391
1.1765,2.55266,9.5377
1.27647,2.63597,9.54961
1.21935,2.55266,9.52342
1.14793,2.54076,9.55437
1.17412,2.27177,9.39964
1.25029,2.02422,9.25206
1.19078,2.09087,9.40678
1.19792,2.24559,9.502
1.23839,2.46458,9.58769
1.20982,2.53123,9.54723
1.19078,2.47173,9.55913
1.23125,2.45268,9.53294
1.1884,2.33842,9.49962
1.1765,2.28368,9.48058
1.22649,2.0623,9.29015
1.3217,1.92186,9.29491
1.30266,2.02422,9.33061
1.26933,2.2932,9.34489
1.18364,2.38365,9.41155
1.1765,2.4503,9.54008
1.17174,2.43364,9.45677
1.12889,2.41936,9.502
1.2003,2.32414,9.6234
1.22411,2.26701,9.41155
1.26457,2.1837,9.37346
1.26933,2.10039,9.29015
1.27647,2.09563,9.33061
1.16936,2.18846,9.31157
1.13841,2.20988,9.34489
1.10747,2.17418,9.32347
1.23839,2.14323,9.37346
1.21458,2.09801,9.41631
1.23839,2.03374,9.47343
1.25743,2.0623,9.45201
1.1884,2.07896,9.44963
1.21696,2.04564,9.41631
1.23839,2.05516,9.43059
1.20268,1.98137,9.3925
1.21696,1.98137,9.44487
1.16936,2.00041,9.3806
1.10509,2.04088,9.42583
1.10271,2.12657,9.42107
1.06224,2.14085,9.46391
1.08842,2.09325,9.49486
1.12651,1.96233,9.46391
1.15508,1.82903,9.39012
1.12889,1.88853,9.42345
1.13841,2.09325,9.5258
1.20268,2.17656,9.63768
1.23125,2.20512,9.65434
1.19078,2.24321,9.60674
1.23125,2.12419,9.54246
1.26219,1.96709,9.52342
1.2122,1.80046,9.54485
1.22173,1.8076,9.48296
1.18602,1.90996,9.56627
1.19792,1.95042,9.57103
1.15984,2.07182,9.57579
1.17888,2.1718,9.5139
1.18602,2.10991,9.44487
1.17888,1.98613,9.52104
1.15031,1.85759,9.5258
1.16936,1.93852,9.52342
1.14793,1.92662,9.54246
1.14555,1.96709,9.47819
1.15269,1.95995,9.45915
1.1765,1.92424,9.42345
1.21696,1.94566,9.4901
1.12175,2.03136,9.49962
1.11699,2.07896,9.54246
1.13841,2.05278,9.51866
1.14555,1.98137,9.45439
1.19316,1.86235,9.43773
1.15746,1.84807,9.42107
1.04558,1.83617,9.3806
1.03844,1.83379,9.45915
1.15031,1.71953,9.45201
1.25505,1.72667,9.36632
1.29076,1.78618,9.31395
1.23601,1.90758,9.43297
1.24077,2.05754,9.43059
1.13603,2.0385,9.39012
1.15746,1.91948,9.45439
1.19554,1.96947,9.48058
1.2122,1.96233,9.53056
1.18126,1.95518,9.59007
1.18364,2.05992,9.59245
1.16698,2.14085,9.49962
1.14317,2.13133,9.53056
1.1884,2.0742,9.57103
1.15031,2.20274,9.48772
1.17412,2.17656,9.54246
1.26933,2.04326,9.46391
1.23601,1.97185,9.38536
1.1765,2.08372,9.51152
1.21935,2.11467,9.44487
1.20744,2.11467,9.47582
1.21458,2.11705,9.54961
1.19554,2.04802,9.46629
1.21696,2.04088,9.49248
1.24315,2.18846,9.48296
1.21935,2.21465,9.55675
1.24553,2.20512,9.58531
1.27647,2.06944,9.44249
1.31932,1.97423,9.38298
1.30028,1.98137,9.44011
1.25743,1.96709,9.4901
1.22887,2.02422,9.41631
1.1765,2.10515,9.44487
1.21696,2.15276,9.39488
1.18602,2.12419,9.43059
1.13841,2.10277,9.37822
1.13365,2.15276,9.36156
1.16936,2.09801,9.3925
1.15984,2.10991,9.35918
1.18602,2.1837,9.41155
1.06938,2.23369,9.44725
1.0551,2.29082,9.41393
1.00273,2.31462,9.43773
0.897995,2.1599,9.22826
1.70732,3.06206,8.95927
1.76921,4.10466,9.1021
1.78825,4.68785,9.19255
1.66209,4.61168,8.65697
1.88347,4.54741,8.3261
2.09056,4.54027,8.03093
2.12865,4.49504,7.57152
2.16911,4.80449,7.49297
2.06676,5.18535,7.17162
1.99535,5.75426,7.10973
1.93822,6.47313,6.88359
1.76207,6.95634,6.57414
1.61925,7.33244,6.08855
1.40501,7.40147,5.81718
1.35265,7.43004,5.51726
1.48119,7.11107,5.13878
1.64543,7.08965,4.91978
1.64781,7.22295,4.89598
1.53117,7.63951,4.61748
1.60735,8.08702,4.37468
1.65019,8.47502,3.83672
1.68352,8.59166,3.66771
1.69304,8.36791,3.21306
1.9525,8.53929,3.01787
2.04533,8.4893,2.80363
1.61687,8.51787,2.40135
1.48357,9.02489,2.03477
1.25267,9.45573,1.54918
1.11699,9.50334,1.38017
1.30028,9.64854,0.85173
1.73827,8.73686,-0.778824
1.51451,8.76543,0.475632
2.22148,8.1989,0.192368
1.46214,8.8178,-0.269424
1.71446,9.10344,-0.148026
2.20958,9.12248,-0.252762
2.07866,9.36766,-0.333694
1.75731,9.67473,-0.419388
1.85252,9.37004,-0.347977
2.03105,8.80589,-0.471756
1.99297,9.07488,-1.59053
1.95964,8.88921,-1.69527
2.12865,9.05107,-1.7762
2.05009,8.99156,-1.79286
2.11674,9.32243,-1.72859
1.95964,9.65093,-1.64052
1.79539,9.47002,-1.73097
2.04295,9.27959,-1.83809
2.13341,9.26292,-1.57149
2.06438,9.351,-1.55482
2.00963,9.37956,-1.60005
2.0977,9.38194,-1.30489
2.03105,9.54381,-1.55244
2.05247,9.47478,-1.53102
2.19054,9.64616,-1.42867
2.04533,10.0294,-1.14778
2.00249,10.1008,-1.03352
2.13103,10.1532,-0.897842
2.04771,10.0008,-1.00258
2.15959,9.65807,-0.81691
2.33336,9.78185,-0.443192
2.22386,10.2627,-0.324173
2.06438,10.2436,-0.293228
2.20244,10.3508,-0.0337677
2.13579,10.5221,-0.0789948
1.70732,10.3293,-0.0694733
1.92155,9.76042,0.539902
2.13817,9.28911,1.24925
2.16673,8.93681,1.37541
2.25243,9.10582,1.80864
1.20982,7.60619,4.77458
1.21935,7.57524,5.59105
1.64781,7.87041,6.63841
1.82872,7.87755,7.09068
2.01201,7.58238,7.00023
2.27623,7.64903,6.94072
2.41905,7.48003,6.77885
2.21672,7.16344,6.63127
1.4312,6.0399,6.19566
1.1765,5.08299,6.786
1.41216,-2.56752,9.22826
1.7097,-2.67464,9.44011
1.84062,-2.339,9.48772
1.79778,-1.71773,9.47819
1.53593,-1.42732,9.41393
1.29314,-1.48207,9.43773
1.3217,-1.86769,9.62578
1.62163,-2.00337,9.89
1.81444,-1.81056,9.99474
1.78825,-1.49635,9.83049
1.19316,-1.34877,9.50676
1.22411,-1.59395,9.54961
1.36693,-1.54872,9.58293
1.26695,-1.36067,9.54008
1.20744,-1.19881,9.58293
0.99559,-1.07979,9.77574
1.01225,-1.11787,9.80669
1.17174,-1.0179,9.95665
1.17412,-0.96077,9.97807
1.06462,-0.989334,9.93999
1.20506,-1.22499,9.80907
1.3217,-1.18929,9.80669
1.35979,-1.15834,9.80669
1.30742,-1.17262,9.72813
1.25981,-1.11311,9.69005
1.15746,-1.19167,9.671
1.10747,-1.16072,9.73766
1.16936,-1.17262,9.69719
1.21458,-1.11549,9.70909
1.20268,-1.08693,9.65434
1.17412,-0.906021,9.68529
1.1646,-0.920303,9.72575
1.19554,-0.922684,9.69719
1.16222,-0.939346,9.56865
1.17412,-0.996475,9.59007
1.19554,-1.06075,9.67815
1.1884,-1.01076,9.81145
1.21458,-0.96077,9.88048
1.20982,-0.944107,9.80907
1.16936,-0.903641,9.70909
1.30028,-0.882217,9.69243
1.26695,-0.860794,9.70433
1.1646,-0.884598,9.64006
1.07414,-0.879837,9.67339
1.06938,-1.00838,9.58293
1.07652,-1.05122,9.54723
1.15984,-0.991715,9.61626
1.13603,-1.006,9.60197
1.19316,-1.06313,9.62578
1.22887,-1.00362,9.67815
1.29076,-0.76796,9.94713
1.25029,-0.784622,9.97807
1.23363,-0.865555,9.91618
1.21458,-0.915543,9.93285
1.25029,-0.839371,9.91856
1.34789,-0.865555,9.96617
1.40263,-0.863174,9.93999
1.39549,-0.8965,9.84001
1.46214,-0.8965,9.83049
1.40263,-0.846512,9.84477
1.39073,-0.932205,9.83763
1.32884,-0.884598,9.87572
1.35027,-0.953629,9.97569
1.37407,-0.910782,9.90666
1.37407,-0.922684,9.87334
1.33836,-0.844131,9.72813
1.37645,-0.765579,9.68767
1.31694,-0.794144,9.75194
1.35265,-0.777481,9.74004
1.33598,-0.722733,9.70433
1.44072,-0.57753,9.80907
1.52403,-0.629898,9.6472
1.53355,-0.758438,9.64958
1.53831,-0.829849,9.68529
1.53593,-0.884598,9.75432
1.55498,-0.948868,9.89714
1.49785,-0.848892,9.89238
1.65495,-0.63942,9.99474
1.7216,-0.565628,9.97807
1.68114,-0.484695,9.85191
1.47404,-0.553726,9.74956
1.4193,-0.51564,9.63292
1.36217,-0.482315,9.71385
1.44072,-0.460892,9.67815
1.50499,-0.51088,9.57817
1.4312,-0.539444,9.6234
1.40501,-0.625137,9.67339
1.3336,-0.625137,9.70671
1.36931,-0.620377,9.69005
1.45976,-0.534683,9.7686
1.06224,-0.25856,9.78526
1.13127,-0.325211,9.91142
1.16698,-0.363297,9.89952
1.14317,-0.351395,9.96855
1.15031,-0.337112,10.0947
1.14079,-0.265701,10.0828
1.16222,-0.289505,10.04
1.03844,-0.325211,10.0352
0.978928,-0.389481,9.99235
1.03368,-0.334732,10.0233
1.00749,-0.446609,9.79955
1.10033,-0.3871,9.81383
1.35979,-0.279984,9.77574
1.56926,-0.0728912,9.69005
1.63591,-0.0681305,9.57579
1.70732,-0.120499,9.57103
1.61211,-0.270462,9.52342
1.74303,-0.32283,9.62102
1.90013,-0.341873,9.70195
1.90489,-0.382339,9.78526
1.14555,-0.687027,9.16637
1.16222,-0.722733,9.3687
1.31456,-0.729874,9.61626
1.40501,-0.734634,9.56151
1.50261,-0.687027,9.45439
1.46452,-0.844131,9.38774
1.47643,-0.96315,9.2473
1.50261,-1.09883,9.23778
1.43834,-1.17976,9.33299
1.47643,-1.22499,9.27348
1.52403,-1.22023,9.13542
1.54784,-1.25594,8.99498
1.57164,-1.29164,8.79265
1.69542,-1.35829,8.63316
1.82158,-1.34639,8.507
1.8073,-1.51302,8.35466
1.84062,-1.62251,8.34038
1.86681,-1.53444,8.26421
1.81444,-1.54634,8.0952
1.64781,-1.57252,8.07854
2.42857,-2.85078,10.2709
2.51903,-2.89839,10.5779
2.56664,-2.82698,10.7112
2.62614,-2.88411,10.8183
2.75468,-2.93886,10.8469
2.84752,-3.04121,11.273
3.07603,-2.9817,11.7634
3.2617,-2.92934,11.8038
3.33549,-2.62465,11.8633
3.34026,-2.47707,11.8371
1.16936,1.97423,9.6234
-0.256485,2.22417,8.19518
-0.813492,2.41936,7.63817
-1.14912,2.32414,7.66197
-1.2491,2.12657,7.52391
-1.25624,1.97661,7.31206
-1.18959,1.76714,7.09782
-1.10152,1.84331,6.786
-1.35146,2.0504,6.62651
-1.72041,2.21465,6.50749
-3.05104,0.805466,5.8886
-2.9106,1.16014,5.87669
-2.94868,1.4315,5.87431
-3.22243,1.41246,5.96715
-3.50093,1.13158,5.88384
-3.64137,0.657883,5.89336
-3.51759,0.0627899,5.86241
-3.38429,-0.327591,5.66722
-3.26289,-0.51088,5.46013
-3.37953,-0.765579,5.45537
-3.48903,-0.794144,5.45061
-3.65327,-0.839371,5.49345
-3.32478,-2.46754,6.35515
-3.10579,-2.60085,6.50987
-2.85585,-2.88649,6.65984
-2.73921,-3.15785,6.89311
-2.57497,-3.42683,7.13115
-2.57259,-3.52205,7.38347
-2.48927,-3.51967,7.79765
-2.22981,-3.42683,7.99998
-2.03462,-3.49586,8.03569
-2.1703,-3.63155,7.95714
-0.775406,-5.08833,9.38298
-0.268387,-5.07167,9.35204
-0.589737,-4.76222,9.38536
-1.57759,-4.45515,9.50438
-1.95131,-4.30519,9.75432
-1.56331,-4.44087,10.0471
-0.851578,-4.80745,10.2256
-0.268387,-5.01692,10.7446
0.038681,-5.20973,10.7779
-0.132706,-5.27162,10.5541
1.8311,-4.7646,10.7969
2.19768,-4.19331,10.9588
1.86443,-3.33638,10.9683
1.36693,-2.558,11.0445
1.13603,-2.15334,11.1992
1.1884,-2.10811,11.254
1.34789,-2.36043,11.3492
1.60258,-2.75319,11.2516
1.77873,-2.90077,11.004
1.73827,-2.9341,10.8183
1.98344,-1.94148,9.99235
1.98106,-1.96529,9.87096
1.90013,-1.99861,9.80193
1.88823,-1.97481,9.72813
1.843,-1.93672,9.69005
1.76921,-1.87245,9.74956
1.74065,-1.82484,9.78288
1.80968,-1.76534,9.64244
1.73589,-1.72249,9.62816
1.70256,-1.70345,9.57341
1.55736,-2.25093,9.41393
1.48357,-2.36757,9.41631
1.52403,-2.35091,9.38298
1.51451,-2.41042,9.34013
1.48595,-2.41756,9.34251
1.51213,-2.39613,9.39012
1.49309,-2.38661,9.34966
1.49785,-2.38899,9.44963
1.51451,-2.41518,9.47819
1.51689,-2.42708,9.47582
1.58592,-2.54372,9.55437
1.61449,-2.50087,9.53294
1.5526,-2.47231,9.59245
1.61211,-2.41042,9.52818
1.62877,-2.33424,9.671
1.55022,-2.40089,9.6234
1.53593,-2.36995,9.63768
1.55736,-2.40089,9.6353
1.55022,-2.34853,9.58055
1.53355,-2.39613,9.58769
1.46452,-2.37709,9.58531
1.37645,-2.30092,9.54008
1.41454,-2.33662,9.54008
1.39787,-2.39375,9.54008
1.41454,-2.41756,9.59007
1.36931,-2.43898,9.51866
1.37169,-2.38423,9.56151
1.37883,-2.36043,9.54961
1.39549,-2.35805,9.53056
1.455,-2.36519,9.54246
1.40977,-2.53658,9.4901
1.43596,-2.55086,9.61864
1.46214,-2.51039,9.61626
1.47166,-2.44136,9.69243
1.44072,-2.36757,9.56865
1.44072,-2.39851,9.56865
1.45976,-2.36995,9.69719
1.4312,-2.4366,9.61864
1.45024,-2.45326,9.61864
1.40263,-2.41756,9.6472
1.39549,-2.41756,9.53056
1.42644,-2.49611,9.51866
1.4312,-2.47945,9.45677
1.46214,-2.44374,9.42583
1.45738,-2.40804,9.49724
1.47643,-2.43898,9.62102
1.46214,-2.3152,9.54961
1.46452,-2.35091,9.55437
1.35027,-2.33186,9.60912
1.39073,-2.339,9.57103
1.34074,-2.40565,9.50914
1.37169,-2.51039,9.49248
1.30504,-2.53658,9.45439
1.3217,-2.50801,9.47582
1.31932,-2.52229,9.49962
1.35741,-2.48183,9.52342
1.40739,-2.40089,9.56865
1.37883,-2.38899,9.58055
1.38359,-2.37709,9.47105
1.35265,-2.37709,9.44249
1.2979,-2.4247,9.45201
1.25029,-2.44374,9.54008
1.2979,-2.46278,9.55437
1.29552,-2.4485,9.59007
1.35265,-2.47707,9.58055
1.37883,-2.42232,9.53056
1.36217,-2.51991,9.48058
1.35265,-2.52943,9.54723
1.34312,-2.59608,9.53532
1.37169,-2.59132,9.54008
1.35741,-2.3152,9.52104
1.37169,-2.34853,9.53294
1.26933,-2.4128,9.47343
1.31932,-2.5699,9.48534
1.33836,-2.56038,9.54008
1.35979,-2.49611,9.49486
1.35027,-2.41994,9.55913
1.33122,-2.31044,9.55913
1.35265,-2.29616,9.57103
1.37645,-2.339,9.55913
1.21458,-2.49373,9.52342
1.27171,-2.47469,9.55437
1.26457,-2.48421,9.49486
1.26933,-2.41518,9.56627
1.35741,-2.41042,9.56389
1.31218,-2.42946,9.47105
1.26695,-2.47945,9.5258
1.26695,-2.558,9.56151
1.33122,-2.60323,9.54723
1.30504,-2.5699,9.502
1.40263,-2.53658,9.46867
1.38835,-2.54372,9.54485
1.3217,-2.56514,9.58293
1.2979,-2.60799,9.58769
1.21696,-2.48897,9.59959
1.28838,-2.44374,9.60674
1.26933,-2.57466,9.68053
1.32646,-2.61751,9.6115
1.35027,-2.558,9.59245
1.35503,-2.49373,9.58531
1.30742,-2.52705,9.55437
1.25981,-2.46754,9.50914
1.24791,-2.47231,9.48534
1.24791,-2.47707,9.46391
1.18126,-2.49373,9.46629
1.19078,-2.49849,9.42583
1.19792,-2.49611,9.45201
1.23125,-2.48421,9.45677
1.25505,-2.49135,9.48296
1.24315,-2.47707,9.45201
1.1765,-2.43898,9.46867
1.15984,-2.49849,9.47582
1.17412,-2.49611,9.48296
1.16698,-2.54372,9.50914
1.26219,-2.61037,9.46867
1.31932,-2.57704,9.59721
1.25029,-2.44612,9.63292
1.23839,-2.48421,9.64482
1.27409,-2.48659,9.53294
1.22411,-2.52705,9.5139
1.31218,-2.60323,9.50438
1.286,-2.55562,9.61864
1.22649,-2.50325,9.54723
1.22173,-2.339,9.64006
1.24077,-2.46516,9.62578
1.29552,-2.50087,9.59721
1.26695,-2.57704,9.59959
1.25505,-2.52943,9.53056
1.16936,-2.57228,9.59007
1.18602,-2.51277,9.58055
1.24077,-2.45326,9.57579
1.21458,-2.38423,9.54961
1.19792,-2.34853,9.55437
1.17174,-2.37471,9.48296
1.17412,-2.40327,9.56151
1.15746,-2.48897,9.46391
1.22887,-2.45564,9.46153
1.20744,-2.36757,9.48058
1.24315,-2.25093,9.46629
1.25029,-2.23189,9.3687
1.21935,-2.35805,9.32823
1.25505,-2.43184,9.31871
1.26457,-2.39851,9.23778
1.26695,-2.26045,9.31871
1.29314,-2.08192,9.22826
1.98344,-0.332352,9.23064
2.14293,-0.477554,9.283
2.37621,-0.648941,9.41631
2.41191,-0.625137,9.51866
2.45952,-0.591812,9.53294
2.47618,-0.670364,9.57579
2.6071,-0.848892,9.49248
2.71422,-0.979813,9.54961
2.83086,-1.09645,9.5377
2.94511,-1.2964,9.59007
3.69493,-2.42946,11.0564
3.75206,-2.42946,11.3777
3.7711,-2.24379,11.7205
3.7592,-2.19618,12.0204
3.74968,-2.04384,12.3132
3.85918,-1.98433,12.4394
3.99248,-2.07478,12.8536
4.22099,-2.23427,12.6631
4.24718,-2.58894,12.4965
4.2329,-3.06264,12.3656
4.17815,-3.50063,12.4846
4.21147,-3.63631,12.5798
4.26146,-3.58632,12.7155
4.18291,-3.59108,12.7583
4.1115,-3.72438,12.7036
4.05675,-3.94337,12.6012
4.1472,-4.23854,12.3775
4.01866,-4.56227,12.3108
3.84013,-4.57655,12.2323
3.73302,-4.48848,12.0799
0.195786,-4.62654,8.75932
0.107712,-4.70985,8.68315
-0.00654602,-4.63844,8.30943
-0.22554,-4.42659,8.16185
-0.477859,-4.41469,7.93571
-0.658768,-4.39088,7.64531
-0.751602,-4.42183,7.52391
-0.901566,-4.40517,7.40251
-1.08247,-4.37184,7.26921
-1.17769,-4.22902,7.03593
-2.61305,-2.49849,6.02428
-2.75111,-2.41994,6.03142
-2.85109,-2.339,6.00047
-2.98677,-2.14381,6.11235
-2.90108,-1.87721,6.26707
-2.74159,-1.68916,6.27898
-2.81776,-1.58205,6.13377
-3.10103,-1.51778,6.06474
-3.26527,-1.45113,6.03856
-3.36763,-1.42018,6.04808
-3.02724,0.148483,6.63603
-3.16768,0.367477,6.59557
-3.35573,0.488876,6.49321
-3.5652,0.57457,6.58128
-3.68422,0.346054,6.83598
-3.5295,0.19371,7.02641
-3.24147,0.250839,7.21446
-3.05818,0.260361,7.174
-2.84633,0.498398,7.14305
-2.78444,0.662643,7.174
-2.84157,0.914963,7.25017
-2.91774,1.19347,7.55724
-2.87013,1.3101,7.8405
-2.56783,1.33629,8.13805
-2.14174,1.44341,8.09758
-2.07985,1.52672,8.13329
-2.37502,1.26488,8.119
-2.65114,0.884018,8.17375
-2.66304,0.486496,8.22374
-2.46309,0.51268,8.46654
-0.48262,0.70787,10.6708
-0.3517,0.695969,10.8302
-0.282669,0.760239,10.8541
-0.168411,0.753098,10.9255
-0.0970001,0.412704,11.0326
0.271957,0.329391,11.1326
0.507614,0.241318,11.0207
0.586166,0.298447,10.9112
0.376694,0.215134,10.9397
0.133896,0.0627899,11.0373
0.107712,0.0437469,11.0921
0.457626,-0.0443268,11.0968
0.838486,-0.175247,11.1373
1.24077,-0.327591,11.3206
1.38835,-0.372818,11.373
1.41692,-0.389481,11.4039
1.23363,-0.689407,11.3016
1.0789,-0.972672,11.1921
1.1884,-1.34163,11.0849
1.43834,-1.75581,11.0254
1.72398,-1.96291,11.0778
1.95726,-2.0605,10.9945
2.2072,-3.24117,11.1135
2.1953,-3.40065,11.1992
2.28099,-3.52205,11.1944
2.4381,-3.67677,11.1159
2.5714,-3.7101,11.0254
2.55235,-3.81245,10.8779
2.5714,-3.97908,10.7303
2.57616,-4.00764,10.5803
2.57854,-3.80769,10.5351
2.55235,-3.45064,10.6303
1.69066,-3.1769,8.86168
1.69542,-3.2007,8.96404
1.7097,-2.81746,9.1259
1.73351,-2.74605,9.2354
1.67638,-2.58894,9.21635
1.71208,-2.52943,9.16875
1.57878,-2.44612,9.04021
1.60973,-2.55324,8.97356
1.56926,-2.73653,8.93785
1.58592,-2.71034,8.95689
1.62639,-2.62703,8.97594
1.67876,-2.42946,9.1378
1.66685,-2.24379,9.30919
1.6978,-2.12001,9.27824
1.65019,-2.01527,9.39012
1.66447,-2.05098,9.18541
1.60258,-2.10573,9.26158
1.61449,-2.15096,9.26158
1.59068,-2.19856,9.30443
1.70494,-2.24855,9.37108
1.81682,-1.83913,9.66624
1.86205,-1.79152,9.77812
1.91917,-1.75819,9.78526
1.92632,-1.82008,9.76146
1.87395,-1.81294,9.67577
1.843,-1.87245,9.77336
1.80968,-1.89864,9.70671
1.82396,-1.92958,9.85667
1.84062,-1.9272,9.78764
1.8192,-1.77962,9.77336
1.8549,-1.86769,9.48772
1.93346,-1.82961,9.49724
1.89537,-1.80818,9.51866
1.83824,-1.79628,9.61864
1.81444,-1.70345,9.64482
1.80968,-1.70821,9.70195
1.82872,-1.77248,9.70909
1.80254,-1.88197,9.6591
1.78349,-1.87959,9.48296
1.79063,-1.89149,9.49248
1.79539,-1.95815,9.44011
1.73351,-1.98433,9.54246
1.75017,-1.93434,9.44487
1.79301,-1.82961,9.47343
1.86681,-1.77486,9.58769
1.84538,-1.72011,9.55199
1.76683,-1.67964,9.52104
1.73351,-1.82246,9.49724
1.72636,-1.99861,9.40916
1.74065,-2.04622,9.40202
1.74303,-1.86055,9.59483
1.73112,-1.97243,9.59959
1.72398,-2.05574,9.60674
1.7216,-2.05336,9.5258
1.69066,-2.0486,9.57579
1.68828,-2.00099,9.59721
1.70732,-1.93672,9.57817
1.70018,-1.96053,9.49724
1.66924,-1.90102,9.53294
1.67162,-1.85103,9.52818
1.67876,-1.93196,9.51152
1.72398,-1.99623,9.42107
1.71446,-2.02718,9.48296
1.71208,-1.97005,9.56627
1.66924,-1.87721,9.55437
1.70732,-1.84865,9.6472
1.72874,-1.72963,9.63054
1.74065,-1.75581,9.66148
1.70256,-1.86531,9.53532
1.70732,-1.93434,9.68529
1.64305,-1.87721,9.6115
1.65495,-1.91768,9.4901
1.7097,-1.95815,9.59007
1.7097,-1.97719,9.58769
1.66447,-1.90102,9.6234
1.65733,-1.8177,9.66386
1.68828,-1.75343,9.671
1.67876,-1.72249,9.67815
1.69542,-1.71535,9.6115
1.68352,-1.89149,9.56627
1.61449,-1.78914,9.66624
1.62163,-1.8058,9.62578
1.65495,-1.77486,9.70433
1.61687,-1.75105,9.66624
1.674,-1.79628,9.69243
1.58354,-1.76534,9.66624
1.57402,-1.75581,9.61626
1.60497,-1.85817,9.60435
1.57164,-1.88197,9.61626
1.54308,-1.81294,9.63292
1.64781,-1.86769,9.63292
1.5645,-1.81294,9.5
1.55736,-1.78676,9.61626
1.54784,-1.6844,9.70671
1.53831,-1.60823,9.78764
1.50737,-1.53682,9.78526
1.48833,-1.56062,9.69243
1.49785,-1.63918,9.66863
1.54308,-1.79866,9.68053
1.53117,-1.88911,9.54246
1.58354,-1.92006,9.50676
1.58354,-1.99623,9.43059
1.58592,-1.90816,9.50676
1.59544,-1.80342,9.58293
1.54784,-1.71773,9.52342
1.58116,-1.79152,9.55675
1.5407,-1.81294,9.54246
1.53831,-1.9153,9.54723
1.47166,-1.86531,9.46153
1.52165,-1.85341,9.59721
1.56688,-1.79628,9.6472
1.60735,-1.78676,9.64244
1.66447,-1.76057,9.58293
1.59306,-1.87007,9.58055
1.5645,-1.93434,9.61864
1.55498,-1.85817,9.60674
1.59544,-1.86769,9.70195
1.64305,-1.70345,9.73052
1.66447,-1.74629,9.68767
1.60258,-1.82008,9.60912
1.5407,-1.91292,9.48772
1.49309,-1.88673,9.6
1.5407,-1.83437,9.71147
1.50261,-1.84389,9.69005
1.52641,-1.87721,9.72575
1.48357,-1.80818,9.79716
1.47881,-1.88673,9.80907
1.53593,-1.93196,9.86144
1.57164,-1.91292,9.87096
1.62163,-2.00337,9.91142
1.50737,-1.87007,9.68291
1.58116,-1.82246,9.65434
1.58592,-1.78676,9.70909
1.52641,-1.80818,9.60912
1.51213,-1.87245,9.59721
1.455,-1.95338,9.48296
1.43834,-1.89626,9.52104
1.46214,-1.82246,9.60197
1.45024,-1.66774,9.59721
1.46928,-1.64632,9.60435
1.4669,-1.67726,9.59483
1.45024,-1.79866,9.52104
1.49547,-1.94624,9.36632
1.51213,-2.04622,9.21874
1.59544,-2.01765,9.25682
1.54546,-1.9153,9.3687
1.50975,-1.81294,9.30919
1.50023,-1.75581,9.33775
1.50023,-1.70107,9.38536
1.40977,-1.6844,9.41631
1.46452,-1.70821,9.31395
1.4193,-1.73677,9.39012
1.47643,-1.79152,9.34251
1.51689,-1.83913,9.31633
1.49547,-1.84389,9.31157
1.48119,-1.78914,9.27586
1.51927,-1.7939,9.26158
1.55498,-1.79152,9.27824
1.5407,-1.80342,9.1259
1.47404,-1.9272,9.13542
1.53117,-2.61989,8.8831
1.58354,-2.73653,8.78075
1.67162,-3.01741,8.69981
1.6859,-3.18642,8.66173
1.73827,-3.39113,8.57603
1.81206,-3.54823,8.62364
1.89775,-3.65297,8.52367
1.87157,-3.66963,8.41655
1.9644,-3.71248,8.42131
1.96916,-3.71486,8.50224
2.04533,-3.70772,8.57127
2.08818,-3.71962,8.55937
2.10484,-3.74342,8.50938
2.14293,-3.65773,8.59746
2.16673,-3.77437,8.64269
2.33336,-3.73866,8.7736
2.41191,-3.64345,9.0045
2.45238,-3.37447,9.29967
2.4857,-3.14595,9.59959
2.60948,-2.81746,9.89238
3.8925,-3.98146,11.5348
4.002,-3.64107,11.7753
4.12816,-3.16737,12.0561
4.2686,-2.82936,12.1537
4.28288,-2.73177,12.0109
4.20433,-2.83888,11.8657
4.04009,-3.01503,11.8943
3.94011,-3.21022,11.9133
4.01866,-3.17451,12.0823
4.25908,-2.89839,12.2918
3.19505,0.676926,11.273
3.04509,0.753098,11.3016
2.8737,1.11967,11.2159
2.81895,1.22441,11.0754
2.74516,1.25298,10.7065
2.4857,1.20537,10.4565
2.24767,1.153,10.0947
1.88823,0.998276,10.0043
1.61925,0.886398,9.96379
1.53355,0.860214,9.9019
1.50023,0.974472,9.76384
1.25505,1.04588,9.49248
0.936081,1.08397,9.31395
0.667099,1.04112,9.12828
0.431442,1.0316,8.87834
0.207687,1.18394,8.72838
-0.111282,1.35057,8.64745
-0.208878,1.45293,8.507
-0.282669,1.57671,8.42607
-0.408829,1.57909,8.34276
-1.93465,1.20061,7.04546
-2.1703,1.16252,6.89073
-2.27028,1.06255,6.8336
-2.23457,0.848312,6.74553
-2.1227,0.669785,6.55034
-2.2679,0.560288,6.37181
-2.5583,0.524582,6.39799
-2.83443,0.503159,6.44798
-2.98439,0.324631,6.4337
-2.83443,0.158005,6.4218
-3.40572,-1.16548,6.20519
-3.67708,-1.01076,6.32182
-3.84608,-1.09645,6.19328
-3.94844,-1.36781,6.1671
-4.11745,-1.67488,5.91478
-4.11031,-1.96053,5.99095
-3.96748,-2.10811,6.11235
-3.7104,-2.16524,6.10045
-3.78181,-2.23665,6.18614
-4.03651,-2.34138,6.24089
-4.44832,-2.45564,6.38371
-4.46974,-2.60799,6.50035
-4.22694,-2.63893,6.8217
-3.90797,-2.71034,6.91216
-3.67232,-2.80318,6.93358
-3.54854,-2.83412,6.97166
-3.54378,-2.75795,6.96928
-3.74135,-2.80556,7.01927
-3.80086,-2.82698,7.16447
-3.80324,-3.0555,7.49297
-3.60329,-3.38399,7.60722
-1.17769,-4.80031,9.81621
-1.32527,-4.93361,9.92571
-1.52284,-5.2859,9.8781
-1.30861,-5.32399,9.90904
-1.03487,-5.32399,10.04
-0.6064,-5.37636,10.259
-0.325516,-5.47157,10.3018
-0.280289,-5.6263,10.2851
-0.470718,-5.66438,10.3661
-0.430252,-5.58821,10.497
1.92632,-2.13667,10.4256
1.95012,-2.16286,10.4589
1.92155,-2.31044,10.3423
1.90013,-2.55086,10.1852
1.83824,-2.56514,10.0542
1.66924,-2.47945,10.0661
1.68828,-2.24379,10.1852
1.75731,-1.97957,10.1637
1.73827,-1.90578,10.0685
1.75493,-1.96291,9.98045
1.65971,-2.08669,9.79955
1.55736,-2.29378,9.58531
1.52403,-2.45802,9.44963
1.48595,-2.46516,9.5139
1.53593,-2.26521,9.58769
1.50737,-2.02242,9.61864
1.52403,-1.84627,9.59959
1.51927,-1.76057,9.58055
1.4312,-1.71059,9.57579
1.38359,-1.88911,9.51152
1.44786,-2.68178,9.40678
1.49309,-2.77461,9.40678
1.49071,-2.74843,9.33299
1.4431,-2.70796,9.32823
1.4193,-2.72939,9.29253
1.33836,-2.75795,9.30443
1.31218,-2.80794,9.3568
1.35027,-2.77223,9.44963
1.35265,-2.72939,9.4901
1.32884,-2.8246,9.47819
1.46214,-2.94838,9.49248
1.53593,-2.92934,9.46629
1.40739,-2.76985,9.42583
1.4312,-2.72224,9.46153
1.41692,-2.77937,9.39726
1.37883,-2.94838,9.4044
1.36217,-2.99599,9.48296
1.39549,-3.13405,9.44963
1.45976,-3.08644,9.3806
1.49785,-2.9817,9.44011
1.36693,-3.00551,9.31395
1.34312,-3.00313,9.34489
1.30028,-2.93886,9.41631
1.25029,-2.9341,9.37108
1.3098,-2.90315,9.39726
1.3336,-2.86031,9.49724
1.38121,-2.90315,9.4901
1.40501,-2.96504,9.47819
1.34312,-2.946,9.50676
1.34074,-2.9817,9.51152
1.3217,-3.04121,9.37108
1.30504,-3.08406,9.37584
1.36217,-3.05312,9.47582
1.33836,-3.00313,9.52818
1.41454,-2.95076,9.59007
1.36217,-2.79842,9.60674
1.38359,-2.74129,9.54008
1.40739,-2.82936,9.4901
1.35265,-2.89839,9.40678
1.39073,-3.02693,9.44487
1.32408,-2.97218,9.39726
1.3217,-2.93172,9.36632
1.32646,-2.82698,9.39964
1.26933,-2.85793,9.37584
1.30742,-2.94124,9.38774
1.30266,-2.92934,9.44249
1.35979,-2.86745,9.44011
1.36931,-2.86745,9.45439
1.41216,-2.88173,9.49724
1.35741,-2.88887,9.5258
1.27171,-2.92696,9.44487
1.32884,-2.83888,9.48058
1.29314,-2.88887,9.49724
1.30266,-2.86983,9.46867
1.33836,-2.86507,9.57103
1.30266,-2.91505,9.46867
1.29076,-2.86507,9.50438
1.286,-2.80318,9.4901
1.26219,-2.76033,9.48058
1.26695,-2.75795,9.5139
1.24553,-2.80794,9.56627
1.25743,-2.79604,9.52342
1.19316,-2.84126,9.5139
1.26219,-2.86507,9.53532
1.27885,-2.86269,9.46153
1.25505,-2.85078,9.46153
1.27409,-2.86507,9.51628
1.35265,-2.91743,9.6115
1.38835,-2.82698,9.62816
1.39787,-2.8246,9.59007
1.32408,-2.82698,9.57103
1.3098,-2.94362,9.53532
1.22887,-3.03169,9.52342
1.17174,-2.96266,9.45677
1.13841,-2.89601,9.44725
1.19316,-2.84602,9.53532
1.27647,-2.74129,9.54008
1.23601,-2.64131,9.44963
1.25505,-2.7151,9.39964
1.26219,-2.82936,9.40916
1.32646,-2.6675,9.46391
1.33598,-2.69844,9.52104
1.27409,-2.77937,9.45677
1.19554,-2.81984,9.38774
1.16936,-2.86031,9.52342
1.26933,-2.77937,9.53532
1.25267,-2.71986,9.54961
1.30028,-2.68178,9.55675
1.32884,-2.78651,9.47582
1.25981,-2.74843,9.47582
1.21696,-2.75319,9.42583
1.15269,-2.69368,9.47343
1.21458,-2.63417,9.4901
1.19078,-2.59847,9.48534
1.25267,-2.62227,9.44725
1.27647,-2.63893,9.46391
1.24553,-2.66274,9.43773
1.20268,-2.73177,9.41393
1.2122,-2.73653,9.34013
1.25981,-2.75795,9.41869
1.24077,-2.60799,9.45201
1.73827,-1.39162,8.56175
1.66685,-1.03694,8.57
1.63829,-0.844131,8.52843
1.60258,-0.525162,8.47368
1.62877,-0.325211,8.49986
1.65733,-0.168106,8.56413
1.61211,-0.0181427,8.63554
1.73351,0.0961151,8.69743
1.80254,0.110397,8.67363
1.82634,0.212753,8.64745
3.32121,-0.627518,9.73527
3.45927,-0.787003,9.671
3.46642,-0.939346,9.85429
3.54021,-0.917923,10.0043
3.58067,-0.796524,10.2637
3.58067,-0.637039,10.4184
3.56877,-0.51088,10.6731
3.72826,-0.460892,10.9612
3.84013,-0.546585,11.4515
4.1472,-0.922684,11.5967
5.15172,-3.00789,12.8226
5.07317,-2.99123,12.8298
4.85179,-3.03407,12.7821
4.76372,-3.22926,12.6536
4.65898,-3.39351,12.5822
4.52806,-3.59108,12.5394
4.29716,-3.66249,12.4894
4.08769,-3.67439,12.5155
3.94963,-3.73152,12.2942
3.84727,-3.87434,12.2156
2.93797,-4.42183,11.711
2.91893,-4.31947,11.5563
2.73564,-4.27663,11.2968
2.51189,-4.33614,11.1302
2.38097,-4.30281,10.9231
2.12151,-4.39327,10.6755
2.00725,-4.47896,10.5089
1.84776,-4.65273,10.209
1.61687,-4.82173,9.9138
1.44548,-4.96217,9.70909
-0.668289,-4.3885,7.71672
-0.742081,-4.17189,7.53819
-0.889664,-3.94576,7.33586
-1.14198,-3.79817,7.03117
-1.49428,-3.72914,6.82884
-1.85609,-3.67439,6.5432
-2.037,-3.54347,6.59319
-2.037,-3.32686,6.47655
-2.00844,-3.16499,6.30278
-2.21315,-3.28639,6.09569
-3.56044,-2.10811,5.01976
-3.53426,-2.12715,5.06261
-3.53426,-2.11049,5.13878
-3.65089,-1.88673,4.94597
-3.82704,-1.48921,5.015
-4.00081,-1.16548,5.04832
-3.98415,-0.996475,5.17924
-3.96034,-0.839371,5.37682
-3.90559,-0.667984,5.38872
-4.12221,-0.691788,5.50059
-3.52473,0.262741,6.78362
-3.2867,0.619797,6.83836
-3.29146,0.855453,6.68602
-3.43428,0.957809,6.93358
-3.46046,1.06969,7.13353
-3.41286,1.17442,7.50725
-3.40334,1.24107,7.67863
-3.25099,1.26964,7.68578
-3.032,1.21251,7.70006
-2.95821,1.29106,7.80003
-2.24171,1.28868,8.78075
-2.42738,1.07683,8.66887
-2.30836,1.0078,8.93785
-2.06557,1.09349,9.26158
-1.79182,1.18871,9.48772
-1.6133,1.21013,9.5377
-1.56807,1.1649,9.59483
-1.47762,0.991135,9.62102
-1.49666,0.886398,9.80907
-1.51094,0.83641,9.89952
-0.556412,0.929245,11.1802
-0.680191,0.488876,11.0611
-0.61116,0.158005,10.9159
-0.449295,0.0175629,10.9588
-0.154129,0.0294647,11.1587
0.0648651,0.12944,11.2801
0.276718,0.158005,11.3634
0.407639,0.0842133,11.3825
0.398117,-0.0895538,11.4063
0.329086,-0.444229,11.3587
1.27171,-1.0536,11.2778
1.27171,-1.50825,11.0897
1.09081,-1.80818,11.0516
0.921799,-1.90102,10.985
0.793259,-1.78676,10.8921
0.719467,-1.83675,10.9136
0.845627,-1.88435,10.8826
1.05272,-1.96053,10.7684
1.01225,-1.88673,10.6565
0.757553,-1.84627,10.6422
1.11699,-2.85555,10.6517
1.15984,-2.94362,10.5565
1.2122,-2.80318,10.6017
1.11461,-2.61989,10.5708
0.964645,-2.46516,10.5208
0.938461,-2.45088,10.7136
0.900375,-2.57942,10.6684
0.986069,-2.70082,10.597
1.11461,-2.84126,10.4161
1.12889,-2.81746,10.1637
0.748032,-2.71986,9.55675
0.724228,-2.8008,9.59721
0.788498,-2.88173,9.60912
0.774216,-2.89839,9.68291
0.667099,-2.83174,9.65196
0.690903,-2.76747,9.67815
0.774216,-2.70558,9.81859
0.771835,-2.70558,9.85429
0.890854,-2.65559,9.89238
0.874191,-2.57466,9.82811
0.850388,-1.81056,9.88048
0.857529,-1.75819,9.9138
0.919418,-1.6606,9.85667
0.890854,-1.63203,9.85905
0.881332,-1.71059,9.78288
0.814682,-1.76057,9.67815
0.717087,-1.94624,9.58769
0.717087,-1.99385,9.5258
0.762314,-1.96529,9.62578
0.750412,-1.79866,9.73766
0.752792,-1.61299,9.7567
0.821823,-1.62965,9.78288
0.790878,-1.73201,9.68053
0.709946,-1.89149,9.65434
0.655197,-1.96053,9.69005
0.60759,-1.97005,9.57103
0.574264,-2.00575,9.63054
0.683762,-2.11049,9.59007
0.690903,-2.12001,9.42345
0.650436,-2.02718,9.53532
0.774216,-1.82008,9.78526
0.67662,-1.73201,9.73766
0.686142,-1.69868,9.81383
0.762314,-1.6844,9.85191
0.809921,-1.68916,9.89238
0.833725,-1.61537,9.95427
0.748032,-1.65584,9.88048
0.688522,-1.78914,9.84001
0.695663,-1.88911,9.81621
0.693283,-1.97243,9.84715
0.48143,-1.7939,9.7567
0.54808,-1.82961,9.79002
0.645676,-1.91292,9.72575
0.626633,-1.82484,9.63054
0.605209,-1.84151,9.57103
0.686142,-1.93196,9.65672
0.733749,-2.0248,9.69481
0.750412,-2.07954,9.67577
0.726608,-2.02003,9.57579
0.700424,-1.98909,9.65434
0.683762,-1.9272,9.69957
0.745651,-1.82961,9.79002
0.733749,-1.74391,9.85905
0.638535,-1.71773,9.89714
0.598068,-1.82246,9.71623
0.54808,-1.92958,9.69957
0.505234,-2.02242,9.64244
0.490952,-2.0248,9.67339
0.452866,-1.91768,9.71385
0.493332,-1.79152,9.75432
0.588547,-2.12001,9.6353
0.602829,-2.15334,9.78288
0.564743,-2.05812,9.95189
0.450485,-1.99147,9.91618
0.345749,-2.03432,9.78764
0.312424,-2.09621,9.74718
0.1577,-2.15096,9.72337
0.145798,-2.07002,9.77098
0.174362,-2.0367,9.9019
0.238632,-2.12001,9.9138
0.360031,-2.14619,10.0043
0.345749,-1.99147,10.0542
0.255295,-1.91292,10.0209
0.176743,-1.84151,9.95189
0.188644,-1.74629,9.89476
0.181503,-1.82484,9.77336
0.195786,-1.7939,9.7805
0.179123,-1.86531,9.74956
0.164841,-1.95815,9.78526
0.210068,-2.0724,9.68291
0.271957,-2.1938,9.6115
0.343369,-2.23903,9.56865
0.35051,-2.11525,9.71147
0.193405,-1.98433,9.77098
0.169601,-1.87959,9.69243
0.0339203,-1.56538,10.0233
-0.0422516,-1.56538,9.98045
-0.0589142,-1.62965,9.89714
0.0434418,-1.69392,9.90904
0.076767,-1.75581,9.74718
0.124374,-1.8058,9.77098
0.16008,-1.86055,9.74718
0.169601,-1.97719,9.78288
0.138657,-2.01051,9.67339
0.00535583,-2.12953,9.60197
0.0934296,-1.85103,9.67815
0.0601044,-2.01051,9.67577
0.131516,-2.0486,9.5377
0.107712,-1.94386,9.45915
0.0529633,-1.80104,9.51628
0.0339203,-1.67488,9.58055
-0.125565,-1.53682,9.60912
-0.108902,-1.59395,9.74956
-0.144608,-1.70821,9.79716
-0.204117,-1.94624,9.69005
-0.425491,-1.77724,9.98283
-0.368362,-1.70583,9.89
-0.377884,-1.57252,9.87334
-0.356461,-1.4297,9.9138
-0.246964,-1.30116,9.87096
-0.323135,-1.1631,9.88048
-0.401688,-1.18214,9.87096
-0.48024,-1.21547,9.86144
-0.323135,-1.3083,9.89238
-0.192215,-1.37495,9.88762
0.229111,-0.991715,10.0876
0.28862,-0.977432,10.1828
0.362411,-0.944107,10.1947
0.395737,-0.984573,10.2804
0.476669,-0.975052,10.4422
0.488571,-0.984573,10.4589
0.464767,-0.96315,10.2994
0.467148,-1.0179,10.2709
0.412399,-1.06075,10.1875
0.41954,-1.1393,10.1352
0.41478,-0.877457,9.9019
0.550461,-0.991715,9.98045
0.648056,-1.00124,9.9876
0.638535,-1.10835,10.1328
0.700424,-1.22499,10.0638
0.662338,-1.18214,10.0566
0.602829,-1.14644,10.0471
0.617111,-0.951248,10.1138
0.588547,-0.891739,10.078
0.590927,-0.83223,10.0971
0.669479,-0.827469,10.1614
0.67186,-0.853653,10.1804
0.633774,-0.853653,10.1637
0.643295,-0.810806,10.1138
0.652817,-0.794144,10.0114
0.631393,-0.77272,10.009
0.669479,-0.729874,9.99712
0.643295,-0.651321,9.90904
0.60759,-0.57515,9.9138
0.581406,-0.551346,9.85667
