0.48381,-0.422806,9.7924
0.426682,-0.413284,9.87572
0.371933,-0.406143,9.87572
0.312424,-0.444229,9.89238
0.388596,-0.429947,9.88048
0.362411,-0.537064,9.83763
0.407639,-0.570389,9.79716
0.41716,-0.591812,9.86144
0.421921,-0.589432,9.93761
0.398117,-0.587051,9.82573
0.402878,-0.646561,9.89952
0.450485,-0.584671,9.97331
0.433823,-0.420425,10.0209
0.424301,-0.360916,10.0281
0.462387,-0.406143,10.0423
0.450485,-0.365677,10.0185
0.47905,-0.310928,10.0185
0.48381,-0.279984,10.0495
0.440964,-0.19429,10.0233
0.405258,-0.118118,10.0185
0.340988,-0.110977,9.94951
0.238632,-0.222855,9.76622
0.152939,-0.327591,9.7924
0.179123,-0.337112,9.77812
0.252914,-0.372818,9.8781
0.360031,-0.325211,9.81621
0.326706,-0.353775,9.81383
0.312424,-0.453751,9.72575
0.338608,-0.415665,9.75432
0.348129,-0.349014,9.73527
0.464767,-0.568008,9.46629
0.48143,-0.501358,9.52104
0.621872,-0.432327,9.53056
0.588547,-0.425186,9.51628
0.650436,-0.441849,9.64482
0.643295,-0.482315,9.6353
0.619492,-0.498978,9.81145
0.67662,-0.558487,9.84715
0.650436,-0.589432,10.009
0.80516,-0.627518,10.1066
0.976547,-0.51326,10.3566
1.13841,-0.484695,10.4518
1.14079,-0.487076,10.4446
1.16222,-0.556107,10.2828
1.09081,-0.475174,10.2828
1.0789,-0.415665,10.3256
1.13603,-0.501358,10.4161
1.17888,-0.491837,10.378
1.2122,-0.584671,10.4184
1.16222,-0.622757,10.1875
0.988449,-0.64418,10.0947
0.812302,-0.596573,9.99474
0.724228,-0.658462,9.88762
0.721848,-0.696548,9.92571
0.843246,-0.827469,9.81383
0.783737,-0.760818,9.66624
0.752792,-0.741776,9.66148
0.750412,-0.803665,9.5377
0.712326,-0.725113,9.47105
0.774216,-0.603714,9.60912
1.23839,-0.870316,10.1233
1.28362,-0.756058,10.09
1.29314,-0.679886,10.1733
1.29552,-0.558487,10.1233
1.29552,-0.444229,10.3137
1.37883,-0.396622,10.3756
1.51451,-0.518021,10.3923
1.66685,-0.637039,10.4399
1.6859,-0.444229,10.4042
1.66447,-0.403763,10.3637
1.64305,-0.422806,10.2732
1.60497,-0.339493,10.0709
1.53355,-0.289505,9.98283
1.5883,-0.403763,10.04
1.5407,-0.491837,10.09
1.46928,-0.51564,10.0947
1.40263,-0.789383,10.3804
1.49309,-0.913162,10.497
1.47166,-0.841751,10.2732
1.38835,-0.760818,10.2375
1.27647,-0.741776,10.0233
1.22411,-0.658462,9.85667
1.12889,-0.70845,9.7924
1.15984,-0.841751,9.78764
1.28838,-0.806046,9.66386
1.3217,-0.779861,9.80669
1.43834,-0.841751,9.97093
1.55498,-0.698929,9.90666
1.49547,-0.496597,9.7805
1.35741,-0.432327,9.79955
1.26457,-0.394241,9.68291
1.18602,-0.239517,9.671
1.1646,-0.0847931,9.62578
1.17888,-0.0824127,9.49962
1.21935,-0.225235,9.41393
1.33598,-0.268082,9.3687
1.30266,-0.141922,9.45439
1.35979,-0.101456,9.44487
1.34312,0.0199432,9.54246
1.39787,-0.0252838,9.67339
1.13365,-0.165726,9.46629
1.18602,-0.225235,9.47343
1.15508,-0.237137,9.41869
1.14079,-0.180008,9.35918
1.05034,-0.246658,9.43059
1.02892,-0.25618,9.49724
1.0432,-0.232376,9.62102
1.02653,-0.415665,9.57817
1.09081,-0.479935,9.54246
1.11937,-0.51088,9.671
1.26219,-0.532303,9.80193
1.34074,-0.422806,9.86382
1.35027,-0.420425,9.92094
1.2979,-0.613236,9.91618
1.26933,-0.687027,9.89476
1.22411,-0.694168,9.95665
1.24791,-0.665604,9.97331
1.28362,-0.756058,9.93523
1.27647,-0.694168,9.92808
1.3217,-0.594193,9.96141
1.10747,-0.551346,9.73052
1.16936,-0.615616,9.71385
1.1765,-0.629898,9.6353
1.22173,-0.670364,9.69957
1.19316,-0.568008,9.68291
1.21935,-0.441849,9.67339
1.21935,-0.465652,9.64958
1.20744,-0.434708,9.66386
1.21696,-0.572769,9.81621
1.29076,-0.665604,9.75194
1.25743,-0.64418,9.68291
1.21935,-0.632278,9.6234
1.25505,-0.646561,9.7448
1.31694,-0.560867,9.77812
1.31218,-0.456131,9.7924
1.26933,-0.620377,9.69957
1.1884,-0.794144,9.69719
1.23125,-0.77272,9.6472
1.21458,-0.701309,9.64244
1.23125,-0.603714,9.72337
1.29076,-0.520401,9.69481
1.27409,-0.572769,9.73052
1.3455,-0.560867,9.78526
1.34312,-0.572769,9.80431
1.41454,-0.563248,9.88286
1.4431,-0.508499,9.82811
1.42882,-0.501358,9.80431
1.39549,-0.539444,9.89238
1.42168,-0.637039,9.82335
1.41216,-0.687027,9.78526
1.31694,-0.722733,9.80193
1.33122,-0.687027,9.75432
1.37883,-0.627518,9.79716
1.45024,-0.677505,9.77098
1.4431,-0.729874,9.69005
1.4312,-0.737015,9.63292
1.35503,-0.646561,9.72813
1.29552,-0.534683,9.77574
1.32646,-0.479935,9.77574
1.36217,-0.537064,9.76622
1.36693,-0.594193,9.73289
1.35979,-0.615616,9.67577
1.35979,-0.596573,9.69719
1.33122,-0.63942,9.58531
1.36217,-0.629898,9.59721
1.39549,-0.594193,9.6234
1.4669,-0.494217,9.71385
1.43358,-0.441849,9.72575
1.38597,-0.413284,9.63292
1.33598,-0.403763,9.68529
1.37407,-0.437088,9.76622
1.40263,-0.563248,9.85667
1.51213,-0.601334,9.87334
1.52403,-0.537064,9.91856
1.54784,-0.568008,9.85667
1.50975,-0.606094,9.83525
1.53117,-0.729874,9.93523
1.56212,-0.744156,9.84715
1.52165,-0.682266,9.7924
1.48833,-0.672745,9.71385
1.455,-0.741776,9.74718
1.34312,-0.70845,9.70433
1.34312,-0.634659,9.69719
1.37169,-0.589432,9.6591
1.35265,-0.656082,9.64244
1.3098,-0.670364,9.63054
1.40025,-0.613236,9.68529
1.4669,-0.518021,9.72575
1.46214,-0.484695,9.79716
1.47166,-0.503738,9.75194
1.52403,-0.596573,9.81383
1.46214,-0.496597,9.83763
1.45024,-0.522781,9.7924
1.48833,-0.622757,9.89238
1.52879,-0.722733,9.78288
1.52403,-0.691788,9.84953
1.5526,-0.722733,9.84477
1.41692,-0.779861,9.78764
1.41216,-0.741776,9.83763
1.42644,-0.725113,9.82573
1.53831,-0.691788,9.88762
1.56212,-0.679886,9.92808
1.51927,-0.625137,9.95903
1.41692,-0.658462,9.87096
1.34789,-0.744156,9.82573
1.33598,-0.698929,9.69719
1.26695,-0.596573,9.72575
1.27647,-0.608475,9.64006
1.23601,-0.613236,9.62578
1.30504,-0.560867,9.6472
1.286,-0.57753,9.66863
1.29314,-0.603714,9.55199
1.30742,-0.57515,9.58769
1.29076,-0.556107,9.48296
1.24791,-0.584671,9.50438
1.25029,-0.613236,9.43773
1.39549,-0.658462,9.42107
1.46928,-0.696548,9.41393
1.52403,-0.663223,9.48058
1.44548,-0.606094,9.64244
1.48595,-0.548965,9.81383
1.52641,-0.570389,9.85667
1.53117,-0.518021,9.8781
1.60735,-0.560867,9.94237
1.58354,-0.589432,10.0043
1.54546,-0.64418,9.94475
1.47404,-0.70369,9.83525
1.41454,-0.601334,9.87096
1.41692,-0.458511,10.0209
1.49071,-0.475174,10.1257
1.52641,-0.475174,10.09
1.455,-0.3871,10.2137
1.48833,-0.44899,10.2899
1.5407,-0.496597,10.2209
1.5645,-0.613236,10.2661
1.5407,-0.548965,10.3661
1.52641,-0.429947,10.3923
1.40977,-0.44899,10.4256
1.40025,-0.610855,10.3851
1.43358,-0.70845,10.3708
1.50261,-0.584671,10.5494
1.61687,-0.413284,10.8398
1.71208,-0.337112,10.9969
1.69066,-0.491837,11.1921
1.66924,-0.658462,11.3849
1.64543,-0.608475,11.5896
1.66685,-0.625137,12.0419
1.89775,-0.715591,12.1561
2.05486,-0.808426,12.0871
2.04295,-0.775101,11.9347
1.98582,-0.748917,12.2085
1.94298,-0.532303,12.337
1.98344,-0.520401,12.6155
2.10008,-0.670364,12.5846
2.03105,-0.829849,12.5727
1.97392,-0.991715,12.6822
1.88109,-1.07979,12.9559
1.9525,-1.37495,12.9416
1.8549,-1.47969,12.5084
1.3217,-1.47017,12.1704
0.67662,-1.14406,11.8728
0.188644,-0.879837,12.0061
0.0148773,-0.853653,11.711
-0.239822,-0.796524,11.2468
-0.575455,-0.565628,10.5541
-1.06105,-0.318069,10.0804
-1.47762,-0.427567,10.1852
-1.70851,-0.458511,9.68767
-2.04176,-0.399002,9.40678
-2.19649,-0.487076,9.05687
-4.20552,-0.160965,6.67174
-4.49355,-0.0681305,6.55986
-4.71492,-0.125259,6.38847
-4.83632,-0.096695,5.87669
-5.15529,-0.134781,5.96715
-5.25526,-0.279984,6.08617
-5.31715,-0.146683,6.00761
-5.52901,-0.137161,6.27422
-5.55281,0.186569,5.66008
-5.90034,0.405563,5.58867
-7.95222,1.05302,3.97954
-8.17836,0.753098,5.1602
-7.89748,0.855453,4.46513
-8.04744,0.879257,4.47227
-8.12361,0.957809,3.96288
-8.35451,1.25298,3.38921
-8.59016,1.58385,2.93932
-8.95198,2.02184,2.39659
-9.13765,2.35985,2.11809
-9.30428,2.63121,1.75389
-9.53517,2.86687,1.523
-9.78987,3.06444,1.1826
-10.0017,3.05016,1.50395
-10.0803,3.00731,1.36351
-10.1445,2.92876,1.34923
-10.1898,2.86211,0.973129
-10.1374,2.66454,0.856491
-10.1279,2.65263,0.730331
-10.1445,2.77879,0.716049
-10.047,2.82164,0.796982
-9.34712,1.55528,2.37041
-9.16383,1.80522,2.40135
-9.00435,1.75999,2.57036
-8.84724,1.44341,2.65605
-8.72109,1.07683,2.76079
-8.59492,0.905441,2.9774
-8.50209,0.957809,3.07976
-8.44496,1.16252,3.25829
-8.295,1.2506,3.4987
-8.0641,1.19823,3.80577
-7.70705,1.16728,4.06523
-7.50233,1.09587,4.08903
-7.38808,0.888779,4.49608
-7.18337,0.874496,4.56511
-7.0334,0.993515,4.81743
-6.90724,1.04112,4.89836
-6.84059,1.0078,4.96025
-6.73347,0.950668,5.65294
-6.37642,0.822128,6.12425
-6.12172,0.70311,6.30516
-4.28407,-0.415665,8.17851
-4.03889,-0.210953,8.38084
-3.71754,-0.263321,8.51891
-3.62947,-0.484695,8.61888
-3.66042,-0.632278,8.63078
-3.61757,-0.537064,8.56175
-3.57472,-0.558487,8.54985
-3.29384,-0.806046,8.49986
-3.13673,-0.975052,8.88072
-2.76302,-0.998856,9.56865
-2.25362,-0.648941,9.9995
-1.81087,-0.377579,10.2185
-1.53474,-0.57991,10.3042
-1.58949,-0.841751,9.60435
-1.65614,-0.777481,9.31157
-1.67757,-0.539444,9.27348
-1.48714,-0.446609,9.89476
-0.944412,-0.753677,10.428
-0.387405,-1.24403,10.6279
-0.0517731,-1.60109,10.7874
0.907516,-1.46065,11.9443
1.15031,-1.25832,11.9562
1.15508,-0.565628,11.9585
1.08128,-0.149063,12.0157
1.07176,-0.460892,11.9895
1.00511,-0.810806,11.8895
0.890854,-0.734634,11.761
0.717087,-0.453751,11.8681
0.60997,-0.349014,12.0181
0.462387,-0.213333,11.9752
0.360031,-0.139542,11.8419
0.440964,-0.220474,11.5372
0.407639,-0.341873,11.2373
0.41716,-0.463272,11.0183
0.407639,-0.344254,10.9159
0.398117,-0.156204,10.8802
0.452866,-0.177628,10.7517
0.35051,-0.301407,10.5375
0.331467,-0.479935,10.3399
0.283859,-0.520401,10.2542
0.338608,-0.489456,9.40202
0.362411,-0.556107,9.55675
0.390976,-0.544205,9.59007
0.48381,-0.589432,9.64958
0.490952,-0.582291,9.74004
0.574264,-0.63942,9.73766
0.569504,-0.589432,9.66863
0.517136,-0.591812,9.71861
0.509995,-0.529922,9.70671
0.550461,-0.468033,9.75194
0.564743,-0.525162,9.95665
0.621872,-0.570389,9.93285
0.598068,-0.563248,9.97807
0.595688,-0.677505,9.98521
0.60759,-0.798904,9.90904
0.529038,-0.83699,9.86144
0.533798,-0.858414,9.76384
0.519516,-0.83223,9.83763
0.488571,-0.594193,9.79716
0.502853,-0.508499,9.76146
0.655197,-0.339493,9.10924
0.657578,-0.441849,8.98308
0.714706,-0.553726,8.82121
0.845627,-0.584671,8.62126
0.938461,-0.568008,8.38322
0.952744,-0.522781,8.32133
0.947983,-0.458511,8.0833
1.00511,-0.558487,7.90239
1.09557,-0.399002,7.77861
1.21458,-0.249039,7.72148
1.34074,-0.19429,7.64293
1.41692,0.0151825,7.55248
1.44786,0.0413666,7.45964
1.61687,0.0437469,7.54771
1.73827,0.110397,7.57866
1.83348,0.160385,7.54771
1.85728,0.131821,7.64769
1.96202,-0.0181427,7.8167
2.09056,-0.134781,7.85954
2.1834,-0.222855,7.83098
4.4138,-0.658462,8.10472
4.53996,-0.729874,7.9738
4.69707,-0.539444,7.94286
5.06841,-0.460892,8.35228
5.53258,-0.613236,8.51652
5.93962,-0.865555,8.24516
6.26097,-1.25356,8.16661
6.52043,-1.54634,8.28563
6.73466,-1.68678,8.22374
6.94176,-1.68916,8.18803
7.01555,-1.57491,8.01189
7.20598,-1.34877,7.90953
7.32262,-1.08217,8.14757
7.47972,-0.858414,8.21898
7.48448,-0.634659,8.14281
7.48686,-0.468033,8.00951
7.37737,-0.215714,7.86192
7.29643,-0.156204,7.56914
7.14885,-0.13002,7.27635
7.2036,-0.237137,6.99071
9.84581,0.0580292,4.37944
9.91722,0.108017,4.36992
10.0172,0.103256,4.27232
10.141,0.122299,4.01286
10.2029,0.100876,3.96049
10.2029,0.0842133,3.91051
10.2933,0.12706,3.8391
10.2981,0.0723114,3.93431
10.2362,0.222275,4.02953
10.1029,0.431747,3.9724
9.97673,0.688828,3.73198
9.81725,0.748337,3.632
9.72203,0.695969,3.64153
9.68871,0.572189,3.62486
9.70537,0.562668,3.49156
9.72441,0.695969,3.42491
9.75536,0.731674,3.57487
9.72917,0.776901,3.42967
9.70061,0.774521,3.26543
9.66014,0.83165,3.07024
9.65062,0.803085,3.10356
9.65062,0.764999,3.00359
9.6411,0.722153,3.04405
9.70537,0.612656,2.98216
9.72441,0.598373,2.99644
9.71013,0.519821,3.05357
9.71013,0.672165,3.07024
9.74583,0.812607,2.88219
9.54112,0.924484,2.72032
9.49828,0.819748,2.77269
9.68871,0.772141,3.12737
9.69347,0.729294,3.1964
9.74583,0.672165,3.35588
9.7625,0.543625,3.40111
9.74345,0.353195,3.38206
9.74583,0.274643,3.39635
9.72203,0.534103,3.50822
9.72917,0.634079,3.64867
9.76012,0.748337,3.79863
9.7506,0.786423,3.77721
9.74822,0.626938,3.7058
9.70537,0.474594,3.75578
9.68156,0.334152,3.86052
9.63396,0.346054,3.8867
9.55302,0.517441,3.9843
9.44829,0.593613,4.12474
9.36735,0.424606,4.17235
9.27214,0.303207,4.0938
9.23882,0.312729,4.08427
9.13884,0.210373,4.12236
7.9677,-0.494217,6.12663
7.82726,-0.560867,6.25279
7.79393,-0.629898,6.38371
7.47496,-0.349014,6.55034
7.29167,-0.158585,6.65508
7.15599,-0.0800324,6.82884
7.09886,-0.241898,6.96928
6.98698,-0.437088,7.23827
6.88225,-0.57753,7.27159
6.74181,-0.663223,7.47154
5.49449,-0.979813,8.54747
5.38499,-1.00362,8.51652
5.20171,-1.006,8.29753
4.9351,-1.14644,8.26897
4.80894,-1.22499,8.3856
4.68278,-1.27022,8.49034
4.50426,-1.21785,8.59984
4.53996,-1.08217,8.72838
4.47093,-0.984573,8.84026
4.33049,-0.953629,8.96641
4.1472,-0.920303,9.01878
3.97581,-0.884598,8.94737
3.83061,-1.01552,8.92833
3.71397,-1.19167,8.85692
3.57829,-1.40828,8.86406
3.4926,-1.64394,8.75218
3.26884,-1.59395,8.88072
3.12364,-1.46065,8.99974
3.04985,-1.19167,9.18303
2.94511,-1.00838,9.29967
1.24553,-0.882217,9.38298
1.1646,-0.882217,9.21159
1.01701,-0.853653,9.22826
0.795639,-0.803665,9.18065
0.588547,-0.815567,9.29491
0.445725,-0.822708,9.09019
0.195786,-1.0179,9.0045
0.00535583,-1.1393,8.88786
-0.127945,-1.19881,8.72362
-0.306473,-1.11787,9.0045
-0.254105,-1.11787,9.27586
-0.113663,-0.875076,9.15922
-0.373123,-0.64418,9.15685
-0.634964,-0.546585,8.83788
-0.894424,-0.660843,8.80693
-1.1158,-0.83461,8.72124
-1.24434,-0.96315,8.79265
-1.16103,-1.07027,9.05449
-1.01582,-0.925064,8.9926
-0.999161,-0.906021,9.39488
-1.25148,-0.682266,9.13304
-1.48238,-0.675125,9.16161
-1.68947,-0.753677,9.12828
-1.85609,-0.739395,8.88548
-1.99654,-0.57991,8.80217
-2.09889,-0.57753,8.64983
-2.28694,-0.584671,8.55937
-2.43929,-0.544205,8.40465
-2.51784,-0.679886,8.40465
-2.5464,-0.787003,8.3737
-2.52974,-0.682266,8.44035
-2.49403,-0.556107,8.59508
-2.38216,-0.415665,8.56413
-2.40834,-0.325211,8.55937
-2.35597,-0.358536,8.61888
-2.15364,-0.491837,8.69981
-1.98463,-0.582291,8.92595
-1.87514,-0.729874,9.01878
-1.78706,-0.884598,9.26634
-1.7347,-1.02266,9.53056
-1.5157,-1.14406,9.87572
-1.28242,-1.25594,9.91856
-1.13722,-1.23451,9.95665
-1.2372,-0.977432,9.85905
-1.48952,-0.751297,9.83525
-1.65138,-0.694168,9.80431
-1.71327,-0.717972,9.95903
-1.69899,-0.760818,9.94713
-1.71327,-0.994095,9.84953
-1.64186,-1.13454,9.85429
-1.60616,-1.09407,9.8662
-1.65138,-0.932205,9.93047
-1.75374,-0.791763,9.91618
-1.77516,-0.689407,9.96379
-1.66566,-0.646561,10.0114
-1.57997,-0.825089,10.0281
-1.46095,-0.932205,10.0566
-1.41573,-0.915543,9.93761
-1.5038,-0.844131,9.7924
-1.65614,-0.903641,9.70195
-1.6609,-0.970291,9.69243
-1.56331,-0.817947,9.78764
-1.63948,-0.6418,9.8781
-1.61092,-0.651321,9.8781
-1.60854,-0.741776,9.8781
-1.71089,-0.870316,9.83525
-1.66804,-1.13454,9.7567
-1.62996,-1.19405,9.71861
-1.70375,-1.03218,9.66863
-1.65376,-0.998856,9.59007
-1.60377,-0.884598,9.75432
-1.59425,-0.798904,9.78526
-1.52998,-0.841751,9.87572
-1.55617,-0.934586,9.75908
-1.55141,-1.02266,9.72099
-1.6252,-1.01076,9.72813
-1.57283,-1.01076,9.7924
-1.56569,-0.927444,9.94475
-1.58949,-0.846512,9.86858
-1.54665,-0.858414,9.89952
-1.57997,-0.820328,9.89714
-1.59663,-0.872696,9.84715
-1.62044,-0.994095,9.78288
-1.54665,-1.13216,9.72099
-1.53474,-1.12502,9.64244
-1.55855,-1.04646,9.71385
-1.6371,-0.83699,9.74242
-1.69661,-0.727493,9.83049
-1.59187,-1.06313,9.92094
-1.54427,-1.10121,9.84239
-1.59663,-1.10359,9.69481
-1.61806,-1.07979,9.7924
-1.57045,-1.00124,9.86144
-1.5276,-0.936966,9.83287
-1.56807,-0.856033,9.87572
-1.63472,-0.782242,9.85667
-1.59663,-0.848892,9.89714
-1.63948,-0.96077,9.83525
-1.70137,-1.03932,9.70433
-1.79182,-0.982193,9.69243
-1.77278,-0.944107,9.66863
-1.71803,-0.958389,9.73052
-1.60854,-1.006,9.89476
-1.49428,-1.02028,9.89476
-1.49904,-0.936966,9.86382
-1.56331,-0.984573,9.82811
-1.54903,-0.90126,9.79002
-1.62282,-0.941727,9.77574
-1.6252,-0.90126,9.69243
-1.67995,-0.879837,9.78526
-1.64424,-0.967911,9.64958
-1.6133,-0.984573,9.6591
-1.59425,-1.01076,9.66386
-1.54189,-1.00838,9.69005
-1.57997,-0.90126,9.66624
-1.60377,-0.741776,9.73052
-1.6609,-0.739395,9.71147
-1.64186,-0.734634,9.77336
-1.3943,-1.11073,9.95427
-1.47524,-1.25832,9.88762
-1.53474,-1.27736,9.89952
-1.4919,-1.20357,9.94237
-1.49904,-1.00362,9.94237
-1.57045,-0.90126,9.92808
-1.67519,-0.879837,9.8662
-1.70137,-0.977432,9.72099
-1.69661,-0.958389,9.71147
-1.64662,-1.05836,9.79716
-1.57283,-1.02504,9.79002
-1.59663,-0.953629,9.77812
-1.6133,-0.913162,9.71147
-1.61568,-0.922684,9.78288
-1.59425,-0.934586,9.7924
-1.55617,-0.877457,9.80431
-1.62996,-0.817947,9.70909
-1.69185,-0.844131,9.61864
-1.70613,-0.83699,9.66148
-1.68233,-0.810806,9.55199
-1.71803,-0.648941,8.04521
-1.77992,-0.520401,7.68102
-1.90132,-0.296646,7.47154
-2.02034,-0.25856,7.21446
-1.96083,-0.372818,7.16209
-1.80849,-0.553726,7.27873
-1.43239,-0.675125,7.32872
-1.07533,-0.622757,7.26445
-0.846817,-0.546585,7.38585
-0.654007,-0.506119,7.39537
-0.596878,-0.329971,7.29063
-0.651627,-0.222855,7.27635
-0.537369,-0.246658,7.4763
-0.213638,-0.299026,7.65483
0.100571,-0.525162,8.20232
0.712326,-0.884598,8.73552
1.3098,-1.30354,8.94023
1.84776,-1.45589,9.10448
2.14531,-1.41304,9.08781
2.15245,-1.1393,9.05449
3.76158,-1.34401,9.31871
4.03532,-1.40352,9.114
4.24718,-1.40828,8.87834
4.43523,-1.1393,8.93071
4.52806,-0.789383,8.84264
4.50664,-0.537064,8.71886
4.50664,-0.475174,8.76646
4.8994,-0.739395,8.78789
5.19218,-0.903641,8.64507
5.33025,-0.96553,8.59984
5.58257,-1.15834,8.43797
5.68968,-1.17976,8.2404
5.70873,-1.1869,8.14519
5.96819,-1.23213,8.24516
6.40617,-1.34639,8.05711
6.64897,-1.24879,7.82146
6.75609,-0.991715,7.81432
6.74895,-0.734634,7.87144
6.718,-0.57515,7.74528
6.7061,-0.701309,7.68816
6.82036,-0.972672,7.47392
6.91557,-0.975052,7.19066
9.38164,-0.425186,5.07927
9.41496,-0.427567,5.00786
9.45781,-0.358536,4.81981
9.57207,-0.410904,4.78648
9.67918,-0.329971,4.74126
9.69585,-0.19429,4.63652
9.75774,-0.139542,4.60558
9.75536,0.0651703,4.5175
9.67918,0.184189,4.45085
9.63634,0.0508881,4.28184
9.55541,0.00566101,2.73936
9.55779,0.108017,2.46562
9.56255,0.486496,2.50609
9.62444,0.864975,2.68224
9.68394,0.914963,2.79887
9.64586,0.755478,2.66081
9.60539,0.417465,2.50371
9.80058,0.136581,2.52037
9.84819,0.267502,2.52989
9.64348,0.64122,2.32042
9.63634,0.891159,2.19188
9.71489,0.955429,2.11571
9.79344,0.764999,2.21806
9.75536,0.505539,2.17522
9.67918,0.372238,2.01573
9.68633,0.348434,1.95384
9.72441,0.57933,1.79198
9.70537,0.929245,1.85387
9.56016,1.08635,1.84911
9.55541,0.938766,1.8253
9.67918,0.626938,1.79674
9.69347,0.5103,1.87529
9.78154,0.624557,1.93956
9.70537,0.719772,1.96812
9.66966,0.648361,1.95384
9.63158,0.584091,1.69914
9.65776,0.584091,1.63963
9.70537,0.648361,1.57774
9.64586,0.803085,1.59679
9.55064,0.83165,1.5587
9.56969,0.812607,1.6563
9.59111,0.645981,1.71104
9.61253,0.44603,1.65392
9.61491,0.493637,1.58488
9.50066,0.536484,1.41112
9.42686,0.70549,1.39922
9.47685,0.748337,1.36113
9.48875,0.719772,1.42064
9.48637,0.645981,1.54204
9.35783,0.674545,1.68962
9.36974,0.636459,1.6801
9.41972,0.524582,1.68486
9.58873,0.412704,1.83958
9.58635,0.407944,1.99907
9.62205,0.419846,2.22282
9.70299,0.429367,2.37041
9.73869,0.457932,2.59892
9.85057,0.398422,2.66795
9.90294,0.474594,2.77031
10.0029,0.400803,2.90599
10.1196,0.267502,2.9417
10.0577,0.338913,2.86314
9.96959,0.429367,2.92979
9.94341,0.488876,3.07024
9.84105,0.560288,3.24876
9.84581,0.503159,3.33684
9.86009,0.355576,3.44157
9.85533,0.298447,3.56535
9.90056,0.203232,3.43443
9.9315,0.141342,3.52727
9.65538,-0.115738,4.57463
9.54826,-0.151443,4.72221
9.47923,-0.149063,4.83647
9.35069,-0.168106,4.9174
9.2769,-0.282364,5.08879
9.28642,-0.301407,5.09831
9.14598,-0.151443,5.25542
9.05077,-0.222855,5.41014
8.96745,-0.339493,5.5125
8.85082,-0.498978,5.74815
8.85558,-0.620377,5.85527
8.72466,-0.665604,5.89098
8.58897,-0.598953,5.96715
8.57469,-0.525162,6.1909
8.56517,-0.594193,6.31706
8.46758,-0.701309,6.32896
8.31761,-0.779861,6.41704
8.07481,-0.810806,6.53368
7.93675,-0.858414,6.65269
7.78679,-0.787003,6.83598
6.01579,-0.584671,7.19304
5.74919,-0.546585,7.37633
5.49687,-0.544205,7.34062
5.28502,-0.506119,7.29301
5.03032,-0.572769,7.14067
4.8018,-0.57515,7.55248
4.78752,-0.598953,7.57152
4.77562,-0.658462,7.39299
4.63042,-0.784622,7.45726
4.42332,-0.758438,7.47154
4.27098,-0.603714,7.61913
4.08293,-0.544205,7.5858
3.84489,-0.57515,7.79527
3.59258,-0.765579,7.72148
3.41643,-0.798904,7.79289
3.29741,-0.979813,7.79765
3.24028,-0.934586,7.75005
2.97606,-0.801285,7.69768
2.77373,-0.77272,7.72148
2.59282,-0.746536,7.70006
1.39549,-0.589432,8.119
1.32884,-0.596573,8.10234
1.23363,-0.625137,8.23802
1.15269,-0.532303,8.31657
1.23601,-0.548965,8.55937
1.30266,-0.558487,8.72838
1.44548,-0.63942,8.88548
1.55498,-0.865555,8.97356
1.56688,-1.08931,8.93309
1.5645,-1.11073,9.06877
1.61211,-0.975052,9.15208
1.68828,-0.76796,9.36394
1.79778,-0.70845,9.47105
1.84538,-0.903641,9.67577
2.06438,-1.175,9.84715
2.37144,-1.27974,9.92094
2.51189,-1.31306,9.87096
2.3286,-1.24403,9.77812
2.06676,-1.17024,9.61864
1.82396,-1.11787,9.6234
1.93584,-0.984573,9.70433
2.16435,-1.07265,9.76622
2.3524,-1.06075,9.93285
2.3167,-1.0536,9.87096
2.32622,-1.10359,9.94475
2.25481,-1.02266,9.8781
2.22386,-0.956009,9.79955
2.11436,-0.998856,9.74956
2.00725,-0.975052,9.69481
1.94774,-1.05122,9.66386
1.96678,-1.175,9.72575
2.09532,-1.23927,9.80669
2.18101,-1.19405,9.7924
2.12865,-1.16072,9.73766
2.07628,-1.12025,9.7686
2.03105,-1.1512,9.73052
2.01677,-1.17738,9.73766
2.04057,-1.17262,9.67339
2.03343,-1.14882,9.64006
2.05009,-1.14882,9.57103
2.12865,-1.26546,9.49248
2.0977,-1.20595,9.51628
2.07866,-1.1869,9.55199
2.10246,-1.12502,9.502
2.1096,-1.06313,9.47343
2.08818,-1.00838,9.54485
2.07628,-1.05598,9.56865
2.0977,-1.10359,9.58055
2.08342,-1.20833,9.52342
2.04771,-1.18929,9.50676
2.03581,-1.22737,9.59959
2.12151,-1.24403,9.61626
2.12151,-1.15358,9.49962
2.12627,-1.13454,9.55675
2.0858,-1.175,9.66624
2.10722,-1.20119,9.68291
2.15721,-1.175,9.6115
2.05009,-1.22023,9.63292
2.00725,-1.16786,9.56627
2.05247,-1.13692,9.64244
2.10008,-1.32021,9.56389
2.08342,-1.3083,9.65196
2.07866,-1.19643,9.61864
2.0977,-1.1274,9.6591
2.10246,-1.14168,9.67339
2.13103,-1.13692,9.59959
2.13103,-1.1393,9.57817
2.09056,-1.17976,9.51866
2.03105,-1.22023,9.63054
2.02153,-1.20357,9.58769
1.99297,-1.08455,9.58293
2.03343,-1.13216,9.69719
2.07152,-1.15358,9.62578
2.05009,-1.10835,9.57579
1.98344,-1.19643,9.57817
1.92393,-1.18929,9.57817
1.98106,-1.15358,9.61864
2.06676,-1.21309,9.59007
2.07866,-1.23689,9.62816
1.98582,-1.20357,9.5377
1.98582,-1.28212,9.46867
2.00487,-1.21309,9.60435
2.04771,-1.30116,9.62816
2.04057,-1.26546,9.58531
2.06914,-1.2607,9.62816
2.10008,-1.28688,9.71385
2.08818,-1.21071,9.74956
2.01915,-1.25356,9.62578
2.01201,-1.33211,9.6234
1.96202,-1.34877,9.6115
2.05247,-1.31544,9.59007
2.09056,-1.32735,9.55437
2.06438,-1.24641,9.6353
2.06676,-1.26784,9.50676
1.99535,-1.24641,9.46867
2.00963,-1.24879,9.4901
2.00011,-1.23451,9.54246
2.00725,-1.23927,9.51628
1.99059,-1.14406,9.5139
1.96916,-1.16786,9.44487
1.90727,-1.23689,9.42821
1.89775,-1.21785,9.44487
1.93584,-1.29878,9.49962
2.05486,-1.23689,9.49724
2.10246,-1.25356,9.52818
2.11198,-1.26308,9.50914
2.15007,-1.29878,9.51628
2.05962,-1.28688,9.54246
2.12627,-1.32021,9.52342
2.08818,-1.32497,9.502
2.0739,-1.34877,9.47819
2.10008,-1.33925,9.55199
2.13579,-1.21071,9.58293
2.14293,-1.15834,9.58293
2.12627,-1.20833,9.61388
2.06438,-1.31068,9.54723
2.18578,-1.47017,9.66148
2.30717,-1.48207,9.58531
2.4619,-1.47255,9.62816
2.45952,-1.35353,9.61626
2.40001,-1.30116,9.78764
2.39049,-1.24879,9.77336
2.26909,-1.33449,9.75908
2.2429,-1.31306,9.72813
2.25719,-1.33449,9.72813
2.27623,-1.28212,9.7924
2.29527,-1.26308,9.93761
2.29527,-1.21309,10.0542
2.28575,-1.12502,10.3185
2.20482,-1.03694,10.5517
2.99986,-1.20357,12.5584
2.84752,-1.22023,12.4346
2.70232,-1.38686,12.3513
2.64757,-1.55586,12.4608
2.65709,-1.60823,12.3204
2.57616,-1.60109,12.3061
2.64281,-1.74153,12.4917
2.80467,-1.91054,12.3989
2.83324,-1.97481,12.0966
2.48808,-1.92006,11.6681
-0.630203,-1.70107,9.61864
-0.727798,-1.63918,9.39488
-0.92775,-1.27022,9.11162
-1.18721,-1.07741,8.86644
-1.63472,-0.820328,8.65221
-1.9894,-0.860794,8.67125
-2.07271,-1.04408,8.62364
-2.19411,-1.22261,8.4832
-2.35121,-1.09407,8.04997
-2.60829,-0.90126,7.85716
-2.86061,-0.598953,7.32396
-3.2986,-0.427567,7.17876
-3.74373,-0.306168,6.97881
-4.05556,-0.315689,7.07164
-4.23409,-0.3871,7.05498
-4.28169,-0.491837,6.98833
-4.28883,-0.444229,6.45274
-4.60304,-0.301407,6.26707
-4.86964,-0.103836,5.9362
-5.26955,-0.0633698,5.76244
-7.14766,0.0104218,4.86504
-7.21907,0.0413666,4.74126
-7.27144,0.169907,4.97929
-7.31905,0.565048,4.70079
-7.41664,0.736435,4.97691
-7.45711,0.786423,4.67461
-7.65944,0.674545,4.65556
-7.77132,0.457932,4.56273
-7.88557,0.265121,4.37706
-8.03316,0.310349,4.46989
-7.93556,0.424606,4.40086
-8.03554,0.824509,4.43181
-8.10695,1.20061,4.32707
-8.14027,1.52196,4.25804
-8.24263,1.76714,4.06047
-8.39259,1.99803,3.81053
-8.68062,2.24797,3.42967
-8.96864,2.44792,2.96788
-9.29237,2.48125,2.46562
-9.55659,2.5479,2.03477
-9.74464,1.89806,1.43492
-9.72798,1.90996,1.6563
-9.75417,1.86949,1.78722
-9.76131,1.80522,1.80388
-9.61372,1.55528,1.94194
-9.51613,1.3101,2.14903
-9.42567,1.19823,2.3347
-9.41139,1.20061,2.39897
-9.50423,1.2744,2.29185
-9.60182,1.44341,2.05144
-9.69942,1.51244,1.87291
-9.73274,1.42674,2.02763
-9.60182,1.37437,2.17046
-9.52089,1.32439,2.38469
-9.54469,1.22203,2.34898
-9.55183,1.27678,2.47276
-9.4471,1.31725,2.53703
-9.38997,1.33629,2.79173
-9.2281,1.44579,3.04167
-9.09004,1.56004,3.14879
-7.97365,0.919724,4.99596
-7.85225,0.757858,5.10545
-7.86415,0.688828,5.03166
-7.96413,0.741196,5.16972
-7.92128,0.884018,5.11259
-7.92604,0.881638,5.03166
-7.86891,0.886398,5.10545
-7.72371,0.679306,5.5244
-7.40236,0.460312,6.05998
-7.12148,0.262741,6.30278
-5.92415,-0.620377,7.68578
-5.73848,-0.637039,7.95952
-5.53853,-0.51564,8.19994
-5.32668,-0.529922,8.17851
-5.08388,-0.651321,8.21184
-4.95058,-0.453751,8.26183
-4.84108,-0.418045,8.26183
-4.76015,-0.606094,8.20708
-4.73396,-0.8965,8.38322
-4.51259,-1.10121,8.64507
-4.26027,-1.1274,9.1021
-4.02937,-1.1274,9.27824
-3.87227,-1.32259,9.30919
-3.96748,-1.26308,9.17113
-4.06984,-1.21547,9.0164
-4.0865,-1.11073,9.06639
-4.06508,-0.83699,9.13066
-4.03175,-0.689407,9.09734
-3.96748,-0.717972,9.06163
-3.78896,-0.763199,9.13304
-3.60805,-0.884598,9.2473
-3.43904,-0.841751,9.59483
-3.28194,-0.698929,9.76622
-3.15816,-0.658462,9.61864
-3.22481,-0.63942,9.3925
-3.27956,-0.744156,9.23778
-3.23195,-0.713211,9.37822
-3.12959,-0.760818,9.45915
-2.97725,-0.634659,9.49486
-2.81538,-0.508499,9.77098
-1.33717,-1.15358,10.1304
-1.40144,-1.02742,9.8662
-1.44429,-0.941727,9.70195
-1.46571,-0.808426,9.6591
-1.40144,-0.627518,9.7448
-1.2491,-0.372818,9.91618
-1.0063,-0.365677,10.2185
-0.706375,-0.606094,10.3827
-0.501663,-0.717972,10.3423
-0.411209,-0.853653,10.259
-0.296951,-0.96553,10.2137
-0.273148,-0.856033,10.328
-0.232681,-0.656082,10.4589
-0.16127,-0.527542,10.7112
-0.0422516,-0.482315,10.8683
0.0482025,-0.522781,11.2206
0.243393,-0.560867,11.4491
0.502853,-0.591812,11.4468
0.709946,-0.539444,11.2682
0.664719,-0.501358,11.1064
0.464767,-0.263321,9.98521
0.524277,-0.406143,9.8662
0.469528,-0.532303,9.80431
0.362411,-0.591812,9.69243
0.357651,-0.57515,9.82097
0.438583,-0.437088,9.82811
0.507614,-0.253799,9.80907
0.512375,-0.225235,9.90428
0.502853,-0.0800324,9.80669
0.529038,0.0580292,9.6472
0.581406,-0.0943146,9.62578
0.767075,-0.253799,9.62102
0.959885,-0.556107,9.63292
1.07652,-0.70369,9.59959
1.12651,-0.932205,9.58055
1.18126,-0.865555,9.68291
1.28362,-0.682266,9.82811
1.28838,-0.382339,9.95427
1.3455,-0.220474,9.97331
1.35979,-0.180008,9.89476
1.21696,-0.627518,10.0519
1.13603,-0.537064,10.0423
1.21458,-0.289505,10.0709
1.27171,-0.153824,10.0566
1.3217,-0.346634,10.0066
1.32408,-0.6418,9.88524
1.25505,-0.64418,9.85429
1.19078,-0.589432,9.83525
1.15508,-0.51564,9.84953
1.16936,-0.51088,9.89238
1.3455,-0.756058,9.93999
1.59782,-0.779861,9.93047
1.67876,-0.758438,9.78526
1.69066,-0.553726,9.70195
1.63829,-0.337112,9.63292
1.57164,-0.25856,9.57579
1.47881,-0.391861,9.58769
1.18126,-0.522781,9.61864
0.988449,-0.410904,9.67339
1.00273,-0.315689,9.67815
1.67876,-0.199051,9.36394
1.6859,-0.570389,9.27586
1.59544,-0.889359,9.2592
1.48595,-0.96315,9.45201
1.49309,-0.83461,9.6115
1.50023,-0.70845,9.59721
1.44548,-0.741776,9.53532
1.38359,-0.789383,9.54246
1.27647,-0.729874,9.66863
1.16936,-0.565628,9.89238
1.55022,-0.527542,10.1042
1.79301,-0.329971,10.0685
1.77635,-0.301407,9.9995
1.4431,-0.358536,9.98521
1.23125,-0.482315,9.98521
1.33598,-0.627518,9.95189
1.58116,-0.529922,9.95665
1.70256,-0.525162,9.89
1.69304,-0.553726,9.73527
1.57164,-0.617996,9.66863
1.49547,-0.584671,9.52342
1.4312,-0.565628,9.41631
1.33122,-0.51564,9.41869
1.3336,-0.518021,9.3925
1.40739,-0.539444,9.34013
1.455,-0.608475,9.25682
1.48357,-0.653702,9.27348
1.47166,-0.637039,9.40202
1.4669,-0.560867,9.46629
1.4312,-0.489456,9.43059
1.77873,-0.377579,9.69481
1.674,-0.425186,9.62102
1.5883,-0.45137,9.65434
1.63591,-0.353775,9.79716
1.64305,-0.215714,9.80193
1.69304,-0.141922,9.94237
1.79063,-0.0490875,9.95189
1.90965,-0.172867,10.0043
1.98821,-0.334732,9.95903
1.98582,-0.506119,9.86144
1.9644,-0.606094,9.82097
1.90013,-0.606094,9.82573
1.9406,-0.57991,9.91618
2.04295,-0.439468,9.93523
2.16673,-0.441849,9.95665
2.17149,-0.356155,9.98521
2.17625,-0.437088,9.92571
2.08342,-0.57753,9.67339
1.91203,-0.656082,9.55913
1.80254,-0.534683,9.49962
1.78349,-0.0895538,9.69957
1.96678,-0.210953,9.70433
1.98106,-0.158585,9.53294
1.97868,-0.172867,9.38774
1.89299,-0.249039,9.3687
1.77635,-0.487076,9.30443
1.8549,-0.591812,9.3687
1.90965,-0.446609,9.42821
2.05486,-0.270462,9.41155
2.06676,-0.227615,9.48058
2.04533,-0.308548,9.54485
1.97868,-0.463272,9.39964
1.88585,-0.541824,9.32347
1.79539,-0.491837,9.31871
1.82872,-0.413284,9.41155
2.00011,-0.329971,9.47343
2.05962,-0.222855,9.43059
2.11913,-0.308548,9.36394
2.06438,-0.410904,9.35442
2.00011,-0.520401,9.2235
2.76421,-2.36281,9.21874
2.92369,-2.28188,9.60197
2.99748,-2.31044,9.95903
3.02605,-2.43422,9.83049
3.07603,-2.53896,9.76384
3.01891,-2.72939,9.54961
2.97368,-2.91505,9.32347
2.79515,-3.11977,9.31871
2.73564,-3.21498,9.45439
2.86894,-2.72701,9.9019
3.17363,-2.44374,10.328
3.17363,-2.09621,10.2756
2.95702,-2.01051,10.1614
2.88084,-2.28902,9.95665
2.92369,-2.48659,9.77812
3.20457,-2.78651,9.73052
3.74016,-2.95076,10.04
4.14958,-1.72487,11.1802
4.70897,-0.820328,11.6539
4.83751,-0.525162,11.6039
3.45213,-0.475174,11.4801
3.79729,-0.427567,11.6324
3.83537,0.0842133,11.7705
3.62114,0.329391,11.6396
3.50926,0.200851,11.3492
3.40215,0.372238,11.3492
3.48784,0.919724,11.6705
3.58305,1.44341,11.7181
3.48784,1.44579,11.561
2.95702,0.972092,11.204
2.23814,0.0770721,10.6589
1.82396,-0.758438,10.4851
1.98344,-0.886978,10.7303
2.51427,-0.0181427,11.2801
3.00224,0.993515,11.3492
3.06651,1.36723,11.0659
2.73088,1.29106,10.8731
2.4857,1.2506,11.004
2.61424,1.35771,11.1492
2.81657,1.8076,11.3396
2.73802,2.10515,11.2778
2.45476,2.00517,11.0088
2.03581,1.53862,10.4946
1.57402,0.864975,9.96141
1.26219,0.44603,9.502
1.05034,0.543625,9.55199
0.99321,1.16966,9.81383
1.07414,1.82903,9.85905
1.01939,2.49077,9.85667
0.874191,2.75975,9.5377
-0.813492,2.56218,8.56651
-0.615921,2.59312,8.55223
-0.646866,2.65977,8.50224
-0.706375,2.68358,8.3618
-0.806351,2.47173,8.08568
-1.07057,2.37413,7.92381
-1.33717,2.24797,7.80003
-1.64424,2.0504,7.73814
-2.0013,1.78856,7.73814
-2.16792,1.62193,7.72862
-2.44405,1.14348,6.89311
-2.58211,0.969711,6.71458
-2.72969,0.798325,6.46465
-2.87727,0.710251,6.41228
-3.07722,0.819748,6.4099
-3.24385,0.986374,6.46703
-3.31288,1.21727,6.65984
-3.28432,1.50291,6.95976
-3.12245,1.59099,6.81218
-3.28432,1.46721,6.88597
-3.38429,1.1768,6.79552
-3.43666,0.648361,6.56938
-3.32478,0.267502,6.58366
-3.34621,0.0413666,6.28136
-3.49379,-0.122879,6.26707
-3.65565,-0.401382,6.23851
-3.74135,-0.629898,6.21947
-3.66518,-0.77034,6.45036
-3.45332,-0.675125,6.81932
-3.20815,-0.558487,6.92882
-3.33669,-2.339,6.85503
-2.9463,-2.35567,7.40489
-2.39168,-2.0486,7.81432
-2.00844,-1.63203,8.26421
-1.98225,-1.43208,8.26897
-2.34407,-1.52492,8.03807
-2.84871,-1.76772,7.74767
-3.12721,-2.1938,7.60722
-2.84157,-2.38423,7.88335
-2.00844,-2.34377,8.56651
-1.30385,-2.34853,8.94975
-0.982498,-2.23665,8.91405
-1.26814,-2.1819,8.65221
-2.01796,-2.2057,8.66649
-2.81062,-2.15334,8.62364
-2.79634,-2.01289,8.9807
-1.93227,-1.72249,9.64958
-1.04915,-1.66298,9.95903
-0.525467,-1.77724,10.0328
-0.601639,-2.23189,9.84001
-0.282669,-3.81722,10.8183
0.171982,-3.4673,11.2516
0.702805,-2.85316,11.5777
1.11223,-2.27711,11.8728
1.26457,-2.03908,11.7419
0.874191,-2.35567,11.4087
0.381454,-3.01741,11.2635
0.121994,-3.74104,11.035
0.191025,-4.05287,11.2492
0.505234,-3.55775,11.6039
1.067,-3.09596,11.8086
1.38359,-2.4366,11.811
1.44548,-1.83675,11.8157
1.36217,-1.67726,11.6896
1.25267,-2.10335,11.342
1.286,-2.74605,10.9064
1.38121,-3.06026,10.9397
1.66924,-3.0674,11.2135
1.93346,-2.65083,11.2516
1.93346,-2.23189,11.2682
1.97392,-1.20357,11.0707
1.90013,-0.598953,11.1373
1.71922,-0.382339,11.1159
1.55974,-0.458511,10.9017
1.50737,-0.722733,10.8898
1.68828,-0.917923,10.7898
2.00011,-1.39876,10.816
2.17863,-1.72963,10.7327
2.24767,-1.79866,10.7636
2.33812,-1.63679,10.7779
2.17625,-0.948868,10.0923
2.06676,-1.006,9.91618
1.9644,-0.958389,9.86858
1.90013,-0.96315,9.66863
1.89537,-0.784622,9.6234
1.98344,-0.806046,9.69719
1.98582,-0.872696,9.58055
1.9525,-1.11787,9.30919
1.87395,-1.54872,9.19493
1.81444,-1.74391,9.09972
1.74779,-1.6963,9.19255
1.75255,-1.45827,9.33537
1.79778,-1.21785,9.39488
1.76445,-1.03694,9.44725
1.74303,-1.14882,9.39726
1.78111,-1.32735,9.31395
1.67162,-1.53206,9.15922
1.55022,-1.73439,9.12352
1.49785,-1.84865,9.26872
1.49547,-1.782,9.44011
1.64305,-1.59871,9.59007
1.87395,-1.41542,9.67339
1.95012,-1.37972,9.70909
1.8311,-1.49635,9.62816
1.73827,-1.69392,9.59245
1.57164,-1.89149,9.56151
1.54308,-2.0248,9.61626
1.54546,-2.11049,9.62816
1.60497,-2.27235,9.6591
1.7216,-2.25807,9.82097
1.84062,-2.0248,9.82811
1.89775,-1.75581,9.83763
1.76921,-1.67964,9.84953
1.57878,-1.87483,9.69005
1.455,-2.0724,9.59721
1.48119,-2.21284,9.58293
1.59782,-2.22951,9.60674
1.63353,-2.09145,9.61864
1.60735,-1.99861,9.65672
1.57164,-1.86531,9.68529
1.47643,-2.21523,9.53056
1.59782,-2.14619,9.5258
1.6978,-2.13191,9.59245
1.58354,-2.19618,9.4901
1.47881,-2.3152,9.46391
1.39311,-2.37233,9.3925
1.42882,-2.25807,9.47582
1.47166,-2.0486,9.57579
1.47166,-1.9391,9.66148
1.50499,-1.9272,9.66624
1.50975,-2.00813,9.61864
1.5526,-2.07716,9.60197
1.50737,-2.16048,9.57341
1.51689,-2.25569,9.57817
1.45024,-2.37233,9.5139
1.53593,-2.41994,9.58769
1.59544,-2.43422,9.59245
1.57878,-2.18666,9.65434
1.49785,-2.05098,9.7686
1.38597,-2.01765,9.78526
1.38359,-2.04622,9.76384
1.4312,-2.16762,9.69957
1.52879,-2.3033,9.66148
1.56688,-2.33186,9.63768
1.56688,-2.41518,9.68767
1.48119,-2.40804,9.61864
1.38835,-2.34853,9.55199
1.32884,-2.339,9.57103
1.35979,-2.26997,9.46153
1.45976,-2.22713,9.57103
1.4312,-2.28664,9.52104
1.4312,-2.33424,9.5258
1.39787,-2.35805,9.59483
1.41692,-2.36281,9.56389
1.36217,-2.40327,9.57817
1.40025,-2.39375,9.59483
1.33598,-2.35567,9.60435
1.35979,-2.26997,9.72813
1.45738,-2.26045,9.72575
1.52165,-2.29854,9.76622
1.56926,-2.24617,9.74718
1.28838,-2.36281,9.44011
1.24553,-2.40804,9.41631
1.25981,-2.41042,9.502
1.25505,-2.31282,9.50676
1.25267,-2.12477,9.54961
1.28838,-2.03432,9.40678
1.29076,-2.09145,9.35918
1.3217,-2.03432,9.38536
1.32884,-2.16762,9.26396
1.21458,-2.15334,9.20445
1.13365,-2.13667,9.19969
1.12889,-2.08907,9.18303
1.25029,-1.99385,9.14494
1.28838,-1.84865,9.07591
1.33836,-1.74153,9.17589
1.31932,-1.71297,9.11638
1.34074,-1.65822,9.16637
1.33122,-1.48683,9.1259
1.40739,-1.49635,9.18541
1.42882,-1.62251,9.15447
1.85966,-0.941727,8.98784
1.89775,-0.789383,8.82835
1.9406,-0.751297,8.80931
2.02867,-0.691788,8.78075
2.13817,-0.498978,8.80693
2.1096,-0.391861,8.83073
2.15007,-0.279984,8.93547
2.14055,-0.234756,9.08067
2.25957,-0.341873,9.1497
2.41429,-0.498978,9.20683
2.71184,-0.670364,9.2235
2.93083,-0.725113,9.37822
3.11888,-0.556107,9.43059
3.19505,-0.201431,9.63054
3.23552,0.00804138,9.66148
3.30931,0.00328064,9.77574
3.45451,-0.0348053,9.82335
3.59972,0.000900269,9.79002
3.76396,-0.177628,9.73052
3.82823,-0.525162,9.71385
4.97795,-1.29878,10.616
4.97795,-1.06075,10.7993
5.05888,-1.05598,11.1825
5.24455,-1.34163,11.4325
5.39928,-1.80818,11.6372
5.54448,-2.35805,11.5515
5.50877,-3.05074,11.5325
5.4445,-3.46254,11.9371
5.53496,-3.4554,12.3584
5.64207,-3.06502,12.6227
5.62779,-2.67226,12.9416
5.70158,-2.76985,12.9274
5.74919,-3.05788,12.8083
5.81584,-3.66725,12.6536
5.79918,-4.11,12.5203
5.6873,-4.29805,12.2894
5.46831,-4.59322,12.0323
5.25884,-4.80269,12.0109
5.02318,-4.64082,11.899
4.95177,-4.27901,11.899
4.86845,-4.15523,11.8086
4.78038,-4.06477,11.6301
4.75658,-4.09096,11.461
4.60423,-4.10286,11.2254
4.34715,-4.02907,11.0231
4.04246,-4.05525,10.7231
3.69017,-3.99812,10.5113
3.41881,-3.93147,10.4851
3.26646,-3.82436,10.3018
3.10936,-3.6244,10.1923
0.843246,-3.62917,8.17375
0.743271,-3.32686,8.06425
0.726608,-3.21022,8.00713
0.633774,-3.09596,7.78575
0.445725,-3.03645,7.8405
0.310043,-3.09596,7.83336
0.105331,-2.99837,7.7429
-0.156509,-2.87935,7.61198
-0.499283,-2.56514,7.54057
-0.823013,-2.39851,7.39299
-1.18245,-2.31996,7.1978
-1.49666,-2.26759,7.0764
-1.72993,-2.28902,6.94786
-1.80849,-2.16286,6.96928
-1.83467,-2.01051,7.00499
-2.00606,-1.76295,6.97881
-2.12984,-1.49873,6.97881
-2.3036,-1.43208,6.86455
-2.55116,-1.57967,6.71696
-2.67018,-1.51302,6.64079
-2.6678,-1.48683,6.74315
-2.60353,-1.33925,6.85979
-2.46309,-1.26546,7.01213
-2.46309,-1.31306,6.99309
-2.6559,-1.4059,6.86931
-2.83205,-1.50587,6.77647
-2.91774,-1.47493,6.83598
-2.87727,-1.21785,7.12639
-2.68922,-0.889359,7.32634
-2.6321,-0.653702,7.174
-3.07008,-0.6418,7.16923
-2.8987,-0.601334,7.55248
-2.75826,-0.420425,7.7429
-2.75349,-0.282364,7.81432
-2.86537,-0.0181427,7.93809
-2.84633,0.300827,7.82622
-2.6916,0.517441,7.8167
-2.62972,0.779282,7.8643
-2.49165,0.874496,8.00475
-2.57259,0.848312,8.24992
-2.86537,-0.739395,7.01689
-3.15578,-0.953629,6.82408
-3.42476,-1.41066,6.67412
-3.40334,-1.52492,6.87407
-3.1534,-1.16786,7.30492
-2.75111,-0.606094,7.56914
-2.6678,-0.189529,7.75005
-2.75587,-0.0752716,7.60008
-2.90346,-0.251419,7.41917
-3.07246,-0.484695,7.21684
-2.06081,0.460312,8.59746
-2.01082,0.676926,8.99022
-2.04652,1.07207,9.23778
-1.92989,1.38866,9.37346
-1.56093,1.5529,9.33061
-1.06819,1.63383,9.45915
-0.858719,1.51006,9.43059
-0.93251,1.4196,9.19493
-1.33003,0.884018,8.97594
-1.67043,0.367477,8.59984
-0.939651,1.95757,10.1756
-0.792068,2.52409,10.3446
-0.937271,2.34795,10.2709
-1.19435,1.69096,9.9876
-1.28719,0.964951,9.86382
-1.18007,0.57695,9.93285
-0.856339,0.536484,10.3018
-0.532608,0.779282,10.7398
-0.239822,1.29344,10.9302
-0.156509,1.6743,11.0564
1.32646,-0.137161,10.209
1.30504,-0.358536,10.2042
1.3217,-0.479935,10.3518
1.36693,-0.589432,10.3208
1.43596,-0.556107,10.4851
1.45738,-0.541824,10.4684
1.40501,-0.76796,10.5351
1.42882,-0.986954,10.4518
1.53355,-1.04884,10.4065
1.65733,-0.956009,10.3804
1.674,-0.782242,10.2233
1.74541,-0.534683,10.209
1.69542,-0.508499,10.209
1.60258,-0.672745,10.0614
1.39311,-0.903641,9.93285
1.28362,-1.13216,9.95189
1.2979,-1.14406,10.0709
1.46214,-0.889359,10.2185
1.63829,-0.663223,10.2518
1.64067,-0.617996,10.228
1.57402,-0.653702,10.1852
1.56212,-0.8965,10.1209
1.51689,-1.12978,10.1233
1.53593,-1.2607,10.2209
1.50261,-1.31068,10.2042
1.46452,-1.29402,10.2209
1.46452,-1.3083,10.1376
1.40025,-1.44399,10.1733
1.46928,-1.46065,10.178
1.5526,-1.54396,10.1352
1.50737,-0.653702,9.97807
1.44786,-0.472794,9.94237
1.43239,-0.51564,9.80431
1.52879,-0.815567,9.73766
1.57402,-0.591812,9.64125
1.52165,-0.462082,9.64244
1.46095,-0.459702,9.57698
1.4669,-0.528732,9.60792
1.61925,-0.585861,9.71504
1.48,-0.426376,9.73647
1.4312,-0.288315,9.72218
1.48238,-0.251419,9.7198
1.5038,-0.338303,9.67934
1.50737,-0.564438,9.48891
1.43358,-0.57634,9.69957
1.48833,-0.325211,9.84239
1.58949,-0.473984,9.77931
1.57402,-0.64061,9.83287
1.47762,-0.507309,9.81383
1.47881,-0.429947,9.78526
1.54903,-0.690598,9.73766
1.53117,-0.658462,9.81621
1.39668,-0.51326,9.75789
1.34908,-0.606094,9.74599
1.37883,-0.64299,9.66981
1.36693,-0.669174,9.696
1.31813,-0.566818,9.70671
1.37526,-0.534683,9.77217
1.37645,-0.808426,9.63054
1.48119,-0.884598,9.62102
1.3336,-0.701309,9.57341
1.22173,-0.3871,9.58888
1.40382,-0.472794,9.53175
1.39549,-0.584671,9.57936
1.28242,-0.325211,9.62459
1.31099,-0.349014,9.56746
1.41573,-0.651321,9.56508
1.43239,-0.6418,9.76146
1.45143,-0.57872,9.87929
1.65971,-0.601334,9.97926
1.59544,-0.757248,10.0602
1.53117,-0.778671,9.92094
1.4431,-0.803665,9.84477
1.40025,-0.952438,9.84477
1.31099,-0.744156,9.87096
1.28362,-0.802475,9.86144
1.39549,-0.825089,9.76027
1.36336,-0.688217,9.76265
1.31932,-0.622757,9.69838
1.4062,-0.57872,9.69719
1.43953,-0.607285,9.6841
1.39906,-0.660843,9.55556
1.43477,-0.606094,9.43892
1.42763,-0.238327,9.51033
1.42287,-0.0359955,9.46272
1.46214,0.0508881,9.4044
1.49309,0.152054,9.34489
1.6252,0.397232,9.25801
1.60973,0.791184,9.17946
1.58711,1.13277,8.99141
1.69423,1.46364,9.12114
1.87157,2.01945,9.23897
1.92632,2.10634,9.12114
1.9644,1.75166,9.16399
2.32384,1.48744,9.22469
2.65233,1.76833,9.40916
3.00105,2.00041,9.8174
3.21172,2.00398,9.91975
3.42714,1.1899,10.1173
3.95677,0.455551,10.4351
4.06865,0.373428,10.6946
3.86156,0.0639801,11.2968
3.97224,-0.272842,11.5622
4.45427,-0.856033,11.4432
4.65065,-0.70369,11.5134
4.39595,-0.364487,11.5098
4.29597,-1.17976,11.317
4.55305,-2.21642,11.1242
4.54234,-1.86888,11.2861
4.31859,-1.51302,11.4122
4.15077,-2.00932,11.3765
3.9532,-2.68773,11.0885
3.58543,-2.61156,11.1445
3.24147,-2.26997,11.373
2.99272,-2.42232,11.1968
2.8618,-2.72105,11.004
2.55949,-2.54372,10.9957
2.28456,-2.46754,10.9945
2.09294,-2.36995,10.7767
1.75374,-2.58894,10.4232
1.40501,-2.96861,9.93999
1.07176,-2.64369,9.81859
0.764694,-2.22475,9.65077
0.473099,-2.10216,9.48177
0.0624847,-2.23546,8.89143
-0.393356,-2.54134,8.33681
-0.693283,-2.30687,8.18327
-1.1158,-2.0367,7.93452
-1.27885,-1.89745,8.01546
-1.2372,-1.58205,7.87383
-1.92155,-1.48564,7.66078
-2.33098,-1.11192,7.82503
-2.20601,-0.343063,7.99998
-2.61067,-0.487076,7.82384
-2.97249,-1.06194,7.80717
-2.50117,-0.758438,8.21184
-2.39287,-0.427567,8.07616
-2.86299,-0.394241,7.62151
-3.07127,-0.651321,7.74528
-2.82848,-0.438278,8.10472
-2.75826,-0.133591,7.99879
-2.97844,-0.1931,7.80122
-3.08913,-0.164536,7.64531
-2.93916,0.323441,7.90834
-2.86061,0.979233,8.07616
-3.03557,1.12086,7.73933
-3.28789,0.76738,7.63698
-3.0677,1.11015,8.07259
-3.17363,1.47911,7.88811
-3.65208,1.27678,7.45964
-3.49498,1.30058,7.84645
-3.02724,1.90401,8.4344
-3.16292,1.98494,8.06545
-3.0927,1.17323,7.84526
-3.00224,1.23869,8.28563
-2.75587,2.05397,8.44154
-2.4857,2.38127,8.31181
-2.57616,2.58717,8.55104
-2.82729,2.61931,8.60103
-2.66661,2.20869,8.37846
-2.5345,2.1956,8.39751
-2.58806,2.23488,8.52129
-2.73802,1.85283,8.49391
-2.03819,1.74571,8.68553
-1.81325,1.98494,9.02473
-2.05009,2.08015,9.17708
-1.72279,2.35866,9.20683
-1.2979,2.18846,9.07829
-1.674,1.2375,8.82716
-1.90132,0.893539,9.27467
-1.33241,2.08253,9.71147
-1.04796,2.72285,9.61507
-1.05391,2.16347,9.49843
-1.03844,1.67073,9.79121
-0.602829,1.49696,10.1828
-0.461197,1.46245,9.92333
-0.477859,1.5648,10.0661
-0.317184,1.66716,10.378
0.179123,1.76714,10.466
0.1577,1.347,10.0995
-0.235062,0.582901,10.0626
-0.0208282,0.89473,10.4946
0.684952,1.8076,10.8624
0.839676,1.82664,10.879
0.630203,1.20656,10.8326
1.02773,1.15181,10.9933
1.20268,0.745956,10.7362
0.869431,-0.0645599,10.5458
1.05272,0.367477,10.5946
1.29552,1.24107,10.8041
1.45024,1.00899,10.7469
1.45619,0.281784,10.566
1.57878,0.297256,10.5553
1.64424,0.466263,10.5839
1.72517,0.287735,10.5839
1.87276,0.302017,10.5863
1.9156,0.279404,10.5101
1.82277,0.278214,10.572
1.77278,0.323441,10.5958
1.8192,-0.0609894,10.5327
2.00011,-0.105026,10.3268
1.98225,-0.132401,10.1637
1.90132,0.0258942,10.2947
1.80254,-0.118118,10.2375
1.85728,-0.359726,10.1364
1.89299,-0.108597,10.0638
1.80135,-0.077652,9.92213
1.92751,-0.13121,9.89595
1.85728,-0.238327,9.79598
1.65614,-0.364487,9.76027
1.67757,-0.469223,9.58531
1.9156,-0.478745,9.65315
1.89418,-0.282364,9.64244
1.68828,-0.507309,9.49724
1.70494,-0.783432,9.49843
1.7823,-0.438278,9.60792
1.57759,-0.107407,9.5389
1.48119,-0.300217,9.62578
1.57402,-0.137161,9.73052
1.55974,-0.0348053,9.71623
1.67519,0.0139923,9.77931
1.86681,0.0187531,9.79598
1.79301,-0.0597992,9.87691
1.89775,0.0163727,9.73766
1.89061,-0.110977,9.63173
1.77635,-0.0312347,9.61745
1.80254,0.199661,9.72337
1.75612,0.350815,9.69957
1.62996,0.280594,9.60435
1.5157,0.169907,9.66386
1.64067,0.360336,9.75194
1.87157,0.380569,9.67458
1.7942,0.207993,9.65315
1.68352,-0.0217133,9.5627
1.70732,0.104446,9.70195
1.76921,0.302017,9.64244
1.74898,0.349625,9.696
1.66685,0.267502,9.62935
1.68828,0.293686,9.68291
1.78111,0.348434,9.80669
1.66209,0.250839,9.75789
1.56212,0.169907,9.72813
1.64067,0.111588,9.64482
1.73946,0.223465,9.66981
1.61211,0.266312,9.67577
1.46095,0.104446,9.64958
1.59068,0.209183,9.75313
1.68352,0.315109,9.81621
1.52641,0.350815,9.68767
1.42882,0.144913,9.65791
1.58235,0.240128,9.74242
1.76802,0.307968,9.7448
1.65495,0.212753,9.64601
1.5157,0.111588,9.55675
1.58711,0.121109,9.69005
1.60139,0.291306,9.66981
1.46452,0.200851,9.59721
1.40501,-0.0336151,9.64244
1.5883,0.300827,9.79359
1.60139,0.349625,9.79598
1.51213,0.0865936,9.70433
1.52641,-0.0895538,9.63649
1.55974,0.187759,9.69243
1.49666,0.329391,9.6472
1.47643,0.268692,9.67696
1.455,0.0615997,9.65434
1.62758,0.12706,9.73052
1.6002,0.293686,9.68172
1.50142,0.363907,9.68886
1.38359,0.19371,9.55913
1.48476,0.0473175,9.55437
1.56569,0.187759,9.53056
1.54665,0.159195,9.60197
1.50737,0.12825,9.5865
1.52641,0.248459,9.7079
1.56807,0.266312,9.70909
1.52879,0.212753,9.69719
1.46928,0.279404,9.72575
1.53355,0.311539,9.8531
1.65376,0.215134,9.78883
1.67519,0.0544586,9.85548
1.69542,0.197281,9.86858
1.61687,0.25679,9.89476
1.60616,0.0901642,9.80788
1.60258,0.150864,9.81026
1.53355,0.181808,9.81383
1.50142,0.31868,9.79359
1.54427,0.350815,9.8055
1.6002,0.19133,9.73052
1.49071,0.182999,9.60792
1.46095,0.248459,9.58888
1.43834,0.166336,9.43892
1.39549,0.19014,9.36513
1.42168,0.207993,9.33061
1.38716,-0.0895538,9.2473
1.43239,-0.307358,9.23659
1.5645,-0.270462,9.30443
1.60497,-0.379959,9.31514
1.46452,-0.546585,9.02116
1.36455,-0.978622,9.00093
1.44429,-1.2964,8.84502
1.53474,-1.13216,9.03783
1.4312,-1.28569,8.98308
1.58949,-1.53206,9.07115
1.90013,-1.49754,9.29134
1.8799,-1.54277,9.43892
1.84538,-1.49159,9.55318
2.07747,-1.54396,9.61745
2.46547,-1.17619,9.96855
2.63567,-0.845322,10.3446
2.71422,-0.888168,10.491
2.83324,-1.2238,10.3208
3.11412,-1.53206,10.2923
3.51402,-0.8358,10.8564
3.31288,-0.168106,10.8017
3.08199,-0.760818,10.5315
3.32121,-1.13454,10.3994
3.47832,-0.274033,10.6993
2.97844,0.166336,10.4851
2.9594,0.0354156,10.4946
3.48427,0.19252,10.6434
3.71754,0.497208,10.9362
3.50807,0.179428,10.7767
3.41167,-0.350204,10.5625
3.82466,0.0735016,10.9766
3.65446,0.743576,11.0361
3.39857,0.488876,10.6589
3.47832,-0.181198,10.6505
3.56996,0.525772,11.0968
3.27599,1.25179,10.9183
2.85228,1.18394,10.7838
2.91417,0.987564,10.6862
3.08437,1.18156,10.8338
2.88084,1.83736,10.8933
2.56425,2.25154,10.8612
2.39882,2.6086,10.8243
2.16673,2.62407,10.4375
1.71803,2.44554,10.2268
1.37764,2.15395,10.0923
1.27885,2.2813,9.94118
1.09438,2.6693,9.86025
0.901566,2.75142,9.49724
0.686142,2.69667,9.37227
0.344559,2.76332,9.17589
0.000595093,2.84068,8.94499
-0.256485,2.90733,8.67244
-0.711136,2.79903,8.44749
-1.0182,2.52885,8.27016
-1.00035,2.51933,8.20827
-1.04558,2.36461,8.23207
-1.36812,2.38841,8.15114
-1.59663,2.34676,8.04759
-1.67876,2.16823,8.03212
-1.79539,1.78856,8.0226
-2.15007,1.62907,8.01546
-2.425,1.67192,7.9131
-2.58806,1.82784,7.67268
-2.76064,1.80641,7.50011
-2.93083,1.5779,7.46321
-3.01176,1.19942,7.21922
-2.89037,1.03874,7.02403
-3.34978,0.869736,7.0526
-3.59138,1.02803,7.49892
-3.29146,1.53981,7.89049
-3.24861,1.44102,7.82146
-3.60091,1.09944,7.66435
-3.6259,1.08159,7.80955
-3.1046,0.89949,7.88573
-3.41643,0.636459,7.75719
-3.79729,0.287735,7.83336
-3.42476,0.237747,8.07735
-3.25218,0.222275,8.15828
-3.47118,-0.214523,8.24635
-3.19743,-0.494217,8.4951
-2.95702,-0.329971,8.55223
-3.18077,-0.152634,8.73195
-3.11174,-0.416855,8.62007
-3.00105,-0.70726,8.66292
-2.98677,-0.983383,8.57246
-3.20815,-1.05479,8.5201
-3.07246,-0.554916,8.78908
-2.4976,-0.332352,8.83311
-2.57497,-0.845322,8.85216
-2.94154,-1.5761,8.87477
-2.77373,-1.78557,9.06401
-2.15126,-1.31068,9.22111
-2.2072,-0.607285,9.34489
-2.7773,-0.825089,9.6115
-2.52022,-1.43208,9.6841
-2.0013,-2.06169,9.73052
-1.92751,-2.41875,9.60317
-1.59901,-1.54515,10.0221
-1.98106,-1.1869,10.1875
-2.02391,-1.73082,9.95308
-1.33003,-1.70226,10.0685
-1.12056,-1.69154,10.2423
-1.36336,-1.88435,10.0757
-1.36574,-1.90102,10.1435
-1.18126,-2.0605,10.1649
-1.0551,-2.15096,10.0888
-0.632584,-1.63441,10.2066
-0.512375,-1.63084,10.1185
-0.988449,-2.21999,10.0661
-0.883713,-2.02361,10.3506
-0.424301,-1.37614,10.5708
-0.231491,-1.09883,10.6124
-0.473099,-1.3214,10.6351
-0.235062,-1.28331,10.7648
0.302902,-1.38091,10.6886
0.335037,-1.6356,10.6934
-0.0612946,-1.46898,10.5482
-0.155319,-0.794144,10.8921
0.337418,-0.350204,10.9469
0.596878,-0.665604,10.7267
0.292191,-1.14763,10.5363
0.0589142,-1.33925,10.347
0.421921,-0.996475,10.4077
0.648056,-0.518021,10.5375
0.586166,-0.407333,10.3101
0.6064,-0.594193,10.103
0.444534,-0.754868,10.0328
0.424301,-0.827469,10.015
0.551651,-0.38353,10.2661
0.451675,-0.149063,10.2149
0.371933,-0.218094,10.09
0.365982,-0.498978,10.0519
0.504044,-0.616806,10.209
0.778976,-0.758438,10.2601
0.807541,-0.694168,10.209
0.795639,-0.717972,10.2221
0.80278,-0.807236,10.1245
0.862289,-0.665604,10.134
0.86586,-0.906021,10.0031
0.740891,-1.18214,9.87215
0.720657,-0.973862,9.88405
0.776596,-0.822708,9.83644
0.698044,-0.720352,9.89833
0.714706,-0.870316,9.8662
0.642105,-1.05956,9.76503
0.67305,-0.983383,9.85905
0.623062,-1.12621,9.87929
0.768265,-1.11549,9.96974
0.789688,-1.04765,10.0507
0.813492,-1.02385,10.0769
0.73851,-1.11073,9.99235
0.696854,-1.22737,10.0412
0.769455,-1.16072,10.0828
0.755173,-1.20833,9.96974
0.820633,-1.31187,9.89
0.80159,-1.26665,9.85786
0.842056,-1.24879,9.94118
0.819443,-1.15953,9.93642
0.7397,-1.08217,9.88048
0.748032,-1.16072,9.76384
0.627823,-1.27498,9.72575
0.576645,-1.21666,9.7805
0.643295,-1.07979,9.85548
0.602829,-0.978622,9.79478
0.514755,-1.0536,9.71742
0.642105,-1.175,9.77812
0.873001,-1.30711,9.84477
0.80159,-1.23451,9.81264
0.626633,-1.21904,9.7317
0.618301,-1.18095,9.66624
0.630203,-1.22737,9.64244
0.537369,-1.13692,9.68291
0.485001,-1.12144,9.80669
0.613541,-1.00243,9.91856
0.54689,-1.03813,9.8662
0.615921,-1.19524,9.87096
0.663528,-1.27617,9.88048
0.650436,-1.26903,9.90309
0.551651,-1.34044,9.82811
0.602829,-1.3571,9.83406
0.687332,-1.17143,9.9138
0.631393,-1.00362,9.98402
0.593307,-1.04765,9.83049
0.536179,-1.32497,9.79598
0.586166,-1.21071,9.82216
0.642105,-0.978622,9.84834
0.657578,-0.976242,9.82692
0.629013,-1.20476,9.71623
0.558792,-1.34877,9.66743
0.614731,-1.30473,9.79121
0.564743,-0.859604,9.89119
0.471909,-1.01909,9.83525
0.467148,-1.21547,9.78288
0.48143,-1.13692,9.81978
0.496902,-1.08812,9.84953
0.455246,-1.10121,9.84715
0.623062,-1.19286,9.88167
0.740891,-1.2,9.91618
0.713516,-1.06908,9.96022
0.667099,-1.07384,9.95784
0.648056,-0.973862,9.93761
0.656387,-1.03337,9.85072
0.558792,-1.05122,9.84239
0.6064,-1.05122,9.85072
0.650436,-0.994095,9.73409
0.555222,-1.04884,9.75313
0.494522,-1.10478,9.71623
0.519516,-1.05241,9.77931
0.552841,-0.983383,9.86739
0.562363,-0.997665,9.83406
0.654007,-0.998856,9.85429
0.650436,-1.0298,9.85667
0.600449,-1.0905,9.81978
0.687332,-1.1869,9.78407
0.67186,-1.05241,9.78288
0.649246,-0.976242,9.78407
0.652817,-0.935776,9.696
0.576645,-0.89769,9.72694
0.493332,-0.988144,9.75194
0.552841,-0.906021,9.84239
0.687332,-0.945297,9.86977
0.725418,-1.00719,9.87691
0.682571,-0.954819,9.92094
0.586166,-0.894119,9.94118
0.638535,-0.966721,9.94118
0.751602,-1.00243,9.82216
0.712326,-0.861984,9.88881
0.557602,-0.801285,9.87215
0.617111,-0.857224,9.87572
0.680191,-0.846512,9.89952
0.615921,-0.978622,9.81264
0.649246,-0.820328,9.91142
0.709946,-0.925064,9.81859
0.719467,-1.0417,9.83644
0.764694,-0.856033,9.88405
0.731369,-0.957199,9.82454
0.811111,-0.953629,9.83049
0.786118,-1.01552,9.82573
0.795639,-0.920303,9.89119
0.740891,-0.822708,9.99355
0.720657,-0.885788,9.79121
0.720657,-1.0298,9.76741
0.727798,-1.0905,9.73885
0.745651,-1.04408,9.74837
0.684952,-0.882217,9.86262
0.662338,-0.872696,9.9138
0.740891,-1.03575,9.83406
0.693283,-1.11073,9.85667
0.731369,-1.01314,9.83644
0.720657,-0.848892,9.82811
0.646866,-0.858414,9.82216
0.686142,-1.05598,9.84834
0.846817,-1.05122,9.89238
0.861099,-0.988144,9.90428
0.73613,-1.00719,9.87215
0.575455,-0.864365,9.85072
0.60997,-0.848892,9.79478
0.711136,-0.908401,9.80669
0.677811,-0.981003,9.78526
0.726608,-1.02504,9.75908
0.732559,-0.844131,9.71623
0.645676,-0.850082,9.75551
0.617111,-0.914352,9.72813
0.677811,-0.89888,9.79478
0.780167,-0.853653,9.77574
0.662338,-0.719162,9.83168
0.60997,-0.673935,9.87691
0.709946,-0.679886,9.88405
0.796829,-0.732254,9.81978
0.819443,-0.844131,9.85548
0.73851,-0.879837,9.93523
0.711136,-0.823898,9.86382
0.648056,-0.765579,9.84834
0.599258,-0.801285,9.83525
0.621872,-0.669174,9.86144
0.765884,-0.779861,9.88762
0.7397,-0.831039,9.74718
0.827774,-0.865555,9.67577
0.751602,-0.800095,9.49486
0.619492,-0.716782,9.34966
0.589737,-0.720352,9.01521
0.561172,-0.822708,8.73195
0.520706,-0.754868,8.39394
0.386215,-0.477554,8.18922
0.398117,-0.308548,8.04283
0.550461,-0.379959,7.8524
1.04082,-0.731064,8.21303
1.52879,-0.777481,8.42369
1.75969,-0.894119,8.29753
2.08223,-0.904831,8.35347
2.42857,-1.19405,8.23445
2.73445,-1.22618,7.89763
2.78682,-1.13692,7.75005
2.78206,-0.825089,7.74052
3.08675,-0.520401,7.64293
3.58067,-0.410904,7.75838
4.05556,-0.478745,7.84288
4.52925,-0.482315,7.9857
4.64827,-0.245468,7.95357
4.94344,-0.326401,8.0583
5.6147,-0.754868,7.81551
6.00508,-1.10835,7.81313
5.942,-0.96196,7.72267
6.01698,-0.521591,7.50487
6.44069,-0.0217133,7.66197
6.8513,-0.0752716,7.24898
7.16789,-0.612045,6.92763
7.80226,-0.747726,6.89311
8.29976,-0.185959,6.68364
8.77345,0.056839,6.34801
9.02458,-0.470413,6.01476
9.24596,-0.721542,5.80766
9.28642,-0.25737,5.62556
9.35307,-0.372818,5.2209
9.70894,-0.716782,4.9424
9.88152,-0.526352,5.0031
9.8232,-0.132401,4.8579
9.83272,0.000900269,4.77696
9.76131,0.315109,4.75792
9.84105,0.669785,4.59248
9.97435,0.287735,4.37587
9.93388,0.2556,4.04857
9.63991,0.630508,3.92241
9.67799,1.05302,3.93669
9.98982,0.859024,3.84386
9.97911,0.51387,3.54155
9.6899,0.736435,3.45586
9.75774,0.881638,3.54036
9.85176,0.823318,3.45824
9.72798,0.870926,3.47371
9.7375,0.487686,3.23686
9.74583,0.491257,2.96431
9.59587,0.789993,2.9893
9.48994,0.663834,3.04048
9.50423,0.12706,2.74294
9.46495,0.166336,2.6263
9.36379,0.412704,2.61678
9.31142,0.141342,2.63106
9.34117,0.225845,2.82625
9.33879,0.302017,3.10237
9.51732,0.186569,3.27257
9.69466,0.204422,3.56178
9.61491,0.218704,3.74031
9.64943,0.241318,4.08427
9.71965,0.331772,4.10689
9.60539,0.431747,4.33421
9.6292,0.415085,4.46751
9.6292,0.0806427,4.49489
9.61729,-0.265701,4.73173
9.53874,-0.206192,4.96501
9.28047,0.0615997,5.03404
9.06148,-0.0752716,5.0995
8.94841,-0.266891,5.14116
8.83891,-0.284744,5.47203
8.87938,-0.534683,5.7303
8.85201,-0.495407,5.91835
8.60088,-0.582291,6.04332
8.29619,-0.870316,6.2397
8.10338,-0.933395,6.66936
7.8951,-0.737015,6.90858
7.66658,-0.988144,7.00975
7.48805,-1.07146,7.12877
7.12862,-1.20952,7.43941
6.75252,-1.39281,7.54057
6.28716,-1.2238,7.81908
5.90987,-1.17143,8.00356
5.83369,-1.2726,8.00713
5.4088,-1.24403,8.09996
4.89821,-1.1512,8.50224
4.60899,-0.986954,8.4225
4.25551,-1.00362,8.50224
3.81752,-1.33687,8.62602
3.56401,-1.49397,8.74385
2.98677,-0.873886,8.79741
2.11794,-0.664413,8.36537
1.17531,-0.752487,8.02379
0.679001,-0.935776,7.90953
0.60759,-0.871506,7.8405
0.555222,-0.471603,7.98094
0.211258,-0.279984,7.99046
0.114853,-0.615616,8.00713
0.231491,-1.04646,7.90715
0.089859,-0.742966,8.07854
-0.0660553,-0.274033,8.24992
-0.210068,-0.329971,8.12257
-0.298141,-0.628708,8.0833
-0.256485,-0.701309,8.42488
-0.116043,-0.443039,8.69624
-0.0791473,-0.381149,9.07115
0.117233,-0.738205,9.56151
0.534988,-1.12859,10.0293
0.902756,-1.369,10.2113
0.80278,-1.13216,10.303
0.583786,-1.19167,10.2411
0.440964,-1.17024,10.0959
0.362411,-0.958389,10.1887
0.412399,-0.979813,10.1007
0.433823,-1.09169,10.1054
0.521896,-1.04884,10.1054
0.662338,-1.006,10.1328
0.506424,-0.933395,9.91142
0.344559,-1.05836,9.81145
0.458817,-0.925064,9.93999
0.477859,-0.886978,9.86262
0.248154,-0.876266,9.61031
0.138657,-0.853653,9.68053
0.388596,-0.988144,9.84477
0.458817,-1.07503,9.78645
0.444534,-0.872696,9.8293
0.382645,-0.838181,9.78645
0.41835,-0.916733,9.76146
0.507614,-1.00957,9.80193
0.486191,-0.959579,9.83406
0.567123,-0.96315,9.91261
0.627823,-0.954819,9.86739
0.507614,-0.992905,9.9019
0.455246,-1.10002,9.89714
0.430252,-0.940536,10.0423
0.41478,-0.865555,9.99235
0.377884,-0.894119,9.9269
0.367172,-0.933395,9.9388
0.444534,-1.02385,10.0043
0.495712,-0.932205,10.0162
0.501663,-0.890549,10.0388
0.439774,-0.888168,9.87691
0.318375,-0.951248,9.80669
0.394547,-1.03694,9.80788
0.520706,-0.858414,9.94118
0.463577,-0.77153,9.94713
0.327896,-0.947678,9.85429
0.424301,-1.01195,9.76146
0.311234,-0.877457,9.77455
0.249344,-0.820328,9.80669
0.357651,-0.928635,9.80431
0.380264,-1.01314,9.83049
0.382645,-0.947678,9.83168
0.394547,-0.967911,9.82216
0.331467,-0.888168,9.85667
0.302902,-0.971481,9.86025
0.267197,-0.891739,9.9388
0.312424,-0.866745,9.96855
0.349319,-0.976242,9.95665
0.357651,-1.01314,9.95665
0.255295,-0.808426,9.85072
0.212448,-0.861984,9.80788
0.270767,-0.984573,9.86262
0.254105,-0.821518,9.90071
0.208878,-0.712021,10.0923
0.321945,-0.776291,10.3232
0.470718,-0.90007,10.4756
0.562363,-0.851273,10.6981
0.60878,-0.870316,11.0897
0.60878,-0.838181,11.248
0.520706,-0.733444,11.5527
0.696854,-0.698929,11.7562
0.590927,-0.694168,11.7407
0.324326,-0.637039,11.78
-0.0743866,-0.825089,11.6408
-0.363602,-1.11787,11.3468
-0.513565,-1.09407,11.2611
-0.532608,-1.23451,11.1754
-0.627823,-1.19286,10.866
-1.0182,-1.01433,10.7612
-1.32051,-1.29045,10.5779
-1.55974,-1.36424,10.2066
-1.94179,-1.23213,9.80431
-2.43452,-1.16667,9.30324
-2.96297,-0.939346,8.74028
-3.42357,-0.922684,8.67006
-3.70564,-0.882217,8.37846
-4.04246,-0.503738,7.83574
-4.51616,-0.390671,7.21803
-5.07912,-0.546585,7.00856
-5.37428,-0.459702,6.90025
-5.48735,-0.45018,6.58842
-5.81465,-0.113358,6.43727
-6.23598,0.0842133,6.2635
-6.56566,0.122299,6.13496
-6.76323,0.167526,5.85765
-7.0941,0.155624,5.46727
-7.45235,0.123489,5.76482
-7.4333,-0.096695,5.90645
-7.60469,0.0996857,5.42442
-8.05696,0.436508,4.86504
-8.49495,0.38295,4.76149
-8.57707,0.186569,4.81267
-8.56636,0.393661,4.40205
-8.78178,0.70668,3.96526
-9.13527,1.08635,3.52846
-9.31618,1.19585,2.78578
-9.38045,1.22203,2.34541
-9.38878,1.50768,2.16212
-9.50423,1.85878,1.36113
-9.75893,2.2206,0.468491
-10.0529,2.27892,0.167374
-10.1922,2.11348,0.0888214
-10.0981,2.01945,0.197128
-9.93388,1.8445,0.391129
-9.85771,1.56718,0.59346
-9.77559,1.31963,0.946945
-9.68394,1.10658,1.36113
-9.57564,0.885208,1.64915
-9.5685,1.00423,1.77888
-9.81249,1.41246,1.3528
-9.96602,1.50291,1.49443
-9.81486,1.32082,1.80031
-9.77678,1.45888,1.84792
-9.84581,1.54576,1.70509
-9.8589,1.53029,1.67534
-9.70418,1.27678,2.10976
-9.52089,0.957809,2.48705
-9.41972,0.913773,2.53465
-9.24834,1.04469,2.86433
-9.05196,0.886398,3.29161
-8.86629,0.687637,3.38326
-8.9008,0.711441,3.46419
-8.8282,0.718582,3.75935
-8.60326,0.504349,4.1414
-8.36046,0.499588,4.37706
-8.46043,0.732864,4.31874
-8.27953,0.478165,4.58296
-8.00816,0.356766,5.16496
-7.99983,0.388901,5.24233
-8.04744,0.488876,5.36253
-7.88438,0.57576,5.73863
-7.53923,0.169907,6.13139
-7.31071,0.00328064,6.51939
-7.09767,0.0735016,6.91097
-6.97389,0.210373,6.91097
-7.00246,0.241318,6.65865
-6.89415,0.161575,7.17995
-6.40855,-0.25499,7.6953
-6.00627,-0.332352,7.64293
-6.07887,-0.0621796,7.47392
-6.07054,0.288925,7.57866
-5.77538,-0.1931,7.85835
-5.59328,-0.413284,8.01903
-5.22313,-0.353775,8.53081
-4.96962,-0.13002,8.33562
-4.94106,0.0199432,8.4106
-4.79466,-0.184769,8.60698
-4.68517,-0.439468,8.9688
-4.44237,-0.606094,9.05925
-4.31026,-0.334732,9.04021
-4.32692,-0.137161,9.10448
-4.0508,-0.491837,9.38655
-3.60567,-0.694168,9.56746
-3.39857,-0.528732,9.85191
-3.55211,-0.226425,9.59126
-3.61757,-0.269272,9.4044
-3.39857,-0.395432,9.68053
-2.94749,-0.617996,10.1435
-2.58092,-0.850082,10.0709
-2.75349,-0.400192,9.81264
-2.84038,-0.433517,9.87453
-2.81419,-0.454941,9.87096
-2.68803,-0.502548,9.94356
-2.57854,-0.57753,9.96974
-2.24409,-0.622757,9.93761
-2.09294,-0.495407,10.0293
-2.11913,-0.539444,10.0328
-2.10365,-0.721542,10.0031
-2.00249,-0.70726,9.91856
-1.98344,-0.677505,9.76741
-1.99178,-0.757248,9.67696
-1.78349,-0.776291,9.8174
-1.60377,-0.765579,10.0638
-1.58949,-0.702499,10.0019
-1.63948,-0.829849,9.87572
-1.58116,-0.726303,9.77931
-1.5883,-0.658462,9.68291
-1.50023,-0.665604,9.69005
-1.37764,-0.681076,9.62816
-1.21815,-0.709641,9.61626
-1.01701,-0.740585,9.79716
-0.895615,-0.77034,9.89714
-0.820633,-0.794144,9.95189
-0.851578,-0.70369,9.81502
-0.917038,-0.495407,9.70909
-0.850388,-0.807236,9.6234
-0.761124,-0.879837,9.6115
-0.615921,-0.948868,9.63649
-0.308853,-1.0905,9.86858
-0.133896,-1.16905,9.96379
0.025589,-1.21428,10.2352
-0.0232086,-1.11787,10.2625
-0.133896,-1.23332,10.3149
-0.0958099,-1.11787,10.3435
-0.183884,-1.07741,10.2078
-0.260056,-1.06075,10.1983
-0.246964,-1.03099,10.1792
-0.191025,-1.26308,10.1804
-0.156509,-1.25356,10.2709
-0.242203,-1.0536,10.1792
-0.251724,-0.882217,10.2185
-0.176743,-0.928635,10.2542
-0.0648651,-0.886978,10.2828
-0.0493927,-0.876266,10.2792
-0.16127,-1.07265,10.0971
-0.167221,-1.15477,10.0769
-0.0220184,-1.37376,10.0995
-0.0934296,-1.51064,9.86025
-0.295761,-1.30711,9.63768
-0.47905,-0.915543,9.75432
-0.277908,-0.712021,9.86144
-0.254105,-0.695358,9.65553
-0.313614,-0.857224,9.60197
-0.195786,-0.947678,9.62578
-0.0279694,-1.09169,9.51152
0.0327301,-1.23451,9.54246
0.0862885,-1.14882,9.48891
0.132706,-1.03694,9.48534
0.1577,-0.970291,9.54008
0.0886688,-1.07503,9.40321
0.0684357,-1.05241,9.45558
0.126755,-0.781052,9.45201
0.243393,-0.754868,9.53175
0.273148,-0.892929,9.57579
0.280289,-0.920303,9.67815
0.343369,-0.565628,9.77455
0.386215,-0.465652,9.9507
0.565933,-0.404953,10.0221
0.662338,-0.413284,10.0173
0.588547,-0.572769,9.96022
0.35051,-0.701309,10.0007
0.525467,-0.728684,10.0745
0.589737,-0.646561,10.0221
0.594498,-0.539444,10.0126
0.485001,-0.688217,9.95308
0.537369,-0.858414,9.95308
0.598068,-1.07979,9.90547
0.692093,-0.795334,9.94237
0.884903,-0.597763,10.1602
1.07652,-0.831039,10.1364
0.981308,-0.787003,10.1518
0.938461,-0.591812,10.2542
1.04082,-0.5811,10.0995
0.99321,-0.610855,9.96736
0.836105,-0.541824,9.7448
0.853958,-0.391861,9.92333
1.04796,-0.240707,10.0126
1.19435,-0.302597,9.9138
1.17888,-0.374008,9.84715
1.08961,-0.370438,9.8055
1.0551,-0.365677,9.77693
0.990829,-0.231186,9.76503
1.00868,-0.187149,9.79359
0.970596,-0.0883637,9.82811
0.974167,0.0330353,9.84477
1.03844,-0.0871735,9.84239
1.04439,-0.177628,9.92808
1.06343,-0.0717011,9.89357
1.03606,-0.156204,9.93523
1.09795,-0.341873,10.0685
1.19554,-0.300217,9.99235
1.29433,-0.337112,9.95427
1.33598,-0.288315,9.91023
1.32884,-0.165726,9.85429
1.36812,0.0258942,9.92451
1.35146,0.110397,9.92808
1.28957,0.0794525,9.8662
1.25505,-0.00862122,9.88405
1.22887,-0.0193329,9.78645
1.18364,-0.166916,9.6841
1.22054,-0.222855,9.69719
1.25386,-0.19072,9.72337
