0.962265,-1.4059,9.74242
1.00273,-1.47255,9.74004
0.986069,-1.50349,9.76622
1.04082,-1.53206,9.70671
1.02653,-1.55824,9.66624
1.01463,-1.53206,9.78288
1.05034,-1.56776,9.84715
1.06938,-1.48683,9.90666
1.08128,-1.46779,9.95189
1.10747,-1.53444,9.90666
0.962265,-1.44399,9.71623
0.869431,-1.4059,9.79002
0.86705,-1.40114,9.71147
0.852768,-1.43446,9.75432
0.921799,-1.47017,9.66148
0.959885,-1.43208,9.64244
0.962265,-1.35353,9.6234
0.936081,-1.40828,9.69957
0.99321,-1.39162,9.79478
1.06224,-1.45351,9.79002
1.15746,-1.85817,9.69481
1.27409,-1.8177,9.64482
1.22411,-1.80818,9.54008
1.17888,-1.82246,9.58293
1.21696,-1.85579,9.60674
1.17174,-1.90816,9.69481
1.29552,-1.85817,9.63054
1.27409,-1.8058,9.74004
1.41216,-1.7701,9.80669
1.48119,-1.81294,9.73527
1.35503,-1.84627,9.83763
1.58116,-1.76057,9.93285
1.6859,-1.78914,9.87096
1.74303,-1.92006,9.82573
1.75731,-1.91768,9.76146
1.70494,-1.89864,9.62816
1.57402,-1.77724,9.68291
1.58116,-1.67726,9.67577
1.5526,-1.56538,9.71623
1.50023,-1.59871,9.81621
1.70494,-1.76772,9.7686
1.82872,-1.782,9.80193
1.86681,-1.81532,9.74004
1.80254,-1.8177,9.58055
1.674,-1.782,9.44249
1.63353,-1.66298,9.5258
1.68114,-1.65346,9.60674
1.77397,-1.63918,9.67815
1.75017,-1.49159,9.61388
1.68352,-1.47493,9.43059
1.63115,-1.52492,9.47343
1.58116,-1.59871,9.74956
1.8073,-1.69868,9.83525
1.90013,-1.7701,9.86382
1.88109,-1.77962,9.8662
1.95488,-1.70821,9.79955
1.92632,-1.66536,9.73766
1.80968,-1.56538,9.65434
1.76445,-1.48207,9.65434
1.82634,-1.40352,9.60674
1.85014,-1.4297,9.50676
1.85728,-1.51064,9.68529
1.90251,-1.47493,9.80907
1.99535,-1.51064,9.89
2.0977,-1.52016,9.82335
2.062,-1.49397,9.75432
2.0739,-1.50587,9.75432
2.03819,-1.59157,9.67339
1.9525,-1.68916,9.50914
1.91441,-1.63203,9.41393
1.76683,-1.67012,9.38774
1.6978,-1.76057,9.32109
1.68352,-1.77486,9.32585
1.7097,-1.72011,9.27824
1.65019,-1.75105,9.3687
1.80968,-1.92958,9.43297
1.84776,-2.07716,9.51152
1.86443,-2.08907,9.5139
1.87633,-2.02003,9.56627
1.93346,-1.92958,9.74718
1.91679,-1.95815,9.75908
1.7216,-1.93672,9.37108
1.71446,-1.95576,9.43059
1.71446,-1.98433,9.53294
1.78111,-2.07954,9.71147
1.89061,-2.12715,9.74004
1.92155,-2.04622,9.81621
1.9287,-2.0367,9.85429
1.88347,-2.01527,9.77336
1.90727,-2.06288,9.7448
1.95488,-2.07954,9.73052
2.02391,-2.02242,9.70433
2.08818,-2.02242,9.71861
2.20958,-1.92244,9.7567
2.27147,-1.97005,9.68053
2.29765,-2.07478,9.83287
2.40001,-2.16762,9.89952
2.52141,-2.34377,9.97093
2.52379,-2.26521,9.71385
2.39049,-2.38899,9.69243
2.23814,-2.31758,9.50914
2.00725,-1.63203,9.53294
1.94774,-1.5392,9.50676
1.90489,-1.44875,9.3568
1.88347,-1.49635,9.31395
1.86443,-1.5392,9.27586
1.89061,-1.82008,9.31395
1.88585,-1.98433,9.25682
1.85966,-1.95815,9.28777
1.93108,-1.95815,9.46153
1.86443,-1.9034,9.57341
1.74541,-1.82722,9.6472
1.72398,-1.79152,9.6234
1.64305,-1.88673,9.32109
1.58354,-1.96767,9.34251
1.60735,-1.97719,9.46867
1.66447,-1.98195,9.41155
1.65971,-2.02003,9.45201
1.70018,-2.03194,9.56627
1.76921,-2.14619,9.57103
1.8311,-2.16286,9.65672
1.82158,-2.16286,9.32109
1.77159,-2.07002,9.28538
1.73827,-2.03432,9.26872
1.75493,-2.0486,9.33775
1.84538,-2.03908,9.45439
1.8549,-2.02718,9.36394
1.78111,-1.96767,9.38536
1.71922,-2.00813,9.42821
1.71684,-1.99385,9.56389
1.6978,-2.00813,9.56389
1.9287,-2.11763,9.48772
1.87157,-2.04622,9.51866
1.92393,-2.05336,9.63292
1.87395,-2.0248,9.63054
1.84776,-2.19142,9.6234
1.83824,-2.32948,9.67815
1.80254,-2.2914,9.73289
1.76207,-2.16762,9.68053
1.674,-2.07478,9.59245
1.58116,-2.04384,9.47343
1.82634,-2.08907,9.40202
1.86919,-2.08907,9.29967
1.91441,-2.05098,9.45915
1.95726,-1.94862,9.44725
1.91917,-1.92006,9.46391
2.03343,-1.93672,9.5377
2.04771,-1.86531,9.57817
1.98106,-1.7939,9.54723
1.99773,-1.73439,9.54723
1.9287,-1.71535,9.49248
1.8192,-1.55586,9.55437
1.77635,-1.45827,9.61626
1.70732,-1.24641,9.74718
1.77873,-1.31783,9.70433
1.80016,-1.32497,9.7448
1.8311,-1.18929,9.85667
1.83824,-1.19881,9.71385
1.79778,-1.19405,9.72813
1.71446,-1.24641,9.66863
1.78349,-1.19167,9.69481
1.8192,-1.02266,9.59721
1.78825,-1.11549,9.60912
1.74303,-1.12263,9.69719
1.82872,-1.05122,9.75432
1.8549,-0.958389,9.7805
1.82396,-1.02742,9.67339
1.76445,-1.02504,9.59245
1.70732,-1.02742,9.56151
1.76683,-1.1869,9.51628
1.70256,-1.13454,9.4901
1.64781,-1.09883,9.42583
1.65495,-1.01552,9.53294
1.65495,-1.03456,9.48058
1.63829,-1.11311,9.48534
1.64305,-1.08931,9.44011
1.68352,-1.19881,9.47819
1.6859,-1.18214,9.39012
1.64543,-1.1631,9.45439
1.66209,-1.08693,9.5377
1.66685,-0.989334,9.70195
1.9525,-0.972672,9.81383
1.9644,-1.00362,9.73052
1.91441,-0.96315,9.73527
1.90489,-0.946487,9.77336
1.91203,-0.936966,9.80907
1.90013,-0.948868,9.63054
1.90965,-1.06789,9.6472
1.88347,-1.06551,9.67815
1.95012,-1.19643,9.70195
1.89537,-1.12502,9.6591
1.88109,-1.11787,9.73527
1.88109,-1.09169,9.73766
1.8311,-1.0536,9.78764
1.89299,-1.04408,9.7686
1.90013,-0.996475,9.79716
1.9644,-0.96077,9.73052
1.93822,-0.984573,9.66863
1.91441,-1.0298,9.69243
1.99297,-1.08455,9.77336
1.98582,-1.02742,9.77098
1.86205,-1.06075,9.60674
1.85014,-1.08693,9.55199
1.82872,-1.07979,9.49486
1.84538,-1.0536,9.44487
1.79301,-1.13216,9.43773
1.82158,-1.21309,9.48296
1.89537,-1.09645,9.51152
1.79778,-1.06551,9.5377
1.75255,-1.14882,9.48058
1.79063,-1.15834,9.55437
1.90013,-1.14406,9.66624
1.94536,-1.11549,9.75194
1.91441,-1.175,9.73289
1.9406,-1.22737,9.69005
1.96678,-1.21785,9.73766
1.95964,-1.14168,9.78526
1.91203,-1.07265,9.76146
1.83348,-1.02504,9.68291
1.85728,-1.09169,9.671
1.88585,-1.12263,9.78288
2.04295,-0.765579,10.6017
2.0858,-0.746536,10.9136
2.21672,-0.841751,11.2992
2.32622,-0.820328,11.2849
2.37621,-0.865555,11.4872
2.3286,-0.925064,11.6777
2.40953,-0.972672,11.9395
2.45238,-1.04884,11.98
2.42857,-1.04884,12.0014
2.34764,-1.05836,11.9276
2.2072,-1.05122,12.068
2.20006,-1.08693,12.049
2.14293,-1.12978,11.9276
2.05009,-1.28688,11.8681
1.95488,-1.4059,11.7824
1.74779,-1.34877,11.7538
1.54784,-1.41542,11.7848
1.48595,-1.46541,11.6015
1.33122,-1.55824,11.4039
1.28838,-1.72963,11.6515
-0.92775,-1.34639,9.67339
-1.23482,-1.23927,9.49962
-1.49428,-1.0536,9.45201
-1.61092,-0.998856,9.49248
-1.62044,-1.07503,9.26872
-1.88704,-0.970291,8.98546
-2.23457,-0.844131,8.66173
-2.63686,-0.63942,8.34752
-3.02724,-0.658462,8.35466
-3.12007,-0.363297,7.93809
-3.46046,-0.491837,7.92143
-3.7104,-0.470413,7.62627
-3.9532,-0.506119,7.90953
-3.85799,-0.646561,8.08092
-3.8437,-0.587051,8.26659
-3.77229,-0.482315,8.13805
-3.9413,-0.260941,7.99284
-4.26265,-0.303787,7.73576
-4.51259,-0.153824,7.3073
-4.87917,-0.19429,7.10259
-5.10054,-0.118118,6.95976
-5.29811,-0.0514679,6.75267
-5.55281,-0.039566,6.77409
-5.65279,-0.313309,6.98595
-5.56471,-0.182388,6.5789
-5.80037,-0.0847931,6.17424
-6.12172,-0.158585,5.9243
-6.31453,-0.160965,5.70769
-6.54066,-0.225235,5.61247
-6.6454,-0.153824,5.47203
-7.25716,0.669785,5.59343
-7.33809,0.70549,5.85051
-7.41664,0.784042,5.59105
-7.66896,0.903061,5.72197
-7.75465,1.06255,5.51964
-7.8951,1.19585,4.96739
-8.18312,1.38152,4.51512
-8.5378,1.57433,4.12236
-8.67348,1.89806,3.62486
-8.98531,2.30272,3.075
-9.62801,2.33128,1.53014
-9.60896,2.317,1.63011
-9.57088,2.24559,1.73247
-9.4828,2.00993,2.08
-9.25191,1.75999,2.38945
-9.12813,1.5529,2.42516
-9.09718,1.51006,2.38707
-9.28523,1.57671,2.26805
-9.27809,1.69334,2.24663
-9.25429,1.76714,2.23235
-7.67848,0.222275,6.33373
-7.57851,0.224655,6.40038
-7.54994,0.31749,6.25041
-7.59041,0.415085,6.2766
-7.56422,0.241318,6.31944
-7.49995,0.203232,6.77647
-7.27144,0.0223236,6.98595
-7.03578,-0.249039,7.24779
-6.97627,-0.479935,7.64293
-6.80727,-0.620377,7.94048
-6.72395,-0.518021,7.62865
-6.88582,-0.270462,7.12401
-7.12624,0.00566101,6.88597
-7.20003,0.310349,6.90025
-7.11195,0.498398,6.88835
-7.06435,0.284164,7.25731
-6.61684,-0.403763,7.73576
-6.24074,-0.891739,8.02141
-6.00032,-1.09407,8.05473
-5.87178,-1.04408,7.80717
-6.56923,0.357956,6.98357
-6.45735,-0.0324249,7.50249
-5.94795,-0.479935,7.76909
-5.54091,-0.665604,7.81194
-5.44331,-0.917923,7.85954
-5.50758,-0.939346,7.6953
-5.74086,-0.70607,7.30492
-5.83131,-0.346634,7.12163
-5.88368,-0.149063,6.97642
-5.7123,-0.118118,7.10973
-5.42427,-0.210953,7.12163
-5.13625,-0.44899,7.50963
-4.8506,-0.537064,7.83336
-4.62209,-0.508499,8.02141
-4.47926,-0.558487,8.2285
-4.34358,-0.587051,8.28325
-4.34596,-0.408524,8.2285
-4.31264,-0.365677,8.32848
-4.14363,-0.51326,8.42131
-3.95796,-0.589432,8.35704
-3.81752,-0.598953,8.47368
-3.57234,-0.560867,8.54747
-3.41524,-0.663223,8.59508
-3.44618,-0.748917,8.73552
-3.26051,-0.986954,9.10686
-3.0558,-1.19405,9.31871
-2.78682,-1.33687,9.57341
-2.42738,-1.53682,9.79002
-2.10603,-1.40352,9.54723
-0.356461,-1.60585,10.9493
-0.0136871,-1.56062,11.2087
0.152939,-1.37019,11.0635
-0.0279694,-0.932205,10.5708
-0.423111,-0.737015,10.5803
-0.48262,-1.03456,10.8707
-0.168411,-1.2726,10.9469
0.0934296,-1.19167,11.1897
0.307663,-1.15358,11.2492
0.329086,-1.08217,11.4349
0.279099,-1.20119,11.442
0.229111,-1.12025,11.3539
0.131516,-0.984573,11.3325
0.167221,-0.958389,11.0849
0.150558,-0.975052,10.8874
0.0482025,-0.970291,10.5018
-0.0565338,-1.00838,10.5398
-0.0208282,-1.00124,10.7755
0.295761,-0.944107,10.8112
0.457626,-1.02504,10.7088
1.15746,-1.14644,10.4684
1.02653,-1.07979,10.3804
0.969406,-0.929825,10.516
1.01225,-0.794144,10.6493
1.06224,-0.798904,10.5232
1.01939,-0.875076,10.4089
0.959885,-0.96553,10.4541
0.909897,-0.927444,10.4827
0.840866,-0.972672,10.4756
0.876572,-0.946487,10.3446
0.8004,-1.0417,10.2209
0.786118,-1.11073,10.1709
0.731369,-1.08455,10.0638
0.652817,-1.05122,10.0138
0.595688,-1.04646,9.99235
0.655197,-1.0417,9.87334
0.655197,-1.10835,9.88048
0.562363,-1.05836,9.79955
0.624252,-1.08931,9.79955
0.728989,-1.02742,9.7924
0.971786,-1.08217,9.80431
0.955124,-1.17976,9.78526
1.02653,-1.35115,9.71385
1.00987,-1.36781,9.76622
0.981308,-1.28212,9.80907
0.893234,-1.13454,9.78288
0.900375,-1.06313,9.76146
0.876572,-1.17024,9.83763
0.902756,-1.23451,9.94951
0.957504,-1.21071,9.85667
0.855148,-1.22261,9.78526
0.807541,-1.17738,9.71861
0.795639,-1.1393,9.74004
0.771835,-1.17738,9.7686
0.783737,-1.10121,9.73052
0.788498,-1.06789,9.66148
0.776596,-0.953629,9.61864
0.745651,-0.975052,9.54961
0.743271,-1.02028,9.71147
0.845627,-1.11073,9.77098
1.09081,-1.11311,9.95903
1.09319,-1.16072,10.009
1.07414,-1.17262,10.0114
1.11937,-1.11549,10.1114
1.13365,-1.10359,10.09
1.07414,-1.12025,9.99474
1.08366,-1.09169,10.0209
1.02892,-1.03694,9.96141
1.0432,-1.07027,10.0138
1.00511,-1.08217,9.94475
0.988449,-1.04884,10.0257
1.07176,-1.14882,9.93761
1.01939,-1.1869,9.90666
1.04082,-1.16548,9.84953
1.02415,-1.07503,9.83287
0.92894,-1.11549,9.83287
0.912277,-1.21071,9.72337
0.950363,-1.21309,9.72575
0.945602,-1.24165,9.671
0.900375,-1.16072,9.73766
0.862289,-1.14644,9.75194
0.897995,-1.22023,9.72337
0.907516,-1.2845,9.74004
0.981308,-1.2845,9.76146
0.957504,-1.20833,9.7686
0.878952,-1.11311,9.7567
0.86705,-1.15358,9.76146
0.92894,-1.14406,9.80907
0.93132,-1.17024,9.82097
0.986069,-1.18214,9.85905
0.938461,-1.15596,9.82097
0.947983,-1.05836,9.81145
0.978928,-1.13692,9.76146
0.983688,-1.21071,9.7686
1.02177,-1.21785,9.90428
1.02892,-1.21309,9.8662
1.02415,-1.16548,9.79955
0.99559,-1.1512,9.74956
0.974167,-1.12502,9.80193
0.962265,-1.08931,9.81145
1.02415,-1.10359,9.81859
0.969406,-1.15834,9.82335
1.00035,-1.17738,9.7924
0.997971,-1.18214,9.84239
1.05034,-1.18214,9.73289
1.09081,-1.19405,9.80907
1.10985,-1.20833,9.61626
1.04796,-1.16548,9.76384
1.05272,-1.18452,9.83763
1.1884,-1.19167,9.80431
1.1884,-1.17976,9.90904
1.15508,-1.20833,9.84953
1.10985,-1.31068,9.75432
1.03606,-1.12978,9.78764
1.04082,-1.08455,9.74718
0.978928,-1.17738,9.69957
1.00273,-1.17738,9.6115
0.990829,-1.17738,9.61388
1.01463,-1.21071,9.50676
0.99321,-1.14882,9.53056
1.06224,-1.13216,8.8712
1.04558,-0.96553,8.76646
1.0313,-0.863174,8.726
0.964645,-0.765579,8.51177
0.907516,-0.70845,8.25944
0.828964,-0.691788,8.06187
0.750412,-0.684647,7.9857
0.914658,-0.634659,7.97142
1.19316,-0.701309,8.02379
1.37169,-0.877457,7.97856
1.49309,-0.870316,7.83098
1.6978,-0.946487,8.01665
1.95964,-1.04408,8.36656
2.3167,-1.09645,8.46892
2.58806,-1.19167,8.51652
2.73564,-1.16072,8.4713
2.92131,-1.09645,8.6284
3.08556,-1.175,8.70458
3.17839,-1.27974,8.67839
3.16649,-1.24879,8.60222
4.98747,-1.61537,8.38322
5.10411,-1.62727,8.34276
5.12791,-1.74391,8.3737
5.09935,-1.52968,8.35942
5.18742,-1.45351,8.38322
5.30406,-1.39162,8.41417
5.36119,-1.24879,8.33086
5.43736,-1.18929,8.21422
5.50163,-0.882217,8.20708
5.52782,-0.720352,8.19041
7.02031,-0.548965,6.90739
7.17027,-0.691788,6.76933
7.36546,-0.813187,6.52892
7.48448,-0.83461,6.61699
7.52257,-0.710831,6.72649
7.54161,-0.344254,6.7003
7.5678,-0.12764,6.56938
7.54637,-0.0538483,6.32658
7.62492,-0.0371857,6.11473
7.68919,-0.077652,5.94334
9.53874,-0.0538483,4.86266
9.56493,0.0461273,4.77696
9.69347,-0.0824127,4.7484
9.67204,-0.220474,4.64128
9.81725,-0.368057,4.41038
9.85771,-0.491837,4.23662
9.91722,-0.396622,4.11046
9.8958,-0.206192,3.95811
9.84819,0.186569,3.88908
9.75297,0.44603,3.83672
9.51494,0.698349,2.23473
9.61729,0.434128,2.02525
9.69347,0.19133,2.05382
9.81486,0.0984955,2.15855
9.97435,0.291306,2.03001
10.0838,0.424606,2.2252
9.77678,0.457932,2.24425
9.93626,0.379379,2.25377
9.98387,0.224655,2.24425
10.1719,0.269882,2.03477
9.92674,0.31987,2.10619
9.89818,0.238937,2.10619
9.90056,0.341293,2.1657
9.7982,0.607895,2.01335
9.67442,1.05064,1.96812
9.6649,1.14824,2.05144
9.68156,0.926865,2.01811
9.72203,0.734055,1.76103
9.70775,0.472214,1.6563
9.82439,0.300827,1.76817
9.73393,0.712631,2.05858
9.7506,0.505539,2.05858
9.78392,0.315109,2.09428
9.72441,0.438889,1.92052
9.71727,0.498398,2.01811
9.71251,0.57457,2.20378
9.70061,0.569809,2.13237
9.72679,0.605514,2.24187
9.71489,0.681686,2.38945
9.72917,0.438889,2.53941
9.77678,0.25322,2.71318
9.91484,0.198471,2.76793
9.97911,0.198471,2.93932
10.0339,0.212753,2.9893
10.1719,0.196091,3.11784
10.1862,0.138962,3.18449
10.2505,0.0461273,3.18687
10.3005,0.0627899,3.16783
10.2886,0.0842133,3.25114
10.1767,0.169907,3.21544
9.41734,-0.149063,4.08189
9.30308,0.0342255,4.28899
9.22215,0.0366058,4.49846
9.1198,-0.260941,4.71507
9.08171,-0.622757,4.5294
9.12456,-0.906021,4.61034
9.0341,-0.953629,4.53892
8.96983,-0.672745,4.58653
8.73656,-0.368057,4.75792
8.64134,-0.263321,5.0507
7.57017,-0.827469,6.30278
7.41783,-0.858414,6.37895
7.26311,-0.941727,6.51225
7.16789,-0.946487,6.5551
7.00841,-0.96077,6.69792
6.95128,-1.03694,6.86693
6.73705,-1.10359,7.03355
6.718,-1.19881,7.16447
6.56804,-1.28212,7.11687
6.37285,-1.38686,7.04308
5.27074,-1.24641,8.08568
5.09459,-1.12978,8.02855
4.89226,-1.10121,8.09282
4.7542,-1.17738,8.34752
4.75182,-1.25594,8.35466
4.6685,-1.49635,8.34038
4.55424,-1.62013,8.4951
4.32811,-1.4059,8.42131
4.04485,-1.24403,8.4594
3.87108,-1.27498,8.62364
2.37383,-1.48445,8.91643
2.38097,-1.57729,8.88786
2.23338,-1.60109,8.82359
1.98582,-1.59633,8.7617
1.82396,-1.41304,8.81407
1.66924,-1.33211,8.69743
1.42168,-1.175,8.63078
1.22649,-1.05836,8.50462
1.01939,-1.10359,8.52367
0.917038,-1.26308,8.59984
0.393356,-1.41066,8.46892
0.362411,-1.26546,8.59032
0.293381,-1.25832,8.88072
0.393356,-1.50111,9.0283
0.467148,-1.75819,9.21159
0.683762,-1.88197,9.32347
0.814682,-1.782,9.34727
0.748032,-1.57967,9.30681
0.583786,-1.43922,9.30919
0.602829,-1.51302,9.41393
0.755173,-1.74629,9.54246
1.00273,-1.90578,9.64244
1.07652,-2.00813,9.71623
0.99559,-1.98909,9.83525
0.976547,-1.97243,9.95427
0.909897,-2.01051,9.91856
0.878952,-1.91292,9.93999
0.86705,-1.9034,9.87334
0.819443,-1.83675,9.77574
0.8004,-1.8177,9.72575
1.03368,-2.0248,9.79955
0.952744,-1.99147,9.71385
0.871811,-1.85817,9.671
0.743271,-1.782,9.63054
0.728989,-1.81532,9.74956
0.750412,-1.84389,9.68529
0.769455,-1.83199,9.60435
0.757553,-1.91054,9.67339
0.798019,-1.88197,9.64958
0.80516,-1.89864,9.60912
0.740891,-1.9153,9.70195
0.912277,-1.84389,9.78764
1.01225,-1.78914,9.75432
0.909897,-1.75819,9.65434
0.86467,-1.91292,9.74242
0.838486,-1.97243,9.76146
0.912277,-2.02242,9.7805
0.921799,-1.92958,9.69481
0.845627,-1.93434,9.7448
0.828964,-1.97481,9.72813
0.840866,-2.0248,9.73527
0.817062,-2.11049,9.70433
0.857529,-2.04622,9.78764
0.890854,-2.03194,9.79955
0.881332,-1.92006,9.72575
0.859909,-1.97005,9.67815
0.826584,-2.0486,9.671
0.817062,-2.08907,9.73527
0.859909,-2.04622,9.76384
0.824203,-2.06288,9.79478
0.859909,-2.06764,9.79716
0.828964,-2.0605,9.71147
0.8004,-2.07002,9.66386
0.733749,-1.94862,9.671
0.795639,-1.95576,9.6591
0.793259,-1.96767,9.64006
0.8004,-1.97243,9.71147
0.807541,-1.93196,9.72813
0.788498,-1.99623,9.64482
0.73851,-2.06764,9.65672
0.788498,-2.02242,9.64244
0.833725,-2.18904,9.65196
0.859909,-2.27711,9.64482
0.888474,-2.36281,9.68291
0.888474,-2.17714,9.68529
0.848007,-2.10811,9.70909
0.771835,-2.00099,9.74242
0.828964,-1.9391,9.76384
0.843246,-1.94148,9.70909
0.833725,-1.97005,9.72099
0.869431,-2.06764,9.65434
0.831345,-2.16762,9.61626
0.843246,-2.29616,9.59721
0.902756,-2.26521,9.59721
0.924179,-2.11287,9.74956
0.907516,-2.01765,9.74004
0.888474,-1.91768,9.72099
0.843246,-1.99623,9.72099
0.790878,-2.12715,9.67339
0.790878,-2.32472,9.61388
0.531418,-6.15474,7.62151
0.48143,-6.73555,7.15733
0.455246,-7.28304,6.59795
0.371933,-7.70198,6.28136
0.28862,-8.04951,6.13377
0.16246,-8.27327,5.87907
0.193405,-8.4399,5.70769
0.229111,-8.43275,5.37205
0.245773,-8.63032,5.08165
0.205307,-8.76839,4.70317
-0.475479,-10.3609,1.42302
-0.499283,-10.0609,0.854111
-0.470718,-10.0728,0.627975
-0.763504,-9.56819,0.432785
-0.688522,-9.29564,-0.312271
-0.656387,-9.75624,-1.55721
-0.349319,-10.1561,-2.19276
-0.834915,-10.0395,-2.93782
-0.811111,-9.75624,-3.13777
-0.827774,-9.67769,-3.27583
-0.922989,-8.22328,-5.76808
-0.761124,-7.98763,-5.62764
-0.780167,-7.64485,-5.96089
-0.86824,-7.73055,-6.07039
-0.918228,-7.74959,-6.28462
-0.911087,-7.79005,-6.51076
-0.970596,-7.71626,-6.6274
-0.93013,-7.5782,-6.53694
-1.06105,-7.05928,-6.78688
-1.03487,-6.78792,-6.69643
-1.08485,-6.4261,-6.89638
-1.11342,-6.46657,-7.3177
-1.1277,-6.51418,-7.46053
-1.08723,-6.63795,-7.52956
-1.19911,-6.89504,-7.87471
-1.22292,-6.79744,-8.0461
-1.20863,-6.40468,-8.34364
-1.17055,-6.1833,-8.34602
-1.092,-5.64772,-8.24605
-0.906326,-5.91908,-8.25081
-1.1277,-4.5956,-8.41029
-1.13484,-4.58369,-8.53169
-1.1158,-4.7646,-8.63167
-1.08961,-4.88124,-8.86018
-1.08247,-5.06453,-8.99587
-1.14674,-5.0193,-8.91731
-1.21815,-4.88362,-8.8578
-1.22768,-4.83125,-8.77687
-1.25148,-4.77174,-8.71498
-1.21339,-4.70747,-8.7245
-1.18721,-4.63844,-8.67451
-1.13484,-4.73128,-8.6888
-1.16103,-4.75032,-8.68404
-1.1515,-4.84554,-8.82686
-1.19911,-5.0312,-8.89113
-1.18245,-5.22163,-8.98158
-1.14198,-5.36684,-9.05537
-1.21339,-5.4073,-9.19344
-1.20149,-5.50014,-9.1244
-1.17769,-5.54298,-9.04109
-0.953934,-7.01881,-6.67262
-0.949173,-7.26161,-6.36555
-0.892044,-7.64009,-6.02516
-0.987259,-7.83766,-6.03468
-0.982498,-8.19472,-5.92757
-0.9944,-8.43037,-5.89662
-0.956314,-8.68507,-5.7419
-0.911087,-8.90407,-5.31343
-0.956314,-8.99214,-5.03731
-0.942032,-9.09926,-4.63026
-1.03249,-9.11592,-4.18752
-0.982498,-9.21114,-3.82094
-0.892044,-9.17305,-3.58052
-0.808731,-9.02785,-3.30202
-0.703995,-8.96596,-3.09492
-0.711136,-8.79933,-3.04494
-0.654007,-9.12782,-2.9402
-0.720657,-9.52534,-2.94496
-0.711136,-9.83241,-2.82832
-0.718277,-10.2633,-2.49745
-0.239822,-9.86812,1.08025
-0.187454,-9.6039,1.48491
-0.199356,-9.53725,1.6563
-0.0279694,-9.43727,2.34422
-0.106522,-9.35872,2.50371
-0.15889,-9.35634,2.94408
-0.154129,-9.14448,3.28685
-0.0493927,-8.71364,3.9843
0.0220184,-8.54225,3.83672
0.152939,-8.54939,4.13664
0.143417,-8.69936,4.20329
0.0315399,-8.95644,4.30089
0.141037,-9.23494,4.54607
0.248154,-8.78267,5.2578
0.167221,-8.1114,5.5363
0.179123,-7.5782,5.9124
0.0886688,-6.98787,6.4218
0.0148773,-7.00929,6.20995
0.367172,-7.08308,6.68126
0.586166,-6.58797,6.98833
1.01701,-4.50038,8.85454
1.20982,-4.23378,9.27586
1.21458,-3.95766,9.41155
1.23363,-3.78389,9.502
1.2003,-3.67201,9.29967
1.11937,-3.71486,9.26396
1.23839,-3.81007,9.50914
1.37883,-4.05525,9.68291
1.49785,-4.04573,9.502
1.45976,-3.90529,9.53056
1.22649,-3.80293,9.58531
1.21696,-3.88387,9.49962
1.286,-3.8196,9.59007
1.24791,-3.91719,9.71861
1.39073,-3.89815,9.84953
1.43358,-3.63869,9.82335
1.35741,-3.53871,9.7448
1.27171,-3.47444,9.54723
1.25029,-3.43636,9.38298
1.27885,-3.53395,9.34489
1.28838,-3.48396,9.21874
1.21696,-3.39351,9.19017
1.11699,-3.28877,9.20683
1.11699,-2.97456,9.2354
1.00749,-2.71748,9.42107
1.00035,-2.62703,9.31157
0.955124,-2.83174,9.15685
1.04796,-3.07216,8.98784
1.18602,-3.12453,8.98784
1.18126,-3.07216,9.06877
1.15269,-2.98647,9.13066
1.17174,-3.08406,9.06163
1.2122,-3.05074,8.96404
2.03819,-2.70082,9.51628
2.01915,-2.65321,9.45915
1.96916,-2.55086,9.34727
1.90965,-2.4604,9.28538
1.9525,-2.43184,9.30919
1.89061,-2.39613,9.34966
1.85252,-2.40089,9.38298
1.98821,-2.42232,9.37346
2.01439,-2.45564,9.34727
2.00011,-2.38661,9.43535
2.00963,-1.77962,9.81145
1.94774,-1.82008,9.7448
1.93346,-1.951,9.74718
2.00249,-2.00337,9.70909
2.12151,-2.20332,9.52818
2.27385,-2.40565,9.44487
2.22862,-2.48183,9.33299
2.16435,-2.36757,9.49486
2.05009,-2.07716,9.51866
2.04057,-1.79152,9.60197
2.11913,-1.65822,9.5377
2.09056,-1.72963,9.42107
1.94536,-1.86531,9.29729
1.84062,-2.01051,9.28777
1.74303,-2.03432,9.18541
1.76921,-1.98433,9.24016
1.90489,-1.86531,9.2473
2.09294,-1.92244,9.29967
2.15959,-1.92006,9.42345
2.17387,-1.99385,9.50438
1.8073,-2.24617,9.37108
1.70018,-2.16048,9.29729
1.60735,-2.19618,9.23302
1.69542,-2.2914,9.19731
1.84776,-2.4128,9.15447
2.10722,-2.42232,9.12828
2.30003,-2.38661,9.114
2.40001,-2.15572,9.22826
2.3405,-1.92006,9.34013
2.26433,-1.74391,9.47105
2.32146,-1.76534,9.45201
2.37621,-1.92006,9.38536
2.35478,-1.96053,9.25444
2.231,-2.00099,9.30919
2.14769,-2.11287,9.2354
1.99059,-2.16524,9.26634
1.9406,-2.05098,9.43535
1.90965,-1.86055,9.50676
1.92155,-1.63918,9.69243
1.9525,-1.68916,9.63292
2.33574,-2.50563,9.76146
2.32146,-2.39851,9.79478
2.28575,-2.35329,9.85905
2.20958,-2.32234,9.82811
2.19054,-2.30806,9.86858
2.05009,-2.29854,9.76146
1.9763,-2.32472,9.59721
2.02867,-2.13191,9.58055
1.97392,-1.85103,9.57341
1.93584,-1.80104,9.55199
1.93346,-1.84389,9.45915
1.96678,-2.0724,9.38774
1.90013,-2.13191,9.40916
1.86919,-2.02718,9.46391
1.79301,-2.09383,9.4901
1.98106,-2.20808,9.34966
2.0977,-2.1581,9.42583
2.01439,-1.95338,9.37822
2.02153,-1.82961,9.29729
1.98344,-1.7939,9.283
1.96202,-2.16286,9.18779
2.07509,-1.78557,9.32109
1.9525,-1.11906,9.26872
2.08937,-0.657272,9.38179
2.34645,0.482925,9.70552
2.36668,0.823318,9.56508
2.53926,1.57195,9.36394
2.4976,2.92162,9.33061
2.3036,3.10847,8.73076
2.6071,3.70714,8.40822
2.4976,4.61168,8.0345
2.45595,5.10323,7.74052
2.425,5.33769,7.43346
2.34883,5.31746,7.14305
2.39168,5.83876,6.92406
2.31432,6.25056,6.36229
2.32741,6.12679,5.81123
2.57497,6.41957,5.47917
2.46071,7.07417,5.26494
2.60115,7.48955,4.92812
2.76778,7.91801,4.44371
2.71422,8.26674,4.239
2.52974,8.18105,3.83672
2.62972,7.77757,3.27138
2.5226,7.79543,2.90361
2.55354,8.44527,3.01192
2.62376,8.53929,2.71318
2.81776,8.89754,2.51561
2.91179,9.46168,2.27757
2.64995,9.88539,2.15974
2.64638,9.33433,1.62654
2.77849,8.6476,1.25163
2.67494,8.97966,1.23021
2.81895,8.8904,1.12785
2.65352,8.81422,1.10048
2.67137,9.02965,1.0981
2.92131,8.83684,1.08977
2.82253,8.65474,1.2314
2.80467,9.16295,1.46825
2.57973,9.70805,1.5706
2.76183,9.04869,1.39088
2.77611,8.91301,1.79317
2.73207,9.47597,2.26567
2.838,9.84016,2.66438
2.95702,9.54857,2.84529
2.8987,9.4724,3.2202
2.69041,9.35338,3.76411
2.67613,8.17152,3.78792
2.60948,7.01823,4.39491
2.62495,7.11464,5.33754
2.58211,7.96562,6.40633
2.6678,7.54192,6.58842
2.56068,6.11845,6.11354
2.41191,4.63786,6.57057
2.60591,4.62001,7.33586
2.46547,5.04491,7.75838
2.01201,4.63786,7.88335
2.09294,4.04158,8.32253
2.41429,2.95494,8.12495
2.25362,1.6981,7.40489
1.79659,1.68858,8.18565
2.12032,2.26463,9.63054
2.22386,2.12776,9.29372
1.71327,1.29344,8.86287
1.92393,0.89592,9.49605
2.05009,0.288925,8.99379
1.57164,-0.89888,8.65578
1.85252,-0.721542,9.92571
2.42619,0.131821,10.6351
2.23695,0.280594,9.94951
1.30504,-0.38591,9.61031
1.52046,-1.09407,10.1185
2.09532,-1.91173,10.034
1.73351,-1.74629,9.22945
0.790878,-1.74391,9.10924
1.02058,-1.69511,9.696
1.41216,-1.588,9.94832
1.38002,-1.67845,9.64482
1.11461,-1.92244,9.49486
1.42287,-2.05931,9.61507
1.54189,-1.82246,9.65315
1.20744,-1.52135,9.66981
1.25743,-1.65227,9.69243
1.57878,-1.369,9.91618
1.62044,-1.15715,9.69124
1.35265,-1.2119,9.43654
1.25862,-1.75224,9.35323
1.58592,-2.01884,9.47582
1.64305,-1.96886,9.49129
1.50618,-1.62727,9.4651
1.48238,-1.17143,9.71623
1.69066,-1.19167,9.7686
1.71565,-1.48802,9.66624
1.70375,-1.56776,9.61626
1.72041,-1.38448,9.71266
1.72279,-1.04884,9.86144
1.71565,-1.13692,9.74004
1.84181,-1.32973,9.76622
1.7942,-1.23213,9.84596
1.8073,-1.11073,9.85191
1.90608,-1.10716,9.80907
1.9037,-1.46184,9.66029
1.82277,-1.49278,9.7567
1.83824,-1.33687,9.7924
1.78944,-1.1393,9.72099
1.66685,-1.24998,9.56032
1.70613,-1.55229,9.51271
1.83586,-1.28569,9.69243
1.79182,-0.976242,9.67934
1.65971,-1.1274,9.59245
1.71089,-1.49873,9.56389
1.78587,-1.51897,9.5258
1.66447,-1.11906,9.59959
1.6002,-0.860794,9.7448
1.63353,-1.06075,9.66624
1.70256,-1.34401,9.61031
1.76564,-1.39757,9.44844
1.71446,-1.20357,9.56627
1.65614,-1.02504,9.75313
1.6859,-1.08574,9.80312
1.74184,-1.30235,9.65672
1.77516,-1.27974,9.74718
1.80016,-1.25713,9.82811
1.84181,-1.24046,9.72218
1.80849,-1.20833,9.78883
1.83705,-1.23927,9.75432
1.77159,-1.31187,9.71028
1.75731,-1.3083,9.69838
1.7466,-1.21547,9.73052
1.69304,-1.10716,9.67577
1.75493,-1.21547,9.66029
1.79897,-1.25237,9.54008
1.78706,-1.2845,9.64244
1.72636,-1.11668,9.72813
1.72755,-1.08455,9.76384
1.7585,-1.11311,9.69481
1.7216,-1.19524,9.63054
1.70732,-1.31664,9.60912
1.70375,-1.23689,9.61983
1.62877,-1.14644,9.63292
1.65138,-1.22499,9.6234
1.66328,-1.31187,9.57936
1.64305,-1.15715,9.60317
1.66328,-1.08812,9.70195
1.62639,-1.05241,9.69362
1.66804,-1.16905,9.76741
1.73589,-1.23094,9.69957
1.71089,-1.20357,9.67458
1.66447,-1.16667,9.57936
1.75255,-1.16667,9.7805
1.7704,-1.10597,9.71385
1.73112,-1.12263,9.6472
1.75969,-1.23332,9.75551
1.78706,-1.25594,9.71623
1.80611,-1.28926,9.67934
1.68233,-1.30354,9.70671
1.71327,-1.27855,9.62935
1.78111,-1.15596,9.69362
1.67995,-1.15477,9.60078
1.65376,-1.25713,9.54365
1.68947,-1.21547,9.58888
1.63591,-1.07979,9.67696
1.69661,-0.997665,9.68053
1.71327,-1.01076,9.56865
1.68947,-1.1869,9.69481
1.73708,-1.03575,9.71147
1.64662,-0.984573,9.671
1.66924,-1.08336,9.6234
1.62163,-1.05598,9.62935
1.67757,-1.06432,9.68529
1.76683,-1.02147,9.72694
1.60735,-1.05717,9.6591
1.67281,-1.10478,9.68053
1.7097,-1.01552,9.696
1.6609,-1.0298,9.71742
1.67638,-1.01433,9.73527
1.76207,-0.83699,9.69243
1.77516,-0.931015,9.62221
1.80373,-1.03813,9.41631
1.80135,-1.19762,9.24968
1.72755,-1.3821,8.95451
1.59663,-1.59157,8.73433
1.56331,-2.1212,8.62245
1.81087,-2.66154,8.57484
1.73589,-2.67345,8.65697
1.649,-3.04717,8.62483
1.86324,-3.49706,8.43321
2.00249,-3.91957,8.38084
2.02867,-3.65416,8.6415
2.04652,-3.18047,8.4225
2.39525,-3.47563,7.94762
2.73683,-3.58989,8.50343
2.4619,-3.17213,8.65459
2.49998,-2.54491,9.10448
2.93559,-2.4973,9.29491
3.13435,-2.61751,10.1935
3.43547,-2.37233,11.204
3.8687,-1.98671,11.5015
4.31502,-1.77367,11.6372
4.82799,-1.50825,12.1525
5.12553,-1.26427,12.2347
5.33263,-1.07265,12.1597
5.6266,-0.64418,12.3263
5.6873,0.329391,12.4917
5.42546,1.51839,12.3013
4.95415,1.74333,12.0609
4.82442,1.34224,11.8431
4.72206,1.60646,11.4718
4.24123,2.05159,11.2694
3.6259,2.22417,11.1195
3.34978,2.42888,11.2718
3.26646,2.48125,10.9981
2.66185,2.24797,10.6731
2.28813,2.07777,10.6232
2.27742,2.13133,10.5577
2.36549,2.00755,10.4042
2.34407,1.75404,10.0709
2.05486,1.57909,9.6591
1.58592,1.46483,9.52699
1.2729,1.68144,9.35561
1.18245,2.00279,9.08662
0.749222,2.08134,8.67482
0.402878,1.86711,8.55461
0.335037,1.78261,8.36061
0.174362,1.53505,7.9738
-0.332657,1.33629,7.78099
-0.728989,1.2863,7.68459
-0.92775,1.27083,7.43941
-1.32051,1.2744,7.31563
-1.67519,1.35295,7.47511
-1.65852,1.29463,7.48106
-1.47047,0.789993,7.35252
-1.70732,0.391281,7.20256
-1.93703,0.056839,7.33467
-1.99416,-0.0288544,7.18233
-2.17506,0.0496979,7.12877
-2.28456,0.199661,7.3918
-2.27623,-0.0110016,7.40132
-2.16911,-0.595383,7.1859
-2.34169,-1.02623,6.98833
-2.6071,-1.2357,6.95143
-2.52022,-1.19167,7.15733
-2.37144,-0.852463,7.40965
-2.43214,-0.888168,7.52986
-2.6797,-1.52016,7.32634
-2.44643,-2.03551,7.3311
-1.97511,-2.43422,7.56438
-2.15721,-2.8127,7.67387
-2.21196,-2.6675,8.04164
-1.37169,-2.36876,8.63792
-0.976547,-2.61037,8.53914
-1.66447,-2.99599,8.33086
-1.62282,-3.18523,8.66768
-1.05272,-3.14952,8.6891
-1.08128,-3.25545,8.89619
-1.03249,-3.16499,9.32585
-0.41835,-2.87697,9.70076
-0.92894,-3.31496,9.35799
-1.17055,-3.92909,9.74242
-0.126755,-3.88149,10.4553
0.595688,-3.58513,10.5886
0.385025,-3.68153,10.2435
0.539749,-3.71605,10.685
0.882523,-3.85173,11.154
0.430252,-4.3528,10.4184
0.381454,-5.02168,10.1364
1.06224,-4.25758,11.1135
1.13841,-2.73177,11.6467
0.768265,-2.6187,11.3266
1.27171,-3.20189,11.4408
1.60616,-3.26854,11.2516
1.56688,-3.14833,11.0552
1.63829,-2.80437,11.0195
1.97273,-2.48778,11.0278
2.0739,-2.43422,10.8862
1.94774,-2.26283,10.7267
1.81325,-1.95338,10.8457
1.868,-1.6118,10.9386
1.89299,-1.41542,10.691
1.95607,-1.37376,10.5696
2.12389,-1.63084,10.2185
2.1346,-1.81294,10.1102
2.07271,-1.65227,10.0233
2.07509,-1.34877,10.0221
2.11794,-0.885788,10.3827
2.07509,-0.601334,10.322
2.08461,-0.866745,10.0364
2.18697,-1.23213,9.84239
2.21553,-1.18452,9.82335
2.12032,-0.96196,9.69481
1.98225,-1.24284,9.65553
1.9287,-1.60942,9.49843
1.71089,-1.72606,9.42345
1.54189,-1.94505,9.41988
1.66328,-2.09621,9.51985
1.7823,-2.00575,9.53413
1.75374,-1.99861,9.55794
1.66447,-2.1581,9.61626
1.72041,-2.32948,9.50914
1.74898,-2.33305,9.37465
1.48,-2.38066,9.18184
1.47762,-2.47469,9.26158
1.65852,-2.29021,9.42821
1.59782,-2.19023,9.54008
1.6002,-2.30925,9.47224
1.57759,-2.3878,9.49367
1.59663,-2.12001,9.61031
1.63234,-2.12953,9.55199
1.56331,-2.19618,9.54842
1.49785,-2.31282,9.49962
1.58235,-2.2307,9.65315
1.58949,-2.14619,9.58055
1.53117,-2.20094,9.55556
1.61925,-2.28902,9.58888
1.71684,-2.26045,9.61864
1.74422,-2.25569,9.61626
1.7216,-2.27473,9.57103
1.66924,-2.35686,9.53532
1.68114,-2.25331,9.52818
1.59425,-2.18904,9.51628
1.49904,-2.13548,9.52461
1.54903,-2.07121,9.54961
1.57283,-2.02242,9.58293
1.5645,-2.16643,9.5258
1.56331,-2.24022,9.55318
1.68471,-2.07121,9.57222
1.61092,-2.09621,9.59602
1.61806,-2.27235,9.52461
1.60377,-2.23308,9.49843
1.58235,-2.21284,9.53532
1.54308,-2.21761,9.55437
1.50023,-2.19737,9.57698
1.60139,-2.25331,9.67696
1.66685,-2.23546,9.61507
1.61806,-2.28426,9.58531
1.48238,-2.24617,9.53651
1.47166,-2.20927,9.56627
1.54784,-2.18309,9.51271
1.54546,-2.23784,9.48534
1.51213,-2.28545,9.48534
1.54903,-2.19975,9.4901
1.52998,-2.10097,9.61388
1.55141,-2.16524,9.66148
1.60139,-2.29021,9.59364
1.56212,-2.15453,9.55437
1.51213,-2.1819,9.48653
1.48833,-2.1331,9.48415
1.53474,-2.02837,9.48772
1.51689,-2.07597,9.45439
1.56569,-2.04741,9.56865
1.52046,-1.90816,9.6234
1.54308,-1.92958,9.67934
1.60497,-1.97719,9.65315
1.61925,-2.02718,9.61983
1.65376,-2.13072,9.64958
1.59544,-2.0974,9.62459
1.59187,-2.06169,9.67339
1.54189,-2.00218,9.75789
1.52879,-2.07002,9.70909
1.60258,-2.15096,9.58769
1.57997,-2.10097,9.69719
1.48833,-2.13548,9.5627
1.5526,-2.19975,9.5508
1.55855,-2.11644,9.5139
1.4669,-2.01527,9.5508
1.40263,-2.09978,9.50081
1.53355,-2.21284,9.5258
1.56331,-2.14619,9.50914
1.5395,-2.10216,9.5389
1.43358,-2.07002,9.60435
1.47524,-2.04265,9.54365
1.5276,-2.06169,9.56032
1.47404,-2.22832,9.47105
1.46809,-2.20927,9.54365
1.39549,-1.97243,9.60674
1.36098,-1.9998,9.62102
1.41216,-2.21403,9.58412
1.46571,-2.22594,9.5627
1.52879,-2.1331,9.61388
1.49666,-2.12239,9.63054
1.455,-2.32472,9.53056
1.45381,-2.24736,9.56389
1.48595,-2.11763,9.57222
1.46214,-2.12596,9.49129
1.34789,-2.12834,9.56984
1.36336,-2.01646,9.59959
1.44786,-2.01051,9.63292
1.54903,-2.13667,9.65196
1.46095,-2.18666,9.6115
1.43477,-2.18071,9.66743
1.45381,-2.14381,9.63411
1.39787,-2.20689,9.62578
1.36098,-2.20927,9.61626
1.43834,-2.1819,9.72218
1.49785,-2.07835,9.65791
1.45857,-2.1938,9.49843
1.36336,-2.25093,9.52699
1.45024,-2.17833,9.62578
1.47643,-2.16405,9.5508
1.34193,-2.17238,9.55675
1.35146,-2.18071,9.67696
1.38716,-2.09502,9.78288
1.41573,-2.11525,9.74599
1.38002,-2.12596,9.78526
1.39192,-2.10454,9.73766
1.4669,-2.23189,9.64244
1.40858,-2.34496,9.45558
1.33479,-2.18666,9.48296
1.33836,-2.09264,9.43416
1.30861,-2.16167,9.3318
1.37288,-2.24022,9.24254
1.30028,-2.16286,9.30205
1.35979,-1.98076,9.53651
1.44667,-1.90935,9.58769
1.40739,-1.98552,9.49248
1.38597,-1.95696,9.40202
1.41573,-1.9879,9.34013
1.47643,-1.78676,9.41273
1.45024,-1.54158,9.39012
1.49428,-1.23213,9.34966
1.53355,-0.908401,9.35204
1.67162,-0.597763,9.45915
1.79897,-0.299026,9.44606
1.91679,-0.175247,9.47224
1.79539,-0.153824,9.27467
1.77516,-0.165726,9.29729
1.90727,-0.487076,9.29015
1.96916,-0.459702,9.44606
2.03105,-0.306168,9.59245
2.20006,-0.51683,9.43297
2.34288,-0.418045,9.71742
2.64876,-0.472794,10.0531
2.99986,-0.746536,10.3006
3.2141,-0.996475,10.5279
3.34383,-0.908401,10.7303
3.60091,-0.910782,11.2706
3.78419,-1.08693,11.755
3.95201,-1.75938,11.9145
4.21623,-2.01289,12.1418
4.37929,-1.96053,12.2977
4.2686,-2.18428,12.3156
4.40904,-2.8008,12.0788
4.45427,-3.42683,11.8252
4.18529,-3.41136,11.7979
3.85799,-3.68629,11.7538
3.64732,-4.26353,11.2968
3.4319,-4.60036,11.1659
3.25575,-4.2802,11.1099
2.89751,-4.32304,10.7684
2.54521,-4.4861,10.4851
2.36906,-4.70033,10.1994
2.02748,-4.76817,9.72932
1.44072,-4.50633,9.5389
1.09557,-4.39803,9.34846
0.957504,-4.35518,9.03783
0.500473,-4.3885,8.88905
0.0601044,-4.27663,8.78313
-0.252914,-3.88149,8.57484
-0.487381,-3.55299,8.54985
-0.727798,-3.42921,8.44035
-1.34074,-3.29591,8.11424
-1.74779,-3.37328,7.87978
-1.50023,-3.0424,7.83455
-1.51689,-2.6544,7.52391
-2.05367,-2.47945,6.96571
-2.72255,-2.72701,6.48607
-2.52736,-2.85197,6.55391
-2.20244,-2.32353,6.64079
-2.51308,-1.88911,6.25279
-3.06651,-1.64989,5.90645
-3.46999,-1.50825,6.03142
-3.33311,-0.956009,6.23613
-3.32121,-0.32164,6.13972
-3.8199,-0.213333,6.16115
-3.73897,-0.274033,6.41228
-3.79729,-0.235947,6.32777
-3.34621,0.249649,6.98833
-3.42595,0.360336,7.22279
-3.81871,0.184189,6.86098
-3.04033,0.516251,7.67625
-2.42143,1.17204,8.34038
-2.92488,1.16847,7.83098
-2.89513,0.565048,7.86073
-2.42976,0.553146,8.19518
-2.56425,0.712631,8.22493
-2.48213,0.554337,8.25707
-2.09532,1.04231,9.1021
-2.02629,1.5898,9.17946
-2.39049,1.09468,8.82002
-2.1227,0.315109,8.90929
-1.70256,0.175858,9.5389
-1.46214,0.371048,9.83406
-1.18602,0.807846,9.696
-1.36931,0.559097,9.79478
-1.15031,0.168716,10.4232
-0.619492,0.0937347,10.5029
-0.519516,-0.0788422,9.86262
-0.565933,-0.253799,10.0138
-0.446915,-0.115738,10.7684
-0.0589142,-0.00743103,11.2135
0.121994,0.104446,11.0445
0.166031,-0.177628,11.048
0.519516,-0.374008,11.0719
0.723038,-0.748917,10.8505
0.605209,-1.07503,10.9731
1.05153,-0.76796,11.1564
1.40739,-0.481125,10.8469
1.17055,-0.710831,11.0528
0.989639,-1.14406,10.9528
1.3705,-1.588,10.8136
1.65376,-1.92006,10.76
1.5157,-2.13191,10.66
1.28362,-2.1093,10.741
1.53831,-1.97957,10.9671
1.68828,-1.92482,10.9136
1.57521,-2.3033,10.7517
1.62044,-2.54967,10.8302
1.84776,-2.41399,10.86
1.93703,-2.34972,10.766
1.84895,-2.43898,10.4387
1.77397,-2.73058,10.2197
1.92632,-2.92934,10.3673
2.10008,-3.14595,10.2625
2.0858,-3.33043,10.0483
1.98344,-3.52324,9.90428
2.08699,-3.6494,9.67815
2.05486,-3.59822,9.48772
1.93584,-3.63631,9.3925
1.86919,-3.50896,9.28062
1.83705,-3.51729,9.2235
1.78944,-3.36137,9.19017
1.71684,-2.90196,9.27824
1.63948,-2.62227,9.26277
1.6252,-2.49968,9.27586
1.67876,-2.3997,9.43297
1.61925,-2.28307,9.36513
1.68352,-2.23784,9.36989
1.79778,-2.08192,9.50557
1.85133,-2.00694,9.56865
1.9156,-2.12834,9.48653
1.92274,-2.17952,9.48534
1.87395,-2.09978,9.46867
1.83229,-2.06645,9.4175
1.75969,-1.97124,9.40202
1.73827,-1.95696,9.52699
1.72636,-1.94029,9.57817
1.71446,-1.96291,9.51033
1.83586,-2.14857,9.49129
1.81563,-2.12477,9.49248
1.79182,-2.15453,9.5984
1.87871,-2.1819,9.56508
1.77873,-2.19975,9.56032
1.74779,-2.23427,9.45439
1.74184,-2.13548,9.44725
1.80016,-2.09026,9.40916
1.74541,-2.18547,9.4175
1.69066,-2.17714,9.36394
1.76326,-2.11168,9.50438
1.79897,-2.03075,9.42226
1.70494,-2.16524,9.42226
1.75374,-2.30449,9.45677
1.70018,-2.25212,9.53651
1.71089,-2.145,9.59007
1.73112,-2.17595,9.55199
1.66328,-2.30211,9.57936
1.67757,-2.31401,9.60317
1.74303,-2.2307,9.62102
1.75493,-2.13667,9.57579
1.70732,-2.0974,9.59602
1.75731,-2.21046,9.56746
1.85609,-2.47707,9.45082
1.85133,-2.39732,9.37822
1.71922,-2.19618,9.42583
1.65376,-2.11406,9.47343
1.64662,-2.17119,9.50438
1.72398,-2.2545,9.49843
1.79301,-2.21046,9.51866
1.72517,-2.1819,9.50081
1.70137,-2.19856,9.57698
1.77159,-2.17714,9.61983
1.80611,-2.34138,9.58769
1.77397,-2.38899,9.57341
1.67519,-2.31639,9.61507
1.68471,-2.30687,9.5984
1.65376,-2.22237,9.5984
1.67519,-2.29616,9.60317
1.69304,-2.31996,9.52818
1.70018,-2.33067,9.52937
1.69066,-2.2426,9.51866
1.62282,-2.16881,9.58055
1.59782,-2.2188,9.51866
1.64067,-2.29021,9.40083
1.64662,-2.29616,9.37941
1.69899,-2.32829,9.35323
1.69066,-2.28188,9.47819
1.62996,-2.26521,9.50438
1.63591,-2.3033,9.54246
1.64186,-2.26045,9.55556
1.6609,-2.25569,9.51033
1.72874,-2.27354,9.5389
1.71208,-2.29378,9.54604
1.66804,-2.38304,9.54365
1.674,-2.32591,9.51866
1.72279,-2.27711,9.54723
1.58592,-2.23784,9.52818
1.54903,-2.25331,9.58412
1.65138,-2.30806,9.61864
1.72398,-2.37947,9.55318
1.77159,-2.39375,9.53532
1.69185,-2.30687,9.48058
1.64186,-2.30568,9.57103
1.67519,-2.31758,9.55199
1.63591,-2.40089,9.46272
1.62758,-2.25331,9.54604
1.62044,-2.20451,9.5746
1.62639,-2.28664,9.46272
1.6002,-2.31163,9.49605
1.5526,-2.22713,9.53532
1.54784,-2.21761,9.52937
1.58116,-2.32115,9.49129
1.62401,-2.32472,9.43773
1.63591,-2.29259,9.48653
1.61092,-2.37828,9.4294
1.65733,-2.37114,9.44844
1.60139,-2.29854,9.50319
1.59425,-2.3033,9.48058
1.54308,-2.31282,9.48891
1.60377,-2.32115,9.53056
1.64186,-2.22237,9.66029
1.65614,-2.29378,9.55556
1.67162,-2.45207,9.51628
1.58354,-2.44612,9.54485
1.62282,-2.25331,9.58293
1.62163,-2.2795,9.57698
1.62758,-2.37352,9.52699
1.65138,-2.37471,9.55556
1.61211,-2.26283,9.63887
1.60497,-2.27473,9.61031
1.66566,-2.42351,9.55199
1.56331,-2.45207,9.53294
1.58711,-2.34019,9.55318
1.59544,-2.3152,9.55913
1.51094,-2.36281,9.50557
1.56212,-2.34615,9.50557
1.63829,-2.26402,9.5377
1.62282,-2.35448,9.56032
1.52641,-2.42232,9.45796
1.54189,-2.31044,9.52461
1.60258,-2.15334,9.54723
1.52165,-2.17714,9.5258
1.56331,-2.3878,9.44368
1.67876,-2.41399,9.47343
1.65971,-2.24855,9.53294
1.55379,-2.2188,9.54723
1.57997,-2.26164,9.5508
1.60854,-2.1212,9.63768
1.62282,-2.17,9.58769
1.70375,-2.364,9.56151
1.649,-2.32591,9.55199
1.55379,-2.19737,9.57936
1.54427,-2.22832,9.56746
1.52998,-2.20927,9.5377
1.55022,-2.21642,9.55675
1.57878,-2.2664,9.54485
1.52879,-2.22594,9.56508
1.60377,-2.29854,9.53294
1.56569,-2.27711,9.41988
1.47762,-2.14738,9.43178
1.56926,-1.91887,9.41393
1.57997,-1.85698,9.30324
1.59425,-1.82841,9.2354
1.649,-1.70702,9.20326
1.674,-1.32259,9.26634
1.70018,-1.07146,9.31395
1.7347,-0.810806,9.36394
1.83348,-0.538254,9.42583
1.84181,-0.358536,9.5258
2.01915,-0.213333,9.6353
2.1465,-0.290695,9.67696
2.27147,-0.566818,9.72218
2.37978,-0.445419,9.85548
2.54045,-0.290695,9.90785
2.59401,-0.218094,9.94951
2.62733,-0.287125,10.1102
2.66661,-0.108597,10.4577
2.72493,-0.208572,10.5434
2.77968,-0.738205,10.6362
2.90227,-1.13692,11.0183
3.07246,-1.55229,11.7598
3.33549,-1.90102,12.2942
3.47951,-2.21046,12.6334
3.61995,-2.85435,12.5608
3.73183,-3.65654,12.581
3.80919,-4.25163,12.481
3.88298,-4.77412,12.1775
3.64732,-4.94432,11.9038
3.25099,-4.6432,11.7538
2.99986,-4.58012,11.3027
2.60353,-4.4623,10.7767
2.01796,-4.35756,10.4565
1.6609,-4.39445,9.99474
1.34431,-4.33257,9.71147
0.876572,-4.15404,9.37465
0.514755,-4.08739,9.28538
0.271957,-3.89934,9.2354
-0.0470123,-3.95409,9.05092
-0.362411,-4.07072,8.89024
-0.439774,-3.76485,8.83311
-0.688522,-3.48039,8.57246
-0.940842,-3.76842,8.19398
-1.01106,-3.87077,7.96666
-1.27647,-3.65654,7.69768
-1.60616,-3.17213,7.61436
-1.87157,-2.68535,7.57866
-2.09413,-2.31996,7.2954
-2.30717,-2.21642,6.84074
-2.70351,-2.29973,6.65269
-2.57735,-2.06526,6.85265
-2.54521,-1.32259,7.149
-3.04271,-0.804855,6.99785
-3.45094,-0.583481,6.88359
-3.16054,-0.277603,7.17281
-3.10698,-0.0419464,6.91454
-3.23552,-0.169296,6.56343
-3.34978,-0.429947,6.47179
-3.35216,-0.288315,6.77885
-3.26765,0.0413666,6.79909
-3.14864,0.390091,6.56224
-2.89513,1.01375,7.0038
-3.04152,1.42555,7.29301
-3.04509,1.2256,7.38109
-2.42619,1.40889,7.67387
-2.48213,1.90044,7.72624
-2.61186,1.97304,7.83931
-1.93108,2.03136,8.13686
-1.92513,1.86354,7.96666
-2.63924,1.13872,8.0952
-1.88109,1.1649,8.66887
-1.14317,1.69334,9.09496
-1.55617,1.79094,8.99379
-1.72636,1.60051,9.17827
-0.933701,1.72667,9.95189
-0.437393,2.01588,10.3232
-1.18483,1.44698,9.96974
-1.00868,0.691208,10.0614
-0.219589,0.635269,10.4708
0.0196381,0.878067,10.422
-0.362411,1.10301,10.7327
-0.314804,1.0685,11.2206
0.450485,0.747147,11.1337
0.464767,0.088974,10.597
-0.0363007,-0.51326,10.666
0.232681,-0.152634,11.3992
1.17888,0.0925446,11.486
1.39311,-0.500168,10.9624
1.19792,-1.14168,10.572
1.04082,-1.05836,10.8481
1.47404,-0.762009,11.198
1.61449,-0.700119,10.9147
1.49309,-1.19524,10.7588
1.65019,-1.51778,10.66
1.72874,-1.74867,10.3363
1.45619,-2.02956,10.3708
1.5276,-1.6844,10.6315
1.71565,-1.563,10.5006
1.61568,-1.70464,10.4922
1.54308,-1.94267,10.5208
1.78825,-2.04622,10.7636
1.97511,-2.3271,10.7481
1.91679,-2.76628,10.5148
1.86562,-2.77104,10.6362
1.93346,-2.43065,10.7338
1.92513,-2.39494,10.6291
1.6978,-2.61632,10.3042
1.66447,-2.51991,10.1554
1.74779,-2.37352,10.1602
1.7347,-2.37233,10.0661
1.7466,-2.19975,9.86858
1.68828,-2.09383,9.67339
1.66924,-1.99504,9.6353
1.63234,-1.82127,9.48534
1.64424,-1.76891,9.43178
1.71089,-1.84984,9.33537
1.62877,-1.76653,9.4294
1.65376,-1.64513,9.43535
1.69066,-1.52016,9.40559
1.63948,-1.49754,9.43892
1.64424,-1.57848,9.47582
1.72874,-1.72725,9.43654
1.78944,-1.59038,9.63649
1.81682,-1.3571,9.70909
1.83348,-1.32259,9.64125
1.82396,-1.63918,9.62697
1.78111,-1.66298,9.60912
1.76683,-1.43089,9.65077
1.76207,-1.45708,9.67339
1.68947,-1.49635,9.62102
1.62639,-1.46541,9.62935
1.674,-1.29045,9.80431
1.68947,-1.37138,9.6353
1.72993,-1.50825,9.6234
1.69185,-1.48683,9.6115
1.66209,-1.51064,9.58769
1.60258,-1.5023,9.5627
1.52284,-1.46184,9.58412
1.62639,-1.54753,9.59959
1.79539,-1.59514,9.62102
1.70494,-1.54277,9.60674
1.62639,-1.66179,9.65196
1.59782,-1.73915,9.5139
1.67876,-1.55824,9.62459
1.53117,-1.44279,9.65672
1.5276,-1.55586,9.6353
1.63472,-1.69392,9.5865
1.62282,-1.78795,9.58412
1.51808,-1.60704,9.6234
1.50856,-1.52373,9.68172
1.61925,-1.65703,9.71504
1.71803,-1.79747,9.65553
1.65376,-1.70464,9.74004
1.68471,-1.62132,9.73647
1.64424,-1.77605,9.60792
1.60139,-1.84151,9.61269
1.50975,-1.63203,9.61507
1.59544,-1.57372,9.62578
1.56212,-1.58919,9.67339
1.60377,-1.67488,9.70671
1.73708,-1.68083,9.67458
1.68114,-1.6118,9.61745
1.52879,-1.65703,9.61269
1.50737,-1.63203,9.63173
1.58473,-1.56657,9.64363
1.65971,-1.58443,9.62578
1.62996,-1.70107,9.59126
1.59306,-1.75105,9.6234
1.63948,-1.65227,9.63887
1.60258,-1.59276,9.62935
1.54308,-1.53087,9.58174
1.4919,-1.47969,9.62578
1.58592,-1.55824,9.65553
1.60973,-1.66893,9.59245
1.6002,-1.66893,9.62102
1.59782,-1.58324,9.65553
1.63234,-1.58562,9.67339
1.65019,-1.69154,9.65672
1.57045,-1.65108,9.67815
1.64781,-1.58205,9.72099
1.70137,-1.61418,9.79121
1.66447,-1.66655,9.65434
1.50023,-1.79271,9.5984
1.49071,-1.68678,9.60674
1.52641,-1.53206,9.66148
1.54665,-1.62251,9.67458
1.61687,-1.62727,9.63768
1.61449,-1.61894,9.61983
1.61449,-1.62727,9.65196
1.55022,-1.55943,9.72456
1.54784,-1.60347,9.65434
1.58116,-1.69035,9.66386
1.54189,-1.66655,9.63173
1.59901,-1.61656,9.6472
1.6252,-1.61775,9.69957
1.63472,-1.62489,9.74718
1.50618,-1.67012,9.62221
1.48476,-1.57252,9.6234
1.50023,-1.42494,9.6234
1.49071,-1.60704,9.53413
1.50856,-1.63322,9.52937
1.52046,-1.61656,9.59483
1.55379,-1.55705,9.64006
1.58949,-1.62608,9.69005
1.54308,-1.56062,9.72099
1.54546,-1.51064,9.76265
1.56331,-1.63322,9.65672
1.60377,-1.7451,9.60317
1.59068,-1.64037,9.69362
1.54903,-1.53801,9.68172
1.4919,-1.53325,9.66386
1.48119,-1.58919,9.62935
1.55379,-1.65584,9.66863
1.58592,-1.63679,9.67696
1.55498,-1.67964,9.65553
1.57402,-1.59633,9.67577
1.48238,-1.55824,9.64006
1.55498,-1.59157,9.65077
1.61806,-1.65822,9.60554
1.61092,-1.72487,9.56627
1.58354,-1.61656,9.55675
1.48476,-1.57252,9.502
1.45262,-1.53801,9.57698
1.48238,-1.48802,9.60317
1.60377,-1.55943,9.63411
1.52165,-1.60466,9.66267
1.59187,-1.55229,9.65196
1.54903,-1.43684,9.70671
1.52522,-1.5154,9.671
1.62044,-1.61656,9.68648
1.60258,-1.51302,9.69005
1.6002,-1.48207,9.71861
1.60258,-1.45708,9.76622
1.64067,-1.40233,9.84953
1.64781,-1.51659,9.76979
1.66804,-1.64037,9.72337
1.63353,-1.60704,9.72218
1.5883,-1.49873,9.65553
1.50618,-1.369,9.69838
1.47881,-1.41423,9.71147
1.56807,-1.52611,9.64839
1.59901,-1.60228,9.64363
1.5645,-1.64156,9.61745
1.57045,-1.51897,9.72932
1.53593,-1.4785,9.62578
1.57878,-1.67131,9.60078
1.5395,-1.5511,9.59721
1.5407,-1.50587,9.66863
1.49666,-1.5761,9.59602
1.52046,-1.48921,9.59364
1.49309,-1.4547,9.6115
1.49666,-1.40471,9.68767
1.5395,-1.44279,9.63173
1.59068,-1.42613,9.70671
1.56212,-1.31187,9.62816
1.46928,-1.32854,9.46986
1.48952,-1.35353,9.41512
1.50856,-1.31306,9.26158
1.50261,-1.35115,9.12471
1.48476,-1.29878,8.92833
1.47285,-1.37614,8.70576
1.4669,-1.58086,8.52962
1.5038,-1.88673,8.34633
1.62163,-2.25212,8.15471
1.61925,-2.7639,8.03093
1.68114,-3.73747,8.04045
1.95369,-4.95384,7.97618
2.35954,-5.35255,8.75099
2.57973,-4.54799,9.1985
2.66542,-3.83031,9.28062
2.75587,-3.97313,9.48653
2.8261,-4.06477,9.67339
3.04152,-3.39351,10.4232
3.15221,-2.57347,10.7541
3.42119,-2.38423,10.7922
3.52235,-2.33781,11.198
3.81395,-2.25926,11.5063
4.26146,-2.16286,11.786
4.34834,-1.74986,11.7217
4.04961,-2.01527,11.3027
4.2329,-2.09859,11.6931
4.35786,-1.39638,11.686
3.94844,-1.32616,11.0933
3.74492,-1.40947,11.2551
4.08055,-0.857224,11.8562
4.04842,-0.19072,11.5586
3.62114,-0.118118,11.1254
3.61876,-0.0324249,11.417
3.91154,0.25798,11.5658
3.63066,0.873306,11.4003
3.24028,1.14467,11.029
3.0201,0.661453,10.7755
3.06056,0.561478,10.71
3.01295,0.978043,10.6232
2.63448,1.18037,10.2054
2.1703,1.2018,10.09
2.08461,1.43983,10.0435
1.7704,1.80165,9.8055
1.26576,1.87306,9.52104
0.67305,1.79808,9.31038
0.307663,1.85759,9.12709
0.0946198,1.95161,8.80098
-0.22316,1.75523,8.56889
-0.41835,1.71953,8.45106
-0.540939,1.8802,8.2047
-0.962265,1.62788,8.01308
-1.33003,1.3101,7.98332
-1.25505,1.54457,8.0345
-1.59306,1.59932,7.83098
-2.17149,1.16252,7.66435
-2.03343,0.939957,7.74052
-1.77754,0.947098,7.59056
-2.26671,0.947098,7.44655
-2.54521,1.09587,7.368
-2.55592,1.1649,7.34419
-2.63091,0.999466,7.16209
-2.99391,0.476975,7.15495
-3.13673,0.223465,7.17519
-2.85585,0.336533,7.40251
-2.9713,0.0925446,7.19423
-3.39738,-0.551346,6.80861
-3.60329,-1.16072,6.78362
-2.94987,-1.45232,7.03117
-3.14983,-1.39519,7.01689
-3.75444,-1.04408,7.28468
-3.38905,-1.04884,7.41084
-3.15578,-1.65346,7.37633
-3.27599,-2.40327,7.30968
-3.32835,-2.67821,7.537
-2.98439,-2.24736,7.85954
-2.62972,-1.93791,8.26897
-2.51903,-2.29378,8.42964
-2.30717,-2.90077,8.41179
-1.95964,-3.41374,8.28444
-2.15721,-3.82198,8.15947
-2.02272,-3.48872,8.73433
-1.7704,-3.08882,8.83073
-1.9894,-3.73509,8.74147
-1.71565,-4.45515,9.19136
-1.11699,-4.29329,9.66981
-1.09319,-4.1338,9.97569
-1.36336,-4.31114,9.88524
-1.11461,-4.44801,10.0733
-0.449295,-4.69676,10.3673
-0.0696259,-4.7039,10.3482
-0.285049,-4.67653,10.4672
-0.277908,-4.40279,10.7017
-0.0410614,-4.15166,10.8862
0.362411,-3.70772,11.0719
0.489761,-3.22926,11.1968
0.139847,-3.2852,10.9195
0.54808,-3.27806,11.0754
0.924179,-2.94719,11.0445
0.798019,-2.88768,10.8957
0.713516,-2.83412,10.9207
1.02296,-2.69725,10.8779
1.28004,-2.53658,10.8552
1.36455,-2.13905,10.9469
1.18959,-1.95815,10.8802
1.25267,-2.18071,10.5993
1.44905,-2.31282,10.5232
1.53712,-1.94743,10.5601
1.60497,-1.59752,10.5613
1.61568,-1.81889,10.322
1.57045,-1.94029,10.1923
1.62282,-1.79152,10.1007
1.51332,-1.5392,10.034
1.50023,-1.43089,9.88524
1.53593,-1.42018,9.7805
1.55736,-1.37376,9.671
1.41573,-1.33449,9.43416
1.2729,-1.59514,9.43892
1.51451,-1.45708,9.54961
1.33955,-1.30592,9.50914
1.21458,-1.69511,9.41512
1.24434,-1.90221,9.36989
1.31337,-2.03551,9.51866
1.28004,-1.94624,9.6472
1.25505,-1.91292,9.64363
1.26457,-1.99028,9.68529
1.20387,-2.16524,9.66267
1.1884,-2.15334,9.84715
1.26576,-1.98671,9.86382
1.25148,-2.00813,9.82692
1.29314,-2.06883,9.81383
1.28719,-2.09383,9.74599
1.29671,-1.98195,9.65434
1.15627,-2.11168,9.6115
1.0551,-2.16881,9.57698
1.261,-1.99861,9.66624
1.26219,-1.85817,9.76146
1.28481,-2.0248,9.72813
1.30266,-2.23546,9.62102
1.34908,-2.20332,9.62102
1.2372,-2.03194,9.59126
1.27528,-2.03432,9.48415
1.20744,-2.00099,9.46272
1.16698,-2.13429,9.47105
1.13603,-2.00456,9.49486
1.16222,-1.88197,9.5746
1.13246,-1.82484,9.71623
1.22054,-1.82841,9.7686
1.20744,-2.02242,9.71861
1.24077,-2.0117,9.66981
1.12175,-2.06288,9.64958
1.18602,-2.06526,9.65791
1.28004,-2.0724,9.69005
1.15984,-2.11644,9.69243
1.20982,-1.94505,9.76384
1.1884,-1.8665,9.76146
1.04677,-2.08549,9.61864
1.09914,-2.02242,9.67815
1.15746,-1.72249,9.78407
1.0551,-1.80461,9.69957
1.04439,-2.03789,9.66863
1.14793,-1.87245,9.65434
1.08485,-1.85579,9.62816
1.06224,-1.84746,9.61507
1.13127,-1.8903,9.671
1.16341,-1.9272,9.65077
1.06938,-2.04741,9.46034
1.00511,-2.16167,9.49962
1.14079,-2.11525,9.5139
1.17888,-1.93434,9.54246
1.07176,-2.02718,9.58769
1.09914,-2.06764,9.64482
1.2729,-1.951,9.80788
1.37407,-1.90816,9.85191
1.22054,-1.90697,9.85548
1.25029,-1.8665,9.9019
1.18602,-1.9153,9.78764
1.17531,-1.92244,9.74361
1.17412,-1.84746,9.71742
1.13365,-1.782,9.70076
1.20387,-1.73915,9.75789
1.23125,-1.85936,9.65196
1.22411,-1.76414,9.71266
1.15031,-1.66893,9.73766
1.20506,-1.66536,9.71385
1.25624,-1.71178,9.62935
1.06105,-1.73082,9.61983
1.11104,-1.70226,9.64363
1.11461,-1.63441,9.68767
1.12532,-1.58086,9.62816
1.16341,-1.77486,9.56508
1.13484,-1.83913,9.61983
1.18245,-1.69392,9.75432
1.07057,-1.54872,9.69838
1.06938,-1.51421,9.75432
1.19435,-1.64156,9.72813
1.17174,-1.65227,9.71028
1.05748,-1.75224,9.66981
1.14555,-1.77843,9.74361
1.1158,-1.51897,9.81859
1.10271,-1.65703,9.81502
1.16103,-1.74391,9.77693
1.18959,-1.60228,9.80073
1.12889,-1.58681,9.78883
1.03844,-1.59157,9.70552
1.00511,-1.71416,9.66267
1.11699,-1.63084,9.65791
1.05629,-1.43446,9.75432
1.06819,-1.74272,9.65434
1.1646,-1.81889,9.62935
1.12056,-1.79152,9.71028
1.09319,-1.58205,9.81621
1.04796,-1.49635,9.74599
1.04915,-1.588,9.7686
1.07533,-1.67131,9.71385
1.04796,-1.50587,9.66267
1.06581,-1.58919,9.671
1.01463,-1.65465,9.61388
1.12413,-1.48564,9.81978
1.16579,-1.47969,9.7567
1.02653,-1.67369,9.72218
1.05986,-1.58205,9.74956
1.10509,-1.4059,9.74718
1.03487,-1.57252,9.70433
1.02534,-1.58086,9.75789
0.987259,-1.56181,9.68053
0.899185,-1.55229,9.65077
0.712326,-1.8177,9.35084
0.86467,-1.76176,9.19255
1.09914,-0.752487,9.52223
0.987259,-0.232376,9.09853
1.455,0.388901,8.99855
1.97154,1.77666,9.36275
2.00011,2.88472,9.22826
2.04533,3.23225,8.84383
2.29289,3.70476,8.69981
2.37025,4.58311,8.49391
2.08104,4.95921,7.96309
2.07271,5.38887,7.34657
1.9156,5.64357,6.87764
1.97868,6.25413,6.57057
1.71208,6.59453,6.07188
1.99059,6.53383,5.25542
2.33574,7.54668,4.94121
2.25838,8.83922,4.4937
2.28218,9.51881,4.38301
2.09413,8.82851,3.76888
2.42857,7.92278,2.79649
2.3286,8.58095,2.38588
2.03938,9.14391,2.43587
2.47737,9.49144,1.70152
2.17982,9.94966,1.13976
2.14888,9.3867,0.902908
2.17863,8.67259,0.441116
1.87633,9.05107,0.601791
1.97511,9.27245,0.319717
1.96678,9.29863,-0.278946
1.99416,9.14034,-0.164688
2.28456,9.09868,0.0305023
2.16435,9.29982,0.213791
2.19887,9.29744,-0.198013
2.48808,8.98085,-0.255142
2.32503,9.22722,0.0233612
2.27266,9.44502,0.0876312
2.35478,9.4843,-0.288467
2.34526,8.79042,-0.261093
2.34407,8.89635,-0.0623322
2.231,9.50929,0.426834
2.35359,9.3986,0.201889
2.4976,9.11296,0.266159
2.18459,9.70686,0.946945
2.17387,10.2853,1.34447
2.35954,9.91753,1.60393
2.30598,9.23317,1.96574
2.31194,9.56285,2.85481
2.42619,9.74614,3.04048
2.20839,8.54405,3.2809
2.01677,7.59309,4.38063
2.07747,8.1382,5.28874
1.99654,8.04775,5.90169
2.09532,6.34935,6.02309
2.52974,5.26509,6.66579
2.61781,6.28389,7.52629
2.02034,6.74092,7.5489
1.21339,5.38411,7.70839
1.33717,3.47743,8.12852
2.1096,1.9897,7.80717
1.74779,2.15276,7.83812
1.74422,2.76808,9.12828
2.20006,3.20964,9.98402
1.86324,2.59431,9.09019
1.64305,0.57933,8.74861
1.85133,-0.531113,9.14375
1.9644,1.15776,9.63292
1.43001,1.93971,9.67458
1.39311,1.24345,9.80431
1.8192,-0.19191,9.5139
1.67043,-0.419235,9.24135
1.44548,-0.19429,9.53413
1.59068,-0.277603,9.88524
1.65376,-0.363297,9.74956
1.44429,-0.877457,9.283
1.29909,-1.52492,9.06758
1.37645,-1.83675,9.26634
1.36336,-1.27855,9.47819
1.25386,-1.15953,9.44606
1.44667,-1.46303,9.70433
1.50618,-1.43446,9.82454
1.3217,-1.27498,9.5508
1.3455,-1.60466,9.62221
1.42049,-2.14143,9.29848
1.39906,-2.23546,9.2592
1.23839,-2.20451,9.37822
1.48833,-2.08907,9.68172
1.50975,-1.54396,9.76503
1.31218,-1.64156,9.6722
1.45738,-2.17476,9.6591
1.59187,-2.05455,9.83049
1.59901,-1.73082,9.76503
1.50618,-1.67012,9.81026
1.47524,-1.6963,9.85429
1.6133,-1.48445,9.86025
1.52998,-1.51421,9.73527
1.47285,-1.84389,9.71623
1.55498,-1.63799,9.82692
1.65733,-1.19881,9.82454
1.61211,-1.24403,9.70314
1.52284,-1.62132,9.68886
1.5526,-1.62489,9.61864
1.5883,-1.45351,9.65553
1.54903,-1.588,9.58769
1.48833,-1.59752,9.64125
1.5645,-1.52968,9.68648
1.50975,-1.56181,9.67815
1.55974,-1.782,9.62459
1.55736,-1.70226,9.6115
1.44072,-1.47255,9.67815
1.48833,-1.4297,9.66624
1.49904,-1.72606,9.60078
1.49785,-1.77962,9.59721
1.49428,-1.55705,9.62578
1.43358,-1.39162,9.65791
1.45738,-1.68678,9.62697
1.51094,-1.76295,9.69005
1.54784,-1.67964,9.6472
1.47047,-1.61656,9.62459
1.42525,-1.69154,9.696
1.44072,-1.65465,9.75075
1.55141,-1.58205,9.74956
1.54427,-1.5511,9.68767
1.43358,-1.68202,9.69957
1.4919,-1.65346,9.77931
1.56569,-1.51064,9.85548
1.57283,-1.51421,9.70314
1.35979,-1.67964,9.61626
1.35027,-1.80937,9.63173
1.51689,-1.52968,9.83049
1.5038,-1.47136,9.66148
1.42644,-1.73082,9.67339
1.48714,-1.94624,9.57103
1.50142,-1.71892,9.62697
1.41692,-1.56776,9.66386
1.45143,-1.71654,9.65434
1.51808,-1.71773,9.66505
1.55617,-1.68916,9.60912
1.44667,-1.77962,9.54485
1.34908,-1.94267,9.47105
1.36574,-1.72368,9.66981
1.38121,-1.34639,9.77931
1.40739,-1.45351,9.72694
1.42049,-1.73558,9.63054
1.48952,-1.79271,9.68291
1.55022,-1.5999,9.67339
1.40501,-1.6487,9.72337
1.41454,-1.78438,9.62697
1.50142,-1.69035,9.56389
1.46452,-1.62846,9.62221
1.44429,-1.71297,9.63292
1.41573,-1.74986,9.64125
1.49071,-1.54991,9.75194
1.47285,-1.46779,9.7079
1.34312,-1.64394,9.60792
1.35622,-1.8784,9.58055
1.45143,-1.73796,9.61507
1.48357,-1.58681,9.6591
1.36812,-1.74629,9.59721
1.39073,-1.89864,9.57936
1.46095,-1.81889,9.67934
1.42763,-1.68797,9.75789
1.42049,-1.75581,9.80431
1.46452,-1.83437,9.76622
1.53236,-1.81532,9.80431
1.44548,-1.74748,9.66624
1.42406,-1.82722,9.71385
1.46214,-1.70821,9.70314
1.45976,-1.64513,9.66267
1.43358,-1.782,9.66029
1.4062,-1.73201,9.65791
1.42644,-1.67607,9.63411
1.40739,-1.7094,9.59483
1.34074,-1.94862,9.56508
1.43953,-1.94505,9.63173
1.5276,-1.79152,9.7079
1.48238,-1.7213,9.71742
1.42168,-1.71654,9.83763
1.58235,-1.81651,9.92808
1.65614,-1.98909,9.91499
1.50499,-2.24141,9.83644
1.38597,-2.25688,10.0721
1.42168,-2.50087,9.98164
1.34789,-3.21379,9.19969
1.13603,-4.03383,8.52962
0.852768,-5.11452,8.01665
0.576645,-6.27138,6.93953
0.231491,-7.26756,6.20876
0.0374908,-7.82338,5.4149
-0.126755,-7.91383,4.99477
-0.22673,-7.95073,4.16402
-0.54689,-7.81505,2.96788
-0.532608,-8.51369,-5.23845
-0.720657,-7.38658,-5.99779
-0.975357,-7.40562,-6.86186
-0.953934,-8.16377,-7.56764
-1.10033,-7.71983,-8.00801
-1.29671,-6.83434,-7.86162
-0.971786,-6.62129,-7.97112
-0.913467,-6.52489,-8.51146
-1.13484,-6.29399,-8.67928
-1.19316,-6.32732,-8.35435
0.28862,-8.59224,5.03642
0.500473,-8.08998,5.88264
0.555222,-7.5782,6.05998
0.682571,-7.27946,6.30754
0.811111,-7.09142,6.98
0.989639,-6.81172,6.75386
0.983688,-6.47252,7.25255
0.989639,-6.0262,7.51677
1.20863,-5.06691,8.46892
1.20744,-4.63368,8.70219
1.43001,0.224655,9.93761
1.45857,-0.0621796,9.76265
1.3586,-0.209763,9.72218
1.35265,-0.077652,9.78883
1.33479,0.088974,9.77098
1.27052,0.150864,9.74361
1.30266,-0.0609894,9.70314
1.21339,-0.107407,9.61507
1.23482,-0.125259,9.6472
1.39192,-0.0740814,9.71266
1.16222,-0.13002,9.75908
1.13484,-0.144302,9.77217
1.09319,-0.209763,9.66624
1.06581,-0.0359955,9.76146
1.14674,0.142532,9.94832
1.15746,-0.0193329,9.83882
1.0432,-0.414475,9.75789
1.05867,-0.593002,9.83406
1.15031,-0.302597,9.94356
1.21577,-0.362106,9.87334
0.191025,-1.01671,9.78526
0.133896,-0.957199,9.88762
0.0743866,-0.952438,9.89952
0.242203,-1.23451,9.89119
0.371933,-1.22261,9.85548
0.406448,-1.15001,9.92213
0.390976,-0.907211,10.0043
0.377884,-0.819138,9.9745
0.374313,-1.10835,9.91975
0.361221,-1.35234,9.66267
0.364792,-1.27617,9.80907
0.241013,-1.17024,9.92213
0.217209,-1.14168,9.91142
0.145798,-1.19524,9.81145
0.102951,-1.31664,9.71861
0.0565338,-1.37733,9.64958
0.0850983,-1.50349,9.75194
0.113663,-1.34401,9.97331
0.151749,-1.22261,10.04
0.22197,-1.25117,10.0483
-0.00297546,-1.16548,9.56984
0.0470123,-1.41899,9.47939
0.124374,-1.29164,9.46748
0.151749,-1.09883,9.37227
0.124374,-1.11192,9.17827
0.194595,-1.07979,8.98427
0.307663,-1.19048,8.58437
0.379074,-1.26308,8.14995
0.433823,-0.679886,7.79051
0.652817,-0.713211,7.42632
4.31502,-2.00456,7.28944
4.9958,-1.80104,7.58937
5.61232,-0.760818,7.53462
6.36452,-0.694168,7.25255
6.64064,-1.4059,7.13948
6.97865,-1.76057,7.32158
7.4464,-1.27855,7.53581
8.32594,-1.37138,7.30016
8.78416,-1.60942,7.32277
8.88652,-1.15834,7.50368
9.96602,-0.51088,3.9117
9.75178,-0.212143,3.79268
9.50304,0.119919,3.50941
9.45424,0.138962,3.00835
9.33998,-0.0371857,2.89409
9.71608,-0.201431,2.83577
9.87199,0.25441,2.70604
9.88985,0.311539,2.60963
9.84105,0.113968,2.51918
9.78273,0.0973053,2.47038
1.51927,-3.11263,9.33537
1.50737,-3.21141,9.40678
1.47762,-3.10905,9.40083
1.44191,-2.89958,9.36394
1.44667,-2.83769,9.32347
1.5395,-2.99956,9.43059
1.57283,-3.12215,9.44844
1.50737,-2.99718,9.37703
1.44786,-3.00075,9.33061
1.43834,-2.88054,9.42226
-6.61684,-1.54872,6.53963
-7.02031,-1.23689,6.13972
-7.37856,-1.08812,6.2397
-7.43568,-0.902451,6.17662
-7.44402,-0.909592,6.01356
-7.63445,-0.871506,5.52916
-7.92128,-0.469223,5.35896
-8.03078,-0.38829,5.37444
-8.01769,-0.365677,5.27922
-8.37236,-0.404953,4.90193
-9.69109,1.84569,2.16093
-9.75893,1.78142,1.83244
-9.82677,1.71477,1.91219
-9.63039,1.39342,2.1526
-9.49828,1.26726,2.07405
-9.71132,1.52315,2.12285
-9.68751,1.63026,2.20616
-9.56493,1.4196,2.18117
-9.51613,1.14705,2.32637
-9.55541,0.992325,2.30257
-6.49187,-1.18095,7.14424
-6.25621,-1.20238,7.26921
-6.03841,-1.50587,7.60127
-5.98604,-1.58919,7.64412
-5.9063,-1.35948,7.97737
-5.80989,-1.05241,7.67625
-5.72658,-1.18452,7.52034
-5.3231,-1.48207,7.95119
-4.94701,-1.99385,8.51057
-4.39238,-2.20689,9.09853
1.42525,-2.44374,10.7826
1.33598,-2.40565,10.597
1.16817,-2.47469,10.3982
1.18126,-2.59251,10.2006
1.17174,-2.52348,10.1566
1.21815,-2.45088,10.0447
1.19435,-2.20451,10.0352
1.16222,-2.26759,9.92571
1.15984,-2.33543,9.69124
1.10033,-2.14143,9.71742
1.30266,-2.2545,9.80907
1.31456,-2.16524,9.72575
1.36574,-2.18666,9.70552
1.35027,-2.21046,9.70076
1.33122,-2.12239,9.59007
1.26695,-2.05812,9.55556
1.14198,-1.96172,9.44606
1.10033,-2.13667,9.48534
1.15984,-2.25569,9.43535
1.2003,-2.32115,9.51033
1.03963,-2.2545,9.71504
0.974167,-2.12001,9.75908
0.913467,-1.99861,9.7448
0.857529,-2.05098,9.62221
0.794449,-2.32948,9.48415
0.751602,-2.34496,9.47701
0.682571,-2.22951,9.55556
0.696854,-2.13786,9.65315
0.80397,-2.11049,9.72813
0.86348,-1.95934,9.64006
1.17055,-1.66655,9.47819
1.20506,-1.66536,9.40678
1.1884,-1.53563,9.37227
1.30623,-1.35234,9.44368
1.43358,-1.27617,9.57817
1.51332,-1.26546,9.69481
1.6133,-1.31783,9.67577
1.7585,-1.19643,9.8412
1.8073,-1.28093,9.81859
1.69304,-1.369,9.84596
