0.517136,0.19371,9.89238
0.524277,0.184189,9.91856
0.526657,0.186569,9.87096
0.524277,0.177048,9.85667
0.550461,0.274643,9.89238
0.514755,0.172287,9.83525
0.471909,0.246078,9.82335
0.5457,0.177048,9.81145
0.550461,0.12944,9.83049
0.512375,0.158005,9.93285
0.505234,0.312729,9.73527
0.500473,0.250839,9.81621
0.421921,0.148483,9.81383
0.536179,0.212753,9.85429
0.490952,0.243698,9.79002
0.562363,0.279404,9.89
0.648056,0.310349,9.83525
0.633774,0.38176,9.81859
0.588547,0.436508,9.89476
0.562363,0.410324,9.88762
0.507614,0.367477,9.76384
0.471909,0.269882,9.74242
0.407639,0.288925,9.72813
0.471909,0.331772,9.77098
0.488571,0.329391,9.84001
0.486191,0.243698,9.80669
0.60997,0.284164,9.95189
0.617111,0.312729,9.88286
0.614731,0.269882,9.93523
0.576645,0.269882,9.84477
0.629013,0.0604095,9.8662
0.602829,0.0865936,9.92571
0.529038,0.150864,9.7567
0.524277,0.198471,9.79716
0.526657,0.0437469,9.79478
0.54332,0.0865936,9.84001
0.505234,0.0532684,9.76146
0.488571,0.0437469,9.70671
0.438583,0.103256,9.68529
0.371933,0.210373,9.6591
0.345749,0.212753,9.65196
0.433823,0.155624,9.79955
0.460007,0.169907,9.76622
0.474289,0.267502,9.7448
0.567123,0.338913,9.74956
0.598068,0.388901,9.80907
0.662338,0.32225,9.93285
0.681381,0.32225,9.92094
0.602829,0.217514,9.87096
0.552841,0.205612,9.92571
0.593307,0.184189,9.87334
0.54808,0.2556,9.79716
0.640915,0.243698,9.9019
0.629013,0.143723,9.84715
0.595688,0.0604095,9.80431
0.509995,0.222275,9.81859
0.443344,0.248459,9.81859
0.455246,0.265121,9.75194
0.48143,0.169907,9.82097
0.529038,0.136581,9.89238
0.507614,0.0627899,9.72099
0.490952,0.12468,9.74956
0.48381,0.198471,9.70909
0.531418,0.181808,9.59245
0.54808,0.160385,9.59007
0.552841,0.12706,9.61626
0.61235,0.141342,9.65434
0.740891,0.0389862,9.62816
0.693283,0.024704,9.84953
0.859909,-0.0681305,9.86858
0.902756,0.0128021,9.80907
0.850388,-0.0705109,9.73289
0.845627,-0.013382,9.93047
0.938461,0.0342255,9.94713
0.876572,-0.0443268,9.82573
0.859909,-0.158585,9.78288
0.869431,-0.101456,9.74956
0.705185,0.0556488,9.76622
0.712326,0.210373,9.82097
0.752792,0.234177,9.86858
0.817062,0.329391,9.7567
0.764694,0.346054,9.75194
0.776596,0.248459,9.83287
0.881332,0.222275,9.81621
0.874191,0.260361,9.78526
0.947983,0.19133,9.85667
1.03606,0.215134,9.98521
0.997971,0.31749,10.0304
1.01225,0.324631,9.94951
0.967026,0.379379,9.93285
0.964645,0.348434,9.95189
0.99321,0.25322,9.95189
1.00749,0.0913544,9.83763
0.967026,0.0270844,9.73527
0.976547,0.0175629,9.76384
0.92894,0.0794525,9.77812
0.924179,0.0294647,9.74956
0.974167,-0.0371857,9.82811
1.00511,0.00328064,9.91618
1.00035,0.00566101,9.93999
1.08366,0.215134,9.58293
1.11223,0.229416,9.59959
1.02177,0.241318,9.54723
1.04796,0.346054,9.57817
1.00987,0.438889,9.52342
1.00987,0.407944,9.57817
1.01701,0.424606,9.64244
1.00749,0.31749,9.75908
1.11223,0.215134,10.0066
1.30504,0.217514,10.0447
1.47404,0.238937,10.0638
1.55974,0.329391,10.1685
1.65971,0.407944,10.2256
1.62163,0.379379,10.1352
1.53355,0.32225,9.9995
1.48357,0.238937,9.95665
1.36217,0.222275,9.96617
1.33836,0.281784,9.95903
1.25029,0.336533,9.87572
1.20982,0.246078,9.65434
1.13603,0.169907,9.6591
1.12413,0.112778,9.70909
1.13127,-0.0110016,9.71861
1.48595,0.131821,9.92333
1.50023,0.207993,9.89238
1.56926,0.203232,9.86144
1.53117,0.119919,9.8781
1.64305,0.0318451,9.79955
1.52879,0.112778,9.70671
1.44786,0.18895,9.61626
1.286,0.262741,9.66148
1.31218,0.0984955,9.73289
1.32646,-0.0110016,9.61864
1.31694,-0.170486,9.49962
1.286,-0.260941,9.49724
1.24315,-0.106216,9.54485
1.14317,-0.0276642,9.58769
1.09795,-0.0181427,9.5377
1.08604,-0.039566,9.56627
1.13603,-0.156204,9.6353
1.18602,-0.144302,9.78764
1.2003,-0.00624084,9.91142
1.35027,0.0413666,9.9995
1.37169,0.224655,9.7448
1.35741,0.0794525,9.61626
1.40025,-0.0300446,9.68767
1.41692,-0.013382,9.65672
1.4193,0.0461273,9.65196
1.31218,0.0223236,9.58055
1.30266,0.069931,9.51628
1.27885,-0.0514679,9.57579
1.20744,0.0318451,9.59007
1.15984,0.0294647,9.51866
1.13841,0.0770721,9.50438
1.15269,-0.0419464,9.53532
1.1884,0.0389862,9.6234
1.27885,0.138962,9.66386
1.31456,0.198471,9.7448
1.32646,0.141342,9.69481
1.3455,0.131821,9.71623
1.40025,0.103256,9.79955
1.40263,0.0437469,9.74242
1.36455,0.0389862,9.84715
1.35265,0.134201,9.66148
1.35979,0.0865936,9.70909
1.30504,0.100876,9.69005
1.35741,0.0794525,9.64006
1.34789,0.0746918,9.65196
1.36931,0.0937347,9.66863
1.40977,0.069931,9.73052
1.42406,0.0532684,9.71623
1.4431,0.0532684,9.71861
1.42168,-0.0419464,9.7567
1.43358,-0.0752716,9.86382
1.50261,-0.0490875,9.90428
1.49309,0.0128021,9.82811
1.55498,0.00328064,9.7448
1.56926,-0.058609,9.79955
1.56212,-0.0895538,9.79002
1.59544,0.00566101,9.71147
1.4312,0.0865936,9.72099
1.38121,0.138962,9.60197
1.30742,0.0580292,9.57341
1.39073,0.00804138,9.84001
1.35979,0.088974,9.88762
1.286,0.181808,9.80193
1.31694,0.117538,9.80907
1.28123,0.110397,9.81621
1.32884,0.0580292,9.81859
1.35741,0.110397,9.76384
1.40263,0.0342255,9.7448
1.41692,-0.0014801,9.79002
1.42406,-0.0514679,9.80431
1.30028,-0.0229034,9.64958
1.26219,0.0675507,9.65196
1.25505,-0.0157623,9.63768
1.25981,-0.103836,9.57103
1.26933,-0.196671,9.68767
1.34789,-0.199051,9.67577
1.3217,-0.156204,9.74956
1.33122,-0.096695,9.79955
1.34074,-0.077652,9.74956
1.35027,-0.0705109,9.75432
1.36931,-0.039566,9.81621
1.34789,-0.0205231,9.84953
1.32646,-0.0538483,9.81383
1.40025,-0.0705109,9.81859
1.45738,-0.132401,9.88048
1.55022,-0.0800324,9.80907
1.46214,-0.00624084,9.83525
1.44786,-0.0371857,9.76146
1.40501,-0.0919342,9.74004
1.34312,-0.120499,9.68529
1.25743,0.0580292,9.73289
1.30028,0.0746918,9.71147
1.25743,0.0223236,9.64958
1.26457,-0.0371857,9.71623
1.28123,-0.0276642,9.69719
1.35979,-0.0371857,9.7567
1.3336,0.0318451,9.77098
1.41216,-0.0252838,9.84715
1.42406,-0.0728912,9.89952
1.4431,-0.115738,9.77098
1.51689,-0.0943146,9.83525
1.47643,-0.058609,9.88524
1.37407,-0.0324249,9.87334
1.36455,0.0270844,9.84001
1.37407,-0.0443268,9.83525
1.36455,0.00566101,9.7924
1.40025,-0.0229034,9.78526
1.35265,0.0984955,9.77098
1.36455,0.0485077,9.77812
1.31694,0.103256,9.76384
1.32408,-0.077652,9.7924
1.39549,-0.113358,9.82097
1.39073,-0.0657501,9.82573
1.40977,-0.0490875,9.81621
1.40501,-0.0300446,9.79002
1.36455,0.0223236,9.76384
1.29314,0.112778,9.70433
1.28362,0.0723114,9.71623
1.30742,-0.013382,9.74718
1.31456,-0.203812,9.62816
1.37883,-0.146683,9.64482
1.35979,-0.118118,9.64244
1.3336,0.0366058,9.6591
1.37645,-0.0490875,9.67339
1.42644,-0.160965,9.70433
1.39787,-0.175247,9.64006
1.36693,-0.203812,9.64958
1.31218,-0.096695,9.70909
1.31456,0.00566101,9.71623
1.30504,-0.0752716,9.62102
1.36455,-0.0300446,9.76146
1.38597,-0.0252838,9.65434
1.30266,-0.0800324,9.58055
1.24077,-0.0324249,9.671
1.286,-0.0847931,9.74956
1.28362,-0.039566,9.61626
1.27647,0.0485077,9.6353
1.25743,0.117538,9.74004
1.29314,0.0794525,9.73052
1.42644,-0.0348053,9.7448
1.39311,-0.0895538,9.74242
1.39787,-0.118118,9.69481
1.32646,-0.039566,9.77098
1.38597,-0.039566,9.79478
1.3336,-0.00862122,9.76622
1.30504,-0.0276642,9.82573
1.31218,-0.0728912,9.80193
1.35265,-0.103836,9.80193
1.35265,-0.134781,9.88762
1.41216,-0.151443,9.81145
1.26457,-0.039566,9.73289
1.28838,-0.0871735,9.67339
1.30266,-0.13002,9.64958
1.3455,-0.0824127,9.73289
1.36455,-0.0847931,9.75908
1.40977,-0.132401,9.7805
1.455,-0.103836,9.75908
1.36455,-0.115738,9.72575
1.39311,-0.139542,9.72813
1.35979,-0.0990753,9.73289
1.35027,-0.208572,9.62578
1.32884,-0.232376,9.59721
1.32646,-0.206192,9.57341
1.32884,-0.208572,9.56627
1.30266,-0.160965,9.56389
1.35027,-0.168106,9.64958
1.3217,-0.120499,9.68053
1.38597,-0.0847931,9.67339
1.37169,-0.106216,9.70433
1.34074,-0.163345,9.70671
1.36217,-0.158585,9.64958
1.36693,-0.196671,9.70671
1.4431,-0.125259,9.7686
1.41454,-0.141922,9.86858
1.51451,-0.0752716,9.91618
1.56212,-0.158585,9.87334
1.52641,-0.175247,9.90428
1.58354,-0.168106,9.93523
1.56926,-0.103836,9.89238
1.55498,-0.0800324,9.89238
1.40739,-0.139542,9.78526
1.40263,-0.137161,9.84715
1.44072,-0.153824,9.73289
1.37645,-0.225235,9.66863
1.455,-0.175247,9.68053
1.40263,-0.101456,9.73766
1.42168,-0.0895538,9.72813
1.35979,-0.0728912,9.71147
1.47166,-0.141922,9.68767
1.49785,-0.170486,9.73527
1.37407,-0.229996,9.69243
1.43834,-0.156204,9.75908
1.3336,-0.0633698,9.78288
1.46928,-0.13002,9.7686
1.48595,-0.251419,9.80431
1.48595,-0.227615,9.76384
1.45262,-0.215714,9.85667
1.51689,-0.239517,9.83763
1.46214,-0.156204,9.86144
1.45024,-0.110977,9.8662
1.4669,-0.0633698,9.95903
1.44072,-0.172867,9.90428
1.52165,-0.165726,9.9138
1.44072,-0.0871735,9.89238
1.42406,-0.0990753,9.88762
1.39549,-0.0705109,9.90666
1.39549,-0.0705109,10.0852
1.38835,-0.0752716,10.0828
1.3455,-0.120499,10.2185
1.31456,-0.184769,10.3566
1.87157,0.105637,12.1894
2.00725,0.0485077,12.2323
2.05486,0.024704,12.4037
2.0739,0.0508881,12.3608
2.06914,0.0485077,12.387
2.02867,0.0366058,12.3941
1.93346,0.0151825,12.2466
1.79778,-0.0609894,12.0728
1.52641,-0.0538483,11.6396
1.3336,-0.215714,11.5087
0.914658,0.0128021,11.204
0.783737,0.231796,11.2492
0.593307,0.243698,11.1825
0.47905,0.0532684,11.0992
0.28624,0.112778,10.735
-0.0755768,0.0389862,10.4875
-0.261246,-0.039566,10.2851
-0.444534,-0.0562286,9.93999
-0.768265,-0.00862122,9.70671
-0.901566,-0.113358,9.73052
-2.75826,-0.0871735,7.99284
-3.17244,-0.0800324,7.96904
-3.3224,-0.0990753,7.89763
-3.25575,-0.227615,7.90715
-3.40334,-0.222855,7.91667
-3.56758,-0.218094,8.0714
-3.73897,-0.115738,7.91667
-3.99129,-0.118118,8.07616
-3.97224,-0.299026,8.09282
-3.98177,-0.113358,7.50725
-4.3412,0.00328064,7.22398
-4.65779,0.0818329,7.05022
-4.96486,0.0818329,7.16923
-4.972,0.0794525,6.87169
-5.14815,0.0151825,7.0645
-5.15767,0.141342,6.90739
-5.2505,0.186569,7.25017
-5.29097,0.265121,7.16923
-5.44569,0.222275,7.45726
-5.47426,0.312729,7.1978
-6.68111,0.19133,6.7979
-6.78108,0.167526,6.82646
-6.95247,0.453171,6.68126
-7.24763,0.791184,6.4575
-7.47853,1.11491,5.81956
-7.83083,1.33391,5.43394
-8.10219,1.45769,5.02452
-8.3188,1.39342,4.97215
-8.35689,1.1411,4.87456
-8.33784,0.886398,4.57463
-9.35902,1.90044,2.84886
-9.44234,2.02898,3.05595
-9.459,2.01945,3.2202
-9.40187,1.78856,3.33684
-9.2162,1.32677,3.27257
-9.09242,0.891159,3.52489
-8.87819,0.838791,3.75578
-8.80916,1.03874,3.89146
-8.87343,1.11729,3.79625
-9.03529,1.12444,3.71056
-9.08052,1.20775,3.63676
-9.01387,1.13634,3.68913
-8.91865,0.903061,3.66771
-8.87343,0.712631,3.89622
-8.75679,0.622177,4.06285
-8.71394,0.626938,4.07475
-8.83296,0.726913,3.84624
-8.93532,0.955429,3.52489
-9.06386,1.10301,3.23448
-9.1805,1.18156,2.77031
-9.3376,1.00066,2.4442
-9.2043,0.893539,2.78935
-8.94246,0.888779,3.44157
-8.61397,0.991135,3.72246
-8.54494,0.993515,3.88908
-8.57112,0.96019,3.88908
-8.59731,1.00304,3.72484
-8.42592,0.957809,3.99382
-8.26167,0.926865,4.15092
-8.12123,0.781662,4.44133
-7.94984,0.688828,4.70079
-7.94984,0.676926,5.08165
-7.98079,0.798325,5.06975
-8.04506,1.06493,5.15544
-8.04506,1.16728,5.48869
-7.80226,1.05302,5.89336
-7.50233,0.722153,6.3004
-7.1667,0.405563,6.16472
-7.17146,0.186569,6.00999
-7.24525,0.267502,5.9124
-7.37379,0.581711,6.16472
-7.22621,0.805466,6.26231
-7.14052,0.660263,6.76695
-6.78584,0.227036,7.15733
-6.45021,-0.215714,7.30492
-6.29549,-0.44899,7.32158
-6.2574,-0.427567,7.09306
-6.44783,-0.113358,6.96452
-6.54066,0.205612,6.88121
-5.53139,0.374619,7.67625
-5.43379,0.177048,7.49535
-5.40761,-0.208572,7.4406
-5.21718,-0.587051,7.72148
-4.87441,-0.625137,8.23802
-4.45308,-0.565628,8.73314
-4.19838,-0.389481,8.7498
-4.25313,-0.44899,8.73314
-4.2198,-0.539444,8.60936
-4.29121,-0.6418,8.10234
-4.39119,-0.558487,7.58818
-4.55782,-0.598953,7.37633
-4.62923,-0.503738,7.65721
-4.29597,-0.403763,8.55699
-3.5295,-0.496597,9.38774
-2.89632,-0.665604,9.6234
-2.62972,-0.89888,9.41631
-2.61543,-1.11549,8.97118
-3.0201,-0.858414,8.63316
-3.4081,-0.453751,8.38084
-1.51094,-0.610855,9.05449
-1.30147,-0.765579,9.18303
-0.99202,-0.934586,9.71623
-0.48262,-1.18929,10.2851
-0.0731964,-1.20595,10.5089
0.195786,-1.05122,11.0421
0.5457,-0.791763,11.0112
0.498093,-0.560867,10.5708
0.191025,-0.494217,10.1233
-0.0136871,-0.472794,9.89
-0.0874786,-0.437088,10.297
0.371933,-0.784622,10.4613
0.67662,-1.21309,10.3518
0.748032,-1.44399,10.1138
0.698044,-1.14406,10.3161
1.00035,-0.906021,10.9873
1.24077,-0.589432,10.8874
1.23601,-0.518021,10.866
1.2979,-0.603714,10.6374
1.45024,-0.679886,10.8755
2.79277,-1.04884,11.1778
2.68565,-0.810806,11.1587
2.62376,-0.765579,11.4134
2.75706,-0.822708,11.4777
2.79039,-0.798904,11.4825
2.73088,-0.698929,11.4349
2.65233,-0.558487,11.292
2.52617,-0.446609,11.2754
2.45,-0.556107,11.1468
2.36192,-0.603714,10.9469
2.16673,-0.594193,10.7327
2.0858,-0.684647,10.4589
1.90727,-0.551346,10.259
1.86919,-0.522781,10.2875
1.82872,-0.45137,10.1328
1.76683,-0.620377,9.90428
1.73112,-0.589432,9.72337
1.82158,-0.598953,9.56627
1.77635,-0.610855,9.54723
1.78587,-0.608475,9.54246
2.0739,-0.748917,9.21874
2.06438,-0.746536,9.34489
2.05724,-0.696548,9.37584
2.1834,-0.77034,9.42107
2.18816,-0.689407,9.52342
2.17625,-0.591812,9.57817
2.14769,-0.615616,9.59721
2.20006,-0.765579,9.58293
2.25719,-0.827469,9.68053
2.31908,-0.777481,9.59483
2.35478,-0.83699,9.6115
2.33812,-0.779861,9.68767
2.38335,-0.737015,9.7686
2.3524,-0.803665,9.75908
2.28337,-0.817947,9.71385
2.24767,-0.77034,9.61864
2.1834,-0.701309,9.69005
2.1096,-0.646561,9.57579
2.06438,-0.710831,9.52342
2.02153,-0.57753,9.52342
2.19768,-0.553726,9.76146
2.29289,-0.675125,9.67339
2.28337,-0.658462,9.6353
2.23338,-0.625137,9.58055
2.25719,-0.656082,9.6234
2.2429,-0.603714,9.64958
2.29289,-0.63942,9.67339
2.27147,-0.672745,9.68291
2.25243,-0.729874,9.66624
2.23576,-0.679886,9.63292
2.15483,-0.591812,9.68291
2.21434,-0.572769,9.72575
2.19054,-0.606094,9.69005
2.18578,-0.622757,9.5377
2.12627,-0.651321,9.49962
2.09294,-0.563248,9.55437
2.13579,-0.527542,9.48534
2.14531,-0.518021,9.50914
2.17387,-0.51326,9.51866
2.17863,-0.617996,9.49248
2.15007,-0.57991,9.63292
2.12627,-0.470413,9.72813
2.18578,-0.544205,9.61388
2.24528,-0.696548,9.62816
2.19768,-0.615616,9.61388
2.21434,-0.587051,9.64006
2.12151,-0.551346,9.55675
2.13341,-0.613236,9.46629
2.17387,-0.691788,9.51866
2.20244,-0.675125,9.48772
2.13579,-0.651321,9.53056
2.12627,-0.615616,9.50676
2.16673,-0.663223,9.55913
2.18578,-0.717972,9.54961
2.17149,-0.744156,9.54723
2.14769,-0.76796,9.50676
2.1834,-0.76796,9.45439
2.14769,-0.791763,9.52818
2.15483,-0.696548,9.502
2.19768,-0.687027,9.48772
2.1834,-0.656082,9.56865
2.19054,-0.610855,9.7448
2.20958,-0.546585,9.70671
2.17863,-0.57991,9.61864
2.19054,-0.529922,9.57103
2.15483,-0.57991,9.57341
2.15959,-0.582291,9.64958
2.13341,-0.584671,9.6234
2.20006,-0.691788,9.57817
2.16435,-0.753677,9.51866
2.17625,-0.751297,9.59245
2.13817,-0.551346,9.56865
2.13579,-0.527542,9.55199
2.11674,-0.591812,9.59245
2.1953,-0.6418,9.55199
2.22624,-0.651321,9.56151
2.16911,-0.656082,9.6353
2.11436,-0.637039,9.58293
2.08342,-0.634659,9.64006
2.14769,-0.589432,9.68767
2.15483,-0.648941,9.59007
2.13341,-0.610855,9.56627
2.20958,-0.57753,9.60435
2.16197,-0.518021,9.58293
2.17863,-0.472794,9.65434
2.16197,-0.615616,9.6234
2.16673,-0.627518,9.58293
2.15483,-0.63942,9.64958
2.14293,-0.63942,9.64482
2.14055,-0.6418,9.64006
2.1096,-0.596573,9.61864
2.13579,-0.568008,9.55199
2.11674,-0.584671,9.52104
2.21672,-0.64418,9.54008
2.21196,-0.64418,9.56389
2.22148,-0.658462,9.6115
2.21434,-0.691788,9.64958
2.16197,-0.691788,9.58769
2.15245,-0.675125,9.54723
2.14055,-0.663223,9.5258
2.15959,-0.598953,9.56865
2.14531,-0.594193,9.57817
2.14293,-0.613236,9.60435
2.15483,-0.698929,9.55437
2.15245,-0.751297,9.5377
2.15959,-0.613236,9.59483
2.17149,-0.725113,9.6115
2.15483,-0.717972,9.62578
2.17387,-0.632278,9.62578
2.15245,-0.537064,9.58055
2.14531,-0.753677,9.59721
2.10246,-0.651321,9.62578
2.04295,-0.529922,9.64482
2.05247,-0.610855,9.61388
2.0977,-0.689407,9.55437
2.11674,-0.744156,9.6115
2.15483,-0.744156,9.57579
2.17387,-0.758438,9.59007
2.19054,-0.779861,9.57579
2.24052,-0.775101,9.57341
2.28575,-0.789383,9.61388
2.16435,-0.689407,9.60674
2.16197,-0.658462,9.60912
2.16435,-0.64418,9.55913
2.14055,-0.57753,9.54008
2.07628,-0.615616,9.57579
2.07152,-0.608475,9.59959
2.07866,-0.741776,9.46629
2.08818,-0.822708,9.49248
2.05486,-0.791763,9.55913
2.14055,-0.653702,9.66624
2.19292,-0.63942,9.69957
2.18578,-0.6418,9.6591
2.14293,-0.646561,9.60912
2.14531,-0.608475,9.58055
2.0739,-0.582291,9.6472
2.03819,-0.532303,9.57579
2.00249,-0.539444,9.4901
2.01201,-0.57753,9.49486
2.02629,-0.603714,9.54723
2.0858,-0.715591,9.58055
2.10722,-0.701309,9.54485
2.11674,-0.739395,9.52818
2.06676,-0.751297,9.58055
2.13817,-0.746536,9.55675
2.10722,-0.748917,9.62102
2.08818,-0.660843,9.59483
2.14293,-0.656082,9.65196
2.18578,-0.660843,9.66624
2.17863,-0.698929,9.66624
2.10246,-0.806046,9.5139
2.09532,-0.779861,9.53532
2.11674,-0.732254,9.58531
2.05247,-0.653702,9.53532
2.07628,-0.582291,9.51152
2.07152,-0.568008,9.41869
2.0858,-0.653702,9.56389
2.07866,-0.622757,9.48534
2.04533,-0.57515,9.50914
2.10246,-0.684647,9.5139
2.13817,-0.732254,9.52818
2.17625,-0.744156,9.55913
2.15959,-0.744156,9.65434
2.13103,-0.722733,9.48534
2.062,-0.696548,9.5139
2.03581,-0.70369,9.52818
2.02867,-0.717972,9.52342
2.12389,-0.751297,9.54723
2.08818,-0.632278,9.66624
2.0858,-0.615616,9.64958
2.0739,-0.670364,9.69481
2.02391,-0.720352,9.67577
2.12627,-0.756058,9.72337
2.14055,-0.758438,9.57341
2.11436,-0.782242,9.53294
2.15007,-0.689407,9.58293
2.12151,-0.565628,9.59721
2.10722,-0.57753,9.62578
2.1096,-0.646561,9.64006
2.12865,-0.734634,9.59483
2.06676,-0.751297,9.58293
2.09294,-0.817947,9.64244
2.06676,-0.717972,9.67815
2.13341,-0.656082,9.72575
2.0977,-0.648941,9.6472
2.13103,-0.634659,9.59721
2.16911,-0.617996,9.56151
2.11913,-0.663223,9.5258
2.12627,-0.625137,9.59483
2.05962,-0.689407,9.60435
2.15959,-0.6418,9.37584
2.22862,-0.715591,9.28062
2.21434,-0.77034,9.25444
2.21196,-0.70845,9.37822
2.15959,-0.713211,9.28062
2.15483,-0.660843,9.18779
2.16911,-0.665604,9.12114
2.16673,-0.606094,9.04497
2.13103,-0.548965,9.01878
2.14531,-0.570389,8.90691
2.12865,-0.598953,8.81407
2.08818,-0.518021,8.72124
2.13341,-0.603714,8.57127
2.11436,-0.51326,8.42845
2.10246,-0.406143,8.26897
2.00249,-0.299026,8.00713
1.94774,-0.220474,7.83336
1.88109,-0.12764,7.72862
1.94298,0.0342255,7.6953
2.08104,0.0366058,7.60008
2.15483,-0.0657501,7.46916
2.33098,-0.0514679,7.40489
2.45238,0.0461273,7.32158
2.67137,-0.00386047,7.73576
3.15221,-0.19191,7.83574
3.56877,-0.413284,7.72624
3.77348,-0.64418,7.77147
3.98058,-0.651321,7.89287
4.00914,-0.684647,8.04045
4.13054,-0.787003,7.98094
4.16386,-0.756058,7.85954
4.10673,-0.667984,7.63579
4.03532,-0.556107,7.47392
4.12102,-0.3871,7.44536
4.28526,-0.268082,7.58342
4.62328,-0.137161,7.75005
4.88274,0.0580292,7.71672
5.3112,0.0175629,8.01427
5.78252,-0.149063,7.99284
5.9182,-0.146683,7.76671
5.99675,-0.0348053,7.63103
5.96819,0.100876,7.67863
6.0872,0.169907,7.61913
6.09911,0.12944,7.51677
6.12529,-0.077652,7.46916
6.26097,-0.344254,7.37395
6.42998,-0.613236,7.11449
6.34905,-0.315689,6.89073
6.35142,0.158005,7.14305
6.52757,0.329391,7.27635
6.8275,0.262741,7.33824
7.24883,-0.0300446,7.32396
7.47496,-0.182388,7.06212
7.58922,-0.160965,6.74315
7.69157,-0.279984,6.57414
7.63683,-0.00386047,6.47417
7.53209,0.315109,6.48607
7.54875,0.688828,6.46941
7.79869,0.493637,6.43132
8.0034,0.355576,6.31944
8.49376,0.972092,5.17448
8.69847,1.11491,5.07689
8.92699,0.874496,4.87218
9.11266,0.550766,4.63176
9.22453,0.341293,4.56035
9.34593,0.277023,4.3723
9.43401,0.212753,4.25566
9.53636,0.393661,4.16045
9.55779,0.717392,4.20805
9.70537,0.748337,4.24614
9.91008,0.619797,4.05809
10.0458,0.51268,3.94621
10.2052,0.5103,3.88194
10.2195,0.715012,3.75578
10.1862,0.814987,3.77483
10.1362,0.722153,3.62962
10.1386,0.57695,3.50584
10.1386,0.698349,3.29399
10.041,0.803085,3.19402
9.97911,0.810226,3.07976
9.96959,0.948288,2.91551
9.91722,0.917343,2.71794
9.76012,1.08159,2.59892
9.73393,1.34581,2.44896
9.68633,1.24107,1.5825
9.63158,1.12206,1.49205
9.64348,1.11253,1.4254
9.56493,1.42198,1.30876
9.49828,1.59575,1.19926
9.48399,1.73143,1.08501
9.45305,1.51958,1.11833
9.33641,1.44817,0.91362
9.2769,1.2744,0.72319
9.26262,1.22679,0.580368
9.31737,1.53386,0.604172
9.32451,1.67192,0.554184
9.34117,1.76952,0.501816
9.42448,1.66478,0.361374
9.44829,1.38866,0.435165
9.54112,1.19109,0.397079
9.57921,1.23393,0.430405
9.5197,1.40532,0.520859
9.47209,1.73619,0.492294
9.52446,1.85997,0.485153
9.58635,1.9409,0.428024
9.66252,1.78856,0.411362
9.57207,1.59337,0.413742
9.52208,1.30058,0.387558
9.48161,1.20775,0.382797
9.47447,1.24107,0.430405
9.36735,1.45531,0.306625
9.42686,1.66478,0.244736
9.46019,1.6386,0.251877
9.44115,1.64812,0.132858
9.23882,1.48387,0.247116
9.28404,1.47673,0.14238
9.35545,1.52434,0.0781097
9.34831,1.66716,-0.181351
9.31975,1.8195,-0.276566
9.26024,1.93614,-0.0432892
9.29833,1.65764,-0.0694733
9.33641,1.3101,-0.00996399
9.31975,1.14824,-0.0861359
9.35783,1.20775,0.0138397
9.38164,1.44817,0.189987
9.38402,1.61479,0.342331
9.42448,1.61003,0.370895
9.48637,1.73143,0.556564
9.55779,1.59575,0.620834
9.53636,1.3101,0.792221
9.59587,1.19347,0.892197
9.69347,1.2506,1.06358
9.75297,1.4077,1.25877
9.79106,1.60051,1.41826
10.1029,1.31963,2.44658
10.0743,1.28868,2.53703
10.0291,1.18633,2.65367
10.0791,1.12206,2.86076
10.0101,1.12206,2.99644
10.0053,1.06017,3.1226
10.022,0.876877,3.19164
10.0934,0.653122,3.13927
10.0981,0.51506,3.11546
10.1124,0.453171,3.11784
10.0886,0.355576,3.33208
10.0053,0.538864,3.48918
9.94102,0.64122,3.70342
9.80058,0.857834,3.79387
9.73631,0.748337,3.94383
9.5316,0.691208,3.9843
9.34593,0.498398,4.05809
9.27928,0.179428,4.10332
9.16502,-0.139542,4.03429
9.07695,-0.25618,4.09618
8.66753,-0.279984,5.94572
8.75322,-0.560867,6.11235
8.69371,-0.610855,6.10521
8.55327,-0.460892,6.09807
8.31047,-0.325211,6.33134
8.15813,-0.287125,6.53606
8.03673,-0.377579,6.60033
7.87724,-0.477554,6.71696
7.66777,-0.494217,6.74315
7.35832,-0.396622,6.80742
7.22264,-0.346634,6.99309
6.95842,-0.113358,7.00023
6.78465,-0.0800324,6.96452
6.59422,-0.0752716,6.98119
6.43236,-0.0157623,6.97881
6.20622,0.0508881,7.15019
6.11577,-0.134781,7.21684
5.92296,-0.189529,7.30492
5.71587,-0.0633698,7.35252
5.58971,-0.151443,7.54295
4.00676,-0.358536,8.08092
3.91869,-0.465652,8.35942
3.93773,-0.548965,8.49986
3.83775,-0.57515,8.29277
3.63304,-0.57991,8.09996
3.31883,-0.472794,7.90001
3.01653,-0.341873,7.97618
2.85466,-0.25856,8.38084
2.95464,-0.32283,8.54033
2.94749,-0.45137,8.80217
3.10222,-0.582291,8.95213
3.13792,-0.694168,8.83788
2.85704,-0.637039,8.64507
2.5952,-0.498978,8.53795
2.27861,-0.25618,8.55937
2.11436,-0.272842,8.8474
2.22624,-0.349014,8.8712
2.35478,-0.537064,8.69981
2.21672,-0.691788,8.55223
1.95488,-0.734634,8.43559
0.848007,-0.427567,8.63792
0.905136,-0.408524,8.68315
0.99321,-0.408524,8.81169
1.00749,-0.444229,8.92357
0.971786,-0.470413,8.93785
0.969406,-0.403763,9.04259
1.00987,-0.353775,9.19731
1.01463,-0.391861,9.21159
0.897995,-0.44899,9.33061
1.01463,-0.732254,9.38774
1.15269,-0.884598,9.44011
1.28123,-1.0417,9.63054
1.35265,-0.939346,9.74718
1.42168,-0.798904,9.84953
1.47881,-0.587051,9.75432
1.30028,-0.532303,9.53294
1.13841,-0.648941,9.53294
1.08128,-0.653702,9.58293
1.18126,-0.791763,9.77574
1.24553,-0.841751,9.83525
1.38121,-0.784622,9.84477
1.4193,-0.784622,9.88762
1.45262,-0.860794,9.84239
1.39311,-0.848892,9.81145
1.38359,-0.813187,9.73289
1.37169,-0.825089,9.73766
1.3336,-0.698929,9.65196
1.27171,-0.694168,9.72099
1.19078,-0.717972,9.70909
1.24553,-0.820328,9.55199
1.23363,-0.944107,9.6353
1.28123,-0.946487,9.66386
1.25029,-0.841751,9.74956
1.23839,-0.865555,9.68291
1.28838,-0.863174,9.63768
1.23601,-0.815567,9.69719
1.24077,-0.779861,9.76384
1.35741,-0.882217,9.80907
1.40025,-0.913162,9.85905
1.46214,-1.02266,9.88762
1.45976,-1.08455,9.8781
1.41692,-1.006,9.88762
1.3455,-0.932205,9.86858
1.2979,-0.908401,9.92808
1.27171,-0.913162,9.89952
1.33122,-0.944107,9.92808
1.37883,-0.915543,9.85905
1.40501,-0.917923,9.88286
1.38359,-0.889359,9.84477
1.27409,-0.806046,9.81621
1.36931,-0.810806,9.86144
1.41454,-0.853653,9.8566
1.37883,-0.903641,9.77812
1.38597,-1.00362,9.86144
1.36455,-1.08693,9.83525
1.38121,-1.08693,9.78526
1.31694,-0.884598,9.81145
1.26695,-0.848892,9.8662
1.30266,-0.853653,9.85429
1.3098,-0.808426,9.74718
1.27647,-0.806046,9.72575
1.27647,-0.841751,9.67815
1.29076,-0.979813,9.69719
1.24553,-0.96315,9.73766
1.25981,-0.908401,9.77336
1.23601,-0.913162,9.78288
1.23363,-0.910782,9.75908
1.26457,-0.975052,9.73527
1.27647,-0.951248,9.76622
1.25981,-0.906021,9.79716
1.26219,-0.922684,9.74004
1.33122,-0.956009,9.73289
1.33122,-0.96077,9.82097
1.33836,-0.922684,9.7448
1.25743,-0.927444,9.69957
1.24553,-0.910782,9.671
1.26695,-0.920303,9.71861
1.25029,-1.08217,9.70671
1.27171,-1.05836,9.64482
1.25267,-1.01314,9.60674
1.19078,-0.920303,9.65434
1.20506,-0.846512,9.75194
1.26933,-0.879837,9.69005
1.31218,-0.970291,9.71623
1.25029,-0.944107,9.72813
1.25267,-0.984573,9.82573
1.3336,-1.03218,9.8781
1.36455,-1.01314,9.82097
1.31694,-0.889359,9.83287
1.27885,-0.789383,9.81859
1.24553,-0.825089,9.80431
1.2003,-0.90126,9.83525
1.24077,-0.994095,9.76384
1.2003,-1.01076,9.76622
1.21458,-1.0417,9.91618
1.31218,-0.998856,9.7567
1.25743,-1.01552,9.82335
1.29552,-0.948868,9.7924
1.28362,-0.998856,9.75432
1.39073,-0.979813,9.70671
1.36455,-0.906021,9.73289
1.25267,-0.894119,9.70909
1.13127,-0.882217,9.71861
1.10509,-0.96315,9.74956
1.1884,-1.11787,9.69957
1.21696,-0.853653,9.69957
1.24553,-1.01076,9.69243
1.28123,-1.11073,9.72575
1.30504,-1.14882,9.79002
1.25505,-1.04646,9.73052
1.26933,-0.870316,9.83525
1.25267,-0.841751,9.7567
1.24791,-0.89888,9.74718
1.26695,-0.920303,9.72813
1.28123,-1.01552,9.73766
1.20268,-1.0298,9.73289
1.23601,-0.96315,9.81621
1.28123,-0.946487,9.84477
1.26933,-0.958389,9.83287
1.29076,-0.944107,9.76622
1.1884,-0.991715,9.72813
1.22411,-1.006,9.76622
1.22649,-0.979813,9.80431
1.28838,-0.96077,9.82335
1.29076,-0.958389,9.72099
1.33598,-1.12978,9.79002
1.29314,-1.05836,9.82573
1.25029,-0.986954,9.88762
1.27647,-1.0179,9.84239
1.26695,-0.96315,9.77098
1.27171,-0.944107,9.76146
1.25505,-0.848892,9.7567
1.17412,-0.860794,9.78288
1.13365,-0.967911,9.74956
1.22173,-0.970291,9.71861
1.22649,-0.920303,9.75432
1.16936,-0.915543,9.73766
1.1884,-0.886978,9.72099
1.18364,-0.858414,9.66863
1.20744,-0.96553,9.75432
1.27171,-1.05836,9.83525
1.27409,-1.10359,9.75432
1.22887,-1.04884,9.7686
1.18602,-0.984573,9.82573
1.20744,-0.996475,9.7924
1.23363,-0.936966,9.81145
1.29076,-0.996475,9.86382
1.29552,-0.848892,9.82573
1.22887,-0.787003,9.7805
1.25505,-0.827469,9.79955
1.21696,-0.827469,9.73052
1.15746,-0.89888,9.69481
1.12413,-0.934586,9.66386
1.10985,-1.006,9.62816
1.20506,-1.07027,9.70195
1.25743,-0.884598,9.85667
1.17174,-0.875076,9.81859
1.12889,-0.891739,9.82573
1.17888,-1.04408,9.73527
1.20506,-1.19881,9.66386
1.20268,-1.22023,9.69957
1.23601,-1.20119,9.70433
1.15746,-1.04408,9.71623
1.17888,-0.939346,9.73289
1.20506,-0.925064,9.73527
1.2003,-1.11073,9.84953
1.20506,-1.175,9.75432
1.20744,-1.17738,9.75432
1.15508,-1.29402,9.70195
1.15269,-1.39638,9.75194
1.15269,-1.45351,9.76622
1.19078,-1.61537,9.69005
1.22649,-1.75343,9.68529
1.23839,-1.782,9.68291
1.25981,-1.72249,9.65434
1.21935,-1.70821,9.58769
1.13603,-1.70583,9.52104
1.08366,-1.80104,9.54723
1.23125,-1.89864,9.75194
1.3217,-1.55348,9.72813
1.30266,-1.34877,9.88048
1.27171,-1.42256,9.82097
1.24553,-2.02718,9.71147
1.23363,-2.86745,9.30919
1.2003,-3.68867,9.12828
1.05034,-4.41707,8.73076
1.0432,-4.68129,8.507
1.04558,-5.31923,8.15947
1.07652,-5.87862,7.98332
0.971786,-6.0143,7.93095
0.86705,-6.00002,7.80241
0.843246,-6.18092,7.84526
0.728989,-6.34279,7.59056
0.731369,-6.74983,7.343
0.743271,-6.88551,7.09068
0.714706,-7.07594,6.63365
0.707565,-7.14021,6.86693
0.593307,-6.77126,6.54082
0.462387,-6.98787,6.10283
0.440964,-7.36635,5.73149
0.310043,-8.13045,5.19591
0.5457,-8.92787,4.62938
0.514755,-9.18971,4.11046
0.326706,-9.44203,3.62486
0.310043,-9.67055,3.3297
-0.306473,-10.2109,-0.705032
-0.249344,-9.82051,-1.71669
-0.273148,-9.71339,-2.17848
-0.280289,-10.4037,-2.73549
-0.330276,-10.5584,-2.76405
-0.306473,-10.5703,-2.65694
-0.394547,-10.0443,-2.77596
-0.425491,-9.72053,-2.67598
-0.432632,-9.40395,-2.75215
-0.449295,-9.24208,-2.70454
-0.413589,-9.12782,-2.8307
-0.41597,-9.03499,-3.19966
-0.41597,-9.14211,-3.6067
-0.451675,-9.2159,-4.11848
-0.358841,-9.5063,-4.30891
-0.470718,-9.67293,-4.43031
-0.527847,-9.83717,-4.33986
-0.561172,-9.33254,-4.27797
-0.594498,-9.08498,-4.18513
-0.570694,-8.82552,-4.22798
-0.558792,-9.15163,-5.19441
-0.573074,-9.14687,-4.87306
-0.556412,-8.68031,-4.76356
-0.54689,-8.26613,-4.63026
-0.554031,-8.02095,-4.66121
-0.60878,-7.94478,-4.87068
-0.515945,-8.33754,-5.05635
-0.551651,-8.8517,-5.34438
-0.577835,-9.24922,-5.38008
-0.632584,-9.05879,-5.34676
-0.639725,-8.83266,-5.23964
-0.534988,-8.71602,-5.16109
-0.551651,-8.74696,-5.25154
-0.537369,-8.76839,-5.42531
-0.558792,-8.84694,-5.47054
-0.54689,-8.93501,-5.45387
-0.563553,-8.96596,-5.33009
-0.496902,-8.8755,-5.16347
-0.561172,-8.54701,-4.98494
-0.518326,-8.45894,-4.62788
-0.377884,-10.3394,-3.77333
-0.468338,-9.68245,-3.14253
-0.596878,-9.04689,-2.42842
-0.520706,-8.55891,-1.82857
-0.430252,-8.71126,-1.40486
-0.394547,-8.88503,-1.36678
-0.332657,-9.22066,-1.22395
-0.325516,-9.56581,-1.1692
-0.168411,-9.97047,-0.988297
-0.0589142,-10.3513,-0.740738
-0.0113068,-10.5918,-0.521744
0.0648651,-10.7941,-0.131363
0.0958099,-10.6965,0.242355
0.000595093,-10.4561,0.754135
-0.146988,-10.2204,1.11833
-0.173172,-9.98952,1.43492
-0.139847,-9.82765,1.70152
-0.00416565,-9.70149,1.86815
0.150558,-9.70149,2.11333
0.169601,-9.6039,2.40135
0.283859,-7.70912,6.11711
0.438583,-7.38301,6.44084
0.357651,-6.53084,6.96928
0.340988,-5.99525,7.37157
0.371933,-5.58107,7.7429
0.362411,-5.28114,8.17137
0.312424,-4.61464,8.6284
0.22197,-3.96242,8.84978
0.207687,-3.50539,9.14732
0.269577,-3.21022,9.45439
0.202927,-2.78413,9.47582
0.357651,-2.65321,9.52104
0.393356,-2.40565,9.51628
0.412399,-2.26759,9.36394
0.455246,-2.43898,9.54485
0.412399,-2.26759,9.7567
0.457626,-1.82008,9.71147
0.255295,-1.16072,9.84953
0.100571,-0.632278,10.0019
-0.118423,-0.215714,9.97569
0.659958,-0.013382,10.1685
0.67186,-0.344254,9.96379
0.659958,-0.627518,10.0328
0.798019,-0.846512,9.89238
0.743271,-0.503738,9.9995
0.583786,-0.0990753,10.1161
0.655197,-0.0110016,10.2137
0.771835,0.108017,10.0423
0.798019,0.0913544,9.89714
0.778976,0.12706,9.96379
0.579025,0.298447,10.0614
0.512375,0.250839,10.2042
0.593307,-0.0514679,10.0447
0.583786,-0.106216,9.91142
0.495712,0.000900269,9.91618
0.512375,0.136581,9.93285
0.476669,0.210373,9.94713
0.54332,0.200851,9.9019
0.662338,0.0461273,9.88048
0.681381,-0.077652,9.87572
0.621872,0.0104218,9.92808
0.626633,-0.0633698,9.89238
0.705185,-0.187149,9.77336
0.669479,-0.206192,9.91142
0.681381,-0.315689,9.80907
0.614731,-0.244278,9.69719
0.521896,-0.0895538,9.74956
0.48381,0.0461273,9.81859
0.464767,0.0580292,9.84239
0.507614,-0.096695,9.7686
0.595688,-0.172867,9.7686
0.600449,-0.0824127,9.69481
0.576645,0.0723114,9.77574
0.452866,0.296066,9.87096
0.490952,0.350815,9.88524
0.586166,0.12468,9.89952
0.752792,0.000900269,9.9019
0.693283,0.200851,9.83525
0.569504,0.369858,9.94951
0.588547,0.593613,10.0566
0.457626,0.31749,9.68767
0.433823,0.238937,9.73052
0.460007,0.134201,9.80669
0.438583,0.0723114,9.91142
0.440964,0.0151825,9.87572
0.457626,0.0413666,9.82573
0.457626,-0.0157623,9.87572
0.531418,-0.0824127,9.89238
0.54808,-0.0276642,9.94475
0.60759,-0.0943146,9.89
0.631393,-0.0752716,9.77336
0.624252,0.00328064,9.81859
0.564743,0.0651703,9.91618
0.631393,0.0104218,9.89714
0.600449,-0.0609894,9.69957
0.588547,-0.172867,9.74718
0.600449,-0.0943146,9.89
0.564743,-0.0847931,9.79478
0.569504,-0.201431,9.75908
0.60997,-0.172867,9.71861
0.338608,0.0223236,9.59007
0.298141,0.0675507,9.68291
0.393356,-0.0014801,9.77336
0.471909,-0.170486,9.82335
0.495712,-0.203812,9.84239
0.559982,-0.170486,9.83287
0.464767,-0.0252838,9.81383
0.41716,-0.039566,9.79002
0.433823,-0.163345,9.88762
0.552841,-0.213333,9.7924
0.571884,-0.382339,9.78288
0.555222,-0.32045,9.88524
0.567123,-0.134781,10.0043
0.421921,-0.0443268,10.0447
0.469528,-0.168106,10.0233
0.490952,-0.246658,9.9019
0.467148,-0.332352,9.9138
0.405258,-0.208572,9.94475
0.41954,-0.0990753,10.0542
0.431442,-0.151443,10.1042
0.681381,-0.19429,10.0328
0.733749,-0.151443,10.1019
0.798019,-0.203812,10.0066
0.748032,-0.218094,9.88286
0.743271,-0.12764,9.84477
0.700424,-0.0800324,9.79716
0.67424,-0.0181427,9.86144
0.693283,-0.0443268,9.93047
0.819443,-0.0990753,9.74956
0.80278,-0.272842,9.72099
0.819443,-0.401382,9.84239
0.714706,-0.249039,9.85905
0.728989,-0.132401,9.88286
0.781357,-0.253799,9.93761
1.04558,-0.434708,9.95665
1.11461,-0.444229,9.87572
1.07652,-0.370438,9.77812
0.981308,-0.184769,9.76146
0.848007,-0.118118,9.74956
0.762314,-0.153824,9.73766
0.824203,-0.215714,9.85905
0.99321,-0.337112,9.84477
1.15031,-0.51088,9.80193
1.06938,-0.458511,9.65434
0.940842,-0.182388,9.69719
0.657578,0.0389862,9.68529
0.507614,0.0128021,9.7805
0.574264,-0.146683,9.80907
0.717087,-0.351395,9.66863
0.795639,-0.506119,9.75432
0.781357,-0.360916,9.78288
0.728989,-0.203812,9.73766
0.652817,-0.0348053,9.81383
0.776596,-0.0943146,9.92333
0.774216,-0.101456,9.79478
0.719467,-0.0847931,9.87334
0.640915,-0.0252838,9.98521
0.740891,-0.110977,10.09
0.905136,-0.241898,10.0709
1.03368,-0.391861,9.9138
0.952744,-0.446609,9.64482
0.886093,-0.446609,9.77336
1.01225,-0.546585,9.73052
1.06938,-0.57515,9.56151
0.919418,-0.487076,9.6234
0.888474,-0.353775,9.73052
0.936081,-0.349014,9.63768
0.926559,-0.363297,9.53532
0.897995,-0.268082,9.48534
0.781357,-0.160965,9.45915
1.60258,-0.225235,9.93523
1.66209,-0.0824127,9.98045
1.63829,-0.153824,9.9138
1.65495,-0.156204,9.89714
1.54784,-0.0633698,9.89476
1.52165,-0.0229034,9.88048
1.53831,0.108017,9.77336
1.48357,0.222275,9.61626
1.53355,0.179428,9.67577
1.54308,0.0151825,9.73052
1.843,1.43388,9.64958
2.05486,1.96471,9.7924
2.07628,2.04326,9.7924
2.04771,2.4384,9.70909
1.8311,2.84544,9.38774
1.78587,3.30009,9.19493
1.87395,3.56194,9.18779
1.9763,3.85472,9.09258
1.88585,3.94994,8.85454
2.01201,4.08086,8.84502
2.11198,8.0537,3.96288
2.32384,8.08226,3.90099
2.37144,8.03941,3.89861
2.25957,8.26555,3.85814
2.08104,8.73448,3.7296
1.97868,9.0963,3.45586
2.062,8.9987,3.00597
1.9525,8.79637,2.73222
1.95964,8.60118,2.47276
2.01439,8.6226,2.39421
1.49785,8.7202,-0.271805
1.28123,8.84874,-0.381302
1.2003,9.10106,-0.388443
1.36217,9.32958,-0.476517
1.286,9.13914,-0.650284
1.58592,8.9868,-0.721695
1.64781,8.87254,-0.759781
1.455,9.0844,-0.850235
1.41216,9.15819,-0.897842
1.38835,9.34148,-0.795486
1.23363,9.45811,0.0162201
1.23601,9.6533,0.213791
1.30266,9.69377,0.147141
1.37407,9.42955,0.247116
1.41454,9.2415,0.20665
1.50499,9.4843,0.218552
1.43596,9.75566,0.306625
1.29552,9.83659,0.263779
1.47643,9.16057,0.382797
1.5407,8.65117,0.439926
1.80968,5.54955,8.38799
1.95964,5.19249,8.53557
2.10722,4.64977,8.19041
2.25005,3.44292,7.75719
2.21196,2.61693,7.35966
1.98582,2.35747,7.54295
1.93584,4.20464,9.01164
2.01915,4.94731,9.52342
2.08818,5.29246,9.52818
2.1096,5.18297,9.34251
1.91441,4.55455,9.03069
1.5883,3.79521,8.4832
1.17174,2.63835,8.0714
1.12651,1.30058,7.8405
1.38121,0.793564,8.2285
1.57402,1.01732,8.35704
1.80968,1.84807,8.87596
1.71208,2.77165,9.00688
1.33836,3.13347,9.17351
1.10747,3.3358,9.32109
1.30742,1.34819,9.46629
1.30742,1.62431,9.56865
1.19316,1.71715,9.52818
1.18602,1.67668,9.44963
1.22649,1.42198,9.54723
1.3336,1.36961,9.7924
1.52403,1.38628,9.79478
1.58592,1.44817,9.82335
1.66209,1.75523,10.009
1.5883,1.86235,10.1328
1.51927,1.38866,9.447
1.55498,1.35533,9.39488
1.61211,1.44817,9.49486
1.67162,1.52196,9.54961
1.71208,1.5291,9.48772
1.66447,1.51006,9.51152
1.58354,1.46721,9.42821
1.53117,1.41008,9.34966
1.56212,1.47673,9.502
1.5883,1.5172,9.51628
1.4312,1.49339,9.58055
1.47881,1.61955,9.68053
1.5645,1.58385,9.63054
1.63829,1.47673,9.52104
1.59306,1.46721,9.47819
1.47643,1.36961,9.46391
1.35265,1.30058,9.41393
1.29314,1.22917,9.41631
1.34074,1.10777,9.44249
1.47404,1.13158,9.49962
1.14079,1.06969,9.33299
1.14793,1.26488,9.44963
1.13603,1.37675,9.59959
1.10271,1.33153,9.56151
1.15508,1.13872,9.48534
0.950363,0.955429,9.42821
0.828964,0.931625,9.45915
0.843246,0.798325,9.46867
0.828964,0.519821,9.48772
0.821823,0.712631,9.50676
0.721848,0.70787,9.76146
0.714706,0.750717,9.74956
0.652817,0.776901,9.7448
0.67186,0.864975,9.72099
0.764694,0.950668,9.85667
0.80516,0.922104,9.90666
0.857529,0.938766,9.98521
0.924179,0.817368,9.86144
0.869431,0.657883,9.72575
0.893234,0.655502,9.72575
0.80516,0.764999,9.69481
0.748032,0.860214,9.71623
0.693283,0.929245,9.671
0.80516,1.01494,9.7567
0.859909,1.03874,9.89476
0.886093,0.998276,9.81621
0.919418,0.776901,9.83049
0.938461,0.57933,9.86858
0.752792,0.424606,9.82573
0.61235,0.486496,9.74718
0.521896,0.505539,9.77574
0.531418,0.70787,9.91856
0.726608,0.83641,9.92808
0.895615,0.986374,10.0328
0.943222,1.06017,9.93999
0.871811,1.10063,9.86144
0.748032,0.712631,9.89
0.61235,0.369858,9.81859
0.602829,0.162766,9.84953
0.579025,0.269882,9.83049
0.495712,0.529343,9.89714
0.509995,0.655502,9.91856
0.35527,0.805466,9.93761
0.233871,0.914963,9.96141
0.169601,0.979233,9.97807
0.229111,0.981613,10.0804
0.219589,0.964951,10.1114
0.35289,0.936386,10.0281
0.405258,0.719772,10.1042
0.450485,0.686447,10.1685
0.195786,0.531723,9.7805
0.186264,0.434128,9.73527
0.236252,0.391281,9.83287
0.255295,0.25798,9.77098
0.264816,0.2556,9.78288
0.183884,0.279404,9.83287
0.110092,0.338913,9.95903
0.114853,0.331772,9.90666
0.124374,0.184189,9.99712
0.236252,0.0723114,9.93999
0.324326,0.0913544,9.92333
0.305283,0.186569,10.0281
0.260056,0.457932,10.009
0.205307,0.553146,10.1423
0.262436,0.591232,10.2613
0.186264,0.5103,10.1899
0.191025,0.426987,10.1733
0.198166,0.334152,9.99712
0.269577,0.0961151,9.96855
0.338608,-0.0538483,9.77574
0.345749,0.0961151,9.77098
0.28624,0.25322,9.7448
0.150558,0.550766,9.82097
-0.0493927,0.598373,9.82811
-0.170792,0.44841,9.79955
-0.206497,0.396042,9.7567
-0.249344,0.426987,9.84477
-0.218399,0.522202,9.85667
-0.127945,0.51268,9.95189
0.0529633,0.265121,9.90428
0.121994,0.103256,9.96379
0.16246,-0.137161,9.92808
0.207687,0.0128021,9.87096
0.181503,0.174667,9.91142
0.181503,0.312729,9.87096
0.188644,0.503159,9.89238
0.22435,0.536484,9.93761
0.260056,0.419846,9.80907
0.262436,0.300827,9.77098
0.295761,0.246078,9.87572
0.333847,0.265121,9.80193
0.291,0.279404,9.87572
0.312424,0.234177,9.91618
0.519516,0.210373,10.0542
0.619492,0.0342255,10.0685
0.679001,0.0913544,9.96379
0.652817,0.0485077,9.83049
0.557602,0.088974,9.89952
0.464767,0.217514,9.92094
0.35289,0.238937,9.92808
0.629013,-0.160965,9.81621
0.590927,-0.172867,9.74004
0.505234,-0.239517,9.75194
0.431442,-0.275223,9.68529
0.364792,-0.239517,9.60674
0.302902,-0.144302,9.60435
0.295761,-0.156204,9.61864
0.338608,-0.275223,9.64006
0.455246,-0.363297,9.62816
0.47905,-0.418045,9.54246
0.555222,-0.379959,9.59007
0.538559,-0.227615,9.71861
0.552841,-0.0728912,9.85191
0.521896,0.0128021,9.7924
0.47905,0.0532684,9.83525
0.531418,-0.0181427,9.87096
0.533798,0.0128021,9.82335
0.524277,0.0318451,9.90904
0.540939,0.069931,9.92094
0.652817,0.00566101,9.86858
0.61235,0.0389862,9.99474
0.719467,-0.182388,9.87334
0.781357,-0.382339,9.7567
0.731369,-0.32045,9.84239
0.636154,-0.0919342,9.85905
0.538559,0.108017,10.0304
0.581406,0.215134,10.0685
0.586166,0.203232,9.94237
0.631393,0.0604095,9.85429
0.683762,0.0913544,9.78526
0.709946,-0.0467072,9.88524
0.795639,0.000900269,9.93999
0.776596,0.141342,9.90904
0.809921,0.219894,10.0257
0.840866,0.241318,10.1399
0.876572,0.0556488,10.0304
0.907516,-0.153824,9.96617
0.817062,-0.19429,10.0138
0.740891,-0.144302,10.0352
0.686142,-0.0800324,10.0304
0.67424,-0.313309,9.91618
0.705185,-0.239517,9.94713
0.728989,-0.165726,10.1685
0.759934,0.000900269,10.1518
0.755173,-0.0609894,10.1733
0.774216,-0.189529,10.0947
0.809921,-0.372818,10.0304
0.690903,-0.422806,10.0376
0.681381,-0.329971,10.1209
0.555222,-0.227615,10.0685
0.540939,-0.353775,9.87096
0.502853,-0.379959,9.82097
0.533798,-0.406143,9.92808
0.557602,-0.399002,9.79478
0.555222,-0.415665,9.76146
0.562363,-0.329971,9.80193
0.579025,-0.163345,9.78288
0.536179,-0.144302,9.7805
0.583786,-0.25618,9.79955
0.686142,-0.401382,9.73289
0.67662,-0.446609,9.78526
0.598068,-0.299026,9.81145
0.562363,-0.222855,9.80669
0.550461,-0.251419,9.76622
0.533798,-0.275223,9.68291
0.519516,-0.339493,9.74242
0.536179,-0.318069,9.69957
0.557602,-0.341873,9.73289
0.559982,-0.344254,9.68767
0.664719,-0.415665,9.75432
0.693283,-0.327591,9.82097
0.743271,-0.263321,9.96617
0.80516,-0.353775,9.82335
0.795639,-0.341873,9.89952
0.757553,-0.460892,9.82811
0.783737,-0.432327,9.85191
0.809921,-0.446609,9.82097
0.769455,-0.406143,9.77098
0.752792,-0.365677,9.71861
0.700424,-0.282364,9.74004
0.698044,-0.172867,9.83049
0.60759,-0.158585,9.84477
0.700424,-0.232376,9.83287
0.681381,-0.375198,9.7686
0.767075,-0.470413,9.74718
0.798019,-0.453751,9.88762
0.764694,-0.453751,9.94475
0.764694,-0.363297,9.89
0.664719,-0.294266,9.83287
0.688522,-0.237137,9.8662
0.752792,-0.591812,9.87096
0.767075,-0.596573,9.86144
0.73613,-0.551346,9.88524
0.781357,-0.57753,9.86858
0.828964,-0.491837,9.84477
0.786118,-0.458511,9.91618
0.817062,-0.456131,9.97569
0.821823,-0.546585,9.99235
0.850388,-0.606094,9.91618
0.812302,-0.6418,9.90428
0.786118,-0.57991,9.88524
0.731369,-0.51564,9.84477
0.743271,-0.560867,9.88048
0.774216,-0.551346,9.81383
0.859909,-0.51564,9.92094
0.814682,-0.506119,9.82811
0.807541,-0.501358,9.7924
0.824203,-0.553726,9.79002
0.812302,-0.584671,9.77812
0.826584,-0.620377,9.78526
0.767075,-0.529922,9.76384
0.807541,-0.544205,9.82335
0.759934,-0.413284,9.79955
0.809921,-0.403763,9.82097
0.824203,-0.368057,9.89
0.771835,-0.299026,9.86144
0.712326,-0.310928,9.83763
0.745651,-0.284744,9.88762
0.8004,-0.441849,9.94237
0.859909,-0.475174,9.89
0.590927,-0.308548,10.1614
0.626633,-0.288315,10.5434
0.936081,-0.12883,11.2718
1.04439,0.0187531,11.636
1.31456,0.0806427,12.218
1.48714,0.0544586,12.4727
1.61449,-0.124069,12.4537
1.73708,-0.4478,12.6572
1.66566,-0.620377,12.6929
1.41573,-0.51445,12.6155
1.1515,-0.427567,12.2121
0.563553,-0.473984,11.8681
0.35051,-0.415665,11.3658
-0.231491,-0.327591,11.0421
-0.520706,-0.493027,10.566
-0.873001,-0.184769,9.88167
-1.53831,-0.226425,9.07234
-2.32503,-0.421616,8.3737
-2.64281,-0.713211,8.49272
-2.98796,-0.340683,7.79527
-3.74016,-0.315689,7.38823
-4.15791,-0.247849,7.1978
-4.36263,-0.345444,6.94667
-4.81609,-0.152634,6.73006
-5.32787,0.12587,6.64317
-5.90868,0.184189,6.67531
-5.87773,0.0128021,6.65508
-6.05388,-0.159775,6.46465
-6.2693,-0.145493,6.29921
-6.52043,-0.0931244,6.54082
-6.47401,-0.208572,6.40514
-6.88106,-0.260941,5.7791
-7.2393,-0.12764,5.17924
-7.62135,0.246078,4.41158
-8.10695,0.694778,3.51894
-8.8163,1.22322,2.299
-9.59825,1.76714,0.372086
-10.5278,2.2325,-1.15373
-11.0479,1.80998,-1.20729
-10.529,1.05302,0.453018
-9.45186,0.0580292,1.65273
-9.44591,-0.337112,1.88481
-9.80891,-0.284744,1.99907
-9.50899,-0.852463,2.09309
-9.43758,-0.664413,2.10381
-9.58873,-0.115738,2.10262
-9.73631,0.455551,1.49086
-9.83391,0.521011,1.07787
-9.78273,0.363907,1.06834
-9.6042,0.294876,1.26591
-9.58516,0.663834,1.23378
-9.5316,0.436508,1.34447
-9.48994,-0.234756,1.01479
-9.44948,-0.334732,1.16832
-9.3614,-0.196671,1.86577
-9.26381,0.000900269,2.12166
-9.43877,0.110397,2.0074
-9.30428,-0.196671,2.32637
-9.0948,-0.152634,3.01906
-9.12337,0.250839,3.45467
-9.14003,0.343674,3.34398
-8.86748,0.25798,3.52489
-8.42592,0.215134,3.92241
-8.41164,0.149673,4.02477
-8.17836,0.0151825,4.65913
-7.72728,-0.343063,5.1971
-7.48448,-0.695358,5.55296
-7.33928,-0.672745,6.1421
-6.912,-0.63942,6.52892
-7.12624,-0.425186,6.2397
-7.19051,-0.439468,6.54439
-6.40974,-0.809616,7.40489
-5.8813,-1.47969,7.54652
-6.00865,-1.40233,6.69078
-6.40617,-0.683456,6.55391
-5.62422,-0.726303,8.07973
-4.66612,-1.15358,8.94856
-4.76253,-1.10002,8.29872
-5.25288,-0.675125,7.92738
-4.63637,-0.969101,8.98784
-3.64018,-1.87959,10.109
-3.04033,-1.97243,9.9269
-3.65565,-0.978622,9.33418
-4.12935,-0.815567,8.67482
-3.37358,-1.67012,9.81621
-1.78349,-2.04384,11.3289
-1.57759,-2.12953,10.9219
-2.32027,-1.27736,9.71623
-2.95226,-0.96315,8.88905
-3.23314,-1.00838,8.45225
-2.56068,-0.952438,9.2235
-1.67043,-1.17976,9.48058
-1.33122,-1.06075,9.21278
-1.44905,-0.957199,8.91881
-1.261,-1.50111,9.27943
-0.421921,-1.34758,10.4363
-0.124374,-1.16905,10.3387
0.107712,-1.01433,9.80431
0.114853,-0.979813,9.83644
0.412399,-1.52968,9.96379
0.531418,-1.40709,10.0185
0.67543,-0.582291,10.7517
1.17769,-0.658462,10.6553
1.37526,-0.957199,10.2709
1.12889,-0.988144,10.1019
1.35741,-0.971481,10.6089
1.7097,-0.935776,10.8564
2.18935,-0.946487,10.6124
2.11913,-0.864365,10.4303
2.10484,-0.816757,10.2828
2.26076,-0.944107,10.5708
2.54878,-0.701309,10.9481
2.425,-0.647751,10.4292
2.27147,-0.726303,10.2066
2.26314,-0.884598,10.0352
2.50356,-0.848892,10.253
2.58568,-0.622757,10.497
2.68089,-0.610855,10.3387
2.64757,-0.77272,10.0792
2.62257,-0.746536,9.94356
2.4369,-0.628708,9.86977
2.20482,-0.738205,9.57341
2.19411,-0.697739,9.37108
2.20482,-0.503738,9.26396
2.256,-0.391861,9.34013
2.28813,-0.582291,9.56032
2.41667,-0.692978,9.65077
2.4369,-0.76796,9.56865
2.49284,-0.715591,9.51747
2.58925,-0.859604,9.59245
2.50117,-0.856033,9.51747
2.4012,-0.788193,9.59959
2.39406,-0.664413,9.65315
2.41905,-0.658462,9.59602
2.43452,-0.753677,9.54604
2.49998,-1.01552,9.55913
2.4976,-0.892929,9.58888
2.4012,-0.748917,9.51271
2.256,-0.64061,9.48415
2.32146,-0.809616,9.38655
2.41429,-0.8358,9.40797
2.5464,-0.978622,9.48534
2.55354,-0.870316,9.5508
2.43571,-0.70607,9.5627
2.34526,-0.732254,9.56389
2.30122,-0.677505,9.47582
2.35359,-0.810806,9.57579
2.35359,-0.817947,9.57698
2.27861,-0.664413,9.55675
2.30003,-0.633469,9.61507
2.33455,-0.601334,9.67458
2.37621,-0.690598,9.70195
2.3167,-0.815567,9.5746
2.26314,-0.722733,9.6234
2.21672,-0.57753,9.56508
2.23576,-0.819138,9.49962
2.21672,-0.904831,9.49248
2.23219,-0.757248,9.53294
2.22981,-0.669174,9.47701
2.25957,-0.777481,9.50914
2.22624,-0.822708,9.57222
2.26552,-0.8965,9.57698
2.22981,-0.850082,9.59602
2.17268,-0.8965,9.49129
2.11436,-0.970291,9.40678
2.1227,-0.928635,9.46748
2.09294,-0.801285,9.49129
2.19887,-0.894119,9.59364
2.18697,-0.894119,9.61388
2.20244,-0.881027,9.53294
2.17506,-0.931015,9.59483
2.25362,-0.809616,9.63768
2.24648,-0.806046,9.70433
2.2191,-0.914352,9.63054
2.12746,-0.826279,9.57103
2.062,-0.776291,9.58174
2.10603,-0.735825,9.70909
2.10365,-0.76915,9.72813
2.07747,-0.64418,9.69362
2.04057,-0.796524,9.60078
2.08937,-0.845322,9.70552
2.17863,-0.839371,9.59364
2.06557,-0.759628,9.62459
2.10603,-0.754868,9.60674
2.04295,-0.777481,9.52699
1.98106,-0.77034,9.53294
1.98701,-0.913162,9.58293
1.95845,-0.865555,9.54842
1.96678,-0.797714,9.52461
1.97749,-0.821518,9.48534
2.00844,-0.888168,9.55318
2.03462,-0.886978,9.52818
2.02034,-0.826279,9.59959
1.95964,-0.775101,9.59721
1.99416,-0.971481,9.60435
1.93822,-0.926254,9.60197
1.95726,-1.00957,9.51985
1.99059,-0.969101,9.58055
1.91203,-0.737015,9.47582
1.90846,-0.821518,9.39012
1.87276,-0.838181,9.34727
1.90846,-0.881027,9.27229
1.98106,-0.856033,9.18422
1.95726,-0.690598,9.02116
1.98106,-0.727493,8.82002
1.89894,-0.764389,8.45702
1.8073,-0.714401,8.14995
1.85133,-0.723923,7.93809
2.15007,-0.728684,7.79646
2.3167,-0.534683,7.66911
2.79396,-0.684647,8.26064
3.53188,-0.844131,8.25111
3.79134,-0.612045,8.38084
3.63661,-0.222855,8.35823
3.60448,-0.19072,8.09401
3.37001,-0.0276642,7.62627
3.35335,-0.0955048,7.1002
3.79491,-0.145493,7.09187
4.87679,-0.141922,7.87025
6.07292,-0.353775,8.10234
6.49663,-0.344254,8.03093
6.50377,-0.00743103,8.01665
6.42403,0.0496979,7.74171
6.72514,-0.0943146,7.93095
7.01793,-0.110977,7.65959
7.00722,0.111588,7.36085
7.21193,-0.183578,6.93715
7.23097,-0.25499,6.58723
7.33095,0.315109,6.71101
7.76298,0.429367,6.59557
8.3307,0.240128,6.43608
8.72109,-0.0502777,6.03142
8.66277,-0.0252838,5.77672
8.45091,0.411514,5.6815
8.31761,1.0316,5.46965
8.3438,1.02684,5.08165
8.3795,1.07207,4.57582
8.55208,0.904251,4.22591
8.86867,0.992325,4.11403
9.19597,1.07445,4.16521
9.57088,0.934006,4.12355
9.74822,0.966141,4.07832
9.83986,1.25417,4.00691
9.87318,1.10896,3.95335
9.91246,0.807846,3.85457
9.72203,1.11848,3.60344
9.50542,1.44579,3.35826
9.51137,1.15895,2.99883
9.44353,1.22203,2.74651
9.2412,1.64455,2.51442
9.1436,1.46364,2.34065
9.16859,1.28868,2.21806
9.2531,1.53862,2.16093
9.57207,1.36842,1.80983
9.4828,1.14586,1.89671
9.39354,1.04707,1.84315
9.28999,1.66954,1.83244
9.31737,1.68025,1.6194
9.43282,1.08397,1.29091
9.40068,0.982803,1.21474
9.24715,1.43269,1.26711
9.18169,1.59099,1.26472
9.17812,1.30891,1.10405
9.26619,1.30653,1.11476
9.25429,1.85878,1.18736
9.26619,1.78856,1.00645
9.37331,1.18633,0.871964
9.31499,1.39461,1.06834
9.27809,1.88734,1.304
9.36855,1.4684,1.09691
9.45186,1.01375,0.994553
9.32927,1.541,0.995743
9.21263,2.10753,0.951706
9.12337,1.74571,1.00526
9.24715,1.23512,0.844589
9.33998,1.5172,0.72438
9.24358,2.01231,0.821976
9.28166,1.59337,0.676773
9.25191,1.3708,0.743423
9.28999,1.91948,0.729141
9.24358,1.79689,0.673203
9.21382,1.2744,0.697006
9.26262,1.36961,0.820785
9.29237,1.74095,0.745804
9.24715,1.62431,0.824356
9.23405,1.36366,0.863632
9.33998,1.58861,0.883865
9.33998,1.71001,0.84697
9.16621,1.68263,0.987411
9.16978,1.5041,0.954086
9.27928,1.43388,0.923141
9.34712,1.62788,0.956467
9.37569,1.55171,0.999313
9.41853,1.31487,1.12428
9.38521,1.3101,1.28496
9.31856,1.36723,1.44563
9.28999,1.39104,1.65273
9.45186,1.30891,1.70628
9.48875,1.55766,1.83125
9.52208,1.32558,1.92885
9.50661,1.13158,1.99193
9.40306,1.25893,2.08714
9.47685,1.20894,2.38112
9.63872,0.993515,2.59297
9.71132,0.901871,2.74174
9.68037,0.96376,3.17378
9.69466,0.862595,3.44991
9.82677,0.866165,3.56178
9.9315,0.759048,3.54155
9.80653,0.523392,3.63438
9.60539,0.713821,3.92598
9.55183,0.76976,4.1783
9.53636,0.442459,4.19496
9.51732,0.244888,4.33302
9.49352,0.056839,4.50322
9.28523,-0.0526581,4.62462
9.11266,-0.101456,4.78886
8.9139,0.309158,5.09831
8.76393,0.149673,5.12688
8.58778,-0.306168,5.32326
8.35094,-0.396622,5.58034
8.09862,-0.282364,5.77672
7.90343,-0.240707,5.96596
7.65349,-0.271652,6.31468
7.54042,-0.31926,6.48964
7.31191,-0.325211,6.69911
7.16908,-0.503738,6.90858
7.05363,-0.791763,7.02998
6.79179,-0.742966,7.23946
6.59779,-0.841751,7.2954
6.2574,-0.779861,7.29301
5.96462,-0.751297,7.56319
5.73848,-0.842941,7.52391
5.61946,-1.0536,7.61198
5.21004,-1.02028,7.72386
5.02913,-1.03694,7.9619
4.84941,-1.1512,8.04759
4.50545,-0.952438,8.21898
4.14244,-0.823898,8.39989
4.01985,-1.13811,8.54628
3.98058,-1.34044,8.74504
3.77705,-1.42494,8.74266
3.70564,-1.30235,9.03307
3.46165,-1.02028,8.98784
3.06294,-1.12502,8.96999
2.99867,-1.3214,8.96523
2.68803,-1.2476,8.73671
2.38216,-0.851273,8.71886
2.12032,-0.89769,8.83788
2.10841,-1.12621,8.84026
2.0132,-1.23927,8.80812
1.84181,-1.06194,8.97594
1.83229,-1.05956,9.10805
1.66209,-1.21666,9.10329
1.60973,-1.24641,9.28657
1.44191,-1.05956,9.28777
1.13246,-1.01909,9.15803
0.830154,-0.829849,9.11043
0.507614,-0.826279,8.86882
0.411209,-0.940536,8.82478
0.465958,-1.03694,9.07353
0.471909,-1.03932,9.15328
0.593307,-1.01671,9.34966
0.61235,-1.19405,9.50795
0.625443,-1.30711,9.44963
0.486191,-1.20238,9.2354
0.280289,-0.931015,9.27943
0.116043,-0.990524,9.18303
0.121994,-1.14168,9.31871
0.460007,-1.17381,9.33537
0.445725,-1.04289,9.34966
0.502853,-0.940536,9.62697
0.61116,-1.11906,9.68767
0.724228,-1.2119,9.82454
0.769455,-1.38448,10.0852
0.945602,-1.37495,9.95308
0.724228,-1.15596,9.83763
0.564743,-1.15596,9.8781
0.629013,-1.24403,9.8662
0.648056,-1.2964,9.83882
0.662338,-1.006,9.84834
0.602829,-0.957199,9.99355
0.905136,-1.27617,10.0102
0.834915,-1.35353,9.87334
0.732559,-1.34282,9.87096
0.680191,-1.28688,9.8055
0.792068,-1.33449,9.87215
0.86348,-1.25951,9.86025
0.789688,-1.32259,9.79716
0.758743,-1.36781,9.7924
0.781357,-1.37376,9.80431
0.811111,-1.2238,9.80907
0.67662,-1.17024,9.73885
0.601639,-1.31664,9.6353
0.657578,-1.29283,9.71742
0.883713,-1.26308,9.76265
0.783737,-1.23332,9.72218
0.771835,-1.33211,9.77098
0.831345,-1.30354,9.80073
0.828964,-1.25713,9.79121
0.819443,-1.35472,9.78645
0.906326,-1.4547,9.88167
0.806351,-1.24165,9.81502
0.658768,-1.11668,9.73289
0.640915,-1.20952,9.69481
0.708755,-1.31425,9.70433
0.80397,-1.24403,9.74718
0.887283,-1.22499,9.83406
0.918228,-1.29045,9.83763
0.881332,-1.38448,9.78526
0.883713,-1.3821,9.82692
0.917038,-1.33925,9.7805
0.8004,-1.3571,9.77693
0.831345,-1.33687,9.85191
0.820633,-1.23213,9.86977
0.808731,-1.15239,9.78764
0.849197,-1.23332,9.78169
0.968216,-1.36186,9.86144
1.03606,-1.30711,9.89
0.911087,-1.2476,9.89476
0.976547,-1.39638,9.78883
0.870621,-1.28093,9.7448
0.775406,-1.29759,9.69243
0.775406,-1.4416,9.69362
0.773026,-1.30116,9.71028
0.806351,-1.28926,9.68172
0.796829,-1.26546,9.74837
0.782547,-1.30235,9.77098
1.01225,-1.46422,9.76265
0.968216,-1.38567,9.77574
0.912277,-1.34282,9.77812
0.892044,-1.31068,9.72337
0.906326,-1.34639,9.78883
0.870621,-1.30116,9.71028
0.740891,-1.29045,9.62935
0.830154,-1.3214,9.72337
0.982498,-1.41661,9.74004
0.914658,-1.31187,9.8174
0.827774,-1.1143,9.89595
1.03606,-1.35948,10.0923
1.17293,-1.39162,10.0126
1.23125,-1.42613,10.0769
1.28123,-1.40352,9.94237
1.28481,-1.35353,9.97093
1.23363,-1.44041,9.77574
1.09676,-1.35353,9.66743
1.02534,-1.21428,9.64958
1.08009,-1.25832,9.62221
0.989639,-1.23451,9.52937
0.962265,-1.20119,9.6722
0.945602,-1.25237,9.65196
0.93013,-1.30592,9.6841
1.07533,-1.65346,9.80312
1.19078,-1.45113,9.84953
1.11937,-1.2964,9.87929
1.18959,-1.46065,9.78169
1.25743,-1.25237,9.67577
1.16936,-1.08098,9.76265
1.21339,-1.31306,9.82811
1.46571,-1.66417,9.83287
1.33598,-1.26308,9.77098
1.11699,-0.970291,9.58769
1.11342,-1.23808,9.62816
1.09557,-1.34758,9.66981
1.08128,-1.35115,9.8174
1.03844,-1.20595,9.84596
1.08723,-1.25713,9.86025
1.25386,-1.44994,9.88643
1.2491,-1.42613,9.90904
1.40501,-1.42851,10.0435
1.46452,-1.2726,10.034
1.27409,-1.39281,9.82216
1.28123,-1.56419,9.73527
1.10747,-1.35591,9.93642
0.80516,-1.34996,9.7924
0.971786,-1.47017,9.72337
0.988449,-1.55229,9.71028
1.14674,-1.36067,9.74718
1.34074,-1.50468,9.74956
1.80849,-1.60347,10.0352
1.5526,-1.29878,9.88048
1.18602,-1.25951,9.99235
1.13365,-1.40233,9.9995
1.16579,-1.67369,9.81383
0.968216,-1.3571,9.75789
0.908707,-1.21904,9.8531
1.19435,-1.60704,9.69243
1.15031,-1.3333,9.72337
0.717087,-0.782242,9.82097
0.728989,-1.00362,9.80312
0.80516,-1.44518,9.56032
0.890854,-3.54466,9.089
1.75374,-4.98003,9.00807
1.43834,-3.60893,9.52461
1.06581,-2.51634,9.68648
0.851578,-2.74843,9.21397
0.796829,-4.1588,7.95595
1.09676,-6.07619,6.98595
1.29076,-7.83409,6.05522
0.972977,-8.0757,6.09926
0.717087,-7.79958,5.69579
0.617111,-8.70293,4.60439
0.680191,-9.79195,3.52727
0.47905,-9.74196,2.84767
0.199356,-9.10878,2.49776
-0.00178528,-8.98857,2.1407
-0.119614,-9.34206,1.28139
-0.146988,-9.15639,0.199509
-0.116043,-9.22542,-0.685989
-0.210068,-9.38252,-1.45366
-0.280289,-9.28493,-2.62123
-0.387405,-9.73839,-3.7412
-0.565933,-10.0347,-4.30772
-0.504044,-9.32182,-4.24226
-0.468338,-8.40181,-4.31367
-0.742081,-8.25066,-5.04683
-0.718277,-8.78386,-5.74428
-0.708755,-8.66246,-6.20012
-0.683762,-8.42918,-6.31557
-0.713516,-8.02214,-6.287
-0.639725,-7.95073,-6.77855
-0.651627,-7.821,-7.18202
-0.789688,-7.46632,-7.49742
-0.953934,-7.39372,-7.50813
-0.934891,-7.43776,-7.02492
-0.7397,-6.89623,-6.83449
-0.796829,-6.54036,-6.9428
-0.875381,-6.89504,-7.35222
-0.823013,-7.38539,-7.81401
-0.652817,-7.24495,-7.83543
-0.621872,-6.49513,-7.26057
-0.60878,-6.42729,-7.21654
-0.625443,-6.74388,-7.45815
-0.659958,-7.16997,-7.86519
-0.794449,-7.04262,-7.62001
-0.690903,-6.43919,-7.09038
-0.594498,-6.44752,-6.79759
-0.828964,-6.60939,-6.94517
-0.743271,-6.96169,-7.12251
-0.73851,-7.12117,-7.0511
-0.725418,-6.86528,-6.95113
-0.769455,-6.3904,-6.80116
-0.732559,-6.48204,-7.04158
-0.725418,-6.96407,-7.30818
-0.626633,-7.30922,-7.55217
-0.534988,-7.16521,-7.47124
-0.626633,-6.89027,-7.07014
-0.630203,-6.83791,-6.9178
-0.592117,-6.98787,-6.93208
-0.658768,-6.95811,-7.03801
-0.717087,-7.08189,-7.07848
-0.67186,-7.29375,-7.08681
-0.614731,-7.24019,-7.04753
-0.523087,-7.16164,-7.01778
-0.501663,-7.2628,-7.22844
-0.536179,-7.53416,-7.35579
-0.524277,-7.69008,-7.10109
-0.655197,-7.70674,-6.70357
-0.764694,-7.51512,-6.58812
-0.680191,-7.50203,-6.3477
-0.634964,-7.74007,-6.25368
-0.493332,-8.21614,-6.22035
-0.371933,-8.68507,-6.13585
-0.395737,-8.7541,-5.87877
-0.362411,-8.78148,-5.41698
-0.243393,-9.46107,-4.82069
-0.176743,-9.86931,-4.53029
-0.0660553,-9.54201,-3.91972
-0.0672455,-9.35396,-3.17467
0.0398712,-9.592,-2.69621
0.183884,-10.243,-1.94283
0.252914,-10.3858,-1.29774
0.192215,-10.3204,-0.551498
0.250534,-9.7491,0.0995331
0.299332,-9.38014,0.72438
0.460007,-9.43013,1.29805
0.586166,-9.8824,1.8622
0.54451,-9.91454,2.4799
0.470718,-9.28969,3.26543
0.588547,-8.73982,3.61653
0.645676,-9.14448,3.8867
0.876572,-9.09331,4.82219
0.86824,-7.80315,5.70888
0.853958,-6.98073,6.35753
0.987259,-7.19972,6.52653
0.997971,-6.82362,6.99904
0.951553,-6.1476,7.51796
0.99559,-5.86909,7.4894
0.971786,-5.54774,7.73576
1.00035,-4.85149,7.99046
1.00987,-4.46706,7.97142
1.43358,-4.52895,8.26183
1.18245,-2.41518,8.93428
1.01225,-0.620377,9.68529
1.32527,-0.975052,9.46986
1.51451,-0.582291,9.2354
1.45262,0.51149,9.60792
1.42049,1.43031,9.99355
1.30266,1.84926,10.2209
1.5395,1.25298,9.92094
1.53593,1.37675,9.88167
1.40977,2.13728,10.0923
1.54665,1.90639,10.0888
1.38002,1.3708,9.91023
1.35265,0.917343,9.70552
1.22173,1.14943,9.85667
1.20863,1.51006,9.88643
1.19316,1.21727,9.70909
1.25029,0.809036,9.49843
1.21935,1.2625,9.71266
1.09438,1.99803,10.0019
1.24196,1.79451,9.95308
1.33241,1.29939,9.68529
1.3217,0.981613,9.5258
1.31575,1.36247,9.696
1.45262,1.57314,9.77098
1.47047,1.06969,9.70195
1.38002,0.77095,9.671
1.36098,0.8983,9.61031
1.35503,1.04588,9.52937
1.41216,1.0078,9.54961
1.35265,1.01851,9.39488
1.21458,1.2018,9.57817
1.29314,1.27797,9.74361
1.30266,1.15538,9.58412
1.3455,1.05302,9.47939
1.42763,1.15062,9.58174
1.46214,1.21489,9.59126
1.48833,1.13277,9.53413
1.48357,0.814987,9.48177
1.4193,1.22679,9.70433
1.38716,1.21013,9.64601
1.49309,1.04826,9.69838
1.48357,1.19585,9.74123
1.56569,1.19942,9.69957
1.58949,1.24107,9.68053
1.45619,1.15062,9.69838
1.33122,0.929245,9.56865
1.28123,1.00542,9.61031
1.35146,1.08873,9.63768
1.49428,1.18275,9.696
1.55141,1.26131,9.62697
1.58116,1.07921,9.67934
1.52165,1.01851,9.77217
1.44191,1.15181,9.71504
1.36693,1.18275,9.63173
1.38359,1.0804,9.49843
1.37288,1.1411,9.53175
1.38002,1.19942,9.61031
1.3824,1.18156,9.59245
1.35503,1.06969,9.58888
1.37883,1.13277,9.54128
1.35503,1.32439,9.59245
1.38478,1.42198,9.72337
1.4431,1.17799,9.74837
1.49547,1.12325,9.75194
1.52879,1.14467,9.66743
1.5407,0.982803,9.61269
1.57759,1.11729,9.65196
1.51451,1.30296,9.6234
1.42525,1.1899,9.5508
1.4312,0.998276,9.51271
1.37645,1.02208,9.40202
1.35622,1.1899,9.4901
1.42168,1.28511,9.64601
1.48476,1.08278,9.62697
1.48119,1.13515,9.72694
1.42644,1.30534,9.64839
1.44905,1.20418,9.70552
1.47643,1.10777,9.62221
1.48,1.11134,9.59602
1.40858,1.26607,9.61626
1.39192,1.2137,9.63292
1.37288,1.19823,9.71504
1.32051,1.20894,9.61745
1.31099,1.29225,9.69957
1.32884,1.37794,9.61983
1.4193,1.2256,9.52818
1.32408,1.18275,9.56865
1.38478,1.35295,9.64006
1.54903,1.26845,9.63054
1.52046,1.2256,9.59245
1.42049,1.01494,9.5258
1.29195,0.985184,9.283
1.29552,1.29106,9.43416
1.32408,1.4803,9.33656
1.14793,1.66835,9.32942
1.17412,1.61836,9.28777
1.28004,1.89568,9.31871
1.41335,2.61931,9.62697
1.6609,2.5229,9.37822
1.84062,1.76833,8.8712
1.83586,3.05968,8.88072
1.80849,3.77022,8.77122
1.67162,4.35579,8.57723
1.58354,5.35078,8.63911
1.58473,5.31032,8.50938
1.75136,5.11751,8.02141
1.89418,5.55431,7.73457
1.85847,6.31483,7.38228
1.80016,6.19225,7.13591
2.0132,6.05656,6.49559
1.9763,7.34077,6.28493
1.82753,8.11201,5.99214
1.86086,7.56096,5.50298
2.18697,7.22057,5.08046
2.15007,7.76805,4.77339
1.87752,8.08226,4.10213
2.16316,8.26912,3.59392
2.25481,8.7321,3.42967
1.86681,9.05226,-0.847855
1.85371,8.33696,-1.024
1.95845,8.35481,-1.0609
2.04533,8.68568,-0.81572
1.96916,9.19746,-0.854996
2.2429,9.19984,-0.94902
2.48451,9.14867,-0.75621
2.30003,9.52119,-0.23848
2.24886,9.65093,-0.200394
2.30956,9.42836,-0.23848
2.33336,9.34624,-0.424149
2.50475,9.26173,-0.414627
2.38335,9.49739,-0.213486
2.29884,9.47716,-0.259903
2.19173,9.66402,-0.361069
2.16316,9.37361,-0.572922
2.29646,8.96895,-0.646713
2.2679,9.37004,-0.324173
2.28694,9.37956,-0.182541
2.43929,9.01894,-0.386063
2.47261,8.94515,-0.491989
2.30956,8.94633,-0.372971
2.2679,9.08916,-0.0980377
2.25243,9.16771,-0.0349579
2.22743,9.34981,-0.132553
2.24409,9.08678,-0.0385284
2.24767,9.11772,0.189987
2.24648,9.35933,0.453018
2.28932,8.9987,0.397079
2.20125,9.25221,0.504196
2.07628,9.98775,0.874344
2.03343,9.42955,0.985031
2.1953,8.52977,0.889816
2.14055,9.21294,1.35875
2.09651,10.0151,1.67653
2.16316,9.74733,1.61107
2.37859,8.11797,1.52061
2.28813,7.97276,1.96574
2.03938,9.2534,3.01906
1.95845,9.31053,3.6451
2.17982,7.67046,3.54512
2.55711,7.04799,3.89622
2.42262,8.28578,4.34016
2.15721,8.19414,4.65556
2.32384,7.01704,4.79124
2.23457,7.59785,5.56725
2.0858,8.22389,5.95168
2.06557,7.41457,6.25636
2.24528,5.88042,6.23375
2.72136,5.68761,6.60033
2.47618,5.98277,6.64079
2.3405,5.84709,7.31206
2.425,5.34364,7.57152
2.42024,4.59978,7.24422
2.18101,4.40935,7.5739
2.25362,5.01515,8.0714
2.3524,5.49242,8.43678
2.15959,4.99968,8.41536
1.99178,4.01302,8.14995
2.09413,3.39293,8.34871
2.28575,3.79402,8.81526
2.09889,4.05348,8.76885
1.70018,3.01445,8.24159
1.77159,2.31938,8.53795
2.13103,2.58241,9.03069
1.93465,3.09895,9.07353
1.60258,2.46696,8.8593
1.61687,2.09087,9.05449
1.79778,2.33485,9.34013
1.69304,2.57765,9.26634
1.38835,1.59813,8.86644
1.33003,0.967331,9.03069
1.41335,1.67073,9.39488
1.33955,1.88734,9.56627
1.51213,1.56004,9.43535
1.47404,1.41841,9.4175
1.26338,0.732864,9.28062
1.16698,0.367477,9.64125
1.40263,0.38414,9.81264
1.47643,0.878067,10.0519
1.25267,0.360336,9.66029
1.39549,-0.058609,9.7198
1.55855,0.660263,10.2768
1.4919,1.08635,10.2304
1.33122,0.376999,9.7198
1.16103,0.361526,9.9388
1.10747,0.591232,9.91023
1.16936,0.572189,9.8531
1.17769,-0.000289917,9.51985
1.15865,-0.0764618,9.61388
1.04439,0.38652,9.85072
1.03487,0.542435,9.79121
1.00987,0.281784,9.56389
0.99321,0.103256,9.74956
1.16579,0.200851,9.96141
1.21339,0.335342,9.90547
1.17174,0.547195,9.99831
1.17531,0.548386,10.0388
1.30266,0.453171,9.96736
1.37764,0.0461273,9.7924
1.26576,-0.199051,9.65672
1.0551,0.292496,9.80312
1.09676,0.51506,9.79121
1.06462,0.25679,9.60435
0.952744,-0.0407562,9.54008
0.950363,-0.265701,9.57341
1.02773,0.122299,9.78407
1.13841,0.463882,9.83644
0.918228,0.538864,9.71623
0.832535,0.0116119,9.61388
0.761124,-0.0300446,9.79121
0.811111,0.211563,9.81264
0.798019,0.435318,9.81502
0.774216,0.2556,9.70671
0.79921,-0.0169525,9.59364
0.786118,0.0068512,9.65434
0.540939,0.172287,9.76622
0.495712,0.25798,9.80193
0.530228,0.185379,9.75075
0.643295,0.334152,9.89
0.613541,0.394852,9.9864
0.474289,0.553146,9.91142
0.438583,0.130631,9.66029
0.242203,0.0877838,9.76979
0.0493927,0.699539,9.92571
0.0327301,0.466263,9.73885
-0.16008,0.424606,9.81621
-0.262436,0.474594,9.81621
-0.113663,0.343674,9.77217
0.0148773,0.328201,9.88762
0.0743866,0.162766,9.83882
0.0410614,-0.00743103,9.80669
-0.0541534,0.356766,9.91142
0.111282,0.607895,10.0197
0.194595,0.497208,9.80788
0.216019,0.0366058,9.66863
0.175552,0.282974,9.696
0.199356,0.486496,9.9507
0.314804,0.0854034,9.68767
0.125565,0.279404,9.78407
0.0374908,0.889969,10.0709
0.0172577,1.07326,10.0566
0.106522,0.83522,9.81502
0.0993805,0.404373,9.82573
0.110092,0.0366058,9.74837
0.179123,0.0437469,9.71385
0.294571,-0.0717011,9.62697
0.22673,0.178238,9.75313
0.057724,0.611465,9.89357
0.00535583,0.674545,9.76741
0.255295,0.269882,9.63768
0.437393,-0.245468,9.55437
0.305283,0.0425568,9.64482
0.155319,0.204422,9.5984
0.368362,0.0128021,9.56984
0.511185,0.249649,9.68291
0.558792,0.57814,9.81621
0.518326,0.500778,9.60317
0.588547,0.242508,9.59483
0.551651,0.341293,9.59364
0.313614,0.421036,9.74123
0.335037,0.469833,9.81383
0.48143,0.557907,9.77455
0.41716,0.611465,9.85548
0.358841,0.623367,9.84239
0.298141,0.720962,10.0316
0.314804,0.857834,10.1173
0.462387,0.657883,10.0983
0.496902,0.44841,10.0816
0.374313,0.788803,10.328
0.426682,0.924484,10.5351
0.54332,0.7043,10.3197
0.6064,0.360336,10.1185
0.571884,0.535294,10.184
0.488571,0.773331,10.2423
0.519516,0.656693,10.1435
0.48381,0.541245,10.0388
0.437393,0.691208,9.97331
0.450485,0.792374,9.93285
0.451675,0.824509,9.77217
