1.05034,0.819748,9.82335
1.00987,0.812607,9.85191
0.967026,0.798325,9.86382
0.957504,0.83641,9.92571
0.902756,0.869736,9.84001
0.950363,0.905441,9.84477
1.00273,0.853073,9.85667
1.01701,0.850693,9.81145
0.99321,0.981613,9.77574
0.940842,1.04826,9.69481
1.067,0.731674,9.85429
1.00987,0.672165,9.7448
0.957504,0.750717,9.6591
0.940842,0.814987,9.53294
0.855148,0.884018,9.46629
0.831345,0.795944,9.42345
0.812302,0.781662,9.39012
0.776596,0.798325,9.3568
0.652817,0.793564,9.27586
0.717087,0.686447,9.36156
0.67186,0.667404,9.27824
0.679001,0.519821,9.35204
0.850388,0.465073,9.32585
1.03606,0.479355,9.36394
1.17174,0.569809,9.46153
1.24791,0.629318,9.43297
1.30504,0.850693,9.51152
1.30742,1.00066,9.62816
1.34074,1.16728,9.65434
1.29076,1.26726,9.671
1.20268,1.09825,9.57579
1.15984,0.934006,9.53532
1.10747,0.900681,9.42821
1.1646,0.800705,9.38536
1.2003,0.83165,9.29253
1.12651,0.900681,9.22111
1.02177,0.976852,9.28538
1.00749,0.983994,9.31871
1.03606,0.979233,9.46867
1.15984,0.810226,9.73289
1.86443,0.722153,10.378
1.95964,0.674545,10.4708
1.97868,0.662643,10.2851
1.87157,0.762619,10.1709
1.78349,0.83165,10.0257
1.60735,0.684067,9.93285
1.5764,0.438889,9.83763
1.5407,0.350815,9.87334
1.41692,0.372238,9.72337
1.27647,0.346054,9.60912
1.11461,0.350815,9.54008
0.919418,0.303207,9.58531
0.8004,0.234177,9.60674
0.769455,0.307968,9.52342
0.8004,0.407944,9.66386
0.933701,0.491257,9.80193
1.11937,0.645981,9.86144
1.23601,0.655502,9.96855
1.14079,0.486496,9.85191
0.99559,0.431747,9.81145
0.759934,0.131821,9.85429
0.781357,0.0723114,9.85429
0.788498,-0.0110016,9.85191
0.912277,-0.170486,9.97569
1.10747,-0.077652,9.95665
1.23125,-0.0229034,10.0162
1.34074,0.291306,10.0828
1.40025,0.534103,10.1709
1.49785,0.567429,10.2161
1.61687,0.422226,10.2137
1.8311,0.329391,10.1328
1.86443,0.277023,10.109
1.93346,0.12944,10.1899
1.9763,0.0389862,10.078
1.90013,-0.0110016,9.93285
1.843,0.0223236,9.89952
1.77159,0.158005,9.81621
1.63353,0.25798,9.85429
1.70256,0.150864,9.97093
1.80968,0.269882,9.92094
0.909897,0.331772,9.40916
0.809921,0.417465,9.42345
0.821823,0.403183,9.38298
0.762314,0.348434,9.34013
0.80516,0.212753,9.3925
0.897995,0.122299,9.502
1.03606,0.184189,9.47819
1.15508,0.274643,9.48534
1.09319,0.338913,9.56865
0.976547,0.405563,9.59721
0.978928,0.44603,9.61626
0.924179,0.524582,9.64958
0.967026,0.538864,9.6115
1.05986,0.593613,9.61626
1.06224,0.624557,9.53532
1.00273,0.622177,9.61388
0.952744,0.722153,9.62816
0.883713,0.684067,9.57103
0.909897,0.674545,9.53294
0.955124,0.650742,9.54961
1.36693,0.329391,9.76384
1.46452,0.453171,9.78288
1.64067,0.417465,9.96141
1.55022,0.405563,9.81383
1.42882,0.550766,9.7805
1.46214,0.653122,9.91856
1.51689,0.541245,9.95427
1.5645,0.567429,9.93999
1.61925,0.667404,9.88762
1.66924,0.738815,10.0138
1.64305,0.622177,9.96855
1.5883,0.367477,9.75908
1.52165,0.267502,9.60674
1.49785,0.153244,9.59007
1.47643,0.155624,9.66148
1.4312,0.25322,9.7448
1.43596,0.138962,9.84001
1.53117,0.0984955,9.90904
1.52879,0.272263,9.91142
1.41692,0.329391,9.87334
1.39311,0.179428,9.68529
1.53593,0.293686,9.67339
1.53831,0.436508,9.60674
1.52403,0.307968,9.58055
1.46214,0.150864,9.43535
1.42168,0.088974,9.36156
1.47881,0.172287,9.48058
1.62401,0.367477,9.51628
1.5883,0.51506,9.57341
1.50737,0.38176,9.6115
1.39073,0.217514,9.48058
1.26933,0.00804138,9.45915
1.4193,-0.0014801,9.43535
1.51213,0.0723114,9.45201
1.53593,0.0746918,9.5377
1.45976,0.0532684,9.54008
1.39073,0.100876,9.55675
1.31694,0.12468,9.71623
1.32408,0.150864,9.81859
1.34789,0.196091,9.81145
1.50499,0.353195,9.7805
1.51689,0.136581,9.72813
1.49785,0.0818329,9.72337
1.51213,0.136581,9.6353
1.49071,0.198471,9.59959
1.52403,0.222275,9.73527
1.69304,0.138962,9.78526
1.7097,0.0961151,9.85429
1.70018,0.0318451,9.77812
1.57878,0.0937347,9.88762
1.48833,-0.0919342,9.82335
1.46452,-0.0419464,9.82335
1.44072,-0.0514679,9.86144
1.44072,-0.103836,9.86858
1.37645,-0.163345,9.81621
1.29314,-0.246658,9.76622
1.29314,-0.0538483,9.92333
1.40025,-0.160965,9.90904
1.35979,-0.113358,9.67815
1.33836,0.0104218,9.54485
1.27171,0.0627899,9.59721
1.25981,0.0485077,9.65196
1.26695,0.0270844,9.7805
1.2979,-0.134781,9.78288
1.28123,-0.120499,9.75908
1.3217,-0.058609,9.79002
1.43596,-0.0324249,9.75908
1.51213,-0.0824127,9.67339
1.45262,-0.156204,9.66624
1.39549,-0.327591,9.57341
1.41216,-0.0943146,9.78764
1.44786,-0.0800324,9.69243
1.38121,0.0318451,9.68291
1.42406,0.0556488,9.62816
1.36693,0.0865936,9.60435
1.39549,0.0937347,9.72813
1.54784,0.0651703,9.80193
1.65495,0.0270844,9.83763
1.70256,0.0723114,9.83525
1.62639,0.0294647,9.68291
1.60258,0.00328064,9.6472
1.60735,0.0128021,9.6234
1.63353,0.0294647,9.66624
1.6978,0.0556488,9.58769
1.66685,0.0818329,9.54961
1.64067,0.0556488,9.59959
1.63115,0.0723114,9.64244
1.58592,0.165146,9.69481
1.58116,0.12706,9.7924
1.53831,0.105637,9.8781
1.55736,0.0984955,9.99474
1.62639,0.215134,10.0328
1.6002,0.262741,9.97569
1.58354,0.205612,10.0114
1.53355,0.0604095,9.89
1.57878,0.0389862,9.85191
1.58116,0.181808,10.009
1.64305,0.269882,10.0733
1.65733,0.288925,10.1328
1.674,0.196091,10.1994
1.74303,0.141342,10.1733
1.75969,0.12468,10.3375
1.8192,0.00804138,10.466
1.95488,-0.0824127,10.5279
1.89299,-0.0276642,10.5113
1.93108,0.00804138,10.4756
1.88347,0.184189,10.5803
1.84776,0.248459,10.7565
1.89537,0.200851,10.8207
1.88347,0.172287,10.8183
1.87395,0.110397,10.9516
1.8549,0.0128021,11.1111
1.75969,0.0723114,11.2468
1.82396,0.0937347,11.5182
1.87633,0.0556488,11.7967
2.0858,0.0937347,11.8609
2.18816,0.227036,11.8467
2.11674,0.238937,11.9395
2.01915,0.0580292,12.2061
2.06438,-0.0110016,12.2513
0.595688,-1.05122,11.6467
0.252914,-0.975052,11.1611
-0.339798,-0.739395,10.9088
-0.830154,-0.610855,10.6374
-1.34908,-0.496597,10.2399
-1.8799,-0.460892,9.66863
-2.28218,-0.446609,9.20921
-2.58687,-0.303787,8.38322
-3.07246,-0.3871,8.1928
-3.43904,-0.470413,7.98094
-3.78419,-0.458511,7.73338
-4.05794,-0.503738,7.77385
-4.09364,-0.372818,7.25731
-4.18172,-0.158585,6.85741
-4.41975,-0.268082,6.65984
-4.70778,-0.301407,6.08379
-5.03389,-0.446609,6.10521
-5.32668,-0.663223,6.15758
-5.29335,-0.856033,6.15758
-5.14101,-0.903641,6.52653
-6.83107,-0.279984,5.67436
-6.90962,-0.346634,5.36967
-7.02388,-0.277603,5.11021
-7.24287,-0.229996,4.85313
-7.4214,-0.170486,4.56511
-7.59755,-0.0728912,4.47466
-7.70943,-0.260941,4.44847
-7.68324,-0.208572,3.84862
-7.99507,-0.313309,3.96526
-8.27834,-0.227615,4.2271
-8.1974,-0.103836,4.01286
-8.26167,0.141342,4.00334
-8.38069,0.334152,3.73912
-8.49733,0.560288,3.7296
-8.60445,0.753098,3.27495
-8.66396,0.912582,3.16783
-8.78059,0.900681,3.05119
-8.89961,0.876877,2.92027
-8.93056,0.912582,2.8322
-8.89247,1.16014,2.37755
-9.0591,1.36961,2.3347
-9.14003,1.73381,2.10619
-9.31142,1.98851,1.71581
-9.4828,2.19084,1.57536
-9.71132,2.30272,1.18736
-9.82082,2.36223,0.806503
-9.96126,2.51457,0.161423
-10.2279,2.65263,-0.274185
-10.473,2.61455,-0.666946
-10.6182,2.5717,-1.06209
-9.8232,1.09825,0.256638
-9.74703,0.983994,0.380417
-9.63277,1.05302,0.737473
-9.51137,1.09825,1.12071
-9.37331,1.09825,1.4373
-9.40663,1.0078,1.4016
-9.43043,0.803085,1.34447
-9.41615,0.655502,1.47301
-9.32332,0.557907,1.71342
-9.20906,0.636459,1.86101
-8.27357,0.517441,4.02953
-8.12837,0.469833,4.27946
-7.9427,0.348434,4.6151
-7.7975,0.284164,4.97929
-7.65468,0.234177,5.50536
-7.46901,0.19133,5.8886
-7.24049,0.100876,6.07665
-7.18813,0.00328064,6.18376
-7.11671,-0.213333,6.0338
-7.05244,-0.096695,6.0219
-6.92866,0.131821,6.09331
-6.85249,0.231796,6.44798
-6.71681,0.341293,6.4456
-6.73109,0.284164,6.61699
-6.61684,0.0508881,7.24303
-6.27644,-0.265701,7.4287
-5.95985,-0.522781,7.56914
-5.76942,-0.796524,7.77623
-5.57185,-0.794144,7.61436
-5.53377,-0.508499,7.78575
-4.22218,0.334152,9.05687
-4.5721,0.419846,8.69267
-4.78633,0.434128,8.63316
-4.58638,0.32225,8.51652
-4.36024,0.117538,8.69743
-4.11507,-0.139542,8.60222
-3.9175,-0.296646,8.70696
-3.78419,-0.365677,8.98546
-3.50569,-0.548965,9.6353
-3.17958,-0.525162,9.73289
-3.04152,-0.153824,9.30919
-3.19862,0.227036,9.00688
-3.3343,0.327011,8.88072
-3.41286,0.365097,8.79741
-3.51521,0.503159,8.59508
-3.49379,0.438889,8.80217
-3.12245,0.134201,9.09019
-2.66304,-0.19429,9.02116
-2.37263,-0.344254,9.27824
-2.0489,-0.377579,9.47819
-0.823013,-0.132401,10.8636
-0.54689,-0.182388,10.8469
-0.473099,-0.301407,10.7588
-0.587357,-0.25618,10.5517
-0.594498,-0.263321,11.0302
-0.339798,-0.370438,11.5348
0.0148773,-0.479935,11.8562
0.514755,-0.353775,11.8229
0.981308,-0.401382,11.8467
1.24315,-0.551346,11.9443
0.529038,-0.332352,10.8183
0.462387,-0.315689,10.5232
0.395737,-0.406143,10.2685
0.28862,-0.327591,10.1685
0.340988,-0.199051,10.0828
0.381454,-0.213333,10.1518
0.429062,-0.306168,10.0209
0.379074,-0.265701,9.89714
0.357651,-0.239517,9.82335
0.262436,-0.196671,9.81145
0.283859,-0.201431,9.59483
0.371933,-0.325211,9.54008
0.426682,-0.403763,9.56865
0.500473,-0.308548,9.54485
0.469528,-0.272842,9.59483
0.390976,-0.227615,9.51866
0.338608,-0.370438,9.50676
0.440964,-0.470413,9.71147
0.598068,-0.656082,9.56865
0.67662,-0.737015,9.53294
0.633774,-0.744156,9.37108
0.457626,-0.622757,9.31395
0.331467,-0.534683,9.48534
0.35289,-0.541824,9.5377
0.505234,-0.598953,9.65672
0.509995,-0.57515,9.62816
0.569504,-0.427567,9.69957
0.526657,-0.465652,9.64244
0.517136,-0.565628,9.69243
0.443344,-0.565628,9.61388
0.462387,-0.341873,9.9995
0.559982,-0.346634,9.95189
0.562363,-0.399002,9.93999
0.602829,-0.477554,9.96617
0.595688,-0.470413,10.0709
0.583786,-0.403763,10.1566
0.602829,-0.506119,10.1328
0.626633,-0.613236,10.0281
0.709946,-0.615616,9.97807
0.683762,-0.589432,10.0138
0.54332,-0.446609,9.98521
0.521896,-0.44899,9.91856
0.519516,-0.496597,9.8662
0.507614,-0.477554,9.80907
0.61235,-0.453751,9.7567
0.619492,-0.479935,9.75432
0.60759,-0.415665,9.66386
0.600449,-0.396622,9.64958
0.619492,-0.429947,9.54485
0.657578,-0.468033,9.48772
0.73851,-0.156204,7.3192
0.795639,-0.158585,7.12877
0.947983,-0.122879,6.93596
1.11461,-0.0490875,6.88359
1.25981,-0.115738,6.79314
1.41454,-0.19191,6.81218
1.56212,-0.187149,6.83836
1.79063,-0.341873,7.27635
2.18101,-0.596573,7.49297
2.56187,-0.70607,7.54295
5.16124,-0.715591,8.36894
5.29454,-0.801285,8.48558
5.48735,-0.867935,8.46416
5.67302,-0.789383,8.28563
5.88249,-0.782242,8.09758
6.04436,-0.698929,7.79765
6.13243,-0.598953,7.65245
6.08006,-0.565628,7.42394
6.04198,-0.715591,7.28349
6.03246,-0.741776,7.14781
6.16814,-0.6418,7.18352
6.38951,-0.420425,7.24065
6.68944,-0.225235,7.50249
7.03697,0.0294647,7.69054
7.19408,0.0961151,7.51915
7.4583,0.0270844,7.20018
7.62968,-0.039566,6.83836
7.74632,-0.0562286,6.45988
7.97484,-0.12764,6.1552
8.09862,0.0580292,6.37895
8.23192,0.00328064,6.59795
8.34141,0.0199432,6.76457
8.53899,0.105637,6.83836
8.78416,0.205612,6.78123
8.99364,0.0842133,6.55748
9.07933,-0.0157623,6.29088
9.18407,-0.263321,6.00999
9.33641,-0.501358,5.96477
9.43163,-0.413284,5.74339
9.39116,-0.182388,5.63628
9.24834,0.0937347,5.49583
9.1198,0.212753,5.45775
9.25072,0.0485077,5.19353
9.42448,0.0318451,5.12688
9.57921,0.103256,4.97929
9.66966,0.0913544,4.81743
9.55064,0.272263,4.78886
9.35069,0.429367,4.44609
9.21501,0.272263,4.36516
9.27214,0.196091,4.3723
9.51494,0.0485077,4.37706
9.69109,-0.0300446,4.41277
9.85295,-0.122879,4.28899
10.0196,-0.313309,4.17473
9.99339,-0.172867,3.91765
9.85533,0.150864,3.73674
9.63634,0.722153,3.73674
9.45305,0.788803,3.6201
9.35545,0.76738,3.54631
9.40544,0.672165,3.37016
9.56493,0.526962,2.9655
9.50542,0.64122,2.73936
9.47209,0.993515,2.59178
9.4959,1.11491,2.53941
9.49352,0.976852,2.54417
9.69585,0.762619,2.52751
9.9077,0.600754,2.46324
9.8101,0.396042,2.52513
9.70061,0.25798,2.66795
9.58635,0.626938,2.61082
9.5316,0.96019,2.52989
9.42686,1.21965,2.43468
9.49113,1.18394,2.54179
9.60539,0.786423,2.32518
9.71251,0.534103,2.16808
9.73393,0.588852,2.19664
9.70061,0.829269,2.30852
9.56493,1.14586,2.22758
9.50304,1.23393,2.29424
9.54826,1.10539,2.18236
9.60301,0.817368,2.02525
9.7506,0.650742,2.01097
9.7863,0.63884,1.97289
9.60777,0.922104,1.98241
9.47923,1.13158,2.00145
9.44353,1.19585,1.90862
9.51494,0.993515,1.82054
9.51732,0.776901,1.64201
9.48161,0.669785,1.60393
9.45305,0.657883,1.63249
9.41972,0.698349,1.51109
9.3983,0.764999,1.51823
9.41496,0.795944,1.56822
9.32451,0.89592,1.60631
9.21501,1.01256,1.59679
9.20787,1.06017,1.78008
9.32689,1.07683,1.692
9.36735,0.988754,1.43968
9.49828,0.910202,1.61107
9.48637,0.717392,1.72295
9.48875,0.662643,1.90623
9.39592,0.757858,2.12523
9.42686,0.803085,2.39421
9.56731,0.738815,2.71318
9.63158,0.872116,2.79411
9.66728,0.805466,2.90599
9.76964,0.612656,3.00121
9.93864,0.348434,3.24638
10.0696,0.246078,3.41539
10.0672,0.312729,3.60106
10.0529,0.400803,3.69627
10.0124,0.415085,3.9843
10.11,0.45079,4.06999
10.2505,0.369858,4.14616
10.3504,0.19371,4.27708
10.3481,0.217514,4.31279
9.69585,-0.0371857,5.61961
9.71251,-0.19191,5.78386
9.66014,-0.303787,5.93858
9.66728,-0.422806,6.12187
9.75297,-0.325211,6.19804
9.78868,-0.272842,6.3123
9.70775,-0.318069,6.36943
9.6292,-0.406143,6.54082
9.57921,-0.598953,6.76695
9.61968,-0.758438,7.01213
9.67204,-0.996475,7.01927
9.59587,-0.948868,6.94548
9.28166,-0.83699,6.98833
8.91746,-0.665604,6.88835
8.50328,-0.541824,6.98357
8.17241,-0.503738,7.17162
7.92723,-0.539444,7.30016
7.77013,-0.51088,7.4287
7.52495,-0.568008,7.32158
7.17265,-0.603714,7.34062
5.47783,-0.496597,7.52391
5.33739,-0.541824,7.83812
5.1898,-0.70845,7.83812
4.99699,-0.875076,7.80241
4.75658,-0.96077,7.80241
4.58043,-1.02504,7.8524
4.28288,-0.932205,7.8167
3.93297,-0.813187,8.05711
3.59972,-0.753677,8.07616
3.20219,-0.437088,7.80717
2.66661,-0.296646,7.78813
2.2429,-0.396622,7.96666
1.98821,-0.622757,7.80241
1.70732,-0.782242,7.90477
1.61925,-1.06075,7.83574
1.53355,-1.07265,7.70958
1.26933,-0.920303,7.87383
1.09557,-0.64418,7.6834
0.824203,-0.296646,7.42155
0.364792,-0.0443268,7.33586
-0.0374908,0.122299,7.39775
-0.280289,-0.0014801,7.49535
-0.475479,-0.232376,7.39299
-0.568314,-0.598953,7.20256
-0.60878,-1.08455,7.28587
-0.558792,-1.15358,7.3192
-0.3517,-0.765579,9.12352
-0.208878,-0.741776,9.40916
-0.106522,-0.808426,9.63768
-0.00654602,-0.870316,9.64958
0.0291595,-0.891739,9.76146
0.0815277,-0.975052,9.79002
0.0243988,-0.970291,9.77336
-0.0303497,-0.944107,9.95903
0.0601044,-0.967911,9.9995
0.0648651,-1.06075,9.89476
-0.0493927,-1.08693,9.75194
-0.213638,-0.994095,9.76384
-0.268387,-0.827469,9.67577
-0.232681,-0.825089,9.95665
0.0291595,-1.0417,10.397
0.41954,-1.22737,10.3661
0.605209,-1.17976,10.2685
0.474289,-1.06313,10.0043
0.131516,-0.725113,9.71623
-0.108902,-0.544205,9.54723
-0.339798,-0.57991,9.76622
-0.275528,-0.64418,10.0114
-0.0755768,-0.746536,10.0519
0.0101166,-0.839371,10.0685
-0.00654602,-0.870316,10.0638
-0.0160675,-0.882217,10.0542
-0.0612946,-0.791763,10.0328
-0.132706,-0.713211,10.0876
-0.239822,-0.701309,10.0947
-0.206497,-0.806046,9.98997
-0.256485,-0.851273,9.93285
-0.237442,-0.851273,9.89714
-0.294571,-0.944107,9.84001
-0.375504,-0.956009,9.82097
-0.258865,-0.872696,9.92571
-0.175552,-0.817947,9.83287
-0.177933,-0.751297,9.80431
-0.127945,-0.77034,9.84239
-0.163651,-0.83223,9.69957
-0.163651,-0.803665,9.63292
-0.025589,-0.856033,9.77098
-0.044632,-0.853653,9.78526
-0.0827179,-0.96315,9.671
-0.130325,-0.96077,9.68767
-0.101761,-0.922684,9.78526
-0.0803375,-0.858414,9.83525
-0.0351105,-0.820328,9.94237
0.0315399,-0.796524,9.88762
0.0363007,-0.758438,9.88048
0.0124969,-0.737015,9.7686
-0.0470123,-0.70369,9.67339
-0.106522,-0.739395,9.58769
-0.0827179,-0.822708,9.83287
0.0363007,-0.872696,9.93047
0.22673,-0.956009,9.87096
0.302902,-0.948868,9.89
0.279099,-0.939346,9.88762
0.138657,-0.810806,9.91856
0.076767,-0.758438,9.83763
0.0934296,-0.76796,9.84239
0.112473,-0.713211,9.48534
0.0910492,-0.794144,9.37822
0.0553436,-0.846512,9.22588
-0.0113068,-0.879837,9.27824
-0.101761,-0.90126,9.23302
-0.123184,-0.972672,9.35918
0.119614,-1.03932,9.58293
0.429062,-1.07979,9.71385
0.562363,-1.13454,9.69957
0.600449,-1.15358,9.61626
0.550461,-1.26308,9.55675
0.464767,-1.35591,9.56389
0.474289,-1.38448,9.55437
0.605209,-1.40352,9.6234
0.731369,-1.49159,9.6472
0.80278,-1.56062,9.72337
0.99559,-1.56538,9.98283
1.2003,-1.66536,10.059
1.40977,-1.64394,9.98997
1.49785,-1.64394,9.77336
1.54546,-1.80818,9.54008
1.5407,-1.83199,9.4044
1.49309,-1.71059,9.42583
1.51451,-1.65822,9.48772
1.42882,-1.52968,9.33061
1.42882,-1.47731,9.19255
1.32408,-1.50825,9.06639
1.2979,-1.69154,8.94261
1.40263,-1.94386,9.05211
1.58592,-2.01765,9.05449
2.06676,-3.33638,9.3806
2.03819,-3.16975,9.81859
2.14531,-2.89839,10.0876
2.35478,-2.81032,10.1566
2.60234,-2.68416,10.1423
2.80705,-2.62941,10.1471
3.12126,-2.76509,10.3018
3.35692,-3.02217,10.428
3.5164,-3.35542,10.8279
3.82585,-3.58632,11.2682
5.22313,-0.632278,12.268
5.25407,0.0627899,12.5917
5.19933,0.5103,12.5798
4.90416,0.845932,12.4775
4.50664,0.922104,12.1371
4.13292,0.553146,11.73
3.87346,0.262741,11.5563
3.70207,0.434128,11.3944
3.62828,0.881638,11.6824
3.49974,1.75523,11.9823
3.29027,2.536,11.9776
3.02843,3.12157,11.9728
2.72136,3.6143,11.8752
2.33098,3.60002,11.6539
1.82396,3.16441,11.4253
1.35027,2.28606,11.2016
1.12413,1.5648,11.0397
1.28838,1.25298,11.0135
1.51213,1.60527,11.1111
1.64543,2.30034,11.0849
1.85728,2.78593,11.2206
1.88109,2.91209,11.123
1.75017,2.99541,10.6493
1.52641,2.80736,10.1066
1.35265,2.34557,9.56865
1.09795,1.70287,9.28538
0.912277,1.33629,9.14494
0.850388,1.40056,9.16399
0.855148,1.6862,9.19493
0.707565,1.98137,9.15447
0.614731,2.09087,9.06639
0.48381,2.37175,8.9807
0.340988,2.45744,8.8831
0.305283,2.65263,8.7617
0.138657,2.87639,8.3618
-0.0755768,2.68834,8.08568
-0.311234,2.17894,7.89287
-0.594498,1.83141,7.77385
-0.765884,1.84569,7.6834
-1.00392,1.97423,7.66435
-1.2253,2.30986,7.62151
-1.50618,2.64787,7.62389
-1.67519,2.90257,7.5977
-1.74184,2.99779,7.40251
-1.74898,3.04301,7.23351
-1.74184,2.85973,7.13353
-1.79659,2.61455,7.10735
-1.92989,2.38365,6.99785
-2.0251,2.12657,6.75267
-2.06795,1.92662,6.46703
-2.05843,1.8076,6.41466
-2.18935,1.74333,6.46465
-2.25362,1.74571,6.49797
-2.51546,1.89806,6.5908
-2.73683,2.05754,6.75743
-2.81538,2.06706,6.81694
-2.85823,2.05754,6.85265
-2.83443,2.00993,6.84074
-2.8011,1.9052,6.81218
-2.71541,1.66002,6.6765
-2.65114,1.26964,6.54558
-2.69637,0.972092,6.50273
-2.75349,0.665024,6.52653
-2.79634,0.45079,6.45988
-2.93916,0.453171,6.51701
-3.01295,0.6436,6.75267
-2.93916,0.764999,6.9431
-2.87965,0.893539,7.06212
-2.88918,0.931625,7.14781
-2.97249,0.917343,7.20018
-2.90584,0.845932,7.19304
-2.89156,0.607895,7.29063
-2.85823,0.376999,7.05974
-2.97725,0.134201,7.09306
-3.19624,-0.0014801,7.14067
-3.36287,-0.182388,7.24541
-3.4438,0.0865936,7.37871
-3.23671,0.453171,7.7429
-2.76064,0.607895,8.02141
-2.19649,0.424606,8.04045
-1.92513,-0.0229034,7.90715
-2.02034,-0.539444,7.62865
-2.40834,-0.944107,7.49059
-2.68922,-1.27022,7.32872
-2.70589,-1.38448,7.4763
-2.50356,-1.14644,7.6834
-2.23219,-0.939346,7.91667
-2.20125,-0.83461,8.09996
-2.34407,-1.01076,8.02855
-2.38454,-1.30354,8.0952
-2.19411,-1.50111,8.30705
-1.73708,-1.68916,8.67363
-1.5395,-1.76534,8.99974
-1.42763,-1.83199,9.17113
-1.55141,-1.91768,9.18303
-1.85133,-1.97719,9.15922
-2.13222,-1.85579,9.14256
-2.06319,-1.61061,9.19017
-1.74898,-1.36305,9.25682
-1.3705,-1.24403,9.31157
-1.15627,-1.48683,9.49724
-1.25148,-1.70345,9.61626
-1.48238,-1.78438,9.59721
-1.53236,-1.84389,9.80669
-1.46809,-1.79152,9.77336
-1.35146,-1.73201,9.83525
-1.13484,-1.7939,10.04
-0.92775,-1.93672,10.2447
-0.687332,-2.08907,10.5494
-0.561172,-2.07002,10.8469
-0.530228,-2.08907,10.8421
-0.558792,-2.18904,10.9731
-0.596878,-2.32472,10.9017
-0.54689,-2.4485,10.8945
-0.468338,-2.47231,10.9778
-0.251724,-2.51753,11.0183
-0.0803375,-2.54134,11.0754
-0.0731964,-2.38185,11.3515
-0.0636749,-2.21046,11.5063
-0.0970001,-2.17952,11.6253
-0.258865,-2.35805,11.3849
-0.28743,-2.86031,11.1373
-0.116043,-3.06978,11.0707
0.262436,-2.81032,11.0707
0.579025,-2.29378,11.3301
0.745651,-1.73201,11.5729
0.571884,-1.30592,11.542
0.383835,-1.39638,11.3944
0.386215,-1.92482,11.1207
0.495712,-2.12715,11.1778
0.679001,-2.02003,11.511
0.852768,-1.68678,11.6348
0.902756,-1.6606,11.5491
0.862289,-1.53206,11.4111
0.807541,-1.55348,11.2301
0.857529,-1.55824,11.1468
1.08604,-1.72487,10.9945
1.13603,-1.85103,10.9183
1.36217,-1.88435,10.8469
1.45976,-1.78676,10.9088
1.51927,-1.60347,10.8683
1.49547,-1.24165,10.866
1.4312,-0.932205,10.8136
1.32646,-0.763199,10.6803
1.00273,-0.844131,10.4375
0.828964,-1.07265,10.2471
0.740891,-1.32021,10.09
0.848007,-1.5154,9.97331
1.11461,-1.47017,10.1709
1.40739,-1.38686,10.4494
1.674,-1.2845,10.5065
1.66209,-1.0298,10.5256
1.62639,-0.794144,10.5351
1.55974,-0.615616,10.6136
1.55022,-0.572769,10.5137
1.50499,-0.713211,10.297
1.53117,-1.04408,10.1518
1.45976,-1.13454,10.1138
1.50023,-1.24403,10.0304
1.47404,-1.27974,9.94237
1.40739,-1.20833,9.77574
1.45262,-1.03694,9.77812
1.55022,-0.810806,9.88286
1.62163,-0.617996,10.0066
1.60735,-0.520401,9.95189
1.4669,-0.506119,9.96617
1.26695,-0.501358,9.85667
1.19316,-0.634659,9.79002
1.27647,-0.815567,9.68053
1.41692,-0.803665,9.6353
1.53831,-0.684647,9.71861
1.61211,-0.548965,9.84001
1.61449,-0.596573,9.94713
1.65019,-0.779861,9.86858
1.62163,-0.956009,9.82097
1.77159,-1.12025,9.81145
1.83824,-1.15834,9.97331
1.92632,-1.10359,9.88524
1.93822,-1.0417,9.89476
1.9287,-0.798904,9.81621
1.86205,-0.83699,9.73052
1.76921,-0.841751,9.71147
1.69066,-0.894119,9.72337
1.76445,-0.879837,9.85905
1.78587,-0.934586,9.95903
1.86205,-0.929825,9.88286
1.82634,-0.906021,9.90428
1.90251,-1.06313,9.83049
1.85252,-1.19167,9.76146
1.8192,-1.13216,9.68053
1.84062,-1.07503,9.6353
1.82872,-1.05122,9.67815
1.843,-1.07741,9.76384
1.83586,-1.06075,9.71385
1.8549,-1.19643,9.75194
1.95012,-1.23213,9.7448
1.92632,-1.21309,9.64006
1.82634,-1.36781,9.58055
1.73827,-1.35829,9.54723
1.67876,-1.2845,9.57817
1.75493,-1.27498,9.63054
1.73351,-1.15358,9.56627
1.76207,-1.23213,9.67815
1.73351,-1.29878,9.59721
1.674,-1.35829,9.56865
1.66209,-1.33687,9.50914
1.59068,-1.32259,9.60674
1.56926,-1.4416,9.45439
1.47404,-1.59871,9.37108
1.55022,-1.69392,9.43059
1.60258,-1.75105,9.50914
1.7097,-1.63679,9.60197
1.74779,-1.53682,9.74004
1.71922,-1.44637,9.86144
1.70494,-1.37972,9.80669
1.68352,-1.43922,9.69005
1.66447,-1.563,9.66863
1.65019,-1.66774,9.69005
1.72636,-1.71773,9.80193
1.76921,-1.79628,9.83049
1.74303,-1.75105,9.77336
1.70018,-1.77486,9.79716
1.64781,-1.66774,9.75908
1.63829,-1.65108,9.56151
1.65019,-1.77248,9.46867
1.65257,-1.74153,9.57817
1.63353,-1.72249,9.6591
1.62639,-1.65108,9.6234
1.49309,-1.61061,9.60912
1.48833,-1.563,9.59721
1.4431,-1.56776,9.48296
1.4431,-1.57967,9.55913
1.48357,-1.59871,9.56151
1.59544,-1.6487,9.63768
1.5407,-1.48207,9.63054
1.56212,-1.46541,9.66863
1.47166,-1.56062,9.70433
1.50499,-1.67012,9.62578
1.60497,-1.74629,9.56627
1.65495,-1.74629,9.57817
1.59544,-1.75105,9.57579
1.6002,-1.81056,9.58055
1.57878,-1.89864,9.57103
1.66685,-1.96529,9.63292
1.64067,-1.93196,9.62816
1.68114,-1.82008,9.68529
1.67876,-1.69154,9.65672
1.56926,-1.68916,9.71861
1.52641,-1.66774,9.70433
1.51927,-1.73677,9.60912
1.46452,-1.85817,9.52104
1.57402,-1.85103,9.58055
1.69542,-1.79628,9.57341
1.66447,-1.65346,9.70909
1.53117,-1.50349,9.70195
1.42168,-1.51302,9.6591
1.40263,-1.6963,9.62578
1.45738,-1.82961,9.55675
1.58354,-1.86055,9.61626
1.7097,-1.86293,9.60197
1.70494,-1.7701,9.70671
1.65733,-1.76534,9.68291
1.63829,-1.68202,9.77098
1.55022,-1.67964,9.77574
1.51927,-1.65108,9.84477
1.62877,-1.62727,9.79002
1.64067,-1.67964,9.69005
1.55736,-1.76057,9.671
1.53831,-1.71059,9.63768
1.56688,-1.78914,9.67577
1.54784,-1.76534,9.70671
1.55022,-1.77962,9.71623
1.56688,-1.74391,9.58055
1.53831,-1.71297,9.62578
1.52641,-1.76295,9.60435
1.44548,-1.70821,9.57341
1.49309,-1.67012,9.671
1.5407,-1.76772,9.69719
1.50261,-1.74629,9.62578
1.56212,-1.8177,9.59245
1.39311,-1.48207,9.20921
1.38359,-1.50349,9.15685
1.50023,-1.50825,9.15208
1.52165,-1.62965,9.26872
1.53593,-1.49159,9.34251
1.60735,-1.42732,9.34013
1.49071,-1.26784,9.24968
1.4431,-1.23451,9.14256
1.47643,-1.22737,9.13066
1.69542,-1.31068,9.09734
1.75255,-1.29164,9.17589
1.78349,-1.22023,9.18303
1.77397,-1.16548,9.29253
1.84538,-1.20357,9.23302
1.89061,-1.20595,9.19017
1.97392,-1.10835,9.26634
2.00963,-1.0417,9.29253
2.03343,-1.05122,9.30443
1.99773,-1.05122,9.27824
2.01915,-0.946487,9.29729
2.71422,-0.329971,9.2354
2.93797,-0.463272,9.23302
3.08556,-0.334732,9.20207
3.12602,-0.0824127,9.2711
2.94511,0.119919,9.40678
2.82372,0.272263,9.43297
2.79991,0.346054,9.68529
2.86418,0.412704,9.84239
2.95226,0.422226,9.9019
3.19981,0.293686,9.9995
3.29027,0.243698,9.89714
3.34026,0.100876,9.88524
3.24742,0.0723114,10.0471
3.19029,0.210373,10.1875
3.32359,0.372238,10.5279
3.6378,0.431747,10.6874
3.8925,0.2556,10.6446
4.09007,-0.0990753,10.6327
4.12578,-0.287125,10.7469
4.1115,-0.429947,10.6493
4.93034,-1.77724,11.0373
4.99461,-1.6606,11.1968
4.98509,-1.49635,11.2968
4.79704,-1.54396,11.4777
4.66136,-1.85817,11.6824
4.66136,-1.92958,11.8514
4.78514,-2.0486,11.9514
4.88988,-2.14381,11.9181
4.86845,-2.36995,11.9228
4.6685,-2.64131,11.8038
4.41618,-2.72224,11.9252
4.27336,-2.72701,12.0347
4.21861,-2.71986,11.9371
4.19481,-2.61989,11.8419
4.10197,-2.57228,11.73
3.95677,-2.62465,11.5301
3.66161,-2.61513,11.3634
3.40929,-2.73653,11.1611
3.22362,-2.94124,10.9326
3.03319,-3.15547,10.8326
1.1646,-2.9698,9.69243
1.01701,-2.74367,9.72575
0.897995,-2.38661,9.79716
0.798019,-2.2795,9.70909
0.595688,-2.11287,9.58769
0.395737,-2.25569,9.34966
0.1577,-2.39851,9.19017
-0.0113068,-2.58656,8.85692
-0.113663,-2.75081,8.82835
-0.218399,-2.74843,8.69029
-0.344559,-2.65321,8.59508
-0.461197,-2.57942,8.54271
-0.570694,-2.33424,8.58794
-0.518326,-2.27711,8.64983
-0.561172,-2.13667,8.53557
-0.682571,-2.00575,8.54747
-0.873001,-2.01527,8.29515
-0.956314,-1.97481,8.2404
-1.11342,-1.82246,8.22136
-1.27528,-1.64394,8.1071
-2.68922,-1.60823,7.06926
-2.70589,-1.53206,7.11687
-2.98201,-1.22975,7.16209
-3.22481,-0.789383,7.07164
-3.36049,-0.496597,7.05022
-3.43428,-0.351395,6.91692
-3.21767,-0.253799,6.8336
-3.0558,-0.232376,6.84312
-3.06294,-0.177628,6.7003
-3.201,-0.187149,6.67174
-3.34859,-0.180008,6.62413
-3.47237,-0.180008,6.50749
-3.48427,-0.0681305,6.43132
-3.2867,0.336533,6.63603
-3.16292,0.841171,6.73839
-3.06532,1.14824,6.55748
-3.41524,1.18871,6.41704
-3.73421,1.11967,6.1552
-3.78181,1.09825,6.22661
-3.69612,1.37675,6.65508
-2.69399,3.47624,7.97142
-2.85347,3.17155,7.69054
-3.08675,2.56694,7.40965
-3.01295,1.74333,7.01451
-3.07008,0.976852,6.76933
-3.05104,1.07445,7.15495
-2.87489,1.33391,8.05711
-2.71303,1.64574,8.53795
-2.51308,1.99327,8.78075
-2.22505,2.62407,8.88072
-1.93227,3.11919,9.02593
-1.80611,3.26915,8.99022
-1.93703,3.4334,9.05687
-2.37978,3.28819,9.05449
-2.57973,2.79784,8.78075
-2.61543,2.43364,8.65697
-2.41548,2.57408,8.70933
-1.9894,2.64787,8.83073
-1.75612,2.63835,8.92833
-2.03462,2.56932,9.03783
-1.68233,1.60289,10.1971
-1.29433,1.78618,10.5041
-0.93013,2.39555,10.7088
-0.758743,2.76689,11.0231
-0.861099,2.5479,10.8588
-1.06343,2.32652,10.716
-1.07533,2.00993,10.7088
-0.832535,1.87901,10.6422
-0.649246,1.69572,10.3994
-0.518326,1.62431,10.328
-0.401688,1.44579,10.3208
-0.499283,0.983994,10.3851
-0.696854,0.76738,10.347
-0.742081,0.629318,10.4232
-0.54213,0.650742,10.4803
-0.139847,0.665024,10.5279
0.193405,0.729294,10.5732
0.262436,0.876877,10.3613
0.338608,0.729294,10.3566
0.379074,0.546005,10.2423
0.421921,0.496017,10.1518
0.431442,0.543625,10.328
0.433823,0.57457,10.466
0.388596,0.524582,10.4756
0.302902,0.341293,10.397
0.317184,0.0651703,10.3066
0.364792,-0.208572,10.1971
0.329086,-0.263321,10.3018
0.310043,-0.213333,10.3637
0.302902,0.0151825,10.4065
0.429062,0.0532684,10.4756
0.621872,0.0675507,10.6232
0.843246,-0.132401,10.5946
0.926559,-0.296646,10.6636
0.938461,-0.51564,10.5398
0.855148,-0.741776,10.4518
0.845627,-0.922684,10.5137
0.990829,-0.951248,10.5946
1.28123,-0.979813,10.6017
1.47643,-0.865555,10.5041
1.60258,-0.694168,10.5755
1.63115,-0.687027,10.5636
1.39787,-0.796524,10.5041
1.23601,-0.925064,10.4613
1.20268,-1.19405,10.2804
1.26219,-1.36305,10.378
1.42882,-1.47969,10.3137
1.6002,-1.50825,10.3232
1.64067,-1.51064,10.2399
1.63353,-1.58681,10.2185
1.45262,-1.52492,10.1328
1.41454,-1.46541,10.1161
1.41454,-1.47731,10.1471
1.48119,-1.65584,10.2375
1.6002,-1.72011,10.5208
1.80254,-1.74391,10.6636
1.93346,-1.64632,10.6184
1.90965,-1.61775,10.6517
1.90251,-1.6487,10.7041
1.93108,-1.76057,10.7493
1.98344,-1.88673,10.597
1.99773,-2.1819,10.3685
1.88823,-2.4128,10.3185
1.97868,-2.46278,10.5113
2.05009,-2.26997,10.6827
2.00487,-1.94624,10.7755
1.95488,-1.83437,10.8136
1.85728,-1.83675,10.6184
1.91679,-2.03432,10.3351
1.88585,-2.16286,10.209
1.87633,-2.14143,10.0757
1.94298,-2.11525,10.1019
1.93346,-2.08192,10.0471
1.9644,-2.11525,9.93999
1.93346,-2.11763,9.76622
1.88109,-1.98909,9.72337
1.88823,-1.73439,9.84715
1.85014,-1.41542,9.81145
1.77397,-1.27974,9.6353
1.65733,-1.29878,9.45677
1.55022,-1.34639,9.42107
1.55498,-1.4297,9.37822
1.61449,-1.35115,9.34489
1.64781,-1.39162,9.37584
1.63829,-1.38686,9.42583
1.49071,-1.1393,9.49962
1.48119,-0.96553,9.41155
1.52641,-0.813187,9.48772
1.54308,-0.746536,9.53294
1.68828,-0.815567,9.502
1.8073,-0.934586,9.47105
1.82396,-1.08455,9.45201
1.93822,-1.12025,9.64482
2.00249,-1.16548,9.65434
2.1096,-1.21309,9.70195
2.03581,-1.2607,9.69243
1.99535,-1.19167,9.65672
1.98344,-1.21071,9.68053
1.98344,-1.14644,9.74004
1.96678,-1.11311,9.7686
1.98582,-1.01552,9.76384
1.84538,-0.917923,9.62102
1.8311,-0.96077,9.62578
1.81682,-0.906021,9.62578
1.8311,-0.96315,9.6353
1.78825,-1.16548,9.56865
1.77635,-1.25594,9.48534
1.75255,-1.31068,9.46391
1.73351,-1.2607,9.48058
1.73827,-1.12025,9.59483
1.80016,-1.03694,9.70195
1.78825,-0.96553,9.68767
1.80254,-1.05122,9.60435
1.79301,-1.175,9.59007
1.88823,-1.25356,9.58769
1.86205,-1.29878,9.57341
1.86919,-1.22975,9.64244
1.80492,-1.23451,9.66863
1.76445,-1.14882,9.61626
1.72398,-1.0298,9.74242
1.6859,-0.925064,9.77098
1.69066,-1.13454,9.55675
1.674,-1.21071,9.59959
1.68352,-1.21547,9.70195
1.72874,-1.21785,9.68767
1.77873,-1.1393,9.75432
1.75493,-1.08693,9.65672
1.74065,-1.1512,9.69719
1.68114,-1.21785,9.64958
1.70256,-1.31783,9.65434
1.75493,-1.30592,9.61864
1.80492,-1.31783,9.67577
1.8073,-1.29164,9.66624
1.80492,-1.22975,9.52104
1.69304,-1.19167,9.68053
1.65733,-1.18214,9.70433
1.59544,-1.08693,9.69481
1.63591,-1.05836,9.77574
1.65257,-1.19881,9.74956
1.7216,-1.28212,9.73766
1.843,-1.35591,9.71147
1.78349,-1.18452,9.68053
1.77635,-1.22737,9.66386
1.73112,-1.25356,9.67339
1.77159,-1.26784,9.58293
1.80492,-1.20357,9.59721
1.71446,-1.17976,9.66148
1.70256,-1.16786,9.6353
1.64781,-1.18929,9.54723
1.55736,-1.20357,9.6472
1.5883,-1.15596,9.68291
1.63353,-1.1869,9.54961
1.72874,-1.29878,9.56865
1.73351,-1.31068,9.59721
1.75493,-1.42256,9.65196
1.74303,-1.44875,9.70671
1.75255,-1.36781,9.74004
1.74065,-1.32259,9.69005
1.72398,-1.25117,9.65196
1.66209,-1.22023,9.76146
1.66924,-1.17024,9.80193
1.59068,-1.34401,9.59007
1.59068,-1.39162,9.52342
1.61449,-1.35829,9.63054
1.68828,-1.2845,9.6234
1.67876,-1.22975,9.671
1.71922,-1.32497,9.63768
1.64067,-1.40114,9.6472
1.64543,-1.41066,9.69005
1.67876,-1.39162,9.671
1.73589,-1.34639,9.69719
1.73827,-1.39876,9.66863
1.74065,-1.37257,9.62578
1.674,-1.35115,9.67815
1.62877,-1.26784,9.75194
1.65971,-1.28688,9.76622
1.64067,-1.33211,9.74004
1.72398,-1.39162,9.62816
1.66685,-1.40352,9.63292
1.63829,-1.37495,9.64482
1.66209,-1.34639,9.671
1.76207,-1.35115,9.69005
1.72874,-1.35353,9.70433
1.65733,-1.35591,9.6591
1.63591,-1.37495,9.60435
1.51927,-1.43922,9.65196
1.54308,-1.37257,9.59721
1.55736,-1.31783,9.61388
1.60973,-1.33449,9.67577
1.64781,-1.44637,9.69005
1.64781,-1.394,9.73052
1.6859,-1.29402,9.72099
1.62401,-1.38924,9.64006
1.56688,-1.45827,9.54961
1.61925,-1.50825,9.55437
1.63115,-1.49635,9.6472
1.64067,-1.38686,9.61626
1.5407,-1.37733,9.6234
1.46214,-1.34639,9.60912
1.47881,-1.33211,9.60197
1.56688,-1.39162,9.64244
1.46452,-1.05122,9.64958
1.55498,-1.08931,9.55675
1.674,-1.1512,9.47343
1.72398,-1.19881,9.54723
1.75017,-1.14406,9.57817
1.74303,-1.06789,9.58055
1.64543,-0.917923,9.60435
1.5883,-0.841751,9.47819
1.54546,-0.779861,9.52104
1.674,-0.646561,9.55675
1.7097,-0.565628,9.43535
1.7216,-0.51088,9.42107
1.66209,-0.437088,9.41631
1.70494,-0.253799,9.35442
1.77873,-0.0514679,9.30919
1.71922,0.165146,9.26634
1.73827,0.286545,8.99974
1.73827,0.400803,8.95927
1.65257,0.600754,8.89977
1.69066,0.924484,8.80931
1.59068,1.22203,8.64745
1.4669,1.57195,8.62602
1.38121,1.88139,8.64269
1.39787,2.03374,8.66411
1.50975,2.0504,8.67601
1.65733,2.01707,8.79741
1.89299,1.97423,8.90929
2.21196,1.82426,9.00212
2.50237,1.75761,9.15447
2.81419,1.50768,9.34727
4.38762,-0.0300446,11.4372
4.45189,-0.125259,11.5253
4.45903,-0.241898,11.6824
4.50664,-0.425186,11.8133
4.61375,-0.777481,11.9395
4.87321,-1.30116,12.0776
5.1898,-1.73677,12.1442
5.35643,-1.87483,12.1609
5.28264,-1.63679,12.3442
4.98985,-1.1631,12.5084
4.42809,-1.67964,11.9086
4.30907,-1.88197,11.7657
4.10435,-2.0843,11.6205
4.07817,-2.19856,11.4848
4.20433,-2.40089,11.3754
4.13292,-2.52467,11.1897
3.92345,-2.73177,10.9969
3.57591,-3.14357,10.6731
3.17363,-3.45778,10.4232
2.80943,-3.52443,10.3804
2.55949,-3.35304,10.3661
2.48094,-3.12215,10.378
2.39525,-2.96742,10.297
2.21196,-2.98885,10.1828
1.93584,-3.12691,9.95427
1.62401,-3.13405,9.65672
1.28362,-3.13405,9.46391
0.990829,-3.03883,9.37822
0.890854,-2.9817,9.23778
0.821823,-2.95314,9.04735
-0.963455,-1.9391,8.05235
-1.13008,-1.93672,7.94286
-1.33003,-2.0248,7.62865
-1.58473,-2.14143,7.28349
-1.84419,-2.14857,7.1859
-2.08461,-1.94624,7.11925
-2.05128,-1.48445,7.3073
-1.88228,-1.05836,7.41679
-1.73946,-0.779861,7.35014
-1.73946,-0.725113,7.30016
-2.85823,-0.853653,6.34087
-2.94392,-1.03694,6.38133
-3.02248,-0.8965,6.54082
-2.82253,-0.553726,6.81694
-2.68208,-0.356155,6.83122
-2.60115,-0.265701,6.7003
-2.68922,-0.039566,6.86693
-2.84633,0.248459,6.91454
-3.05104,0.496017,7.00499
-2.99629,0.843552,7.15495
-2.70827,0.957809,7.2097
-2.60829,0.988754,7.09782
-2.54164,1.00304,7.09544
-2.60591,0.874496,7.14781
-2.84871,0.655502,7.04308
-2.89632,0.507919,6.99547
-2.7654,0.884018,7.36919
-2.33455,1.61955,7.97618
-1.97987,2.10991,8.16661
-1.84181,2.47649,7.94048
-2.22029,2.16466,8.17613
-2.27504,1.5291,8.2047
-2.15126,1.6862,8.83311
-1.73708,1.97899,9.29491
-1.57283,2.41222,9.38536
-1.69185,2.6693,9.18779
-1.76802,2.63121,9.00212
-1.71089,2.64549,9.06877
-1.51094,2.43602,9.08781
-1.5157,2.35033,9.29253
-1.57521,2.37889,9.39964
-1.62758,2.39793,9.56151
-1.60377,2.18608,9.66386
-1.5276,2.08134,9.66148
-1.40144,1.99803,9.66624
-1.18483,1.86473,9.61626
-1.03725,2.00279,9.73527
-0.970596,1.98851,9.99474
-0.844437,1.53862,10.0471
-0.761124,1.29106,10.0209
-0.642105,1.28392,10.0352
-0.435013,1.45055,10.1756
-0.349319,1.6981,10.2875
-0.454056,2.00041,10.4375
-0.568314,2.04564,10.6398
0.41478,0.607895,10.7446
0.464767,0.519821,10.7945
0.283859,0.57695,10.6565
0.200546,0.745956,10.7826
0.307663,0.919724,10.8707
0.445725,1.1649,10.9707
0.643295,1.35533,11.0802
0.888474,1.32439,11.2849
0.997971,1.0078,11.1849
1.02653,0.695969,11.0064
1.05748,0.453171,10.7898
1.17412,0.0794525,10.7731
1.36217,-0.149063,10.6351
1.48357,-0.32283,10.6827
1.64781,-0.218094,10.6922
1.65733,0.0961151,10.6969
1.67876,0.31749,10.7898
1.65733,0.524582,10.7255
1.63829,0.405563,10.7207
1.674,0.324631,10.6208
1.97868,-0.0490875,10.7684
2.16197,-0.0562286,10.6255
2.27623,0.0104218,10.5446
2.35954,-0.0348053,10.5517
2.30241,-0.151443,10.5303
2.27385,-0.263321,10.5732
2.29765,-0.270462,10.4399
2.34764,-0.180008,10.4113
2.32622,-0.0609894,10.4399
2.32622,-0.0800324,10.4684
2.36192,-0.118118,10.5565
2.42857,-0.203812,10.4208
2.38097,-0.425186,10.3994
2.2191,-0.691788,10.4137
2.12389,-0.917923,10.497
2.17387,-0.917923,10.6946
2.3405,-1.0536,10.7707
2.46428,-1.22499,10.7493
2.4976,-1.32497,10.666
2.44048,-1.45827,10.6636
2.39763,-1.52492,10.5184
2.42619,-1.56538,10.3851
2.42857,-1.69392,10.1756
2.4381,-1.80818,10.0971
2.51427,-1.78914,10.1756
2.50713,-1.82008,10.1304
2.40001,-1.80104,10.0304
2.29527,-1.71535,10.0542
2.28813,-1.82961,9.86382
2.24767,-1.68678,9.66148
2.16673,-1.71535,9.48772
2.0858,-1.72963,9.18065
2.01915,-1.73439,9.12114
1.98821,-1.62489,9.14018
1.98582,-1.31068,9.08305
1.96202,-1.01314,9.12828
1.90489,-0.851273,9.06401
1.81682,-0.810806,9.03307
1.82158,-0.815567,9.12352
1.91679,-0.882217,9.19969
1.95964,-0.853653,9.21635
1.9763,-0.782242,9.28062
1.94536,-0.70845,9.26396
1.90013,-0.839371,9.26872
1.91203,-0.817947,9.24968
1.96202,-0.713211,9.43773
1.98106,-0.544205,9.60197
2.05486,-0.508499,9.67339
2.11198,-0.696548,9.52104
2.15959,-0.617996,9.69719
2.12151,-0.589432,9.6472
2.10246,-0.610855,9.70909
2.07628,-0.563248,9.64244
2.11913,-0.556107,9.70195
2.15721,-0.622757,9.67815
2.14531,-0.651321,9.61864
2.0858,-0.70607,9.54246
2.02153,-0.713211,9.50914
2.00011,-0.582291,9.52818
1.99535,-0.406143,9.60674
1.98582,-0.356155,9.53294
2.02391,-0.482315,9.50914
2.03581,-0.656082,9.54246
2.05486,-0.729874,9.54246
2.00725,-0.791763,9.55675
2.01201,-0.77272,9.56627
2.05962,-0.660843,9.60435
2.04533,-0.553726,9.60197
2.04295,-0.413284,9.65434
1.95012,-0.327591,9.60197
2.01201,-0.377579,9.6353
2.0977,-0.494217,9.60674
2.09532,-0.694168,9.52104
2.12151,-0.777481,9.58769
2.19292,-0.656082,9.61864
2.16673,-0.622757,9.59959
2.09532,-0.596573,9.61864
2.04771,-0.51088,9.56389
2.062,-0.427567,9.67339
2.05486,-0.45137,9.57817
2.06438,-0.548965,9.53532
1.97154,-0.627518,9.54485
1.97154,-0.556107,9.6234
1.98106,-0.51564,9.65672
1.99297,-0.556107,9.59959
2.05247,-0.468033,9.63768
2.05247,-0.468033,9.71385
2.03343,-0.441849,9.59721
1.98582,-0.501358,9.59483
1.98582,-0.548965,9.6353
1.99297,-0.560867,9.60674
1.99773,-0.560867,9.57817
2.00011,-0.472794,9.69005
2.07628,-0.482315,9.62102
2.12389,-0.568008,9.63054
2.09294,-0.594193,9.64958
2.10484,-0.672745,9.69005
2.05724,-0.684647,9.62816
2.07628,-0.710831,9.62578
1.94774,-0.494217,9.59959
1.88823,-0.429947,9.56151
1.94298,-0.415665,9.59007
1.98344,-0.482315,9.60674
2.00011,-0.534683,9.60197
2.08104,-0.694168,9.57579
2.05486,-0.684647,9.55913
2.01915,-0.758438,9.47105
1.95964,-0.760818,9.48534
1.96678,-0.789383,9.39488
2.05009,-0.720352,9.44011
2.11674,-0.572769,9.50438
2.17149,-0.494217,9.63768
2.10722,-0.472794,9.55437
2.00725,-0.44899,9.67339
1.90013,-0.472794,9.58293
1.94298,-0.463272,9.70909
2.04771,-0.446609,9.64958
2.18816,-0.582291,9.66148
2.2429,-0.620377,9.66624
1.98582,-0.57753,9.55437
1.97154,-0.582291,9.59483
2.10722,-0.603714,9.63054
2.15245,-0.622757,9.6234
2.10722,-0.637039,9.66386
2.0977,-0.76796,9.57103
2.01439,-0.727493,9.59245
2.05486,-0.637039,9.53532
2.11674,-0.646561,9.44011
2.06676,-0.587051,9.53532
2.11198,-0.506119,9.56627
2.05724,-0.546585,9.51866
2.05962,-0.584671,9.56151
2.05247,-0.625137,9.62816
2.10246,-0.57753,9.61864
2.08104,-0.532303,9.63054
2.15483,-0.620377,9.55675
2.18578,-0.558487,9.54485
2.15245,-0.57515,9.54723
2.0739,-0.587051,9.50914
2.11913,-0.6418,9.671
2.07866,-0.551346,9.63768
2.10246,-0.458511,9.64244
2.06438,-0.418045,9.69481
2.10722,-0.437088,9.65672
2.05247,-0.356155,9.60912
2.04057,-0.375198,9.62102
1.95964,-0.539444,9.59483
2.05009,-0.608475,9.56627
2.0739,-0.537064,9.58769
2.16197,-0.356155,9.67339
2.17149,-0.215714,9.78764
2.13579,-0.234756,9.66624
2.04771,-0.303787,9.62816
2.01915,-0.439468,9.502
2.02629,-0.51326,9.46629
2.16673,-0.613236,9.48534
2.15721,-0.487076,9.53056
2.16673,-0.427567,9.48772
2.15721,-0.413284,9.46629
2.14055,-0.379959,9.47582
2.05962,-0.465652,9.51866
2.09532,-0.520401,9.42821
2.01439,-0.45137,9.45439
2.06438,-0.420425,9.50438
2.01677,-0.553726,9.48296
2.04057,-0.472794,9.5139
2.10722,-0.425186,9.54246
2.08104,-0.429947,9.45677
2.05009,-0.44899,9.41631
2.08342,-0.596573,9.30919
2.00725,-0.710831,9.20921
1.94536,-0.746536,9.19255
2.04057,-0.63942,9.09019
2.08342,-0.532303,9.21397
2.12389,-0.544205,9.22111
2.12151,-0.610855,9.20921
2.35478,-2.89839,8.65221
2.36906,-2.76747,8.84264
2.42143,-2.83412,8.84502
2.35002,-2.85555,8.92595
2.41429,-2.77699,9.03307
2.4738,-2.72701,9.17827
2.56425,-2.68892,9.27824
2.60234,-2.75081,9.48058
2.61186,-2.8365,9.77336
2.74278,-2.76033,9.83049
2.77373,-2.82222,9.97331
2.80943,-2.71272,10.0995
2.84752,-2.63417,10.3089
2.90465,-2.58894,10.6041
3.1046,-2.45088,10.7731
3.29979,-2.23427,11.1397
3.52592,-2.34615,11.1968
3.614,-2.15572,11.2087
3.69017,-2.12001,11.1968
3.7473,-1.90102,11.3016
3.80443,-1.89149,11.3682
3.8568,-1.89388,11.2968
3.96867,-2.13191,11.4063
4.19005,-2.4366,11.5753
4.53282,-2.61751,11.7657
4.97557,-2.30092,11.9633
5.29454,-1.62489,12.2228
5.3231,-0.975052,12.0823
5.05412,-0.734634,11.6777
4.67326,-0.846512,11.3682
4.57091,-1.01552,11.1873
4.63518,-0.908401,11.2778
4.73991,-0.556107,11.461
4.70659,-0.0919342,11.4801
4.60661,0.555527,11.6991
4.42094,0.860214,11.6229
4.23528,1.20537,11.4039
3.98296,1.2863,11.1064
3.70445,1.19109,10.9778
3.48308,1.11491,10.8993
3.39976,1.0316,10.8231
3.52116,1.15538,10.9707
3.72588,1.46959,11.1111
3.75444,1.96947,11.0492
3.58305,2.26939,10.9873
3.25456,2.35271,10.8588
2.89037,2.25749,10.7541
2.52617,2.13847,10.8493
2.4857,1.95042,10.8041
2.53093,1.9171,10.8112
1.67162,1.51958,9.40678
1.42882,1.41484,9.21635
1.11461,1.39104,9.13304
0.902756,1.36961,9.10448
0.733749,1.55052,9.20683
0.700424,1.7719,9.11638
0.593307,1.95518,9.14256
0.467148,2.11705,9.05925
0.241013,2.25987,8.96404
-0.0113068,2.31462,8.83311
-1.37288,2.54076,7.56676
-1.58473,2.67406,7.43108
-1.85133,2.73119,7.38823
-2.02272,2.71214,7.16685
-2.14174,2.75975,7.09306
-2.1346,2.62883,6.97166
-2.13936,2.47411,6.92882
-2.13936,2.23845,6.87407
-2.15364,2.11705,6.97166
-2.21315,1.85283,7.09306
-2.37502,1.75999,6.98833
-2.38216,1.72667,7.03355
-2.32741,1.6505,7.02403
-2.35359,1.69096,7.00975
-2.30598,1.75523,6.91454
-2.28932,1.81474,6.99785
-2.46785,1.84569,7.11449
-2.6321,1.85283,7.20494
-2.66304,1.83617,7.33348
-2.60829,1.65288,7.2954
-3.01295,0.717392,7.38109
-3.2748,0.536484,7.39775
-3.30574,0.269882,7.60484
-3.00819,0.0865936,7.67625
-2.59877,0.0794525,7.83336
-2.4131,0.19133,7.99522
-2.50594,0.177048,7.95714
-2.83681,-0.137161,7.81194
-3.19862,-0.410904,7.78099
-3.25575,-0.810806,7.64293
-0.67543,-1.0179,10.7017
-0.706375,-1.07265,10.8326
-0.580215,-0.879837,10.816
-0.358841,-0.694168,10.9183
-0.344559,-0.813187,10.8802
-0.313614,-1.18452,10.7612
-0.301712,-1.62965,10.8541
-0.277908,-1.92482,10.885
-0.22554,-1.85341,10.9778
-0.0993805,-1.63918,11.0897
0.110092,-1.06551,11.1016
0.293381,-0.584671,11.2635
0.376694,-0.363297,11.2897
0.35289,-0.565628,11.2397
0.145798,-1.03932,11.0968
0.0148773,-1.14882,11.1135
0.174362,-1.30116,11.3396
0.424301,-1.08693,11.5348
0.574264,-0.70607,11.6015
0.740891,-0.527542,11.5206
0.755173,-0.51564,11.3873
0.843246,-0.537064,11.2516
0.914658,-0.746536,11.0469
1.00273,-0.894119,10.9207
1.01939,-1.08455,10.7279
1.05748,-1.06551,10.8183
1.09319,-1.14882,10.8731
1.19316,-1.20357,10.9159
1.28838,-1.05836,10.8921
1.3455,-0.875076,10.8517
1.47881,-0.596573,10.7874
1.52165,-0.415665,10.7374
1.48595,-0.234756,10.6731
1.08604,-0.603714,10.3756
1.13246,-0.76915,10.4434
1.50975,-0.416855,10.4589
1.61449,0.0556488,10.3208
1.61568,0.0187531,10.3292
1.55379,-0.349014,10.2709
1.66685,-0.413284,10.3101
1.81444,-0.51326,10.1352
1.97154,-0.295456,9.99712
1.86324,0.172287,10.1661
1.71208,0.0151825,10.1661
1.69661,-0.0717011,10.1852
1.76564,-0.196671,10.2363
1.74541,-0.306168,10.084
1.68352,-0.231186,10.0661
1.79301,-0.144302,10.1483
1.93703,-0.0240936,10.228
1.95964,-0.0717011,10.1899
1.87395,-0.518021,9.88286
1.83705,-0.526352,9.69957
1.7942,-0.096695,9.75789
1.69661,0.200851,9.80312
1.51927,-0.0514679,9.73289
1.5157,-0.359726,9.66863
1.53236,-0.446609,9.69838
1.45619,-0.277603,9.64601
1.34789,-0.077652,9.58412
1.28242,0.102066,9.54128
1.31813,0.0496979,9.5389
1.32646,-0.143112,9.52342
1.49547,-0.421616,9.53175
1.69423,-0.654892,9.6841
1.74898,-0.619186,9.81026
1.65257,-0.657272,9.89357
1.64305,-0.719162,9.86025
1.6133,-0.634659,9.89
1.48714,-0.745346,9.83406
1.38716,-0.733444,9.75194
1.43834,-0.809616,9.78645
1.56093,-0.866745,9.76741
1.42882,-0.842941,9.77455
1.36693,-0.697739,9.77455
1.39073,-0.819138,9.71623
1.52522,-0.810806,9.77931
1.45619,-0.935776,9.64482
1.34908,-1.12859,9.55437
1.37883,-0.96553,9.59602
1.40025,-0.83461,9.72575
1.32765,-0.977432,9.696
1.36217,-1.09645,9.65077
1.43358,-1.1143,9.72337
1.40858,-1.03694,9.7567
1.33836,-1.0179,9.80669
1.36812,-1.09407,9.80431
1.3705,-1.02028,9.77574
1.29433,-0.884598,9.83406
1.2979,-0.985764,9.70433
1.34193,-1.0786,9.7079
1.40025,-1.1512,9.75194
1.35265,-0.96553,9.87215
1.35027,-0.820328,9.82216
1.37764,-1.05836,9.70076
1.38835,-1.26189,9.70671
1.3943,-1.15596,9.76027
1.43596,-1.03218,9.76741
1.38716,-0.997665,9.79478
1.25981,-1.02504,9.63649
1.30504,-1.0536,9.65077
1.42049,-1.16191,9.69719
1.39906,-1.14644,9.69719
1.34431,-0.883408,9.81026
1.42882,-0.867935,9.87215
1.44191,-1.03099,9.79478
1.39787,-1.12383,9.74837
1.38478,-1.13454,9.66386
1.45381,-1.03694,9.72575
1.33836,-0.869125,9.77931
1.31456,-1.03575,9.79478
1.33598,-1.14168,9.76503
1.35503,-1.03337,9.83644
1.34908,-1.04408,9.83287
1.31575,-1.02147,9.83882
1.31932,-1.16072,9.7567
1.41097,-1.24046,9.696
1.32884,-1.27855,9.71147
1.27528,-1.31187,9.66267
1.30028,-1.21547,9.66863
1.34312,-1.11311,9.67339
1.286,-1.00124,9.73289
1.25148,-1.18452,9.66863
1.39906,-1.22737,9.696
1.33836,-1.21309,9.72456
1.1884,-1.10954,9.64244
1.16936,-1.16548,9.59483
1.26338,-1.19167,9.59245
1.34193,-1.17381,9.5746
1.3586,-1.0786,9.57103
1.26219,-1.14049,9.57341
1.29076,-0.966721,9.54604
1.45976,-1.10716,9.40321
1.47524,-1.2726,9.14732
1.38954,-1.20714,8.87477
1.34312,-0.998856,8.72005
1.41097,-0.796524,8.507
1.46928,-0.778671,8.22612
1.39787,-0.841751,8.11662
1.39787,-0.841751,8.12138
1.48476,-0.787003,8.22136
1.7704,-0.982193,8.28206
2.02629,-1.03694,8.11186
2.22148,-0.911972,8.28325
2.51189,-0.875076,8.3249
2.93797,-1.23213,8.0345
3.30336,-1.67012,7.52986
3.64375,-1.6606,7.44536
4.05556,-1.37852,7.54057
4.26503,-0.77272,7.62865
4.49355,-0.397812,7.53224
4.5721,-0.547775,7.02284
4.85774,-0.989334,6.80266
5.4695,-1.12621,7.02165
6.18004,-1.46422,7.17281
6.67754,-1.12383,7.19185
6.75609,-0.155014,7.40132
6.70253,-0.172867,6.65746
6.97032,-0.731064,6.38371
7.30833,-0.936966,6.18852
7.48924,-0.90126,5.90526
7.94151,-0.666794,5.73149
8.81154,-0.135971,5.4268
9.45662,0.278214,5.22447
10.0267,0.416275,5.09474
10.7396,-0.226425,4.83647
11.374,-0.554916,4.78886
11.5549,-0.506119,4.68175
11.4323,-0.801285,4.24138
11.1062,-0.894119,4.13188
10.936,-0.31926,4.03905
10.4933,0.103256,3.77126
10.3695,-0.25737,3.54869
10.3493,-0.358536,3.19164
9.86842,0.130631,2.73698
9.58397,0.182999,2.62273
9.75655,0.38176,2.20973
9.68394,0.756668,2.0443
9.61134,0.461502,1.73842
10.0196,-0.0609894,1.57536
10.2945,0.0711212,1.73128
10.1172,0.436508,1.97289
10.1303,0.682877,2.44063
10.2671,0.76976,2.39183
10.26,0.685257,2.28114
10.2076,0.594803,2.20021
10.0029,1.03398,2.02168
9.93864,1.15657,1.95265
10.1493,0.676926,2.105
9.95888,0.32225,2.3466
10.1695,0.243698,2.68105
10.5504,0.0687408,2.92503
10.8075,0.45079,3.18687
10.9098,0.631699,3.24995
10.9884,0.491257,3.56416
10.8218,0.269882,3.62248
10.548,0.178238,3.86766
10.2957,0.179428,4.03191
10.0731,-0.164536,4.1057
10.0517,-0.612045,4.39729
9.93388,-0.543014,4.53059
9.56016,-0.200241,4.71388
9.22453,-0.435898,5.03761
9.07576,-0.696548,5.18758
8.7437,-0.776291,5.50179
8.47472,-0.934586,5.64699
8.31166,-1.0905,6.11116
8.18907,-0.909592,6.25874
7.73204,-0.502548,6.56462
7.29524,-0.589432,7.00499
6.95128,-0.941727,7.00618
6.65373,-1.07146,7.3192
6.39427,-1.3821,7.46797
6.03008,-1.41304,7.58461
5.46355,-1.19762,7.97261
4.90178,-1.00481,8.14043
4.45903,-1.37495,8.14162
4.16743,-2.01765,8.01546
3.65923,-1.63322,8.05116
3.02486,-0.954819,8.13329
2.40953,-0.90126,8.01903
1.80968,-0.986954,7.79289
1.25148,-1.33449,7.61794
0.851578,-1.63203,7.3799
0.404068,-1.32021,7.29778
0.292191,-1.07503,7.46559
0.227921,-1.03337,7.59056
0.00535583,-1.0179,7.49773
-0.337418,-0.920303,7.56081
-0.577835,-0.777481,7.85002
-0.512375,-0.808426,8.14757
-0.446915,-0.842941,8.50105
-0.460007,-1.16429,8.57841
-0.28981,-1.20833,8.95213
0.0482025,-1.0786,9.49248
0.470718,-1.38686,9.84239
0.812302,-1.77486,10.0043
0.715897,-1.83794,10.1697
0.755173,-1.85103,10.1756
0.80397,-1.88078,10.3089
0.874191,-1.58205,10.2923
0.615921,-1.43446,10.0578
0.592117,-1.51302,10.1066
0.711136,-1.61537,10.0959
0.819443,-1.72011,10.0483
0.726608,-1.47374,10.0197
0.576645,-1.44637,9.81859
0.534988,-1.65941,9.6722
0.450485,-1.60942,9.70076
0.490952,-1.55229,9.74123
0.577835,-1.3333,9.81026
0.580215,-1.29878,9.6472
0.488571,-1.5273,9.49843
0.558792,-1.63203,9.69481
0.632584,-1.78676,9.79955
0.746841,-1.55705,9.91856
0.658768,-1.48207,9.83763
0.602829,-1.54396,9.76146
0.645676,-1.61656,9.79955
0.765884,-1.58919,9.80193
0.67305,-1.55229,9.85667
0.693283,-1.61656,9.80073
0.80278,-1.6606,9.8055
0.698044,-1.64394,9.78407
0.500473,-1.48445,9.78526
0.573074,-1.42018,9.84477
0.621872,-1.37852,9.82692
0.599258,-1.5023,9.78883
0.552841,-1.57372,9.80669
0.642105,-1.5392,9.88881
0.80516,-1.43803,9.9626
0.781357,-1.45351,9.89
0.825394,-1.66774,9.79359
0.836105,-1.73558,9.80312
0.851578,-1.60942,9.87096
0.728989,-1.57252,9.6722
0.61235,-1.67012,9.55913
0.698044,-1.56776,9.67577
0.621872,-1.40947,9.696
0.619492,-1.42256,9.82335
0.703995,-1.47969,9.72218
0.60997,-1.58919,9.68529
0.633774,-1.61656,9.74361
0.661148,-1.52968,9.80431
0.784927,-1.54515,9.82097
0.711136,-1.51183,9.99831
0.807541,-1.54039,10.4791
0.911087,-1.62251,10.6839
0.880142,-1.6356,10.9981
0.921799,-1.6844,11.4301
1.22292,-1.73201,11.6634
1.47166,-1.80104,12.0538
1.52403,-1.92601,12.5441
1.89061,-2.40804,12.6298
1.89775,-2.63774,12.7012
1.60973,-2.52824,12.9202
1.14555,-2.26759,12.287
0.261246,-2.01884,11.736
-0.319565,-2.2307,11.4408
-0.504044,-2.19737,10.7648
-1.08604,-1.78676,10.0447
-1.82872,-1.66179,9.93761
-2.37502,-1.64156,9.51747
-2.79634,-1.77248,9.0164
-3.31407,-1.6487,8.14638
-4.00795,-1.22737,7.33229
-4.62804,-0.857224,6.61104
-5.12434,-0.8358,6.1183
-5.51472,-1.08098,5.56248
-5.8694,-1.00362,5.08522
-6.33476,-0.737015,4.5663
-6.73228,-0.766769,4.3485
-6.90486,-0.794144,4.06404
-7.02507,-0.864365,4.30684
-7.18932,-0.334732,4.21519
-7.688,-0.0562286,4.0688
-8.04268,-0.0859833,3.463
-8.33308,-0.0895538,3.23567
-8.5247,0.387711,2.73222
-8.9258,1.08159,2.40254
-9.45067,1.48387,1.50395
-9.89461,1.94209,0.501816
-10.3195,2.03255,0.458969
-10.4266,1.88496,0.767227
-10.141,1.73857,1.37422
-9.82558,1.13872,2.13832
-9.64467,0.919724,2.63582
-9.5435,0.592422,3.03572
-9.64348,0.432938,2.65248
-9.84343,0.45079,2.88576
-9.99458,0.480545,2.60606
-9.96602,0.426987,2.25853
-9.82082,0.632889,2.10024
-9.85057,1.03041,1.73128
-9.80772,0.782852,1.92647
-9.47923,0.338913,2.32994
-9.29713,0.138962,2.59416
-9.12932,0.329391,3.12856
-9.05315,0.465073,3.28566
-8.90437,0.221085,3.47014
-8.66396,0.0342255,3.70103
-8.58302,-0.0847931,3.90813
-8.59016,0.100876,4.00453
-8.48543,0.31868,4.19496
-8.15337,0.228226,4.26756
-7.8582,0.0508881,4.46751
-7.66777,-0.013382,4.63295
-7.36308,-0.200241,5.30659
-6.89415,-0.272842,5.98143
-6.5359,-0.820328,6.33491
-6.46211,-1.20595,6.18495
-6.28835,-0.90007,5.8279
-5.90868,-0.752487,6.54439
-5.13148,-0.841751,7.17162
-4.92796,-1.01552,7.52867
-4.87798,-0.935776,7.7191
-4.5721,-0.314499,8.01308
-4.05913,-0.568008,8.13924
-3.72112,-1.06789,8.34633
-3.34621,-1.38091,8.58675
-2.79991,-0.853653,9.46272
-2.06795,-0.792953,9.91618
-1.6609,-1.54753,9.83644
-1.72874,-1.57848,9.8662
-1.40144,-1.03456,10.6434
-0.912277,-0.904831,10.9897
-0.35527,-1.56062,11.2254
0.0839081,-1.59395,10.8481
-0.0636749,-1.21785,11.3301
0.104141,-1.30116,11.4146
0.227921,-1.17619,11.1921
0.181503,-0.820328,11.3515
0.319565,-1.16548,10.8957
0.277908,-1.1631,10.5041
0.588547,-1.07265,11.0635
0.990829,-0.823898,11.2456
1.36098,-1.006,11.1135
1.35503,-1.27855,10.6791
1.33003,-1.07741,10.7303
1.38716,-1.08931,10.5767
1.62401,-1.0786,10.91
1.80611,-1.13573,10.5958
1.69661,-0.917923,10.4018
1.40739,-0.740585,10.3256
1.39787,-1.03575,10.1173
1.33479,-1.0667,10.1423
1.14198,-0.979813,10.0209
1.15508,-1.08217,9.85191
1.27647,-0.966721,9.85786
1.21577,-0.994095,9.77098
1.12294,-0.950058,9.83287
1.14317,-0.938156,9.82097
1.10509,-1.04765,9.64125
1.17412,-1.16786,9.59126
1.08366,-0.915543,9.66863
1.067,-0.801285,9.79359
1.11937,-1.00838,9.65553
1.13127,-1.00124,9.56508
1.02058,-0.925064,9.57936
1.02534,-1.02504,9.64363
1.19197,-0.932205,9.66505
1.17769,-0.863174,9.83525
1.19078,-1.01909,9.72337
1.28957,-1.006,9.78407
1.36574,-1.11668,9.83763
1.29671,-1.20476,9.76622
1.25148,-1.04646,9.83406
1.26338,-1.05241,9.72932
1.26219,-1.00243,9.69005
1.15031,-0.991715,9.72099
1.19792,-1.00481,9.76265
1.19316,-1.0417,9.81502
1.11342,-1.05836,9.75432
1.15388,-1.01671,9.74004
1.19911,-0.977432,9.8293
1.22173,-1.02504,9.89476
1.24315,-1.07265,9.87691
1.25981,-1.03813,9.91618
1.24672,-1.02504,9.81978
1.15865,-1.03694,9.7567
1.09795,-1.02504,9.79121
1.20982,-1.05598,9.70195
1.23839,-1.05122,9.76265
1.18364,-0.947678,9.82216
1.15388,-0.978622,9.79359
1.17888,-1.04646,9.73527
1.19911,-0.96196,9.74123
1.18245,-0.995285,9.86025
1.20506,-1.05479,9.78407
1.16222,-1.05479,9.64958
1.24077,-1.06551,9.69362
1.30504,-1.04884,9.79359
1.17769,-0.841751,9.85429
1.23006,-0.877457,9.88643
1.38359,-1.14882,9.75789
1.31456,-1.2238,9.64363
1.10033,-1.07384,9.64244
1.06105,-0.96553,9.63649
1.14079,-0.846512,9.58769
1.00035,-0.871506,9.54604
1.01701,-0.942917,9.54365
1.18721,-1.14049,9.67815
1.23839,-1.23332,9.70909
1.15865,-1.04527,9.84477
1.26814,-1.00362,9.88167
1.37526,-1.07265,9.96141
1.46095,-1.1869,9.9626
1.33955,-1.04289,9.95546
1.20625,-1.00005,9.91261
1.15388,-0.948868,9.84477
1.1646,-0.863174,9.9138
1.23958,-0.864365,9.78764
1.43596,-1.06194,9.83882
1.63353,-1.02861,9.82573
1.68947,-1.0298,9.88048
1.7216,-1.13097,9.80788
1.70137,-1.05836,9.76146
1.52046,-0.934586,9.76503
1.36812,-0.982193,9.70314
1.5645,-0.986954,9.80073
1.5407,-0.934586,9.57103
1.34669,-0.944107,9.39964
1.43358,-0.96196,9.5258
1.45024,-1.03932,9.6353
1.39906,-0.920303,9.80312
1.73232,-0.614426,10.0423
1.89299,-0.565628,10.0661
1.74541,-0.551346,9.79716
1.71565,-0.609665,9.76979
1.66447,-0.813187,9.7198
1.61449,-0.958389,9.89595
1.58949,-0.850082,9.81621
1.66804,-0.810806,9.84834
1.7347,-0.944107,9.77693
1.70137,-1.11787,9.69719
1.70018,-0.981003,9.73409
1.73589,-0.827469,9.60317
1.77397,-1.13335,9.38179
1.68709,-0.975052,9.34013
1.61925,-0.808426,9.36513
1.72041,-1.00838,9.28896
1.56688,-0.885788,9.17232
1.45619,-0.5811,9.12828
1.33717,-0.462082,9.23183
1.32289,-0.814377,9.21516
1.08604,-0.907211,9.11043
1.28838,-0.531113,9.37703
1.63353,-0.45256,9.47819
1.77278,-0.433517,9.52699
1.93941,-0.57753,9.74004
2.24409,-0.860794,9.91023
2.54283,-1.08217,9.82573
3.10341,-1.29402,9.91618
3.26527,-1.22142,10.0054
2.75706,-0.973862,10.0209
2.21315,-0.958389,9.85548
2.23457,-1.03218,9.69362
2.46428,-1.08455,9.4294
2.35121,-1.14525,9.33656
2.44405,-1.2119,9.37703
2.813,-1.12383,9.33061
2.85347,-1.13573,9.20326
2.64876,-1.15715,9.29134
2.69041,-0.953629,9.37584
2.71303,-0.891739,9.37941
2.76897,-0.979813,9.24254
2.8856,-0.889359,9.40678
2.98439,-0.518021,9.64244
2.96178,-0.604904,9.62459
2.9225,-1.08098,9.56032
2.67494,-1.04765,9.61388
2.5464,-0.560867,9.86858
2.84276,-0.489456,10.0304
2.813,-0.892929,10.0043
2.74159,-1.12502,10.2816
2.79277,-1.05479,10.4327
2.81657,-1.0179,10.7374
2.79158,-0.967911,10.8493
2.85228,-0.676315,11.2099
3.1046,-0.920303,11.6301
3.37953,-1.16905,11.7931
3.34621,-1.06789,11.786
3.1772,-0.933395,12.1014
3.13435,-0.662033,12.3632
3.04985,-0.913162,12.03
2.75587,-0.96196,11.8574
2.20125,-0.765579,11.7657
1.81801,-0.892929,11.4563
1.65733,-1.27855,10.9445
1.18483,-1.41423,10.3792
0.35051,-1.14406,10.2518
-0.100571,-0.875076,10.3089
-0.583786,-0.691788,9.50557
-1.53712,-0.506119,8.90929
-2.30241,-0.334732,8.47844
-2.75468,-0.597763,8.08568
-3.23195,-0.597763,7.95833
-3.56639,-0.477554,7.88454
-3.70564,-0.170486,7.40489
-4.17696,0.323441,6.82527
-4.90535,0.303207,6.28493
-5.43736,-0.0371857,5.93025
-5.59566,-0.147873,5.87312
-5.7123,-0.120499,5.43752
-6.5609,0.31987,4.65437
-7.13219,0.343674,4.7365
-7.01198,0.332962,4.47108
-7.08339,0.0675507,4.37111
-7.44521,0.2556,4.22591
-7.84987,0.426987,3.66057
-8.15337,0.788803,3.32375
-8.39616,1.14705,2.94884
-8.70561,1.81593,2.46919
-9.0948,2.14442,1.85268
-9.5078,2.23845,1.18379
-9.7625,2.3539,1.13142
-9.94817,2.62645,0.691055
-10.1231,2.69072,-0.198013
-10.3897,2.69072,-0.920456
-10.5111,2.56337,-1.28108
-10.5575,2.59908,-1.32274
-10.3088,2.67287,-0.975204
-10.1695,2.53123,-1.06923
-10.2326,2.44673,-1.32869
-10.0065,2.1599,-1.04781
-9.7137,1.83736,-0.545547
-9.74345,1.66002,-0.0087738
-9.84343,1.65883,0.159042
-9.59349,1.87187,0.639877
-9.58754,1.50053,0.807693
-9.52446,1.07088,1.05049
-9.34117,1.06612,1.53133
-9.21739,1.20537,2.03358
-9.13051,1.2625,2.34303
-9.12932,1.07088,2.49776
-8.87224,0.816177,2.94884
-8.41521,0.598373,3.43324
-8.45448,0.57695,3.73436
-8.29619,0.918533,4.00215
-8.0153,0.901871,4.20448
-7.76656,0.4496,4.20805
-7.36308,-0.0943146,4.68056
-6.99532,0.415085,5.68269
-6.56328,0.747147,6.67055
-6.23241,0.294876,6.63246
-6.32762,-0.370438,6.01595
-6.33952,-0.546585,5.62795
-6.04198,0.109207,5.94334
-5.28264,0.134201,7.756
-4.15196,-0.482315,8.20827
-4.23766,-0.763199,7.54176
-4.60304,-0.12764,7.26207
-3.80919,-0.440659,8.36537
-2.58211,-1.03932,9.43535
-2.00487,-1.48088,9.5389
-2.18816,-0.89888,9.60674
-2.24409,-0.233566,9.50319
-2.0013,-0.171677,9.54365
-1.4431,-1.03456,10.0173
-0.667099,-1.36543,10.6648
-0.231491,-0.591812,10.9897
-0.0922394,0.158005,11.3527
-0.0862885,0.0877838,11.0171
0.113663,-0.762009,10.7981
0.373123,-0.764389,11.0528
0.525467,-0.103836,11.2789
0.413589,0.148483,11.292
0.906326,-0.237137,11.7276
1.5038,-0.453751,11.3968
1.45857,-0.0609894,11.2694
1.28957,-0.277603,11.4503
1.44072,-0.314499,11.2718
1.52284,-0.199051,11.0278
1.44429,-0.221664,10.7136
1.35265,-0.0645599,10.4018
1.38002,-0.250229,10.078
1.50975,-0.334732,10.0364
1.69423,-0.333542,10.015
1.69542,-0.32402,10.0554
1.60973,-0.45137,9.83763
1.65614,-0.493027,9.76622
1.69185,-0.12645,9.90547
1.74184,-0.115738,10.234
1.83943,-0.289505,10.0864
1.7347,-0.401382,9.91499
1.6859,-0.64299,9.93999
1.61211,-0.494217,9.91856
1.64186,-0.200241,9.97331
1.59306,-0.184769,9.9507
1.56807,-0.296646,9.81978
1.67162,-0.401382,9.70909
1.67519,-0.454941,9.6722
1.55855,-0.532303,9.59126
1.57521,-0.469223,9.63292
1.60139,-0.395432,9.69481
1.53117,-0.32164,9.71504
1.50261,-0.441849,9.62578
1.68471,-0.589432,9.63411
1.68233,-0.435898,9.62102
1.55022,-0.490646,9.64363
1.74303,-0.590622,9.57817
1.73946,-0.619186,9.53413
1.69542,-0.518021,9.64363
1.60258,-0.51088,9.6841
1.66447,-0.497787,9.62221
1.72636,-0.463272,9.58293
1.75969,-0.635849,9.63411
1.74779,-0.652512,9.63173
1.69899,-0.308548,9.6841
1.69899,-0.172867,9.71028
1.79539,-0.503738,9.69362
1.87395,-0.696548,9.6472
1.83586,-0.620377,9.61745
1.75136,-0.315689,9.57936
1.71803,-0.297836,9.54485
1.7347,-0.394241,9.57222
1.73351,-0.498978,9.58412
1.66566,-0.648941,9.37584
1.79063,-0.751297,9.24611
1.89418,-0.489456,9.2354
1.89299,-0.339493,9.13542
1.75017,-0.613236,8.87834
1.9156,-0.681076,8.726
2.1096,-0.607285,8.49986
2.26195,-0.652512,7.99998
2.50237,-0.376389,7.67149
2.55473,-0.115738,7.41798
2.47499,-0.0252838,7.16566
2.619,-0.531113,7.03236
3.08199,-0.815567,7.33467
3.54378,-0.563248,7.49416
3.76991,-0.602524,7.46083
4.05913,-0.371628,7.51082
4.1841,0.100876,7.7798
4.61256,-0.222855,7.96547
5.14696,-0.710831,7.66197
5.66112,-0.728684,7.66316
6.13481,-0.684647,7.62508
6.33952,-0.288315,7.47868
6.41331,-0.276413,7.37395
6.8644,-0.410904,7.36324
7.22502,-0.537064,7.37276
7.58684,-0.669174,7.31444
7.87843,-0.327591,7.32753
7.92128,-0.0883637,7.18233
8.07719,-0.246658,6.95262
8.55208,-0.546585,6.75386
8.83058,-0.485886,6.53963
8.93056,-0.650131,6.09212
8.76274,-0.631088,5.93263
8.60207,-0.456131,5.8148
8.81868,-0.12645,5.59819
9.04839,-0.103836,5.18282
9.09718,-0.400192,5.015
8.91628,-0.177628,4.96501
8.99007,0.227036,4.9305
9.32451,-0.0229034,4.64723
9.61372,-0.25737,4.30922
9.61253,-0.0752716,4.04143
9.29475,0.116348,3.71413
9.2769,0.327011,3.5118
8.96626,0.338913,3.49394
9.16264,0.165146,3.30708
9.45186,0.394852,2.90956
9.60182,0.482925,2.96312
9.3745,0.361526,2.8929
9.27809,0.630508,2.86671
9.58873,0.557907,2.68224
9.62563,0.44841,2.21092
9.74703,0.522202,1.89671
9.4221,0.867355,1.85744
9.30785,1.2863,1.82173
9.49947,0.764999,1.88481
9.67085,-0.0895538,1.84554
9.65538,0.0104218,1.36946
9.61372,0.460312,1.35161
9.51018,0.737625,1.47539
9.52803,0.857834,1.44801
9.5923,0.590042,1.56108
9.4709,0.261551,1.24092
9.38521,0.469833,0.925522
9.3495,0.800705,1.15047
9.52922,0.695969,1.29091
9.62087,0.625748,1.29329
9.48042,1.01732,0.920761
9.62801,0.932816,1.09929
9.64586,0.776901,1.10643
9.57802,0.912582,1.04216
9.43163,1.08635,1.06239
9.44948,0.795944,1.21474
9.53041,0.725723,1.17189
9.56731,0.8983,1.18736
9.5685,0.799515,0.960037
9.53517,1.07921,1.26353
9.59587,1.1649,1.84792
9.69109,0.465073,2.22997
10.0267,0.0258942,2.63939
10.1112,0.391281,2.91313
10.1779,0.476975,3.19283
10.4433,0.472214,3.41182
10.5825,0.672165,3.75221
10.385,0.779282,4.02119
10.2231,0.441269,4.12593
10.1326,0.32106,4.22591
10.0529,0.266312,4.34254
9.88271,0.371048,4.76744
9.79106,0.0366058,4.90788
9.73869,-0.396622,4.92574
9.46971,-0.400192,4.9781
9.13765,-0.354965,5.209
8.88295,-0.433517,5.52916
8.81987,-0.781052,5.79338
8.62825,-0.622757,6.09093
8.3069,-0.64537,6.30754
8.01769,-0.90007,6.46584
7.79631,-0.878647,6.79909
7.38213,-0.838181,7.24065
7.22145,-0.991715,7.43703
6.80846,-0.854843,7.38942
6.30501,-0.817947,7.67983
6.01579,-1.12383,7.93929
5.82774,-1.18214,7.89168
5.2029,-1.02504,7.95238
4.76372,-1.02504,8.25111
4.37215,-1.07979,7.97023
3.59972,-0.929825,7.86073
3.20934,-0.889359,8.57961
3.12364,-1.17857,8.49748
2.64757,-1.07503,8.07021
1.61925,-0.822708,8.144
1.07533,-0.954819,8.39751
1.03725,-1.22737,8.15471
0.726608,-1.05717,8.26659
0.348129,-0.508499,8.73314
0.0493927,-0.535873,8.90215
-0.0672455,-0.737015,8.74861
-0.340988,-0.928635,8.41774
-0.843246,-0.953629,8.09401
-1.24672,-0.64299,7.89168
-1.49071,-0.560867,8.06663
-1.18364,-0.784622,8.06306
-0.964645,-0.806046,8.03212
-0.762314,-1.07503,8.46773
-0.270767,-1.14763,8.84026
-0.0458221,-0.931015,9.20326
0.183884,-0.977432,9.5865
0.16127,-0.808426,9.60078
-0.144608,-0.871506,9.7805
-0.044632,-1.05956,10.078
0.101761,-1.19643,10.2947
-0.0839081,-1.07265,9.86025
0.057724,-1.28212,9.84358
-0.00654602,-1.1512,9.85667
-0.200546,-1.03337,9.7448
-0.126755,-1.22142,9.96498
0.179123,-1.48921,10.009
0.227921,-1.33449,10.0031
-0.0601044,-1.05598,9.96022
-0.205307,-1.29402,9.59721
-0.16246,-1.18452,9.58174
-0.106522,-0.932205,9.8174
0.0541534,-0.933395,9.88881
0.149368,-0.994095,9.83525
0.189835,-0.96434,9.7567
0.199356,-0.700119,9.70314
0.231491,-0.808426,9.63768
0.307663,-0.913162,9.62221
0.523087,-0.978622,9.79359
0.789688,-1.18095,9.55318
1.1396,-1.17619,9.62221
1.3217,-1.00005,9.79121
1.42406,-0.902451,9.97688
1.70494,-0.919113,10.3649
2.07152,-0.788193,10.1994
1.90013,-0.565628,10.0519
1.79539,-0.687027,9.98521
1.79539,-0.725113,9.89833
1.8311,-0.709641,9.97093
1.78111,-0.775101,9.98164
1.71446,-0.838181,9.83525
1.73112,-0.742966,9.75313
1.76445,-0.621567,9.81978
1.66328,-0.571579,9.72456
1.57045,-0.648941,9.6234
1.5157,-0.622757,9.51033
1.52284,-0.565628,9.46748
1.45857,-0.588242,9.49129
1.67638,-0.678696,9.51628
1.68233,-0.638229,9.61031
1.41097,-0.698929,9.45082
1.43358,-0.560867,9.53532
1.82872,-0.306168,9.62102
2.01796,-0.375198,9.73289
1.92155,-0.390671,9.66029
2.04176,-0.394241,9.69719
2.08818,-0.546585,9.70433
2.0013,-0.382339,9.73527
2.02272,-0.281174,9.80312
2.00844,-0.522781,9.5984
2.00963,-0.627518,9.52342
1.92155,-0.446609,9.46629
1.79063,-0.332352,9.51866
1.60616,-0.538254,9.43178
1.63115,-0.631088,9.35561
1.674,-0.757248,9.46629
1.93584,-0.96553,9.70076
2.10603,-1.22142,9.72099
2.14412,-1.41066,9.61864
2.35954,-1.51421,9.53532
2.53688,-1.976,9.43416
2.50951,-2.28783,9.45796
2.55116,-2.71867,9.15447
2.71065,-3.20903,8.66768
2.79396,-2.98528,8.71648
2.73921,-1.81294,9.30562
2.3774,-0.626328,9.74361
1.98821,-1.24403,9.57222
2.08342,-2.02122,9.65791
2.72731,-2.94005,9.97688
3.56877,-1.96291,10.8398
3.71754,-0.754868,11.3539
3.39143,-1.34282,11.0588
3.94606,-1.74034,11.204
4.92558,-1.51183,11.8145
4.972,-0.866745,11.8395
4.32573,-1.16429,11.1921
4.56853,-0.441849,11.7038
4.56972,0.25679,11.8705
3.86156,-0.0526581,11.4111
4.02223,0.716202,11.9812
4.0984,2.3896,12.1049
3.21529,2.87877,11.3623
2.41191,1.68025,10.6946
2.40239,1.58385,10.9445
2.65233,3.0085,11.2337
2.01796,3.39293,10.8421
1.23006,3.48695,10.5303
0.918228,3.093,10.2328
0.963455,2.37413,9.39964
0.67186,1.57671,8.67958
0.371933,1.7719,8.89262
0.827774,2.70976,9.22111
0.749222,3.02278,8.97832
0.211258,2.70381,9.05687
0.187454,1.89211,8.79384
0.523087,1.10539,7.8524
-0.0827179,1.39104,7.67149
-0.764694,2.08372,8.16304
-0.715897,2.60979,8.22136
-0.724228,2.86687,7.92143
-1.21577,2.14085,7.36324
-1.84776,0.988754,6.75743
-2.02391,0.903061,6.66222
-1.82991,1.80522,6.67412
-2.256,2.02541,6.75981
-2.60353,2.00636,6.83717
-2.54164,1.93971,6.54796
-2.72969,1.09587,6.37776
-2.84752,0.712631,6.71696
-2.80348,1.24464,6.92882
-2.89275,1.5041,7.26683
-2.4381,1.20656,7.45369
-2.26314,0.488876,7.02641
-2.34288,-0.715591,6.78481
-2.09294,-0.689407,7.4156
-2.03819,0.626938,8.10115
-1.91679,0.837601,8.14995
-1.66804,-0.0419464,8.14638
-1.32051,-1.37852,7.925
-1.50261,-1.8784,8.21422
-1.66566,-1.13335,8.72005
-0.959885,-0.372818,8.91881
-0.552841,-0.911972,8.76885
-1.00392,-1.86769,8.89262
-0.940842,-1.68678,9.5746
-0.468338,-0.854843,9.70909
-0.477859,-1.15596,9.15565
-0.944412,-2.27831,9.1021
-0.446915,-2.38423,10.1316
0.598068,-1.64156,10.6255
0.901566,-1.50587,10.428
0.512375,-2.24855,10.2768
0.727798,-2.1331,10.8374
1.25505,-1.79866,11.0361
0.938461,-2.40208,10.5863
0.706375,-2.87697,10.7814
1.51094,-2.09145,11.367
1.91203,-1.47374,11.2254
1.52403,-2.40327,10.6648
1.52641,-3.12096,10.6422
2.35954,-1.03099,10.3566
1.92751,-1.45113,10.0792
2.31432,-2.09859,9.87572
2.75945,-1.78795,10.0733
2.50594,-1.30473,10.2709
2.27385,-1.17381,10.2471
2.5345,-1.22023,10.2709
2.65947,-1.38448,10.2316
2.72255,-1.96648,9.9507
2.93321,-1.72844,10.2173
3.04628,-1.02266,10.3066
2.90584,-0.910782,10.1875
2.74278,-1.18571,9.92928
2.61662,-1.46898,9.76384
2.56783,-1.20833,9.68529
2.37263,-0.537064,9.70433
2.23457,-0.201431,9.51033
2.17982,-0.51088,9.3199
2.15959,-0.977432,9.13542
2.1346,-0.89769,9.11162
2.0858,-0.532303,9.28062
2.07985,-0.583481,9.25801
2.06438,-0.759628,9.40321
2.31908,-1.06075,9.43297
2.46904,-1.35353,9.41512
2.28932,-1.37019,9.46986
2.02629,-1.40947,9.47701
1.97392,-1.41066,9.34132
1.89656,-1.14168,9.3925
1.85371,-1.23927,9.48415
1.9525,-1.47255,9.4175
2.037,-1.61299,9.53294
1.99654,-1.61537,9.50795
1.8918,-1.65346,9.54008
2.16316,-1.59038,9.77098
2.27028,-1.40352,9.84239
1.92632,-1.60228,9.71861
1.94417,-1.97005,9.66743
2.08818,-1.69035,9.65672
1.99059,-1.5273,9.65077
1.94774,-1.84151,9.4175
1.92155,-1.79985,9.49248
1.81087,-1.6487,9.51628
1.86324,-1.60823,9.42107
1.83705,-1.80461,9.29729
1.93108,-1.81532,9.48772
1.94655,-1.6844,9.58055
1.88585,-1.66298,9.50795
1.87752,-1.65227,9.60317
1.84062,-1.55943,9.60554
1.92751,-1.62132,9.61031
1.90013,-1.92363,9.38179
1.8192,-1.83675,9.51866
1.80849,-1.39995,9.68172
1.8549,-1.25237,9.56865
1.84419,-1.56062,9.55675
1.92632,-1.69868,9.57936
1.99535,-1.89626,9.56508
1.88466,-1.50825,9.68529
1.81682,-1.48683,9.54246
1.81325,-1.70821,9.51271
1.82515,-1.76057,9.50795
1.75493,-1.64275,9.61983
1.83348,-1.48802,9.62102
1.80849,-1.52968,9.64958
1.88823,-1.77129,9.55318
1.8192,-1.76891,9.57103
1.7585,-1.74272,9.54365
1.82634,-1.62489,9.64839
1.85133,-1.62132,9.64839
1.76564,-1.7451,9.58293
1.94179,-1.70464,9.64958
1.91084,-1.60109,9.64839
1.77159,-1.50468,9.5865
1.78468,-1.47612,9.62459
1.92155,-1.6356,9.51747
1.77635,-1.63441,9.51628
1.71684,-1.41304,9.56151
1.81682,-1.51421,9.59245
1.93346,-1.54753,9.55199
1.70137,-1.59633,9.46629
1.6252,-1.61894,9.45915
1.82634,-1.42256,9.68529
1.95369,-1.33687,9.76265
1.8192,-1.69035,9.49367
1.79539,-2.00694,9.44963
1.91798,-1.68559,9.72694
1.83586,-1.44756,9.64363
1.73946,-1.55348,9.59364
1.75017,-1.80104,9.56389
1.83586,-1.79747,9.57698
1.80373,-1.49397,9.59245
1.67995,-1.54277,9.62816
1.80254,-1.72368,9.50557
1.88109,-1.57372,9.5627
1.74184,-1.35948,9.42821
1.71684,-1.26546,9.36275
1.86681,-1.42494,9.30443
1.90489,-1.13216,9.37108
1.7704,-0.760818,9.28777
1.84062,-0.598953,9.07353
2.00844,-0.551346,8.96999
2.03938,-0.4478,9.00807
2.15959,-0.239517,9.04735
2.22029,0.0580292,8.96046
2.13698,0.118729,8.87834
2.25362,0.200851,8.88667
2.47142,0.619797,8.92357
2.64519,0.645981,9.01283
2.77254,0.611465,9.01402
2.88203,0.581711,9.02354
3.07603,0.647171,9.1378
3.28908,0.619797,9.3318
3.5533,0.227036,9.36513
3.77705,0.394852,9.67458
3.8568,0.547195,9.70671
3.93178,0.293686,9.90666
4.10912,0.0425568,10.2923
4.51735,0.109207,10.9647
4.9113,-0.0883637,11.3206
5.19814,-0.947678,11.3956
5.54924,-1.12144,12.049
5.84679,-1.37972,12.3715
5.8206,-2.07716,12.3049
5.77061,-2.52824,12.3858
5.6028,-2.57228,12.2847
5.32668,-2.76033,12.099
5.02556,-2.9948,11.7717
4.55544,-3.05312,11.3777
4.24956,-2.81508,11.2504
4.07698,-2.65202,11.0088
3.66399,-2.93172,10.672
3.25813,-3.21617,10.2959
3.10341,-2.96504,10.3613
2.85942,-2.54134,10.234
2.33217,-2.52586,10.1019
2.00487,-2.77223,9.91261
1.72993,-3.01503,9.63173
1.52165,-2.67702,9.75789
1.32289,-2.12358,9.82216
-2.16911,-1.04289,7.12996
-2.54402,-0.976242,6.97642
-2.46547,-0.722733,6.96928
-2.38573,-0.538254,6.88002
-2.77373,-0.533493,6.75029
-3.2617,-0.283554,6.72887
-3.26289,0.375809,6.88835
-2.88799,0.690018,6.59319
-3.21886,0.19371,6.1909
-3.38667,-0.1931,6.36943
-2.01558,1.9897,8.90691
-1.92513,1.60884,8.73076
-1.59187,2.08492,8.93547
-2.01439,2.16585,8.75694
-2.40834,1.62074,8.81764
-1.56569,1.96828,9.29967
-1.33598,2.73714,9.40678
-1.98463,2.26701,8.98546
-1.84895,1.82188,9.17827
-1.09676,2.33961,9.83168
-1.07771,2.01826,9.74837
-1.2122,1.21846,9.50795
-0.790878,1.23869,9.88286
-0.502853,1.80046,10.5041
-0.709946,2.03493,10.1994
-0.508804,1.81355,10.2006
-0.28862,1.49101,10.5184
-0.285049,1.29344,10.7874
0.0208282,1.56004,10.8957
0.230301,1.63622,10.8314
0.0434418,0.772141,10.6624
0.348129,0.516251,10.6815
0.712326,0.70787,10.7065
0.86705,0.716202,10.5565
0.959885,0.887589,10.3911
0.975357,0.811417,10.3042
0.884903,0.444839,10.3256
0.958694,0.19133,10.2959
1.23958,0.243698,10.3554
1.19911,0.161575,10.2994
1.18364,0.0782623,10.5303
1.45024,-0.0728912,10.6065
1.6133,-0.439468,10.4863
1.73827,-0.741776,10.4756
1.82991,-0.504929,10.7315
1.89418,-0.260941,10.8219
2.00844,-0.684647,10.716
2.17506,-0.89769,10.5732
2.21077,-0.811996,10.5113
2.21315,-0.431137,10.5196
2.14888,-0.534683,10.3685
2.06319,-0.889359,10.3875
2.08818,-1.07146,10.3482
2.07271,-1.14287,10.2209
2.09056,-0.977432,10.1376
2.15126,-0.559677,10.1542
2.20482,-0.702499,9.9864
2.062,-1.20833,9.80669
1.91322,-1.25951,9.95665
1.93108,-1.16429,9.92808
2.10246,-1.30235,9.78526
2.20244,-1.25594,9.64601
2.0858,-1.09169,9.58531
1.91441,-0.861984,9.60435
1.81682,-0.863174,9.41988
1.80849,-1.13573,9.37822
1.67638,-0.8965,9.33656
1.59901,-0.594193,9.36989
1.76088,-0.438278,9.44725
1.9156,-0.284744,9.58769
1.8918,-0.413284,9.66863
1.93465,-0.502548,9.61507
2.01677,-0.45137,9.63649
2.00963,-0.412094,9.69362
1.91798,-0.558487,9.58293
1.82515,-0.802475,9.64363
2.02748,-0.506119,9.78645
2.07152,-0.206192,9.76503
2.02986,-0.370438,9.7198
1.99178,-0.666794,9.70433
1.96202,-0.762009,9.73766
1.85847,-0.546585,9.75789
1.7942,-0.472794,9.72456
1.70256,-0.479935,9.65672
1.69066,-0.529922,9.69005
1.86443,-0.572769,9.85191
1.94774,-0.679886,9.73289
1.92989,-0.797714,9.72694
1.93346,-0.629898,9.77217
1.88942,-0.465652,9.89833
1.89299,-0.559677,9.75432
1.86086,-0.735825,9.6234
1.7942,-0.608475,9.65315
1.76088,-0.500168,9.60197
1.75731,-0.554916,9.63887
1.66924,-0.675125,9.58174
1.70494,-0.688217,9.65672
1.66447,-0.473984,9.6353
1.6002,-0.420425,9.59959
1.55855,-0.51088,9.61983
1.61092,-0.51445,9.76979
1.62044,-0.465652,9.68172
1.47762,-0.51088,9.65077
1.46809,-0.540634,9.64244
1.52165,-0.406143,9.67339
1.54308,-0.309738,9.73527
1.68947,-0.623947,9.66148
1.7942,-0.637039,9.73647
1.80373,-0.585861,9.79002
1.78111,-0.557297,9.72337
1.68352,-0.582291,9.70076
1.62877,-0.568008,9.66743
1.50023,-0.472794,9.72218
1.39549,-0.276413,9.70314
1.38597,-0.425186,9.7198
1.50856,-0.494217,9.74004
1.58235,-0.616806,9.75432
1.69423,-0.712021,9.78526
1.7704,-0.802475,9.68767
1.75255,-0.615616,9.79955
1.5764,-0.332352,9.80788
1.53474,-0.433517,9.75194
1.53355,-0.683456,9.59721
1.49547,-0.659653,9.68529
1.48238,-0.540634,9.66624
1.52998,-0.429947,9.73409
1.53593,-0.475174,9.80907
1.49309,-0.458511,9.80312
1.53117,-0.716782,9.78407
1.57878,-0.716782,9.72337
1.44786,-0.469223,9.74599
1.42525,-0.444229,9.73647
1.54189,-0.509689,9.69362
1.52641,-0.533493,9.67458
1.48476,-0.57872,9.76741
1.52879,-0.421616,9.7198
1.48595,-0.282364,9.7686
1.33955,-0.369247,9.67934
1.3824,-0.588242,9.64006
1.56212,-0.669174,9.62459
1.56569,-0.459702,9.72694
1.47404,-0.234756,9.82335
1.45619,-0.284744,9.70314
1.61092,-0.559677,9.62459
1.46214,-0.600143,9.60554
1.30147,-0.346634,9.69481
1.39549,-0.172867,9.71385
1.51808,-0.276413,9.72694
1.43001,-0.456131,9.81145
1.40858,-0.625137,9.63887
1.49666,-0.538254,9.67339
1.4669,-0.315689,9.69124
1.43596,-0.316879,9.65672
1.38121,-0.439468,9.66148
1.43477,-0.57872,9.73527
1.47881,-0.568008,9.671
1.45738,-0.51564,9.77931
1.45857,-0.491837,9.83406
1.55379,-0.456131,9.8781
1.70732,-0.391861,9.89238
1.5883,-0.803665,9.70195
1.61568,-0.872696,9.68886
1.55141,-0.540634,9.7079
1.47881,-0.271652,9.73289
1.47524,-0.0717011,9.7198
1.46095,-0.393051,9.5389
1.44072,-0.616806,9.55556
1.43001,-0.544205,9.64006
1.43953,-0.358536,9.65196
1.47524,-0.357346,9.65077
1.47166,-0.399002,9.81383
1.47762,-0.534683,9.74242
1.59901,-0.751297,9.94237
1.77278,-0.546585,9.97212
1.68114,-0.295456,9.92451
1.59663,-0.376389,9.86739
1.65376,-0.508499,9.82097
1.69423,-0.619186,9.68767
1.62401,-0.622757,9.69719
1.51808,-0.591812,9.63887
1.52403,-0.51207,9.70552
1.59544,-0.38353,9.66743
1.58592,-0.38353,9.73766
1.69423,-0.354965,9.80193
1.67281,-0.4478,9.78288
1.77754,-0.571579,9.80312
1.79659,-0.541824,9.78169
1.77397,-0.471603,9.80788
1.72398,-0.369247,9.76979
1.6252,-0.374008,9.80073
1.71089,-0.572769,9.7079
1.6978,-0.571579,9.6353
1.59306,-0.366867,9.64363
1.5526,-0.219284,9.66743
1.53831,-0.25856,9.6591
1.60497,-0.465652,9.6115
1.64781,-0.408524,9.68172
1.67876,-0.309738,9.82573
1.76683,-0.415665,9.76741
1.71922,-0.593002,9.76384
1.64781,-0.698929,9.671
1.63472,-0.57872,9.69957
1.68114,-0.427567,9.75432
1.59901,-0.487076,9.6722
1.54665,-0.446609,9.66624
1.57164,-0.419235,9.62102
1.58711,-0.402573,9.64958
1.62401,-0.488266,9.68053
1.58354,-0.535873,9.696
1.55736,-0.378769,9.65672
1.54546,-0.345444,9.70909
1.68947,-0.620377,9.71742
1.77635,-0.600143,9.81502
1.79539,-0.408524,9.82692
1.57878,-0.363297,9.7448
1.5526,-0.406143,9.69719
1.63472,-0.495407,9.69481
1.63353,-0.475174,9.73766
1.65852,-0.45137,9.6591
1.6978,-0.395432,9.75194
1.73351,-0.434708,9.75789
1.71922,-0.565628,9.70671
1.64543,-0.428757,9.71385
1.60616,-0.349014,9.76384
1.674,-0.528732,9.70433
1.75731,-0.621567,9.61745
1.67638,-0.44899,9.65553
1.62639,-0.291885,9.66624
1.53474,-0.287125,9.70314
1.66566,-0.571579,9.61864
1.72398,-0.601334,9.71504
1.67043,-0.445419,9.7448
1.66685,-0.32283,9.74599
1.64781,-0.378769,9.78288
1.62044,-0.493027,9.75432
1.6859,-0.523972,9.81859
1.74184,-0.477554,9.78764
1.70613,-0.419235,9.72932
1.58235,-0.45018,9.73647
1.59425,-0.466843,9.65315
1.66924,-0.532303,9.60792
1.66924,-0.470413,9.70076
1.58949,-0.391861,9.62459
1.59782,-0.493027,9.59959
1.649,-0.523972,9.68291
1.69185,-0.545395,9.71385
1.68471,-0.481125,9.71385
1.59901,-0.466843,9.74242
1.55141,-0.432327,9.6841
1.59068,-0.445419,9.69719
1.52879,-0.51088,9.73052
1.65138,-0.543014,9.76265
1.74541,-0.51326,9.80431
1.6609,-0.44899,9.79359
1.57759,-0.374008,9.73289
1.59306,-0.500168,9.69362
1.65019,-0.537064,9.61388
1.59187,-0.463272,9.59483
1.60973,-0.51326,9.60078
1.73827,-0.416855,9.78288
1.74541,-0.334732,9.82335
1.75731,-0.409714,9.85429
1.73946,-0.425186,9.76146
1.72874,-0.571579,9.73052
1.72636,-0.5811,9.6353
1.70256,-0.500168,9.70195
1.64781,-0.362106,9.68648
1.6002,-0.345444,9.67339
1.61925,-0.497787,9.64244
1.71565,-0.568008,9.65672
1.69899,-0.601334,9.67339
1.66328,-0.51445,9.66743
1.58473,-0.525162,9.58055
1.53355,-0.500168,9.69005
1.64424,-0.478745,9.66148
1.69899,-0.556107,9.68886
1.80373,-0.534683,9.76265
1.64543,-0.51088,9.73409
1.50142,-0.460892,9.78288
1.60497,-0.519211,9.74004
1.65495,-0.558487,9.72932
1.60377,-0.601334,9.69124
1.62758,-0.613236,9.71861
1.59306,-0.551346,9.67696
1.57759,-0.493027,9.69838
1.56926,-0.433517,9.6841
1.56093,-0.404953,9.75908
1.66447,-0.45018,9.77098
1.76445,-0.527542,9.75551
1.71684,-0.57872,9.68529
1.58711,-0.616806,9.77574
1.68828,-0.566818,9.696
1.63829,-0.406143,9.71742
1.51094,-0.337112,9.71147
1.46809,-0.425186,9.73647
1.58473,-0.521591,9.70671
1.58592,-0.493027,9.74361
1.63948,-0.51564,9.77455
1.63115,-0.560867,9.74123
1.58116,-0.70607,9.69957
1.52522,-0.646561,9.696
1.54189,-0.345444,9.80073
1.45619,-0.25856,9.79955
1.4919,-0.466843,9.66505
1.53831,-0.631088,9.60317
1.53117,-0.732254,9.55675
1.34669,-0.673935,9.58412
1.27171,-0.420425,9.72813
1.23363,-0.212143,9.73766
1.26219,-0.246658,9.8055
1.3336,-0.440659,9.86501
1.36217,-0.723923,9.86382
1.36812,-0.756058,9.97331
1.35265,-0.77153,10.0388
1.29909,-0.846512,9.96379
1.13365,-0.756058,9.9388
1.10152,-0.406143,10.1209
1.0789,-0.326401,10.0828
1.07295,-0.364487,10.0423
1.00392,-0.297836,9.97807
0.848007,-0.25975,9.93642
0.796829,-0.347824,9.97093
0.888474,-0.438278,10.0531
0.99678,-0.587051,9.94118
0.878952,-0.798904,9.68767
0.881332,-0.906021,9.74956
0.732559,-0.694168,9.68291
0.557602,-0.409714,9.70909
0.644486,-0.331161,9.63054
0.767075,-0.437088,9.70552
0.787308,-0.552536,9.87334
0.80159,-0.491837,9.89357
0.878952,-0.423996,9.87096
0.909897,-0.466843,9.72337
0.79921,-0.589432,9.66863
0.765884,-0.498978,9.51033
0.757553,-0.231186,9.51152
0.899185,-0.0693207,9.51033
0.917038,-0.155014,9.52104
0.753983,-0.233566,9.46034
0.465958,-0.270462,9.29372
0.494522,-0.122879,9.32585
0.793259,-0.0538483,9.4901
1.05272,0.219894,9.63768
1.19316,0.274643,9.60078
1.11342,0.228226,9.38536
1.2003,0.265121,9.3925
1.50856,0.153244,9.61864
1.80492,0.0615997,9.78407
1.81087,0.0961151,9.74599
1.70494,0.180618,9.73409
1.70256,0.329391,9.78169
1.66209,0.432938,9.84953
1.77873,0.44841,9.95427
1.91798,0.631699,9.83525
1.82753,0.625748,9.65553
1.72517,0.666214,9.5627
1.58354,0.559097,9.43178
1.57283,0.417465,9.23778
1.67995,0.375809,9.22707
