1.42168,0.0794525,9.59483
1.3217,0.0937347,9.55199
1.33122,0.141342,9.60435
1.30742,0.207993,9.58055
1.33836,0.153244,9.49724
1.35265,0.222275,9.52104
1.29314,0.238937,9.45915
1.3455,0.210373,9.50438
1.455,0.115158,9.55675
1.36217,0.298447,9.49248
1.3455,0.269882,9.68291
1.4669,0.203232,9.59483
1.50261,0.148483,9.41631
1.43596,0.0651703,9.52342
1.37407,0.0389862,9.50676
1.29552,0.172287,9.75908
1.19316,0.31749,9.82573
1.27409,0.279404,9.89476
1.27409,0.210373,9.63292
1.19792,0.203232,9.42345
1.13841,0.0651703,9.26634
1.25743,-0.115738,9.2235
1.37407,-0.118118,9.36632
1.49547,-0.310928,9.61388
1.62163,-0.425186,9.7686
1.63829,-0.294266,9.90904
1.76445,-0.108597,10.2518
1.77397,-0.0871735,10.2875
1.81444,0.141342,10.2637
1.80016,0.312729,10.1994
1.82872,0.0413666,9.62816
1.9644,-0.0229034,9.66624
1.99535,-0.156204,9.53532
2.07152,-0.12764,9.31157
1.95012,-0.0324249,9.283
1.96678,0.024704,9.20445
1.86681,0.0366058,9.2354
1.75731,0.0199432,9.12114
1.65495,-0.156204,9.36394
1.91679,-0.291885,9.50914
2.062,-0.491837,9.77098
2.27385,-0.670364,9.96141
2.50951,-0.570389,9.98997
2.39049,-0.337112,9.93761
2.25719,-0.260941,9.89952
2.2191,-0.12764,9.7924
2.12151,0.0342255,9.43297
2.16197,0.0580292,9.6472
2.17149,-0.13002,9.7686
2.16673,-0.272842,9.67815
2.19054,-0.334732,9.73289
2.18578,-0.38472,9.79002
2.14531,-0.487076,9.79716
2.13341,-0.746536,9.69481
2.09294,-0.958389,9.54485
2.08818,-0.801285,9.40916
1.98582,-0.584671,9.41155
1.89537,-0.325211,9.58531
1.99297,-0.156204,9.80907
2.14531,-0.0728912,9.71861
2.12627,-0.0348053,9.61388
2.17149,-0.19191,9.5139
2.34288,-0.389481,9.4901
2.31432,-0.32283,9.4901
2.39763,-0.0943146,9.49248
2.28813,-0.0514679,9.46629
2.19768,-0.00862122,9.4901
2.13103,0.00328064,9.49962
2.04295,-0.141922,9.46629
2.10246,-0.301407,9.51866
2.08342,-0.503738,9.54961
2.05724,-0.401382,9.81383
2.17387,-0.475174,10.0114
2.3405,-0.660843,9.96855
2.40477,-0.670364,9.92094
2.35954,-0.432327,9.87572
2.3405,-0.153824,9.94951
2.33336,-0.0014801,9.9138
2.22862,-0.0157623,9.93761
2.18578,-0.163345,9.78288
2.06438,-0.310928,9.64006
2.08342,-0.422806,9.64482
2.15245,-0.420425,9.74004
2.18101,-0.413284,9.70909
2.13103,-0.51088,9.59483
2.09532,-0.625137,9.45915
2.05486,-0.670364,9.45677
2.17625,-0.6418,9.59483
2.26433,-0.601334,9.70433
2.33812,-0.684647,9.73289
1.95012,-0.470413,9.41155
2.02867,-0.482315,9.40916
1.97154,-0.429947,9.3568
2.00249,-0.458511,9.41393
1.94536,-0.365677,9.42107
1.91679,-0.358536,9.48772
2.00249,-0.453751,9.59245
2.13103,-0.439468,9.66386
2.12389,-0.363297,9.58055
2.25481,-0.487076,9.70671
2.19292,-0.532303,9.41631
2.2191,-0.477554,9.49962
2.32384,-0.439468,9.49724
2.24052,-0.332352,9.4044
2.25481,-0.360916,9.44249
2.25243,-0.284744,9.48058
2.21434,-0.315689,9.44011
2.17863,-0.453751,9.47819
2.18816,-0.498978,9.50914
2.17625,-0.503738,9.3925
2.01439,-0.360916,9.48772
2.04295,-0.482315,9.49486
1.97868,-0.491837,9.61864
2.04295,-0.498978,9.72337
2.062,-0.57515,9.77098
2.08818,-0.565628,9.83763
2.05724,-0.646561,9.79478
2.01915,-0.675125,9.84001
2.02867,-0.596573,9.84001
2.04295,-0.496597,9.93523
1.9287,-0.70607,9.83763
1.87157,-0.810806,9.79955
1.93584,-0.851273,9.80669
1.95964,-0.784622,9.85667
1.94774,-0.682266,9.73766
1.9406,-0.675125,9.70909
1.90013,-0.603714,9.62816
1.87633,-0.594193,9.64482
1.90251,-0.625137,9.6591
1.89775,-0.587051,9.64244
1.97868,-0.608475,9.68767
1.99297,-0.432327,9.71147
2.00011,-0.358536,9.671
1.99535,-0.222855,9.67815
1.98821,-0.165726,9.68767
2.04533,-0.277603,9.671
1.97154,-0.241898,9.58293
1.91203,-0.239517,9.59959
1.93584,-0.113358,9.59721
1.9763,-0.0681305,9.61388
2.04771,-0.218094,9.69957
1.96202,-0.218094,9.66863
1.91203,-0.301407,9.68291
1.9525,-0.363297,9.64006
1.89061,-0.541824,9.54723
1.86681,-0.903641,9.31395
2.01439,-0.691788,9.27824
2.00963,-0.291885,9.45915
1.95964,-0.19429,9.43535
1.86919,-0.244278,9.39726
2.0858,-0.208572,9.29491
2.12151,-0.287125,9.32585
2.19054,-0.329971,9.46153
2.2429,-0.389481,9.3806
2.27385,-0.346634,9.42821
2.24052,-0.279984,9.47343
2.23576,-0.358536,9.52104
2.1834,-0.346634,9.56865
2.17863,-0.44899,9.54246
2.14769,-0.532303,9.47819
2.25481,-0.441849,9.84953
2.22624,-0.315689,9.73766
2.20958,-0.227615,9.73289
2.16197,-0.156204,9.83525
2.17863,-0.113358,9.84239
2.14055,-0.153824,9.77336
2.13103,-0.19191,9.79002
2.12389,-0.0990753,9.76146
2.04057,-0.0847931,9.77812
2.01915,-0.137161,9.73052
1.9763,-0.182388,9.62816
2.00011,-0.241898,9.6472
1.98344,-0.344254,9.55913
1.94298,-0.372818,9.57579
1.89299,-0.379959,9.53294
1.81206,-0.525162,9.5139
1.81444,-0.603714,9.43535
1.82872,-0.625137,9.40202
1.89775,-0.613236,9.39488
1.9763,-0.715591,9.43059
2.46904,-0.468033,10.0019
2.43333,-0.525162,9.91142
2.39287,-0.63942,9.73527
2.40477,-0.632278,9.64244
2.38097,-0.527542,9.64244
2.32622,-0.51564,9.55913
2.27385,-0.51326,9.58293
2.2191,-0.422806,9.49724
2.19768,-0.375198,9.51866
2.21196,-0.372818,9.60912
2.22386,-0.441849,9.56865
2.2191,-0.456131,9.55199
2.28337,-0.406143,9.51866
2.25719,-0.408524,9.42583
2.18578,-0.291885,9.48772
2.18816,-0.118118,9.59959
2.18578,-0.0752716,9.55199
2.14055,-0.168106,9.56151
2.20006,-0.308548,9.44963
2.1834,-0.460892,9.28777
2.48094,-0.303787,9.73052
2.4738,-0.287125,9.64482
2.45238,-0.344254,9.66624
2.39763,-0.368057,9.62816
2.40001,-0.222855,9.54485
2.41191,-0.241898,9.58531
2.4619,-0.306168,9.71623
2.49284,-0.222855,9.62816
2.45476,-0.253799,9.6353
2.43095,-0.225235,9.72337
2.43571,-0.287125,9.68291
2.50237,-0.337112,9.64006
2.44762,-0.368057,9.58055
2.48332,-0.429947,9.671
2.52141,-0.494217,9.63292
2.48094,-0.399002,9.67339
2.51189,-0.389481,9.66386
2.41905,-0.32045,9.59245
2.41667,-0.353775,9.54485
2.41191,-0.365677,9.56865
2.36192,-0.482315,9.3806
2.36906,-0.496597,9.33775
2.40715,-0.546585,9.34013
2.45476,-0.563248,9.26158
2.45238,-0.632278,9.37346
2.48808,-0.6418,9.35442
2.45,-0.594193,9.42821
2.41667,-0.606094,9.49248
2.37621,-0.629898,9.43773
2.44762,-0.627518,9.54485
2.45238,-0.603714,9.70433
2.44286,-0.658462,9.73527
2.38573,-0.627518,9.69005
2.39049,-0.572769,9.69719
2.48808,-0.494217,9.77574
2.51427,-0.498978,9.95189
2.61662,-0.422806,9.98521
2.71184,-0.487076,10.1756
2.79515,-0.563248,10.3851
2.87846,-0.534683,10.6541
3.47832,-0.503738,12.7393
3.36644,-0.634659,12.4941
3.23552,-0.620377,12.4465
3.07603,-0.620377,12.437
2.87132,-0.734634,12.4227
2.74278,-0.844131,12.3965
2.59044,-1.10597,12.1275
2.47142,-1.41542,12.0871
2.34288,-1.57491,11.98
2.20006,-1.61537,11.8467
-0.523087,-1.70821,9.3568
-0.815872,-1.71059,9.13304
-1.08961,-1.56776,8.83073
-1.45143,-1.39162,8.62602
-1.72041,-1.17976,8.25468
-2.7892,0.32225,7.70958
-2.19649,-0.958389,8.31419
-2.07509,-1.24641,8.0714
-2.30122,-1.36305,7.9619
-2.3036,-1.28688,7.66911
-5.13863,0.138962,5.8148
-5.45522,0.536484,5.64104
-5.85988,0.786423,5.80766
-5.98842,0.722153,5.53392
-6.10506,0.772141,5.21733
-6.45735,0.681686,5.21495
-6.53352,0.507919,5.10545
-6.6573,0.143723,5.33873
-6.5121,-0.0752716,5.12212
-6.7549,-0.158585,5.16734
-6.76442,-0.358536,5.3054
-6.72395,-0.134781,5.2459
-6.76442,0.25798,5.53154
-6.64302,0.800705,5.67436
-6.65016,1.05064,5.96239
-6.67159,1.30296,5.91716
-6.75252,1.4196,5.48869
-7.08339,1.56242,4.77458
-7.61897,1.75285,4.28899
-8.04982,1.86473,3.80339
-8.52113,1.74571,3.65581
-8.62587,1.55052,3.71532
-8.57588,1.46721,3.80577
-8.51399,1.65288,3.84862
-8.58778,1.98613,4.02
-8.68062,2.30986,3.75102
-8.98292,2.66216,3.40587
-9.29951,3.14061,2.99644
-9.56612,3.55241,2.6132
-9.89699,3.5905,2.47514
-9.2162,1.92186,3.24876
-9.13051,1.88615,3.22258
-9.09956,1.92424,3.14403
-9.14955,1.87663,3.10832
-9.09956,1.74571,2.92027
-9.06624,1.72429,2.84886
-8.99483,1.74809,2.91551
-8.87819,1.64336,3.13689
-8.64729,1.54576,3.44157
-8.43068,1.35295,3.94383
-6.42403,0.353195,5.93858
-6.20741,0.376999,6.06236
-6.09554,0.338913,6.60033
-6.20503,0.217514,6.83598
-6.04793,0.234177,7.00499
-5.55519,0.234177,7.08116
-5.24098,0.262741,7.15495
-5.11006,0.234177,7.10735
-5.07436,0.2556,7.06212
-5.1172,0.45079,7.16447
-4.99104,0.653122,7.40489
-4.43404,0.634079,7.80241
-4.01985,0.45079,8.22136
-3.62233,0.19371,8.78789
-3.19386,-0.137161,9.08067
-3.00105,-0.560867,9.01402
-3.05104,-0.982193,8.98784
-2.99867,-0.934586,9.01402
-2.88441,-0.522781,9.46391
-2.63686,-0.199051,9.85667
-2.37025,-0.0681305,9.99235
-2.16078,-0.120499,10.2113
-1.93465,-0.360916,10.0614
-1.91084,-0.765579,9.96141
-2.05843,-0.917923,9.78526
-2.22505,-0.622757,9.69957
-2.26076,-0.19191,9.91142
-2.16316,0.0984955,10.1614
-2.20125,0.162766,10.1566
-2.20839,0.0580292,10.4446
-0.775406,-0.64418,10.0709
-0.753983,-0.296646,10.0709
-0.499283,0.0318451,10.3661
-0.111282,0.177048,10.4613
-0.0636749,-0.0538483,10.0947
-0.137466,-0.432327,9.86858
-0.135086,-0.57515,9.97093
-0.0922394,-0.484695,10.009
-0.104141,-0.520401,10.2637
0.0124969,-0.670364,10.1756
1.1884,-0.739395,10.3351
1.15746,-0.57991,10.4589
1.2003,-0.437088,10.6303
1.34074,-0.234756,10.6565
1.47881,-0.329971,10.6922
1.70018,-0.546585,10.7541
1.89537,-0.753677,10.9159
2.05962,-0.83699,10.8421
2.05724,-0.827469,10.7374
2.00011,-0.846512,10.5755
2.04295,-0.670364,10.716
2.16435,-0.729874,10.766
2.19292,-0.787003,10.5851
2.05724,-0.775101,10.5422
2.12865,-0.867935,10.3804
2.06438,-0.846512,10.2732
2.04057,-0.725113,10.2685
2.05486,-0.506119,10.3804
1.94298,-0.32283,10.3423
1.90727,-0.391861,10.2899
1.84538,-0.820328,9.52342
1.87157,-0.920303,9.57341
1.8073,-0.908401,9.49962
1.8311,-0.820328,9.46867
1.74065,-0.606094,9.44963
1.65733,-0.520401,9.42345
1.62163,-0.534683,9.44487
1.64781,-0.551346,9.37584
1.674,-0.615616,9.37346
1.68114,-0.737015,9.48058
1.75017,-0.953629,9.7448
1.7216,-0.851273,9.74718
1.7216,-0.829849,9.70433
1.76207,-0.76796,9.75908
1.73351,-0.691788,9.71385
1.72398,-0.737015,9.7567
1.75017,-0.76796,9.73289
1.69542,-0.720352,9.66624
1.75017,-0.872696,9.65434
1.674,-0.841751,9.69005
1.75731,-0.908401,9.67815
1.82634,-0.991715,9.71623
1.78111,-0.877457,9.68291
1.79778,-0.889359,9.67815
1.80016,-0.83699,9.74956
1.73351,-0.789383,9.7448
1.62639,-0.801285,9.68053
1.62877,-0.841751,9.74242
1.59782,-0.841751,9.65672
1.58354,-0.746536,9.72099
1.51451,-0.870316,9.67815
1.48595,-0.944107,9.61388
1.59068,-0.972672,9.71385
1.64067,-0.958389,9.82573
1.7097,-0.894119,9.80431
1.70732,-0.813187,9.84715
1.70256,-0.841751,9.83049
1.71208,-0.882217,9.80193
1.71446,-0.929825,9.7448
1.70256,-0.96553,9.78526
1.64543,-0.734634,9.66386
1.64543,-0.76796,9.67339
1.62401,-0.777481,9.66624
1.674,-0.684647,9.71147
1.68114,-0.689407,9.65434
1.68352,-0.775101,9.73527
1.65971,-0.713211,9.72575
1.63591,-0.748917,9.71385
1.68114,-0.675125,9.73052
1.68114,-0.64418,9.68053
1.65257,-0.717972,9.75194
1.65257,-0.739395,9.78288
1.63829,-0.725113,9.71385
1.67638,-0.70607,9.82573
1.70494,-0.744156,9.79955
1.66209,-0.856033,9.80669
1.63829,-0.846512,9.74956
1.62163,-0.801285,9.81145
1.64543,-0.727493,9.75432
1.64781,-0.803665,9.7924
1.61449,-0.829849,9.70433
1.51927,-0.860794,9.6591
1.55022,-0.841751,9.75194
1.60497,-0.877457,9.69481
1.5764,-0.903641,9.67577
1.55022,-0.83699,9.73052
1.53117,-0.70845,9.7805
1.50261,-0.632278,9.72575
1.54546,-0.779861,9.76146
1.54546,-0.722733,9.7448
1.52879,-0.698929,9.76384
1.58592,-0.729874,9.76384
1.59544,-0.782242,9.73766
1.61211,-0.820328,9.77574
1.57164,-0.779861,9.7686
1.60735,-0.83699,9.72099
1.56688,-0.83699,9.71861
1.50737,-0.925064,9.60197
1.49309,-0.939346,9.60197
1.52879,-0.884598,9.59245
1.53355,-0.829849,9.6353
1.51927,-0.825089,9.71623
1.50975,-0.76796,9.77336
1.61449,-0.853653,9.78288
1.5883,-0.877457,9.72099
1.54308,-0.825089,9.7448
1.49309,-0.813187,9.76384
1.4431,-0.83461,9.75908
1.50023,-0.846512,9.72099
1.49547,-0.884598,9.82335
1.48357,-0.865555,9.6591
1.38121,-0.839371,9.69957
1.37645,-0.841751,9.72813
1.40263,-0.820328,9.66624
1.38835,-0.867935,9.58769
1.33598,-0.953629,9.63768
1.31694,-0.879837,9.60912
1.35265,-0.863174,9.66386
1.35503,-0.89888,9.74956
1.36693,-0.844131,9.77812
1.38835,-0.794144,9.76622
1.35265,-0.675125,9.73052
1.3336,-0.765579,9.79478
1.34312,-0.815567,9.70195
1.36931,-0.910782,9.66386
1.43358,-0.953629,9.69005
1.45976,-0.920303,9.71861
1.42168,-0.906021,9.67339
1.43596,-0.884598,9.70671
1.46452,-0.998856,9.67577
1.3455,-0.884598,9.75432
1.35027,-1.04884,9.69005
1.36931,-1.10835,9.65672
1.36455,-1.10597,9.68767
1.36217,-0.989334,9.73766
1.3455,-0.90126,9.74956
1.35027,-0.83461,9.74956
1.34074,-0.886978,9.7567
1.36217,-0.994095,9.70671
1.30742,-0.96077,9.71385
1.35979,-0.956009,9.81383
1.34312,-0.913162,9.79716
1.42406,-1.00362,9.92094
1.44072,-0.989334,9.78288
1.39787,-0.903641,9.84001
1.40739,-0.984573,9.79716
1.38597,-0.979813,9.7448
1.37883,-1.006,9.83287
1.36931,-1.0536,9.79002
1.41454,-1.05122,9.77812
1.28362,-0.951248,9.68529
1.31218,-0.972672,9.74956
1.3217,-0.996475,9.68053
1.32408,-1.02266,9.69481
1.29076,-1.02742,9.69481
1.3455,-1.04408,9.69719
1.33122,-1.04884,9.70909
1.32884,-1.05598,9.68291
1.31218,-1.03694,9.73527
1.3217,-1.04408,9.63768
1.26457,-1.0179,9.59959
1.24791,-0.939346,9.70909
1.23125,-0.910782,9.68767
1.23601,-1.00362,9.6591
1.24315,-0.998856,9.69957
1.23363,-1.04884,9.61864
1.24553,-1.16072,9.65434
1.21696,-1.15358,9.65434
1.24791,-1.10359,9.68767
1.23363,-1.04646,9.72337
1.28838,-1.09883,9.97807
1.29552,-1.0298,9.94713
1.24315,-1.08931,9.94713
1.2979,-1.27498,9.86858
1.23839,-1.38686,9.7805
1.31932,-1.61537,9.69719
1.26695,-1.55348,9.81383
1.25029,-1.23213,9.76622
1.23601,-1.05122,9.88524
1.24553,-1.06789,9.80669
1.22887,-1.16786,9.73052
1.23125,-1.1393,9.78526
1.15746,-1.10835,9.81621
1.18602,-1.06551,9.84477
1.15031,-1.09407,9.76146
1.18364,-1.24641,9.70671
1.13841,-1.43208,9.66863
1.12651,-1.73201,9.59721
1.2122,-1.91768,9.47582
1.19792,-1.75343,9.54485
1.14793,-1.3821,9.81621
1.12413,-1.22737,9.86858
1.22173,-1.1631,9.87334
1.22173,-1.23927,9.84715
1.28838,-1.20119,9.85667
1.2979,-1.20595,9.91618
1.28123,-1.09407,9.99712
1.23363,-1.02266,10.0352
1.23363,-1.07503,10.04
1.21935,-1.37733,9.88524
0.80278,-5.31923,6.83598
0.681381,-6.31898,5.97667
0.726608,-7.06642,5.3054
0.679001,-7.87575,4.52464
0.726608,-8.47084,4.03667
0.659958,-8.91597,3.7296
0.569504,-9.14925,3.39635
0.490952,-8.63747,2.99644
0.440964,-8.46846,2.78221
0.433823,-8.5851,2.35374
0.41954,-8.67079,1.53014
0.400497,-9.03023,0.794601
0.317184,-9.30635,-0.286087
0.214828,-9.92287,-1.13112
0.119614,-10.3156,-2.0071
-0.135086,-10.3204,-2.81642
-0.116043,-10.2728,-3.59004
-0.306473,-10.8869,-3.26631
-0.565933,-10.1918,-3.8019
-0.589737,-9.74672,-3.76619
-0.604019,-9.22066,-4.05183
-0.496902,-9.00166,-4.08516
-0.256485,-8.50417,-4.13753
-0.271957,-7.82933,-5.67049
-0.196976,-8.50893,-7.01064
-0.196976,-8.23994,-7.03682
-0.285049,-6.88551,-7.21535
-0.465958,-6.4142,-7.5843
-0.496902,-6.35469,-7.76283
-0.420731,-6.33089,-7.89613
-0.363602,-5.98335,-8.83638
-0.356461,-6.31184,-8.8578
-0.387405,-6.62367,-8.74831
-0.358841,-6.44038,-8.66499
-0.368362,-6.21425,-8.63881
-0.342178,-5.98573,-8.4698
-0.396927,-5.95955,-8.33174
-0.427872,-6.05476,-8.29604
-0.41597,-6.30232,-8.22462
-0.427872,-6.52132,-8.13655
-0.451675,-6.67604,-8.16512
-0.401688,-6.73793,-8.24129
-0.370743,-6.76173,-8.30556
-0.363602,-6.94264,-8.36745
-0.380264,-7.22115,-8.35317
-0.399307,-7.33302,-8.61262
-0.368362,-7.37111,-8.69356
-0.220779,-7.63533,-8.44838
-0.146988,-7.78053,-8.29128
-0.156509,-8.13521,-8.14369
0.0196381,-8.21376,-8.11037
0.536179,-9.23256,-2.98067
0.617111,-8.88503,-2.22847
0.464767,-8.79695,-1.49532
0.581406,-8.8398,-0.800247
0.655197,-9.04689,-0.231339
1.40977,-9.4706,-0.162308
0.733749,-8.69221,0.542282
0.728989,-9.45155,0.570847
0.976547,-9.94905,0.965988
0.883713,-9.58247,1.18022
1.26933,-9.81575,1.74437
1.28123,-9.52296,2.04906
1.05986,-9.12544,2.5775
1.00749,-8.69936,3.16307
0.845627,-8.73982,3.27971
0.893234,-9.07069,3.54631
1.13127,-8.98976,3.85338
1.21935,-8.61604,4.2271
1.3098,-7.98763,4.76268
1.14793,-7.00691,5.51012
1.28123,-3.65297,8.35228
1.36693,-3.12215,8.45702
1.31456,-2.08192,8.89977
1.10509,-0.946487,9.31871
0.92894,-0.0681305,9.63292
0.981308,0.324631,9.53294
1.01939,0.588852,9.68053
0.86705,1.1411,9.88524
0.748032,1.69572,9.95665
0.669479,2.09563,10.1518
0.60759,2.25511,10.2256
0.521896,1.96709,10.347
0.648056,1.37675,9.88286
0.814682,0.779282,9.3806
0.936081,0.426987,9.32585
0.943222,0.472214,9.31633
1.06224,0.657883,9.35204
1.14555,1.13396,9.48296
1.07414,1.22203,9.75194
1.30266,0.848312,9.66148
1.23601,0.300827,9.75432
1.12889,0.472214,9.79002
1.15984,0.438889,9.83049
1.2003,0.369858,9.8662
1.27647,0.134201,9.91142
1.30742,0.0580292,9.90428
1.3098,0.177048,9.8662
1.29552,0.260361,9.89
1.25267,0.391281,9.89476
1.39311,0.369858,9.82573
1.39073,0.369858,9.83287
1.32408,0.479355,9.93523
1.26695,0.672165,9.93047
1.26933,0.688828,10.0876
1.29076,0.617416,10.1161
1.38835,0.405563,9.85667
1.36217,0.2556,9.76146
1.35265,0.119919,9.58055
1.29314,-0.0514679,9.65434
1.24553,0.103256,9.63768
1.15746,0.110397,9.8662
1.17412,0.134201,9.76622
1.1884,0.0508881,9.85905
1.26219,-0.0919342,9.77812
1.18602,-0.260941,9.7686
1.22649,-0.32045,9.82335
1.21458,-0.215714,9.82811
1.20744,-0.039566,9.85429
1.19078,0.100876,9.86382
1.18602,0.153244,9.84239
0.976547,-0.0681305,9.72337
0.914658,-0.0229034,9.70671
0.919418,-0.0538483,9.71623
1.06224,-0.208572,9.70195
1.08842,-0.239517,9.69719
1.12175,-0.160965,9.73289
1.07414,-0.0371857,9.74956
1.067,0.0270844,9.81621
1.11223,0.0389862,9.86144
1.11461,-0.039566,9.7924
1.08604,-0.0752716,9.83049
1.08128,-0.122879,9.85429
1.07652,-0.232376,9.75908
1.03606,-0.260941,9.73766
1.00035,-0.163345,9.77574
0.983688,-0.0205231,9.7924
0.962265,-0.00386047,9.84953
0.926559,-0.0538483,9.77574
0.938461,-0.0443268,9.78764
0.959885,-0.0943146,9.80193
0.919418,-0.013382,9.84477
0.909897,-0.115738,9.7686
0.997971,-0.341873,9.72337
0.971786,-0.301407,9.74004
0.924179,-0.151443,9.80669
0.926559,-0.039566,9.86858
0.852768,0.0389862,9.91142
0.921799,-0.141922,9.71861
0.947983,-0.25856,9.79002
1.01225,-0.32283,9.68053
0.983688,-0.170486,9.73289
0.974167,-0.201431,9.79002
0.978928,-0.201431,9.75908
0.990829,-0.182388,9.76622
0.950363,-0.139542,9.74718
0.907516,-0.115738,9.82811
0.957504,-0.0752716,9.86144
0.99559,-0.106216,9.83287
0.990829,-0.151443,9.7924
0.99559,-0.0609894,9.83287
0.974167,-0.137161,9.80907
0.986069,-0.12764,9.78764
0.959885,-0.170486,9.84477
1.00511,-0.187149,9.78764
1.00035,-0.189529,9.82097
0.938461,-0.132401,9.91142
0.971786,-0.113358,9.8781
1.00987,-0.12764,9.95189
0.971786,-0.0419464,9.86144
0.964645,-0.039566,9.81383
1.00987,-0.101456,9.84239
1.01463,-0.137161,9.85905
1.05034,-0.172867,9.79955
1.04082,-0.144302,9.94475
1.07414,-0.108597,9.86858
1.0789,-0.110977,9.93047
1.05748,-0.101456,9.85667
1.05034,-0.137161,9.87334
1.01225,-0.199051,9.88286
0.981308,-0.182388,9.82811
0.967026,-0.0847931,9.7805
0.983688,-0.215714,9.78764
1.02892,-0.19191,9.84477
0.971786,-0.153824,9.68291
0.945602,-0.134781,9.78288
0.964645,-0.0824127,9.74004
0.950363,-0.0514679,9.70433
0.940842,-0.0324249,9.80669
0.997971,-0.0300446,9.82097
0.959885,-0.0990753,9.82097
1.01463,-0.180008,9.83049
0.945602,-0.165726,9.82573
0.933701,-0.113358,9.82097
0.947983,-0.0871735,9.84477
0.964645,-0.0895538,9.76384
1.01225,-0.0705109,9.81859
0.955124,-0.0348053,9.84715
1.00035,-0.0538483,9.88286
0.976547,-0.144302,9.88286
1.00273,-0.239517,9.82097
0.93132,-0.0348053,9.83049
0.919418,-0.096695,9.78288
0.881332,-0.110977,9.73527
0.890854,-0.0252838,9.79002
0.848007,0.069931,9.87096
0.836105,0.0199432,9.93285
0.914658,-0.0276642,9.84715
0.950363,-0.203812,9.83049
0.981308,-0.175247,9.82573
0.92894,-0.0800324,9.95189
0.938461,-0.0681305,9.85429
0.926559,-0.0300446,9.95665
0.940842,-0.013382,9.88524
0.926559,-0.0348053,9.95427
0.981308,-0.00862122,9.94713
0.955124,-0.00624084,9.88524
0.938461,0.024704,9.89714
0.955124,-0.0348053,9.89714
0.92894,-0.12764,9.92333
0.99321,-0.0895538,9.95903
0.831345,-0.151443,9.85191
0.833725,-0.096695,9.85667
0.836105,-0.110977,9.77812
0.812302,-0.144302,9.74242
0.821823,-0.039566,9.74718
0.817062,0.0151825,9.84001
0.824203,-0.0276642,9.74004
0.86705,-0.0490875,9.78526
0.821823,-0.0157623,9.77336
0.833725,-0.0348053,9.72337
0.855148,-0.0919342,9.7448
0.793259,-0.0752716,9.68529
0.795639,-0.0847931,9.69719
0.798019,-0.0824127,9.73289
0.764694,-0.115738,9.77574
0.8004,-0.156204,9.71147
0.790878,-0.218094,9.68529
0.781357,-0.184769,9.70909
0.790878,-0.141922,9.74004
0.809921,-0.0014801,9.77336
0.783737,-0.00386047,9.7686
0.788498,-0.0609894,9.84715
0.755173,-0.0990753,9.85191
0.786118,-0.106216,9.88524
0.855148,-0.0514679,9.88286
0.833725,0.0223236,9.8781
0.750412,-0.125259,9.88762
0.774216,-0.0895538,9.85905
0.764694,-0.19429,9.92094
0.793259,-0.241898,9.85667
0.767075,-0.19429,9.89238
0.702805,-0.0633698,9.91618
0.695663,0.0104218,9.8781
0.721848,-0.149063,9.92094
0.745651,-0.213333,9.87096
0.724228,-0.180008,9.84715
0.717087,-0.0919342,9.90904
0.688522,-0.0324249,9.93999
0.712326,-0.096695,9.88524
0.767075,-0.077652,9.88524
0.669479,-0.039566,9.95189
0.619492,-0.00386047,9.93999
0.617111,-0.0919342,9.90904
0.700424,-0.151443,9.89952
0.631393,-0.113358,9.89
0.67662,-0.0681305,9.88286
0.793259,-0.0728912,9.93523
0.821823,-0.175247,9.96855
0.833725,-0.122879,9.85667
0.776596,-0.170486,9.94475
0.778976,-0.180008,9.85429
0.702805,-0.163345,9.79002
0.662338,0.00566101,9.81621
0.619492,0.069931,9.87334
0.648056,0.0842133,9.89476
0.664719,0.0151825,9.80431
0.709946,0.0294647,9.75908
0.643295,0.0532684,9.7567
0.650436,0.0627899,9.76622
0.614731,0.0151825,9.75194
0.645676,-0.0348053,9.72575
0.702805,-0.0705109,9.77812
0.733749,0.0413666,9.87572
0.717087,0.0842133,9.79955
0.714706,0.115158,9.83287
0.762314,0.0937347,9.81145
0.724228,0.0389862,9.77098
0.788498,-0.137161,9.65196
0.824203,-0.139542,9.58293
0.8004,0.0485077,9.56389
0.73851,0.184189,9.61626
0.664719,0.265121,9.5377
0.624252,0.288925,9.49962
0.600449,0.165146,9.49724
0.617111,0.222275,9.35918
0.667099,0.231796,9.37822
0.690903,0.241318,9.26396
0.709946,0.31987,9.19969
0.814682,0.269882,8.96404
0.824203,0.229416,8.82597
0.833725,0.229416,8.62126
0.812302,0.184189,8.43559
0.731369,0.131821,8.18089
0.67662,0.110397,7.91191
0.688522,0.12706,7.58342
0.657578,0.141342,7.24779
2.69756,0.141342,7.95952
2.66899,0.281784,8.09758
2.67851,0.210373,8.17375
2.838,0.0913544,8.15471
2.94987,0.00328064,7.90715
3.15459,-0.19429,7.91191
3.50926,-0.275223,7.89525
3.74968,-0.329971,7.87144
3.89726,-0.334732,7.76433
4.05913,-0.170486,7.71672
4.13292,-0.122879,7.87621
4.31859,-0.222855,7.99284
4.60661,-0.329971,8.05235
4.83037,-0.3871,8.04759
5.166,-0.494217,8.13805
5.36357,-0.282364,8.17137
5.30406,-0.00862122,8.13567
5.49211,0.260361,8.20232
5.82298,0.327011,8.06187
6.13005,0.205612,7.90953
8.02007,0.398422,7.26921
8.25572,0.365097,7.01927
8.21526,0.526962,6.85741
8.20335,0.764999,6.68364
8.14622,0.850693,6.42418
8.27953,0.612656,6.27422
8.4771,0.469833,6.05998
8.49614,0.538864,5.96715
8.66038,0.645981,5.78148
8.89366,0.712631,5.56248
9.09361,0.629318,5.17448
9.1198,0.496017,5.01738
9.29356,0.286545,4.7841
9.51256,0.0342255,4.62224
9.80058,0.0508881,4.57939
9.99101,0.612656,4.69841
9.98625,1.11253,4.87694
10.041,1.26964,4.76982
10.0934,1.04588,4.47942
10.2124,0.586472,4.29851
9.82201,1.33629,2.23711
9.72679,1.23393,2.13713
9.57445,0.907822,1.97289
9.45543,1.03398,2.09904
9.3983,1.09111,2.1776
9.32689,1.18633,2.06334
9.34593,1.07445,2.02525
9.39592,0.953049,2.0443
9.4959,0.736435,2.07286
9.55541,0.660263,2.13951
9.62682,0.534103,2.11809
9.61968,0.603134,2.09904
9.63872,0.824509,2.13237
9.69109,1.04826,2.29662
9.5197,1.27916,2.28947
9.47447,1.28154,2.40611
9.47923,1.10063,2.42992
9.57207,0.83165,2.53227
9.65062,0.610275,2.59416
9.66966,0.63884,2.75127
9.9315,0.736435,4.10094
9.94579,0.726913,4.15807
9.95769,0.70787,4.32469
9.95769,0.591232,4.38182
9.95055,0.460312,4.51988
9.99815,0.44841,4.59843
10.0172,0.324631,4.55797
9.97673,0.38414,4.52226
9.85295,0.505539,4.68413
9.74345,0.634079,4.80315
9.67918,0.681686,4.96501
9.59349,0.417465,5.02214
9.58635,0.12706,5.0388
9.52684,-0.0609894,5.03404
9.40782,-0.0014801,5.15306
9.31261,0.0984955,5.36491
9.25072,0.217514,5.43871
9.14836,0.100876,5.62913
9.04363,-0.187149,5.72673
8.92699,-0.365677,5.75053
7.11552,-0.551346,6.92406
7.10838,-0.620377,7.06688
6.99651,-0.606094,7.22398
6.87511,-0.582291,7.25493
6.8156,-0.484695,7.40965
6.6823,-0.563248,7.49297
6.48949,-0.70845,7.61674
6.35142,-0.894119,7.7072
6.28239,-1.05598,7.731
6.05388,-1.10835,7.80241
5.97771,-0.991715,8.06187
5.78014,-0.825089,8.18565
5.65636,-0.694168,8.27849
5.44926,-0.460892,8.16423
5.19695,-0.427567,8.32133
4.98033,-0.472794,8.2285
4.72087,-0.751297,8.26183
4.44951,-1.14644,8.12614
4.22575,-1.36305,8.1928
3.91154,-1.26784,8.2523
1.45024,-0.629898,8.01189
1.28123,-0.529922,7.93571
1.09557,-0.360916,7.82622
0.909897,-0.303787,7.65483
0.73613,-0.25856,7.87621
0.750412,-0.334732,7.90001
0.73613,-0.415665,8.06902
0.721848,-0.556107,8.09996
0.650436,-0.553726,8.12614
0.450485,-0.508499,8.16423
0.390976,-0.479935,8.03569
0.298141,-0.425186,8.05949
0.107712,-0.327591,7.95238
-0.0517731,-0.349014,7.92857
-0.120804,-0.38472,8.0833
-0.0993805,-0.346634,8.34276
-0.0517731,-0.220474,8.42369
-0.0850983,-0.229996,8.69267
-0.123184,-0.146683,8.726
-0.00892639,-0.337112,8.90691
0.733749,-0.908401,9.93999
0.698044,-0.817947,10.0709
0.826584,-0.656082,10.2066
0.748032,-0.677505,10.0757
0.693283,-0.798904,10.0471
0.714706,-0.946487,9.94951
0.757553,-1.006,9.90666
0.726608,-0.891739,9.94475
0.764694,-0.801285,10.0138
0.826584,-0.677505,10.1019
0.586166,-0.956009,9.92808
0.67186,-0.984573,10.0138
0.695663,-0.953629,9.88762
0.667099,-0.934586,9.84001
0.638535,-0.875076,9.80907
0.583786,-0.789383,9.7924
0.659958,-0.76796,9.92333
0.657578,-0.798904,9.92094
0.648056,-0.906021,9.77574
0.688522,-1.0536,9.86144
0.740891,-0.936966,9.93285
0.807541,-0.701309,9.9876
0.774216,-0.558487,10.0304
0.726608,-0.634659,9.92333
0.745651,-0.796524,9.96855
0.836105,-0.975052,9.96855
0.857529,-0.984573,9.85905
0.883713,-0.96077,9.86382
0.907516,-1.00124,9.99474
0.871811,-0.958389,9.92808
0.890854,-0.782242,10.0019
0.80278,-0.863174,9.91142
0.795639,-1.00362,9.90904
0.762314,-1.00124,9.89476
0.859909,-1.00124,10.0019
0.897995,-0.894119,9.99235
0.807541,-0.77034,9.83049
0.724228,-0.632278,9.82335
0.717087,-0.568008,9.82811
0.764694,-0.565628,9.7686
1.12651,-0.817947,9.83525
1.02653,-0.682266,9.77574
0.874191,-0.629898,9.74004
0.986069,-0.777481,9.78526
1.13127,-0.763199,9.70433
1.11699,-0.653702,9.76146
1.10747,-0.482315,9.75194
1.07652,-0.437088,9.70671
1.05748,-0.606094,9.72337
1.11937,-0.782242,9.68529
1.1646,-0.839371,9.60197
1.19316,-0.713211,9.69957
1.25505,-0.696548,9.83525
1.21935,-0.672745,9.7805
1.15508,-0.637039,9.79478
1.19078,-0.617996,9.77098
1.17174,-0.477554,9.93523
1.15746,-0.406143,10.0043
1.10985,-0.3871,9.93999
1.04796,-0.606094,9.81145
0.983688,-0.596573,9.8662
0.917038,-0.418045,9.75432
0.902756,-0.349014,9.71861
0.86705,-0.353775,9.69957
0.869431,-0.358536,9.72575
0.959885,-0.418045,9.73052
1.09081,-0.439468,9.78526
1.22411,-0.603714,9.76146
1.22887,-0.646561,9.7805
1.24077,-0.572769,9.82573
1.14079,-0.496597,9.88048
1.17888,-0.403763,9.82335
1.25981,-0.318069,9.86858
1.29314,-0.377579,9.7686
1.26457,-0.439468,9.72575
1.2122,-0.453751,9.75194
1.22411,-0.572769,9.89714
1.286,-0.651321,9.83763
1.31218,-0.691788,9.76384
1.42406,-0.825089,9.75908
1.40025,-0.844131,9.80431
1.38597,-0.929825,9.86382
1.52879,-0.870316,9.88286
1.59068,-0.803665,9.85667
1.61925,-0.582291,9.91856
1.71684,-0.420425,9.98997
1.82872,-0.532303,9.97093
1.96916,-0.667984,9.86382
1.86205,-0.76796,9.77574
1.79301,-0.739395,9.81145
1.78825,-0.734634,9.78764
1.86919,-0.798904,9.88048
1.97154,-0.813187,9.89238
1.94774,-0.787003,9.92094
1.88347,-0.803665,9.79002
1.6978,-0.765579,9.73052
1.60973,-0.865555,9.76384
1.50975,-0.953629,9.80431
1.37883,-0.877457,9.65672
1.23839,-0.867935,9.51866
1.19316,-0.839371,9.61388
1.23601,-0.617996,9.55199
1.22649,-0.482315,9.63054
1.27409,-0.418045,9.62578
1.32408,-0.356155,9.67815
1.48357,-0.444229,9.66148
0.988449,-0.739395,9.59245
0.978928,-0.568008,9.63768
0.938461,-0.496597,9.71385
1.12175,-0.589432,9.75432
1.24315,-0.687027,9.72575
1.31694,-0.77034,9.671
1.31218,-0.784622,9.69243
1.19792,-0.670364,9.60912
1.13841,-0.64418,9.59959
1.10747,-0.591812,9.6591
1.067,-0.64418,9.58293
1.05272,-0.568008,9.62578
1.00987,-0.465652,9.6472
1.00035,-0.487076,9.56627
1.067,-0.558487,9.54723
1.16222,-0.651321,9.67577
1.30504,-0.689407,9.81383
1.28123,-0.558487,9.84239
1.21935,-0.460892,10.0019
1.20982,-0.496597,10.0209
1.22887,-0.717972,9.72813
1.31932,-0.760818,9.65196
1.43358,-0.57991,9.63054
1.48833,-0.422806,9.56627
1.52403,-0.363297,9.5377
1.50975,-0.372818,9.60435
1.5645,-0.470413,9.71147
1.58592,-0.475174,9.53056
1.60497,-0.546585,9.61388
1.66209,-0.520401,9.67815
1.73589,-0.403763,9.77812
1.71684,-0.368057,9.82097
1.65495,-0.439468,9.89952
1.54784,-0.408524,9.79478
1.37883,-0.318069,9.84953
1.19078,-0.165726,9.86382
1.20506,-0.163345,9.84953
1.24791,-0.249039,9.73052
1.26219,-0.339493,9.72813
1.21935,-0.25618,9.73766
1.43596,-0.565628,9.60197
1.23601,-0.51088,9.68529
1.15269,-0.57991,9.58531
1.26457,-0.518021,9.54485
1.3336,-0.420425,9.54723
1.36455,-0.277603,9.63292
1.41216,-0.265701,9.6115
1.39073,-0.218094,9.56151
1.31932,-0.144302,9.60197
1.36931,0.0128021,9.64482
1.44072,0.100876,9.68053
1.58592,0.0104218,9.72337
1.61449,-0.096695,9.62816
1.55022,-0.232376,9.57817
1.48119,-0.275223,9.50438
1.4431,-0.227615,9.53294
1.45024,-0.199051,9.67339
1.48833,-0.201431,9.69243
1.45738,-0.137161,9.74956
1.42406,-0.172867,9.81145
1.43358,0.000900269,9.94475
1.27171,-0.177628,9.87096
1.21696,-0.0110016,9.97093
1.28123,0.441269,9.82811
1.4193,0.598373,9.89238
1.45262,0.634079,9.81145
1.28838,0.812607,9.49486
1.27171,0.89592,9.28538
1.3336,1.18156,9.31633
1.48357,1.65526,9.31871
1.56688,2.28368,9.33537
1.75017,2.93114,9.35918
1.67876,3.3596,9.39964
1.73827,3.34532,9.18065
1.80492,2.92638,8.895
2.01915,2.6812,8.55937
2.28575,3.3358,8.40703
2.55711,4.16417,8.59032
2.71184,4.92589,8.71172
2.66661,5.36388,8.6284
2.72374,5.50908,8.32371
2.67375,5.36626,7.9738
2.68089,6.1732,5.83623
2.89751,6.44695,5.88384
2.8499,7.12059,5.7672
2.79753,7.43956,5.80052
2.87846,7.64665,5.59343
2.91179,7.41576,5.35301
3.23076,7.12535,4.91264
3.21648,7.19676,4.32707
3.17839,7.3134,4.5294
3.22124,7.77043,4.59129
3.0927,8.19414,4.28661
2.99986,7.94658,4.33183
3.04985,7.35625,3.76292
3.12602,6.98253,3.39159
3.13078,6.99443,3.23686
3.03319,7.62523,3.29399
3.02129,8.03465,3.29161
3.01415,8.08226,3.14879
3.08794,8.02037,3.03691
2.99986,8.20842,2.87505
2.5833,9.39146,1.0731
2.4738,9.07725,0.820785
2.62852,8.67497,0.725571
2.64995,8.33696,0.180466
2.56902,8.51073,0.0233612
2.38811,8.62975,-0.1147
2.46428,8.78209,-0.117081
2.36192,8.89159,-0.245621
2.35002,8.86778,-0.236099
2.5833,8.96062,-0.169449
2.57854,9.13438,-0.414627
2.62614,9.15819,-0.557449
2.67375,8.9868,-0.597916
2.65947,9.27245,-0.68837
2.53093,9.38194,-0.657425
2.50237,9.32243,-0.757401
2.44524,9.28911,-0.800247
2.38097,9.27245,-0.797867
2.42857,9.11772,-1.00496
2.43333,9.20341,-1.14302
2.48332,8.55595,-1.15254
2.56902,8.54167,-1.13112
2.66185,8.65593,-1.2906
2.50237,9.08916,-1.412
2.3524,9.46049,-1.18587
2.37621,9.38908,-1.07399
2.42857,9.08916,-1.10017
2.59996,8.86064,-0.993057
2.65471,9.09154,-1.07637
2.53093,9.34386,-0.976395
3.01415,6.62785,2.37041
3.22362,7.21819,2.95122
3.0808,8.963,3.74626
2.63805,9.8961,4.46989
2.47142,9.46764,4.42943
2.75945,8.48692,4.56511
2.85466,7.90135,4.46751
3.14745,7.53716,4.47227
3.39738,7.17296,4.76744
3.30931,6.79924,4.93407
2.51189,4.51646,7.72386
2.79515,4.20464,7.9857
3.06651,4.2451,8.31181
2.96654,4.21416,8.13091
2.75468,3.93327,8.14281
2.16911,3.23106,8.04759
1.89775,2.54076,8.0833
2.11436,2.17894,8.62602
2.4857,2.28844,9.00688
2.84038,2.56218,9.6591
2.02629,0.224655,9.30919
1.31218,-0.544205,8.7379
0.871811,-1.22737,8.64507
0.812302,-1.61061,8.93785
1.02177,-1.59871,9.18303
1.24077,-1.14644,9.57817
1.41454,-0.418045,9.93523
1.60735,0.115158,10.2352
1.49547,-0.0276642,9.82811
1.2122,-0.541824,9.55913
0.967026,-0.948868,9.27348
0.888474,-1.29164,9.2473
0.921799,-1.38924,9.3806
0.990829,-1.51064,9.54246
1.06462,-1.80342,9.49486
1.15031,-2.02956,9.58531
1.27647,-2.09383,9.54723
1.15984,-2.0486,9.4901
0.952744,-1.87721,9.49724
0.73851,-1.57014,9.5377
0.99321,-0.891739,10.0519
1.01463,-0.982193,10.0257
0.99559,-1.25117,9.88048
1.12651,-1.48921,9.7686
1.15269,-1.71059,9.81621
1.22887,-1.85579,9.72813
1.29552,-1.73677,9.85429
1.33122,-1.46779,9.89
1.31218,-1.25832,9.97807
1.24553,-1.08693,9.93999
1.21935,-1.09883,9.88048
1.22173,-1.1869,9.96617
1.24077,-1.31783,9.84239
1.23363,-1.55348,9.68053
1.18364,-1.59157,9.63292
1.15508,-1.4178,9.58531
1.09081,-1.32259,9.6353
1.10509,-1.23451,9.74718
1.12651,-1.18929,9.75432
1.16222,-1.1631,9.7448
1.25505,-1.27498,9.74242
1.26695,-1.29402,9.66863
1.32884,-1.19405,9.73052
1.30742,-1.09169,9.84715
1.31694,-0.946487,9.9019
1.31932,-1.0417,9.83763
1.24315,-1.06313,9.71147
1.12651,-1.09169,9.63292
1.02415,-1.18452,9.69243
0.981308,-1.18452,9.70671
1.01463,-1.19643,9.66148
1.12413,-1.15834,9.7448
1.19554,-1.07265,9.67339
1.2122,-1.00124,9.67339
1.17174,-0.870316,9.72099
1.09319,-0.913162,9.64006
0.99321,-1.0298,9.66386
0.926559,-1.15834,9.63054
1.00749,-1.21071,9.66624
1.08604,-1.20119,9.81145
0.907516,-0.953629,9.80907
0.876572,-0.972672,9.87572
0.821823,-0.970291,9.84953
0.940842,-1.12502,9.85905
1.04082,-1.26308,9.7686
1.12651,-1.28212,9.78526
1.05986,-1.13216,9.81859
1.03844,-0.989334,9.89952
1.03606,-0.953629,9.89238
1.09795,-0.953629,9.89238
1.13603,-1.15358,9.93523
1.15269,-1.07979,9.96141
1.18364,-0.970291,9.86382
1.23601,-0.882217,9.80907
1.20268,-0.875076,9.82335
1.04082,-0.915543,9.74718
0.936081,-0.951248,9.74956
0.826584,-1.04646,9.85905
0.933701,-1.11311,10.0304
0.924179,-1.17262,9.94475
1.01225,-1.15596,9.95903
1.03844,-1.08455,9.89
1.00511,-1.04646,9.92808
1.02892,-1.17738,10.0304
0.967026,-1.24879,9.88048
0.914658,-1.16072,9.97807
0.917038,-1.01552,10.0495
0.919418,-0.8965,10.1114
1.00511,-0.825089,10.1423
1.04796,-0.865555,10.0661
1.11699,-0.967911,10.0281
1.15031,-1.10597,9.94951
1.11937,-1.12978,9.90428
1.10033,-1.24403,9.78764
1.07176,-1.25832,9.6591
0.921799,-1.23213,9.81621
0.914658,-1.15596,9.77336
0.86705,-1.12978,9.61626
0.869431,-1.18214,9.50914
0.857529,-1.17976,9.49248
0.574264,-1.22499,9.55675
0.600449,-1.31783,9.63292
0.60759,-1.32497,9.61388
0.571884,-1.27736,9.68529
0.48381,-1.29878,9.65672
0.429062,-1.42494,9.70433
0.402878,-1.43208,9.68529
0.48143,-1.3821,9.84477
0.567123,-1.28212,9.87096
0.619492,-1.18452,9.92571
0.452866,-1.54634,9.96141
0.450485,-1.5511,9.92808
0.41954,-1.52254,9.92094
0.348129,-1.49397,9.93047
0.336227,-1.42018,9.96617
0.369553,-1.47255,9.95903
0.360031,-1.44875,9.90904
0.283859,-1.42494,9.90904
0.300522,-1.46779,9.93047
0.348129,-1.50825,9.85905
0.255295,-1.42018,9.84239
0.191025,-1.48445,9.72337
0.231491,-1.51302,9.80193
0.219589,-1.47017,9.83525
0.248154,-1.46779,9.83049
0.255295,-1.45827,9.97331
0.255295,-1.45113,9.93523
0.22435,-1.45589,9.8781
0.22673,-1.45589,9.89
0.276718,-1.43208,9.9138
0.35051,-1.51302,9.9138
0.3517,-1.41423,9.91023
0.408829,-1.45351,9.87691
0.356461,-1.41542,9.8174
0.293381,-1.30592,9.81621
0.270767,-1.22023,9.79359
0.194595,-1.21904,9.70076
0.22554,-1.31306,9.70195
0.301712,-1.45708,9.72932
0.410019,-1.5511,9.74004
0.335037,-1.4178,9.81859
0.323135,-1.34877,9.81383
0.368362,-1.28926,9.84477
0.363602,-1.41066,9.7924
0.258865,-1.4297,9.76979
0.195786,-1.36662,9.70433
0.102951,-1.38924,9.6722
0.000595093,-1.41899,9.71266
-0.0422516,-1.42732,9.6841
0.0374908,-1.53444,9.58888
0.136276,-1.58205,9.8781
0.216019,-1.64037,9.93047
0.276718,-1.68678,10.0447
0.244583,-1.64275,10.0078
0.242203,-1.59514,9.95308
0.326706,-1.60942,9.89238
0.35051,-1.55943,9.97569
0.362411,-1.62608,9.89238
0.339798,-1.57372,9.89476
0.325516,-1.563,9.86977
0.281479,-1.54396,9.79955
0.229111,-1.55824,9.74718
0.189835,-1.58562,9.78169
0.302902,-1.65108,9.83049
0.363602,-1.57252,9.87929
0.292191,-1.48683,9.84001
0.28743,-1.563,9.89
0.302902,-1.57729,9.99355
0.319565,-1.6356,9.97569
0.371933,-1.71773,9.91261
0.362411,-1.67726,9.86739
0.392166,-1.62727,9.77098
0.387405,-1.61061,9.7805
0.346939,-1.55943,9.77931
0.296951,-1.52849,9.66981
0.269577,-1.50468,9.66743
0.22673,-1.62013,9.59721
0.268387,-1.66774,9.56389
0.301712,-1.757,9.54604
0.283859,-1.62846,9.73885
0.336227,-1.61418,9.68886
0.363602,-1.65227,9.79002
0.356461,-1.6844,9.88762
0.389786,-1.76295,9.94475
0.382645,-1.67726,10.0269
0.425491,-1.65465,10.1947
0.512375,-1.5999,10.3018
0.558792,-1.71059,10.4756
0.60878,-1.72725,10.8612
0.663528,-1.60942,11.1837
0.761124,-1.71416,11.8562
0.925369,-1.89507,12.5263
0.915848,-1.54515,12.6619
0.870621,-1.6356,12.7
1.06581,-2.09264,12.7464
0.99678,-2.66393,12.3525
0.584976,-2.6675,12.1561
0.340988,-2.60204,11.8609
-0.0505829,-2.43779,11.3039
-0.444534,-2.22118,10.8671
-0.788498,-2.20927,10.541
-1.04439,-2.25093,10.0257
-1.49785,-2.24022,9.50319
-2.04414,-2.19975,9.34489
-2.53212,-2.25331,8.87477
-2.85942,-2.24855,8.5927
-3.17125,-2.06288,8.09996
-3.59734,-1.74986,7.75957
-4.25194,-1.49635,7.27278
-4.86012,-1.25475,6.85979
-5.23384,-1.28569,6.52653
-5.68611,-1.07979,5.61247
-6.52995,-0.583481,5.07094
-6.79417,-0.421616,4.79005
-7.21193,-0.301407,4.1057
-7.65111,-0.12645,3.64272
-7.90343,-0.0383759,3.41539
-8.101,-0.252609,3.14046
-8.28786,-0.215714,2.94646
-8.56398,-0.0657501,2.83458
-8.58778,0.102066,2.68105
-8.89961,0.394852,2.57512
-8.92461,0.234177,2.39183
-9.19359,0.221085,1.90147
-9.41972,0.657883,1.54561
-9.46733,1.29106,1.26949
-9.80891,1.80641,0.65892
-10.2648,2.03969,0.0781097
-10.3743,1.78142,-0.449142
-10.4314,1.53624,-0.939499
-10.3957,1.51363,-1.29655
-10.5683,1.85997,-1.37511
-10.5444,1.90401,-0.803818
-10.1862,1.53743,-0.223007
-10.11,1.12325,0.231644
-9.90532,0.695969,0.536331
-9.78154,0.931625,0.761276
-9.84224,1.31963,0.91481
-9.9077,1.28154,1.11238
-9.76488,0.76738,1.22188
-9.77678,0.440079,1.13618
-9.48875,0.762619,1.61821
-9.3626,1.24464,1.86815
-9.25905,0.928055,2.06929
-9.06267,0.38414,2.31328
-8.51399,-0.189529,3.13689
-8.02126,-0.25975,4.06047
-7.94627,-0.25975,4.34135
-8.07243,-0.545395,4.14735
-7.64516,-0.811996,4.78648
-7.0453,-1.12859,5.72197
-6.80489,-1.06313,6.18257
-6.85844,-0.495407,6.20876
-6.79417,-0.243088,6.17067
-6.06459,-0.369247,6.85741
-5.51234,-1.2119,7.79289
-5.16362,-1.73915,8.29515
-5.20885,-1.58205,8.12019
-4.96843,-1.29045,7.98213
-4.55305,-1.26784,8.60698
-3.614,-1.58919,9.33894
-3.63542,-2.01646,9.39131
-3.84251,-1.50349,9.03307
-3.89607,-1.01909,9.02116
-3.45927,-1.02623,9.46391
-2.67256,-1.90816,9.72694
-2.73088,-2.08073,9.36156
-2.96654,-1.30473,9.15447
-2.65947,-0.938156,9.58293
-2.20601,-1.30592,9.84477
-1.89656,-1.67369,9.32942
-1.81563,-1.5761,9.29967
-1.52998,-0.982193,9.89952
-1.18126,-1.35591,10.1804
-0.73732,-2.13072,9.90071
-0.520706,-2.27354,9.72099
-0.35527,-1.09169,10.3815
-0.22197,-0.733444,10.6922
-0.0553436,-1.22023,10.5767
0.246964,-1.70821,10.8302
0.496902,-1.47374,10.9528
0.60878,-0.89888,11.2123
1.17531,-1.26665,11.6396
1.46809,-1.65465,11.5991
1.43239,-1.56776,11.5229
1.18007,-1.45708,11.4301
1.07533,-1.73558,11.2278
1.08366,-1.7701,11.0647
0.86348,-1.56062,10.835
0.705185,-1.56419,10.5684
0.714706,-1.68083,10.3363
0.701614,-1.5999,10.259
0.717087,-1.60704,10.0959
0.707565,-1.47493,9.9269
0.67662,-1.29402,9.91618
0.570694,-1.47136,9.71742
0.494522,-1.77843,9.5508
0.446915,-1.88792,9.45796
0.364792,-1.39281,9.56389
0.292191,-1.13335,9.55675
0.388596,-1.29878,9.52937
0.425491,-1.51897,9.5389
0.520706,-1.82722,9.42583
0.579025,-1.57729,9.66743
0.645676,-1.35591,9.7805
0.643295,-1.39638,9.77336
0.646866,-1.60347,9.76979
0.694473,-1.67488,9.79598
0.657578,-1.54277,9.85548
0.614731,-1.36543,9.83763
0.540939,-1.42137,9.72694
0.492142,-1.50587,9.72456
0.574264,-1.49159,9.70552
0.615921,-1.3452,9.89238
0.677811,-1.27141,9.94475
0.669479,-1.53444,9.84596
0.664719,-1.57014,9.84001
0.631393,-1.58205,9.8412
0.599258,-1.50945,9.80669
0.571884,-1.40709,9.83525
0.618301,-1.55348,9.83525
0.644486,-1.48445,9.79716
0.623062,-1.28331,9.93166
0.605209,-1.44875,9.83168
0.663528,-1.56657,9.78407
0.646866,-1.48326,9.79598
0.613541,-1.42613,9.80788
0.570694,-1.44041,9.76146
0.557602,-1.51183,9.73052
0.564743,-1.50349,9.80669
0.618301,-1.40947,9.83168
0.565933,-1.369,9.8055
0.490952,-1.47136,9.76741
0.433823,-1.56419,9.67339
0.433823,-1.48088,9.78883
0.517136,-1.33568,9.88286
0.589737,-1.33092,9.90785
0.582596,-1.44875,9.8412
0.526657,-1.5511,9.84477
0.504044,-1.55943,9.77455
0.569504,-1.37972,9.89595
0.527847,-1.26427,9.88048
0.506424,-1.33568,9.91737
0.573074,-1.46541,9.95903
0.619492,-1.38686,9.91737
0.537369,-1.37733,9.87572
0.515945,-1.369,9.75194
0.519516,-1.39876,9.72099
0.557602,-1.49159,9.74242
0.568314,-1.38567,9.75908
0.577835,-1.36186,9.73409
0.656387,-1.4297,9.81264
0.644486,-1.44875,9.82097
0.620682,-1.50349,9.84953
0.633774,-1.55229,9.78645
0.60759,-1.4297,9.86739
0.584976,-1.32616,9.88286
0.588547,-1.45708,9.82811
0.562363,-1.46779,9.74123
0.534988,-1.42018,9.75432
0.567123,-1.37138,9.76503
0.557602,-1.34282,9.88048
0.570694,-1.3452,9.79955
0.494522,-1.28331,9.75908
0.500473,-1.43803,9.77455
0.509995,-1.50587,9.76741
0.554031,-1.49516,9.7805
0.598068,-1.38805,9.86144
0.60878,-1.37852,9.86262
0.54808,-1.39281,9.91261
0.570694,-1.43327,9.88524
0.599258,-1.53801,9.81026
0.521896,-1.43446,9.7686
0.439774,-1.37257,9.79598
0.408829,-1.24522,9.79121
0.452866,-1.29402,9.78407
0.451675,-1.54039,9.79359
0.505234,-1.588,9.76503
0.54332,-1.40471,9.89714
0.467148,-1.31783,9.84953
0.469528,-1.39162,9.83406
0.519516,-1.47136,9.83644
0.488571,-1.45589,9.78645
0.533798,-1.43327,9.78645
0.526657,-1.36781,9.82097
0.505234,-1.47493,9.83287
0.448105,-1.54634,9.81145
0.470718,-1.4666,9.81383
0.474289,-1.47612,9.82573
0.538559,-1.44518,9.88524
0.526657,-1.37614,9.93404
0.569504,-1.47731,9.8531
0.529038,-1.56181,9.85072
0.490952,-1.53801,9.8412
0.464767,-1.46779,9.79598
0.521896,-1.40947,9.89119
0.467148,-1.41542,9.76622
0.455246,-1.48921,9.80907
0.437393,-1.53563,9.72337
0.495712,-1.52254,9.78764
0.514755,-1.52849,9.81383
0.477859,-1.49992,9.85072
0.468338,-1.55467,9.87215
0.492142,-1.46541,9.88405
0.448105,-1.35948,9.88048
0.470718,-1.49516,9.86739
0.564743,-1.50945,9.9138
0.54689,-1.45708,9.87572
0.539749,-1.42851,9.80788
0.493332,-1.40709,9.88405
0.532608,-1.4904,9.78645
0.48143,-1.56776,9.71742
0.460007,-1.42137,9.74242
0.465958,-1.41304,9.76979
0.488571,-1.37019,9.80788
0.589737,-1.39162,9.81145
0.594498,-1.4416,9.74718
0.460007,-1.4904,9.75075
0.456436,-1.4785,9.74956
0.527847,-1.46184,9.7686
0.529038,-1.43803,9.80073
0.517136,-1.5023,9.85191
0.549271,-1.48802,9.8174
0.48024,-1.38805,9.87334
0.401688,-1.47255,9.74837
0.448105,-1.4178,9.80073
0.502853,-1.30473,9.85548
0.421921,-1.31664,9.84596
0.406448,-1.40233,9.90666
0.450485,-1.46303,9.82692
0.508804,-1.47017,10.0209
0.643295,-1.58443,9.99831
0.677811,-1.56657,9.96617
0.636154,-1.54396,9.94594
0.669479,-1.60585,9.85072
0.689712,-1.56419,9.7448
0.602829,-1.43089,9.84953
0.586166,-1.4666,9.71742
0.569504,-1.33449,9.75908
0.54332,-1.31306,9.68767
0.524277,-1.20357,9.7198
0.6064,-1.23451,9.73052
0.733749,-1.37495,9.76503
0.730179,-1.47493,9.87334
0.656387,-1.43089,9.88762
0.600449,-1.34639,9.81145
0.568314,-1.36424,9.84953
0.576645,-1.29521,9.86144
0.605209,-1.29878,9.84715
0.590927,-1.34996,9.90904
0.570694,-1.38329,9.89
0.637344,-1.3214,10.0043
0.689712,-1.41899,9.98164
0.684952,-1.45708,9.89238
0.643295,-1.43684,9.83644
0.537369,-1.4904,9.80193
0.658768,-1.44637,9.75194
0.658768,-1.32616,9.69243
0.620682,-1.26427,9.56746
0.555222,-1.2607,9.51271
0.48143,-1.12859,9.33537
0.406448,-1.10121,9.19374
0.357651,-1.02147,9.09139
0.261246,-1.12263,8.91643
0.28624,-1.32735,8.90215
0.307663,-1.66536,8.75575
0.430252,-2.22832,8.6165
0.531418,-2.34615,8.49986
0.600449,-2.2426,8.50343
0.855148,-3.03288,8.2892
1.1039,-3.83983,7.97618
1.41692,-4.49205,8.05473
1.86443,-4.20522,8.71886
2.17625,-2.86388,9.32704
2.4012,-2.30925,9.93642
2.68089,-2.78056,10.1209
2.82729,-3.83388,10.2328
3.03914,-3.73628,10.8933
3.42952,-3.85054,11.0719
3.99605,-4.32066,11.2611
4.36858,-3.86006,11.7479
4.4507,-3.4554,11.6181
4.60542,-3.73747,11.5384
4.64946,-2.79008,11.8669
4.79823,-2.1093,11.8657
5.02794,-1.64394,11.7526
5.02318,-1.394,11.6265
5.26836,-1.26784,12.0526
5.26717,-0.506119,12.3775
5.04936,-0.115738,12.1347
4.84227,-0.409714,11.9228
4.82442,-0.328781,11.9121
4.99461,0.152054,11.4801
4.6209,0.782852,11.0885
4.48164,1.21727,11.1409
4.28526,1.47673,11.0504
3.89845,1.04469,10.6362
3.64018,0.387711,10.1637
3.72945,0.436508,9.86858
3.43071,1.1292,9.74599
2.91774,1.79094,9.73052
2.41548,2.19084,9.60792
2.12865,2.43007,9.45439
1.53712,2.39436,9.00807
0.883713,2.16466,8.51534
0.617111,1.95042,8.34038
0.48381,1.84331,7.88097
0.0160675,1.87306,7.50844
-0.379074,1.91353,7.40965
-0.687332,1.9409,7.40965
-0.757553,1.83498,7.10377
-1.2979,1.43388,6.71101
-1.77992,1.45293,6.58604
-1.68947,1.84331,6.8824
-1.92393,1.65883,6.85741
-2.66661,1.18394,6.65508
-2.80229,1.11372,6.60033
-2.4738,1.18633,6.63722
-2.73564,0.880447,6.60271
-3.11888,0.778091,6.80504
-2.85585,0.891159,7.22993
-2.57259,0.910202,7.38942
-2.61305,0.44603,7.18114
-2.83919,-0.138351,6.93239
-2.99748,-0.469223,6.95976
-2.79277,-0.418045,7.34776
-2.94392,-0.38829,7.36562
-3.42357,-0.806046,7.22874
-3.44261,-1.28688,7.18709
-3.24504,-1.67845,7.2823
-3.09865,-1.63322,7.56914
-2.70351,-1.46184,7.97499
-2.60115,-1.83913,7.94643
-3.00938,-2.78889,7.56676
-2.66899,-3.47444,7.87263
-1.83705,-2.86745,8.60341
-1.78706,-2.04265,9.12114
-2.26671,-2.32591,8.93428
-2.04295,-2.62227,9.31871
-1.69542,-2.89125,9.18065
-1.64424,-3.22569,9.20445
-1.37883,-2.46992,9.92094
-0.831345,-1.82008,10.5577
-0.699234,-2.41875,10.3292
-0.787308,-3.2245,10.3292
-0.308853,-3.24236,10.6148
0.206497,-2.73653,11.06
0.111282,-2.67107,10.8957
0.0755768,-2.83531,10.9255
0.410019,-2.46397,11.4206
1.64662,-1.44041,10.5077
1.5407,-0.984573,10.5708
1.49785,-1.17619,10.2994
1.84419,-1.76057,10.0935
1.91798,-1.8177,10.2221
1.86681,-1.23927,10.3946
1.64781,-0.727493,10.4899
1.80968,-0.83223,10.5256
1.84419,-1.41542,10.3613
1.90132,-1.45589,10.3268
1.93941,-1.25475,10.2304
1.98821,-0.990524,10.3542
1.78706,-1.16667,10.2209
1.66447,-1.26665,10.209
1.68828,-1.29521,10.0031
1.71446,-1.23927,9.97807
1.75612,-1.06075,10.0078
1.78111,-1.06432,10.0412
1.85728,-1.47255,9.87691
1.94298,-1.67012,9.77812
1.93227,-1.80223,9.71504
1.82396,-1.66893,9.70909
1.72041,-1.54039,9.78645
1.72636,-1.88554,9.73647
1.88823,-2.18547,9.62816
1.72636,-2.0605,9.70314
1.67162,-1.99385,9.67577
1.64424,-1.92958,9.59364
1.61806,-2.13548,9.47582
1.55736,-2.32353,9.32109
1.45738,-2.12239,9.31276
1.54546,-1.976,9.38655
1.54665,-1.87245,9.37108
1.54903,-1.98909,9.3806
1.55736,-1.97719,9.32347
1.60258,-1.92006,9.48653
1.57521,-1.85103,9.54723
1.45857,-1.81294,9.52818
1.52284,-1.95576,9.58055
1.57759,-2.11763,9.43535
1.59782,-2.00694,9.56984
1.57164,-1.91649,9.67577
1.53117,-1.88673,9.68529
1.52284,-1.97957,9.6472
1.56926,-1.89268,9.69124
1.60139,-1.81651,9.77455
1.62282,-1.85936,9.73409
1.6859,-1.94505,9.72099
1.6609,-2.0367,9.66029
1.61449,-2.10097,9.67458
1.49904,-1.93196,9.66981
1.58711,-2.05336,9.68172
1.64662,-2.14143,9.57103
1.68709,-2.07716,9.69124
1.64662,-2.02599,9.671
1.60258,-1.94624,9.63054
1.53831,-1.80818,9.67934
1.54546,-1.97243,9.60078
1.54546,-1.98314,9.56746
1.52641,-1.98195,9.50557
1.45381,-2.04979,9.48296
1.53831,-1.83794,9.61626
1.56688,-1.83199,9.5746
1.5526,-2.00218,9.51985
1.53117,-2.00813,9.54961
1.55022,-1.88435,9.66863
1.5395,-1.82246,9.66624
1.49785,-1.86412,9.60554
1.50856,-1.86174,9.68053
1.49309,-1.7939,9.71861
1.51808,-1.79509,9.70909
1.48595,-1.91411,9.55199
1.52284,-1.89983,9.60197
1.51094,-1.85341,9.5984
1.50618,-1.8546,9.62221
1.50618,-1.8058,9.68172
1.55617,-1.84746,9.70433
1.55141,-1.8546,9.64363
1.50499,-1.83437,9.64363
1.53712,-1.9153,9.62816
1.4919,-1.88792,9.52223
1.40977,-1.83437,9.54961
1.46928,-1.73082,9.67339
1.51808,-1.78795,9.63649
1.42525,-1.88435,9.62935
1.37645,-1.77843,9.65077
1.37169,-1.69987,9.67815
1.42763,-1.78081,9.66981
1.39311,-1.85698,9.62935
1.45262,-1.81175,9.69838
1.4669,-1.8177,9.65315
1.47881,-1.91887,9.64601
1.50499,-1.9641,9.58293
1.49785,-1.74153,9.69005
1.48119,-1.6606,9.72932
1.48833,-1.77129,9.696
1.49666,-1.84151,9.66981
1.42287,-1.79271,9.67577
1.43596,-1.62965,9.72337
1.36336,-1.60585,9.60435
1.38835,-1.82841,9.60554
1.36217,-1.86412,9.57103
1.34312,-1.80342,9.58055
1.30861,-1.67369,9.58293
1.3455,-1.77843,9.58055
1.34669,-1.97719,9.58769
1.34074,-1.92363,9.65672
1.33241,-1.60823,9.71504
1.35384,-1.58443,9.74242
1.3455,-1.85103,9.57222
1.27409,-2.06764,9.43178
1.23125,-2.04622,9.42107
1.22649,-1.8784,9.54128
1.26219,-1.80818,9.70909
1.24791,-1.59871,9.83644
1.2372,-1.78438,9.83882
1.35622,-1.85817,9.79955
1.40739,-1.68202,9.91261
1.37169,-1.62727,9.89952
1.41811,-1.78438,9.7805
1.38478,-1.88078,9.78645
1.38359,-2.03075,9.70195
1.3705,-1.94386,9.68172
1.28242,-1.77129,9.71028
1.23006,-1.74748,9.72813
1.24315,-1.78438,9.73289
1.22292,-1.70821,9.71385
1.16341,-1.58086,9.76979
1.20744,-1.65227,9.66505
1.36098,-1.83556,9.68886
1.36336,-1.83913,9.76622
1.27409,-1.74867,9.72337
1.29552,-1.69749,9.74361
1.33241,-1.92006,9.57579
1.29076,-1.92482,9.57103
1.28719,-1.82603,9.57579
1.27409,-1.75938,9.65434
1.28481,-1.71654,9.62816
1.29076,-1.72249,9.64482
1.3217,-1.60942,9.69719
1.34074,-1.69035,9.6722
1.29671,-1.7701,9.64482
1.34193,-1.8058,9.65315
1.31813,-1.81294,9.64006
1.26576,-1.74034,9.60674
1.25981,-1.7701,9.66505
1.14674,-1.61894,9.64839
1.18007,-1.52611,9.79002
1.25029,-1.6844,9.72694
1.30266,-1.80461,9.71266
1.26695,-1.65465,9.73885
1.26814,-1.6237,9.8781
1.286,-1.63799,9.78407
1.33003,-1.79509,9.7079
1.26219,-1.76057,9.66505
1.19792,-1.71416,9.69719
1.13246,-1.68797,9.69481
1.23601,-1.72844,9.6841
1.261,-1.75224,9.64839
1.14555,-1.61418,9.66505
1.13603,-1.53206,9.74718
1.20982,-1.52373,9.74242
1.23601,-1.70583,9.65672
1.19554,-1.78795,9.67934
1.17888,-1.79152,9.6722
1.19554,-1.66893,9.72218
1.2729,-1.72249,9.71147
1.20149,-1.64632,9.69362
1.12056,-1.66893,9.7198
1.08366,-1.64989,9.66981
1.14793,-1.63679,9.63768
1.14079,-1.58086,9.65553
1.14793,-1.55467,9.6234
1.10985,-1.57848,9.56746
1.16579,-1.63679,9.50557
1.11818,-1.50349,9.4294
1.03249,-1.4178,9.32466
1.09676,-1.40352,9.06996
1.06343,-1.35948,8.79979
1.06105,-1.39519,8.49629
1.12889,-1.4666,8.12257
1.23363,-1.35948,7.7429
1.33241,-1.09169,7.43465
1.47285,-0.872696,7.17281
1.85252,-1.00005,7.28468
2.49284,-1.34401,7.15614
2.88322,-1.60704,7.29659
3.25218,-1.78795,7.23708
3.43785,-1.55943,7.08116
3.39262,-1.21309,6.99666
3.28075,-0.496597,7.03236
3.46642,0.0770721,7.09663
4.2924,-0.0990753,7.0764
5.07555,-0.954819,6.96214
5.90511,-2.01051,7.09306
6.65254,-2.47945,7.06807
7.30476,-2.41042,7.31325
7.84035,-1.82365,7.59056
8.26286,-1.32259,7.66911
8.4521,-1.00124,7.62865
8.49495,-1.14168,7.18709
8.60207,-1.59633,6.63484
8.75203,-1.44041,6.59438
8.93294,-0.685837,6.40514
9.30428,-0.238327,5.93858
9.43163,-0.464462,5.52559
9.53755,-0.587051,5.19948
9.52922,-0.229996,5.04952
9.78868,0.0139923,4.77101
10.0577,-0.241898,4.29256
10.1326,-0.307358,4.12117
10.1933,0.268692,3.95335
10.3017,0.590042,3.80815
10.2897,0.165146,3.32613
10.0815,-0.0705109,2.94884
9.90175,0.570999,2.93932
9.83272,1.26845,2.78102
10.0481,0.649551,2.53941
10.1326,0.147293,2.30852
10.1398,0.945908,1.9348
10.1243,1.11729,2.09785
10.1457,0.361526,2.14308
10.0838,0.252029,2.20378
9.86723,0.842361,2.09071
9.72441,1.07088,2.33589
9.79582,0.698349,2.1895
9.86961,1.02803,1.69438
9.88747,1.23512,1.5956
9.72917,1.10777,1.3528
9.61372,1.00899,1.34685
9.70299,0.645981,1.38255
9.81367,1.01256,1.23973
9.68156,0.945908,1.21236
9.52803,0.905441,1.52538
9.53279,0.857834,1.72176
9.68633,0.497208,2.08357
9.90532,0.455551,2.3716
10.2291,0.230606,2.50609
10.2886,0.391281,2.92384
10.3552,0.423416,3.18806
10.3981,0.415085,3.54512
10.4778,0.178238,3.69627
10.5111,0.177048,3.98073
10.3683,0.0913544,4.26994
10.2088,-0.325211,4.48299
10.0041,-0.488266,4.63771
9.88747,-0.3871,4.96382
9.89461,-0.463272,5.25661
9.88628,-0.985764,5.22804
9.69704,-1.31544,5.45775
9.41972,-1.29045,5.87788
9.15907,-1.02147,6.22661
8.97221,-1.20119,6.23613
8.6461,-1.51064,6.2885
8.34737,-1.69392,6.48131
7.90581,-1.5511,6.46465
7.51662,-1.41066,6.86217
7.37975,-1.46184,7.11687
7.05602,-1.29521,7.08116
6.6692,-1.57372,7.10973
6.3062,-1.84865,7.11211
5.74681,-1.56776,7.174
5.26241,-1.42851,7.44536
4.99461,-1.88316,7.16685
4.54115,-1.96529,7.41084
4.2079,-1.6487,7.60841
3.54259,-1.5511,7.62746
2.83681,-1.29878,7.60365
2.40239,-1.50587,7.79051
2.35954,-2.10216,7.78456
2.03819,-1.95934,7.81789
1.52284,-1.35234,7.83098
1.13722,-1.14287,8.07021
1.05272,-1.30235,8.22969
0.970596,-1.77962,8.00713
0.604019,-1.92958,7.87263
0.369553,-1.65703,8.10472
-0.0124969,-0.997665,8.29158
0.266006,-1.3333,8.46654
0.131516,-1.67964,8.55461
0.245773,-1.94029,8.80455
0.273148,-1.72249,9.01521
0.294571,-1.41661,9.11876
0.282669,-1.50825,9.28657
0.338608,-1.83199,9.37822
0.307663,-1.83199,9.43178
0.293381,-1.60585,9.49367
0.385025,-1.58919,9.71742
0.333847,-1.60347,9.77812
0.317184,-1.76534,9.77693
0.343369,-1.96291,9.80073
0.475479,-1.80461,9.94713
0.495712,-1.48326,10.0602
0.469528,-1.59633,9.91737
0.399307,-1.88316,9.85072
0.399307,-2.07597,9.75551
0.311234,-1.9998,9.70195
0.210068,-1.7213,9.82216
0.313614,-1.60942,9.80193
0.401688,-1.82008,9.86262
0.41954,-2.02837,9.76027
0.427872,-1.97124,9.83525
0.431442,-1.76176,9.96617
0.557602,-1.67131,9.9864
0.505234,-1.84746,9.8781
0.524277,-1.94743,9.87691
0.558792,-1.95219,9.88762
0.460007,-1.8903,9.76265
0.41716,-1.86888,9.74242
0.456436,-1.81175,9.64839
0.41835,-1.76772,9.67815
0.383835,-1.72606,9.66505
0.35408,-1.72368,9.73527
0.468338,-1.77367,9.70552
0.477859,-1.72725,9.79002
0.468338,-1.79509,9.77693
0.425491,-1.80342,9.78526
0.494522,-1.77486,9.89833
0.494522,-1.56181,9.85786
0.470718,-1.6118,9.79955
0.449295,-1.74034,9.83763
0.408829,-1.8058,9.81502
0.41597,-1.66774,9.78288
0.383835,-1.51778,9.79716
0.465958,-1.65346,9.8055
0.47905,-1.78438,9.73527
0.462387,-1.73558,9.74123
0.549271,-1.77248,9.7079
0.563553,-1.80818,9.67934
0.515945,-1.78438,9.69957
0.593307,-1.74629,9.7317
0.743271,-1.66298,9.86262
0.711136,-1.72606,9.77693
0.549271,-1.74629,9.73885
0.551651,-1.71059,9.7317
0.537369,-1.70583,9.77217
0.48143,-1.59276,9.77336
0.437393,-1.61299,9.75194
0.430252,-1.63322,9.72813
0.47905,-1.6725,9.79121
0.515945,-1.87483,9.76979
0.48381,-1.77129,9.79478
0.530228,-1.64394,9.79598
0.583786,-1.72249,9.80073
0.559982,-1.79985,9.73766
0.683762,-1.86531,9.82097
0.713516,-1.81889,9.80073
0.615921,-1.69749,9.85548
0.569504,-1.7332,9.84596
0.592117,-1.63918,9.84953
0.61235,-1.58324,9.84953
0.54213,-1.63679,9.76146
0.462387,-1.76057,9.77098
0.60878,-1.82365,9.78883
0.655197,-1.6487,9.76384
0.61235,-1.60704,9.81502
0.665909,-1.78795,9.78645
0.744461,-1.82603,9.83049
0.60878,-1.81294,9.71623
0.520706,-1.75462,9.7198
0.617111,-1.6487,9.83049
0.669479,-1.68559,9.82573
0.588547,-1.77605,9.80907
0.561172,-1.82841,9.81859
0.783737,-1.87602,9.91975
0.876572,-1.7213,9.83763
0.796829,-1.60942,9.86739
0.798019,-1.68202,9.88405
0.774216,-1.67131,9.70909
0.73494,-1.67845,9.77574
0.732559,-1.67964,9.68529
0.732559,-1.61656,9.72575
0.669479,-1.54753,9.67696
0.650436,-1.60823,9.70195
0.744461,-1.62251,9.74837
0.742081,-1.65227,9.82454
0.825394,-1.67726,9.84477
0.80516,-1.50111,9.84239
0.743271,-1.56062,9.75908
0.681381,-1.60109,9.70433
0.665909,-1.46898,9.69124
0.726608,-1.53087,9.63054
0.732559,-1.53444,9.71742
0.762314,-1.59752,9.6115
0.742081,-1.62846,9.57579
0.818253,-1.68202,9.6591
0.99559,-1.69392,9.71385
0.926559,-1.58443,9.75075
0.846817,-1.47493,9.73052
0.922989,-1.44518,9.69957
0.853958,-1.49992,9.72337
0.86586,-1.47136,9.83168
0.846817,-1.44994,9.96617
0.950363,-1.6118,10.09
1.03844,-1.7332,10.1245
1.05986,-1.79033,10.0816
1.13722,-1.7939,10.0828
1.08604,-1.89507,9.98045
1.01701,-1.86174,9.86144
0.968216,-1.61656,9.74837
0.890854,-1.64751,9.69124
0.951553,-1.87483,9.74123
0.957504,-1.74986,9.696
0.903946,-1.56062,9.66624
0.827774,-1.60942,9.58412
0.825394,-1.48921,9.61031
0.839676,-1.51897,9.56746
0.990829,-1.93196,9.60554
1.10271,-1.72011,9.56984
0.775406,-1.45589,9.60554
0.787308,-1.44994,9.6472
0.93132,-1.44279,9.86382
1.02653,-1.54158,9.91142
0.922989,-1.48683,9.83644
0.843246,-1.33687,9.91737
0.915848,-1.37614,9.93047
1.1515,-1.48445,10.0054
1.09795,-1.43208,9.90071
0.834915,-1.31544,9.85191
0.775406,-1.31783,9.8055
0.749222,-1.42256,9.72694
0.764694,-1.56776,9.76265
0.853958,-1.63322,9.86858
0.815872,-1.63084,9.85905
0.770645,-1.67012,9.80669
0.682571,-1.5761,9.72337
0.6064,-1.588,9.69481
0.684952,-1.57252,9.7198
0.777786,-1.58919,9.69838
0.725418,-1.52849,9.75313
0.60759,-1.77605,9.63292
0.713516,-1.86769,9.57103
0.728989,-1.64751,9.58412
0.668289,-1.72725,9.54723
0.684952,-1.6963,9.62459
0.689712,-1.86174,9.56984
0.719467,-1.80818,9.69362
0.811111,-1.57252,9.73885
0.786118,-1.70821,9.68648
0.855148,-1.3821,9.8174
0.783737,-1.21785,9.78169
0.786118,-1.25713,9.60554
0.798019,-1.22856,9.46153
0.825394,-1.05003,9.31514
0.796829,-0.959579,9.12947
0.718277,-0.884598,8.94856
0.658768,-0.234756,8.97951
0.875381,0.232986,9.08662
1.13603,0.267502,9.05806
1.30266,0.0663605,9.09139
1.57521,0.521011,9.32704
1.74779,0.876877,9.56151
2.05009,0.348434,9.696
2.32027,0.0282745,9.60674
2.6559,0.218704,9.88762
2.85823,0.196091,10.0459
3.13554,-0.0621796,10.2304
3.42476,-0.295456,10.3101
3.40572,-0.245468,10.4303
3.55092,-0.0407562,10.9873
3.76396,-0.178818,11.4753
3.94725,-0.940536,11.7979
4.11031,-1.10597,12.2835
4.28407,-1.25117,12.8928
4.51378,-2.10335,13.1547
4.39714,-2.82817,13.4534
4.4269,-3.73509,13.5082
4.2686,-4.38374,13.7224
4.09959,-4.14214,13.4975
3.6747,-4.23854,13.1166
3.42,-4.48253,12.5072
3.06889,-4.15642,11.9931
2.46666,-3.99455,11.4491
2.01201,-4.10762,10.841
1.843,-4.00645,10.3625
1.51689,-4.02669,9.83168
1.14436,-4.05287,9.09853
0.894424,-3.88268,8.6772
0.525467,-3.79341,8.26778
0.125565,-4.10762,7.8405
-0.111282,-4.30638,7.2823
-0.28743,-3.92314,7.07045
-0.703995,-3.52681,6.86455
-1.10271,-2.99718,6.76933
-1.29909,-2.11763,6.81218
-1.56688,-1.7094,6.83122
-2.01796,-2.05098,6.43489
-2.19173,-2.25331,6.09569
-2.20958,-1.14882,6.30754
-2.36192,-0.666794,6.29683
-2.77611,-0.662033,6.18852
-3.02962,-0.591812,6.11235
-2.89632,-0.541824,6.12663
-2.64757,-0.233566,6.30278
-3.07127,0.0913544,6.17424
-3.75444,-0.0978851,5.78743
-3.34383,0.401993,6.36943
-2.87013,1.28392,7.12877
-3.11412,1.2863,7.08473
-3.20338,0.787613,6.91335
-2.97011,0.998276,7.45369
-2.68089,1.46721,7.89763
-2.79872,0.96257,7.46916
-2.95464,0.460312,7.67149
-2.36192,1.15062,8.6772
-2.17863,1.7231,8.70338
-2.55116,0.956619,7.97023
-2.46071,0.468643,8.28444
-2.13936,1.02446,9.39964
-1.843,1.74809,9.49843
-1.47881,1.64931,9.4901
-1.76207,0.762619,9.39488
-1.75493,0.44603,9.71028
-1.33003,0.853073,9.83763
-1.21815,0.953049,9.83882
-1.15269,0.880447,10.1899
-0.540939,0.800705,10.497
-0.531418,0.629318,10.3982
-0.798019,0.154434,10.3042
-0.568314,0.453171,10.7338
0.443344,0.872116,11.1885
1.10747,0.421036,11.1468
0.720657,-0.545395,10.9612
0.845627,-0.96553,10.8779
1.31694,-0.797714,10.904
1.35979,-0.473984,11.0826
1.19316,-0.415665,11.273
1.22292,-0.819138,11.3765
1.38002,-1.5999,11.2528
1.45024,-1.81532,11.2813
1.50975,-0.894119,11.7288
1.83229,-0.819138,11.8681
2.08223,-1.64513,11.6931
2.22981,-2.47945,11.5932
2.38097,-2.43898,11.4515
2.32741,-2.02361,11.273
2.10484,-2.05217,10.9564
1.81563,-2.28783,10.6577
1.66924,-2.3759,10.4458
1.63948,-2.26878,10.4054
1.56212,-2.36043,10.0757
1.56331,-2.41637,9.88286
1.56331,-2.33067,9.82811
1.64067,-2.08073,9.78288
1.59425,-1.79747,9.70314
1.55498,-1.84151,9.55318
1.57521,-2.01765,9.54723
1.67043,-1.94505,9.44844
1.64067,-1.72963,9.58174
1.57997,-1.41661,9.68291
1.52046,-1.46422,9.53175
1.51927,-1.32735,9.61626
1.53712,-1.51659,9.58055
1.55736,-1.47493,9.61864
1.66328,-1.53563,9.6841
1.63948,-1.40471,9.73527
1.54308,-1.47731,9.69124
1.62758,-1.20238,9.73527
1.70494,-1.25713,9.77574
1.77516,-1.43208,9.68767
1.7466,-1.55586,9.5627
1.63472,-1.42375,9.66624
1.68352,-1.33925,9.6722
1.65614,-1.12144,9.67339
1.57521,-1.12144,9.68886
1.62044,-1.30354,9.52461
1.58354,-1.24879,9.69243
1.64067,-1.37376,9.66029
1.61925,-1.27855,9.65077
1.56331,-1.21904,9.74242
1.6002,-1.23808,9.75432
1.65733,-1.23927,9.73409
1.61925,-1.23451,9.74599
1.51808,-1.29045,9.7805
1.52403,-1.31783,9.65196
1.52522,-1.33687,9.5984
1.50856,-1.38686,9.54008
1.43358,-1.4416,9.60078
1.48952,-1.42375,9.58531
1.47643,-1.37733,9.54128
1.44667,-1.23808,9.68053
1.46928,-1.21309,9.65672
1.54189,-1.39638,9.62578
1.5157,-1.39757,9.57579
1.48714,-1.36305,9.62935
1.48476,-1.27379,9.62816
1.40025,-1.29402,9.66863
1.41692,-1.45946,9.63173
1.55022,-1.45351,9.74242
1.57402,-1.24879,9.78169
1.5157,-1.39757,9.80907
1.5645,-1.49635,9.79716
1.56212,-1.31902,9.80788
1.54546,-1.33687,9.70076
1.40144,-1.27617,9.68767
1.38716,-1.42732,9.62697
1.50023,-1.43208,9.65672
1.45976,-1.45589,9.56508
1.45619,-1.38924,9.75432
1.48476,-1.30235,9.77455
1.54189,-1.40709,9.67696
1.48357,-1.41185,9.69124
1.40858,-1.47374,9.70671
1.41097,-1.37376,9.78407
1.46928,-1.39162,9.75194
1.47524,-1.3333,9.7686
1.46809,-1.27617,9.85191
1.50499,-1.32259,9.79716
1.54427,-1.46779,9.74004
1.54427,-1.4547,9.73052
1.50856,-1.39162,9.72813
1.53593,-1.38805,9.70909
1.50499,-1.33925,9.67458
1.42168,-1.27736,9.71742
1.42644,-1.25237,9.63887
1.42287,-1.17143,9.696
1.48238,-1.31664,9.57698
1.50737,-1.29164,9.64482
1.48,-1.25356,9.60317
1.42168,-1.28212,9.63173
1.44667,-1.35472,9.65553
1.50856,-1.53206,9.63649
1.49309,-1.45351,9.62459
1.42882,-1.27379,9.76503
1.40144,-1.27974,9.75075
1.45857,-1.34282,9.74361
1.49904,-1.44399,9.73052
1.53117,-1.37019,9.81621
1.55141,-1.34639,9.79598
1.50975,-1.25832,9.7567
1.37883,-1.30235,9.74718
1.37288,-1.32497,9.71504
1.42049,-1.3214,9.75908
1.48833,-1.40352,9.68053
1.43715,-1.18333,9.75551
1.40263,-1.23927,9.75551
1.4669,-1.24046,9.68053
1.43953,-1.22023,9.72932
1.44786,-1.25237,9.67339
1.49547,-1.28331,9.67696
1.43715,-1.34996,9.66863
1.43239,-1.50945,9.66029
1.4312,-1.37376,9.65672
1.47404,-1.21071,9.73409
1.47643,-1.15953,9.79478
1.48,-1.22856,9.68767
1.47166,-1.30354,9.70909
1.4312,-1.22261,9.671
1.52046,-1.28093,9.6472
1.49428,-1.31425,9.6353
1.52165,-1.28093,9.73409
1.5157,-1.37257,9.68172
1.48,-1.33925,9.63649
1.38835,-1.20952,9.68767
1.38121,-1.21785,9.75313
1.44429,-1.27379,9.76622
1.45976,-1.29521,9.84715
1.49785,-1.34877,9.81264
1.5157,-1.15834,9.87572
1.50023,-1.22142,9.84239
1.53236,-1.39043,9.72099
1.5395,-1.43565,9.63649
1.44786,-1.22975,9.70314
1.47524,-1.17024,9.71028
1.58354,-1.1869,9.69243
1.53355,-1.1512,9.71623
1.48,-1.20833,9.67577
1.52046,-1.37257,9.70909
1.55617,-1.23451,9.76503
1.49071,-1.16072,9.69719
1.53236,-1.2119,9.70909
1.5883,-1.39876,9.66624
1.52284,-1.29045,9.6841
1.40977,-1.22975,9.59245
1.44072,-1.18095,9.61626
1.49071,-1.30949,9.69362
1.52284,-1.37972,9.70195
1.6133,-1.22023,9.75908
1.54546,-1.24641,9.78407
1.48714,-1.32259,9.71266
1.50975,-1.26427,9.76503
1.5407,-1.19286,9.76146
1.51094,-1.25594,9.68529
1.51927,-1.44518,9.69124
1.50261,-1.25356,9.67458
1.5038,-1.15358,9.73409
1.45976,-1.19524,9.75551
1.49904,-1.30354,9.73052
1.54903,-1.37614,9.71028
1.47285,-1.32259,9.7198
1.47285,-1.23451,9.73527
1.47047,-1.33687,9.76979
1.51451,-1.28807,9.76146
1.53712,-1.23213,9.73409
1.49547,-1.31306,9.69362
1.43239,-1.14287,9.69719
1.47047,-1.21785,9.73052
1.51213,-1.20952,9.70314
1.51927,-1.16191,9.70076
1.47404,-1.32973,9.65672
1.49547,-1.1393,9.73052
1.52522,-1.08455,9.82811
1.53474,-1.22261,9.73885
1.55736,-1.18452,9.71623
1.47881,-1.30592,9.62935
1.4431,-1.25594,9.61031
1.44429,-1.32378,9.5984
1.47881,-1.17857,9.64839
1.4193,-1.23451,9.65434
1.45143,-1.30711,9.66267
1.51332,-1.29045,9.71147
1.58949,-1.30949,9.73409
1.5395,-1.25117,9.67458
1.46095,-1.33687,9.68053
1.45857,-1.34996,9.66029
1.47524,-1.18571,9.70195
1.43715,-1.22737,9.671
1.43953,-1.32973,9.69838
1.47285,-1.53087,9.64482
1.47881,-1.47374,9.67696
1.41811,-1.20952,9.76503
1.41692,-1.23808,9.81978
1.48714,-1.36543,9.78288
1.5407,-1.45351,9.67934
1.48,-1.43803,9.74242
1.42287,-1.36424,9.69005
1.38597,-1.4547,9.69124
1.38954,-1.369,9.7079
1.46214,-1.35353,9.72218
1.46809,-1.38924,9.67339
1.46452,-1.40471,9.71028
1.43001,-1.39281,9.74004
1.50142,-1.4416,9.74837
1.52284,-1.37376,9.72337
1.48119,-1.50349,9.72456
1.47643,-1.40709,9.7198
1.47881,-1.23451,9.76384
1.4312,-1.35591,9.71147
1.38835,-1.44041,9.66386
1.46809,-1.56419,9.6591
1.47285,-1.41304,9.73885
1.46214,-1.3452,9.7686
1.46928,-1.38805,9.77455
1.52998,-1.5023,9.79121
1.52641,-1.45946,9.69124
1.43239,-1.37138,9.77098
1.41811,-1.34996,9.7317
1.40144,-1.35472,9.66743
1.41216,-1.36186,9.72218
1.44072,-1.48802,9.5984
1.41097,-1.46541,9.66505
1.36931,-1.4178,9.66386
1.40382,-1.36543,9.72813
1.4312,-1.44875,9.70671
1.36336,-1.40352,9.70314
1.39311,-1.37852,9.75789
1.44548,-1.41661,9.81502
1.40858,-1.54396,9.69124
1.41335,-1.52849,9.74361
1.34789,-1.5392,9.74242
1.25624,-1.65941,9.79716
1.28719,-1.76057,9.75313
1.24791,-1.97005,9.54128
1.08485,-2.61394,8.96404
0.821823,-4.44682,7.95952
0.896805,-5.99644,7.22993
1.00273,-6.55583,6.7729
0.943222,-6.98787,6.25398
0.761124,-7.62581,5.39467
0.651627,-8.77672,4.42824
0.507614,-9.12425,3.64272
0.365982,-8.89217,3.02977
0.337418,-8.99333,2.15736
0.0672455,-9.02785,0.920761
0.0731964,-9.16948,-0.161118
-0.0458221,-9.60033,-1.53221
-0.310043,-9.62532,-2.89854
0.00297546,-9.58128,-3.88045
0.136276,-8.82909,-4.51363
0.28743,-8.15306,-5.60265
0.151749,-8.5363,-6.50838
0.00892639,-8.50178,-6.88924
-0.00892639,-7.31636,-7.16655
-0.0839081,-6.62843,-7.54146
-0.0315399,-6.65343,-8.06038
-0.0589142,-6.6082,-8.59477
-0.305283,-6.14879,-8.57097
-0.48262,-5.39064,-8.4948
-0.498093,-5.03358,-8.71022
-0.264816,-5.45372,-9.12678
-0.141037,-5.60844,-9.61714
-0.457626,-5.19664,-9.53026
-0.446915,-5.13832,-9.17082
-0.411209,-5.30971,-8.93398
-0.264816,-5.4442,-8.93516
-0.282669,-5.76436,-8.88042
-0.388596,-5.71675,-8.79472
-0.338608,-5.99287,-8.95302
-0.41716,-6.28209,-9.08037
-0.517136,-6.29161,-9.18034
-0.474289,-6.28804,-9.08632
-0.508804,-6.57249,-8.77806
-0.499283,-7.33064,-8.67928
-0.365982,-7.79005,-8.34126
-0.121994,-7.86742,-7.78069
-0.00654602,-8.04833,-6.87257
-0.112473,-8.67079,-6.04659
0.0148773,-9.12663,-5.31343
0.319565,-9.22185,-4.39937
0.430252,-9.07784,-3.28297
0.276718,-8.5851,-1.97972
0.707565,-9.39681,-1.04781
0.757553,-10.0847,0.199509
0.496902,-9.13496,0.824356
0.623062,-8.54106,1.81221
0.358841,-7.73888,2.64772
0.54213,-8.25185,3.49989
0.725418,-8.1245,4.06999
0.783737,-6.59987,5.62675
0.619492,-4.85268,7.34062
0.861099,-4.37779,7.52629
1.17293,-4.83006,7.66078
0.957504,-3.55418,8.10829
0.599258,-1.56181,9.19731
0.695663,-1.21547,8.94856
0.809921,-0.931015,8.51057
0.869431,0.794754,8.98903
0.60878,2.66097,9.61507
0.936081,3.23463,9.7448
0.99559,2.88829,9.73289
1.21339,2.95613,9.76146
1.20863,3.2394,9.85786
1.35027,3.06682,9.81145
1.24196,2.37294,9.5139
1.20744,1.95876,9.48772
1.14674,2.05159,9.70076
1.00987,1.6624,9.6472
1.26933,1.07564,9.60554
1.2372,1.66121,9.84953
1.38002,1.79689,9.95903
1.16936,1.30296,9.73289
1.15031,1.22679,9.66148
1.20268,1.17918,9.69481
1.08842,1.0435,9.64482
1.10033,0.919724,9.59721
1.1765,0.893539,9.60197
1.14317,0.910202,9.66624
1.1646,1.03874,9.71623
1.09319,1.06493,9.64244
1.12651,1.06017,9.59721
1.17412,0.995895,9.6234
1.14793,0.814987,9.60197
1.09319,0.793564,9.63292
1.12413,0.829269,9.67815
1.10747,0.919724,9.6234
1.19792,0.922104,9.56151
1.13365,0.943527,9.56151
1.17412,1.04826,9.6353
1.1646,1.01732,9.66624
1.11223,0.957809,9.64244
1.11223,0.922104,9.72575
1.20744,0.969711,9.73052
1.18602,1.02922,9.74004
1.19316,1.08397,9.73766
1.20268,0.957809,9.72337
1.15031,0.96257,9.72813
1.16222,0.981613,9.72099
1.10271,0.96019,9.71147
1.05748,0.986374,9.70433
1.04082,0.917343,9.70909
1.12175,1.04826,9.91142
1.15746,0.967331,9.80669
1.10985,0.910202,9.82335
1.02892,0.845932,9.77336
1.04558,0.867355,9.75908
1.09557,0.734055,9.81145
1.0789,0.715012,9.68291
1.06938,0.745956,9.70433
1.05986,0.817368,9.72099
1.07414,0.910202,9.80431
1.05272,0.981613,9.71861
1.00511,0.938766,9.73766
1.02653,0.917343,9.70433
1.03844,0.888779,9.75194
1.09795,0.795944,9.70433
1.11699,0.755478,9.72337
1.10985,0.864975,9.67339
1.04796,0.800705,9.66386
1.05034,0.757858,9.66386
1.08128,0.729294,9.69481
1.00273,0.884018,9.78288
0.959885,0.900681,9.77812
1.01225,0.893539,9.7805
1.04796,0.855453,9.75908
1.0432,0.864975,9.73766
1.02415,0.926865,9.69243
0.971786,0.943527,9.76384
1.02653,0.764999,9.69005
1.02892,0.634079,9.65196
1.0432,0.634079,9.68053
1.10509,0.660263,9.79002
1.04796,0.691208,9.85905
1.01939,0.710251,9.81621
1.01939,0.700729,9.85905
1.0313,0.795944,9.88048
1.04558,0.817368,9.81145
1.06938,0.70549,9.69719
1.02415,0.774521,9.70433
0.986069,0.712631,9.69005
0.869431,0.738815,9.73766
1.15984,0.819748,9.80669
1.1646,0.819748,9.83287
1.06224,0.881638,9.89238
1.03368,0.76976,9.85667
1.05272,0.726913,9.77336
1.02892,0.786423,9.80669
1.01701,0.822128,9.82573
1.0551,0.841171,9.76622
1.06224,0.819748,9.77098
1.08842,0.855453,9.77812
1.03368,0.791184,9.71623
1.02892,0.800705,9.67815
1.08842,0.841171,9.77336
1.03844,0.907822,9.78288
1.01225,0.905441,9.78526
1.00273,0.855453,9.70671
1.00511,0.791184,9.67815
0.990829,0.824509,9.67815
1.04558,0.845932,9.66148
1.02415,0.760239,9.63768
1.06462,0.976852,9.83049
1.04796,0.8983,9.82573
1.01701,0.791184,9.83049
1.04796,0.693588,9.74956
1.02653,0.681686,9.73052
0.986069,0.784042,9.70909
0.986069,0.83403,9.77574
0.964645,0.936386,9.75432
0.959885,0.938766,9.80669
1.01225,0.96257,9.83525
0.943222,0.876877,9.80669
0.983688,0.912582,9.78764
0.981308,0.914963,9.72813
1.01463,0.874496,9.73289
0.983688,0.845932,9.74004
1.09319,0.784042,9.78764
1.06224,0.800705,9.73766
0.990829,0.736435,9.73052
0.99559,0.824509,9.71623
1.02177,0.805466,9.76384
0.938461,0.869736,9.79002
0.983688,0.860214,9.76622
0.99559,0.83641,9.7805
1.00511,0.822128,9.73052
0.969406,0.855453,9.74718
0.99321,0.903061,9.77098
0.99559,0.934006,9.76622
1.00511,1.00066,9.72099
0.955124,1.05778,9.71147
0.962265,0.986374,9.72813
0.943222,0.967331,9.75432
0.964645,0.893539,9.72813
0.964645,0.919724,9.80907
0.926559,0.872116,9.78764
1.01225,0.824509,9.79002
1.0551,0.760239,9.78526
1.02415,0.864975,9.77336
1.03844,0.838791,9.75194
0.971786,0.774521,9.77812
0.940842,0.826889,9.74956
0.952744,0.976852,9.7686
0.943222,0.991135,9.7805
0.933701,0.981613,9.77812
0.938461,0.967331,9.7924
0.986069,0.8983,9.71147
1.0551,0.891159,9.82811
1.04796,0.853073,9.82335
1.04796,0.848312,9.80431
1.03368,0.881638,9.7924
1.00987,0.805466,9.77574
1.03844,0.774521,9.72813
1.00035,0.743576,9.76384
0.959885,0.786423,9.65196
0.955124,0.755478,9.66148
0.93132,0.805466,9.7805
0.971786,0.872116,9.74956
0.964645,0.900681,9.72099
1.02653,0.869736,9.75194
1.0432,0.810226,9.71861
1.08842,0.800705,9.74242
0.99559,0.853073,9.65672
0.974167,0.850693,9.70433
0.900375,0.776901,9.68053
0.919418,0.791184,9.76146
0.938461,0.900681,9.80669
0.969406,1.01018,9.89238
1.05034,0.972092,9.87572
1.00749,0.884018,9.79478
0.971786,0.900681,9.73527
0.914658,0.948288,9.74718
0.983688,0.884018,9.82097
0.957504,0.955429,9.68529
0.914658,0.941147,9.69243
0.897995,0.888779,9.6353
0.859909,0.931625,9.66863
0.871811,0.884018,9.69719
0.874191,0.872116,9.64958
0.893234,0.953049,9.6591
0.917038,0.995895,9.69005
0.912277,1.08873,9.72813
1.13365,0.712631,9.59007
1.07414,0.838791,9.60197
1.10033,0.760239,9.47343
1.08604,0.610275,9.34966
1.10271,0.591232,9.32109
1.11461,0.541245,9.23778
1.12175,0.469833,9.08067
1.01939,0.505539,8.99974
0.940842,0.424606,8.86168
0.897995,0.303207,8.7617
1.37169,-0.820328,8.84502
1.42644,-0.894119,8.9926
1.48119,-1.06551,9.0164
1.60735,-1.16072,9.1021
1.61211,-1.15834,9.16161
1.78587,-1.29164,9.15208
1.90013,-1.49873,9.17113
2.04533,-1.57729,9.30919
2.15245,-1.4297,9.3687
2.22624,-1.11787,9.62816
3.81157,-1.41304,10.1304
4.08769,-1.34163,10.278
4.15196,-1.29878,10.3994
4.22337,-1.24641,10.5541
4.29478,-1.14168,10.5041
4.32335,-1.21071,10.5303
4.46617,-1.07027,10.616
4.38048,-1.06075,10.7588
4.48045,-1.03694,10.8993
4.56853,-0.910782,11.0278
5.01604,0.160385,11.5467
4.87559,0.115158,11.5444
4.86131,0.131821,11.7991
4.9351,0.465073,12.2799
4.90892,0.934006,12.2728
5.11839,1.54576,12.0061
4.94939,1.66954,11.8181
4.95891,1.35533,11.6491
4.78038,0.922104,11.4087
4.78514,0.631699,11.3444
3.68065,2.01469,10.6327
3.43547,1.70287,10.466
3.3712,1.48863,10.2804
3.35692,1.47911,10.2113
3.31645,1.6386,10.0328
3.1165,1.82903,9.95189
2.82372,1.95995,9.83525
2.53093,2.04802,9.78288
2.25957,2.11467,9.67577
2.04057,2.25273,9.55675
-0.368362,2.25273,7.79051
-0.582596,2.22655,7.80003
-0.703995,2.22655,7.86192
-0.725418,2.15752,7.80479
-0.777786,2.08134,7.6953
-0.818253,2.0385,7.54295
-0.903946,1.89091,7.56438
-1.08723,1.82426,7.50011
-1.25624,1.75761,7.61674
-1.35622,1.6505,7.76671
-2.01796,1.14348,7.19066
-2.29408,0.972092,6.98119
-2.48451,0.710251,6.85265
-2.6678,0.481735,6.72173
-2.67018,0.207993,6.66698
-2.64876,0.0437469,6.71458
-2.8011,-0.039566,6.6646
-2.93916,-0.058609,6.73363
-3.10579,0.0366058,6.73601
-3.15102,0.243698,6.85979
-3.40572,0.00804138,7.28587
-3.49855,-0.077652,7.41441
-3.67708,-0.158585,7.52153
-3.58424,-0.175247,7.40489
-3.3105,-0.44899,7.4644
-3.07484,-0.737015,7.43108
-2.84871,-1.02742,7.56676
-2.7773,-1.22023,7.67863
-2.8011,-1.49397,7.7072
-2.93678,-1.65584,7.65959
-2.84871,-1.78914,8.51177
-2.53926,-1.71059,8.6165
-2.18221,-1.6844,8.66173
-2.19411,-1.76057,8.76885
-2.38454,-1.69868,8.7736
-2.62257,-1.47017,8.75932
-2.57497,-1.49635,8.87834
-2.47023,-1.50825,9.20921
-2.22981,-1.4178,9.41631
-2.1703,-1.56062,9.39488
-1.21815,-2.61513,9.69243
-1.01344,-2.8127,9.86858
-0.844437,-3.04597,9.7924
-1.02058,-3.16975,9.80907
-1.11818,-3.10072,9.78526
-1.02534,-2.8365,9.95427
-0.642105,-2.36757,10.2447
-0.313614,-2.08907,10.5232
-0.192215,-2.0486,10.4541
-0.242203,-2.21761,10.3589
0.595688,-3.5768,10.8469
0.807541,-3.57442,11.2087
0.926559,-3.24593,11.3754
0.919418,-2.90791,11.4753
0.888474,-2.51515,11.5515
0.978928,-2.37471,11.4634
1.10271,-2.46516,11.3515
1.20982,-2.64845,11.2421
1.20744,-2.946,11.0302
1.1765,-3.16499,10.8564
1.1884,-2.00575,10.8779
1.24553,-1.85579,10.8921
1.23363,-1.85341,10.7731
1.37407,-2.0248,10.7517
1.47643,-2.09145,10.5684
1.50737,-2.14143,10.4922
1.5526,-1.98671,10.4351
1.56688,-1.75105,10.428
1.45262,-1.4297,10.5256
1.36455,-1.18929,10.5494
1.22887,-1.11073,10.1804
1.13365,-1.3083,10.09
1.23125,-1.47017,10.0804
1.27647,-1.51064,10.0209
1.30028,-1.62489,9.99474
1.30742,-1.43208,10.0233
1.36693,-1.31306,10.1257
1.30504,-1.32021,10.0661
1.22411,-1.4059,10.0019
1.18602,-1.57252,9.92094
0.912277,-2.40089,9.55675
0.852768,-2.40327,9.56389
0.821823,-2.50325,9.58293
0.855148,-2.52705,9.502
0.817062,-2.54134,9.49724
0.786118,-2.49373,9.51152
0.707565,-2.40327,9.49962
0.659958,-2.32472,9.54961
0.505234,-2.28426,9.61626
0.455246,-2.52943,9.50914
0.662338,-2.65321,9.52342
0.688522,-2.57466,9.51628
0.714706,-2.49373,9.56151
0.812302,-2.52943,9.76622
0.895615,-2.56038,9.71147
0.86467,-2.51515,9.73766
0.809921,-2.57942,9.73527
0.783737,-2.69844,9.69719
0.767075,-2.70796,9.6472
0.771835,-2.74605,9.73527
0.769455,-2.30806,9.65196
0.755173,-2.38185,9.55913
0.61235,-2.41756,9.54485
0.574264,-2.31758,9.63292
0.559982,-2.17,9.65434
0.498093,-2.05574,9.74718
0.495712,-2.01527,9.78764
0.412399,-2.05574,9.73052
0.41478,-2.23189,9.66386
0.331467,-2.27235,9.6353
0.555222,-2.32948,9.83049
0.471909,-2.40089,9.85429
0.500473,-2.52467,9.84477
0.505234,-2.57466,9.76622
0.536179,-2.60323,9.66863
0.440964,-2.55086,9.58531
0.462387,-2.54372,9.57341
0.400497,-2.47945,9.59007
0.383835,-2.49135,9.59721
0.329086,-2.39375,9.54961
0.376694,-2.42946,9.90904
0.402878,-2.52229,9.79478
0.395737,-2.5461,9.78288
0.379074,-2.47707,9.671
0.398117,-2.48421,9.64244
0.433823,-2.42946,9.69957
0.462387,-2.339,9.69957
0.571884,-2.42232,9.66624
0.564743,-2.48421,9.57579
0.536179,-2.43422,9.43773
0.279099,-2.45564,9.40916
0.248154,-2.50801,9.47343
0.193405,-2.45326,9.57579
0.191025,-2.40565,9.49486
0.236252,-2.41518,9.52342
0.236252,-2.31044,9.47343
0.22435,-2.41518,9.55913
0.202927,-2.32948,9.54246
0.22197,-2.22237,9.57579
0.367172,-2.35329,9.6353
0.0529633,-1.90816,9.72099
0.121994,-2.05812,9.79716
0.186264,-2.05098,9.68053
0.102951,-2.17714,9.66148
0.133896,-2.16286,9.6472
0.110092,-2.10811,9.58531
0.0791473,-2.17476,9.59959
0.0791473,-2.16762,9.55437
0.0339203,-2.15334,9.5377
0.0791473,-2.10335,9.61388
0.457626,-2.02003,9.56389
0.390976,-1.94862,9.60674
0.331467,-1.85103,9.59007
0.345749,-1.7701,9.58769
0.305283,-1.91054,9.56627
0.421921,-1.93434,9.53294
0.455246,-1.87245,9.54246
0.48143,-1.65584,9.56627
0.421921,-1.54396,9.71623
0.509995,-1.46541,9.60674
0.35289,-1.66298,9.58769
0.376694,-1.77962,9.61626
0.364792,-1.75343,9.5377
0.291,-1.55824,9.62102
0.274338,-1.5392,9.69243
0.48381,-1.60585,9.79716
0.54332,-1.67726,9.78764
0.574264,-1.70821,9.84953
0.54332,-1.62965,9.85905
0.452866,-1.59395,9.8781
0.776596,-1.60347,9.98283
0.8004,-1.68678,9.98283
0.702805,-1.6844,9.93047
0.67662,-1.65108,9.93047
0.712326,-1.65346,9.76384
0.740891,-1.55586,9.78764
0.798019,-1.56062,9.78288
0.857529,-1.45113,9.74718
0.852768,-1.44399,9.82335
0.764694,-1.41542,9.74956
1.06224,-1.59395,9.84239
1.01701,-1.57252,9.85667
1.01939,-1.62013,9.85905
0.981308,-1.60823,9.79716
0.902756,-1.48683,9.91142
0.950363,-1.47731,9.89
0.857529,-1.42494,9.91142
0.955124,-1.49159,9.93761
0.967026,-1.52968,9.94475
0.947983,-1.47969,9.94951
