1.74779,-0.270462,9.78288
1.74065,-0.215714,9.67577
1.71446,-0.284744,9.69243
1.77635,-0.263321,9.671
1.70732,-0.251419,9.66148
1.71208,-0.144302,9.62578
1.65971,-0.277603,9.59959
1.65495,-0.282364,9.62102
1.65971,-0.203812,9.72813
1.66209,-0.151443,9.74956
1.64543,-0.115738,9.7686
1.65257,-0.210953,9.88286
1.72398,-0.225235,9.86382
1.73589,-0.208572,9.84477
1.70494,-0.25856,9.79478
1.71684,-0.282364,9.82811
1.70732,-0.234756,9.79002
1.7097,-0.241898,9.82573
1.72874,-0.215714,9.84715
1.7097,-0.25618,9.73289
1.60973,-0.25856,9.78288
1.62401,-0.153824,9.83525
1.66447,-0.0609894,9.84001
1.63591,-0.0943146,9.71861
1.65733,-0.182388,9.75908
1.68114,-0.19191,9.77812
1.56212,-0.175247,9.78764
1.53593,-0.272842,9.81383
1.57878,-0.284744,9.84477
1.5883,-0.239517,9.94475
1.64543,-0.206192,9.96141
1.65257,-0.165726,10.0281
1.74779,-0.120499,9.98997
1.86205,-0.0157623,9.84477
1.96202,-0.137161,9.77812
2.00011,-0.306168,9.77812
2.01201,-0.334732,9.80431
2.05009,-0.158585,9.89476
2.09294,-0.189529,9.92571
1.87157,-0.146683,9.73527
1.8192,-0.160965,9.73289
1.73827,-0.0467072,9.78764
1.63353,-0.177628,9.76146
1.58592,-0.139542,9.68291
1.53117,-0.19191,9.68529
1.49785,-0.229996,9.671
1.57164,-0.213333,9.72813
1.63115,-0.146683,9.77812
1.63115,-0.144302,9.60912
1.64543,-0.203812,9.68053
1.62877,-0.38472,9.65672
1.70494,-0.394241,9.59721
1.70018,-0.460892,9.6591
1.73112,-0.422806,9.72813
1.69542,-0.372818,9.64482
1.61211,-0.415665,9.59483
1.62639,-0.460892,9.68291
1.76921,-0.532303,9.73766
1.79063,-0.556107,9.75194
1.80016,-0.460892,9.77336
1.78587,-0.401382,9.79478
1.76445,-0.263321,9.80669
1.69066,-0.222855,9.59721
1.71208,-0.241898,9.66624
1.77635,-0.349014,9.70433
1.9287,-0.482315,9.73052
1.95726,-0.565628,9.68291
1.95488,-0.44899,9.51152
1.84062,-0.408524,9.40202
1.79063,-0.403763,9.46153
1.84776,-0.418045,9.61864
1.9525,-0.487076,9.66863
1.9644,-0.458511,9.57579
1.92632,-0.487076,9.72575
1.9763,-0.546585,9.68291
1.94774,-0.463272,9.72099
1.91203,-0.399002,9.65434
1.88823,-0.339493,9.67339
1.86205,-0.310928,9.76146
1.85728,-0.329971,9.84239
1.86205,-0.546585,9.76622
1.9644,-0.687027,9.70433
1.89537,-0.477554,9.6591
1.82634,-0.44899,9.72813
1.87395,-0.541824,9.96379
2.06676,-0.70845,9.94237
2.16435,-0.858414,9.7924
2.1834,-0.827469,9.82097
2.2072,-0.717972,9.83287
2.18816,-0.687027,9.68053
2.10246,-0.646561,9.60674
2.03581,-0.610855,9.66624
2.07628,-0.670364,9.55199
2.11436,-0.863174,9.68529
2.19292,-0.863174,9.60912
2.15721,-0.825089,9.53532
2.00725,-0.70369,9.37822
1.91203,-0.565628,9.33775
1.8311,-0.648941,9.3806
1.90965,-0.582291,9.39488
1.86681,-0.444229,9.42345
1.90965,-0.358536,9.51628
1.93108,-0.38472,9.38774
1.89537,-0.484695,9.34966
1.92632,-0.589432,9.41155
1.87395,-0.453751,9.47343
1.79539,-0.344254,9.44249
1.69304,-0.341873,9.41155
1.52403,-0.332352,9.32585
1.36455,-0.377579,9.24492
1.23601,-0.489456,9.38536
1.27409,-0.494217,9.54961
1.35265,-0.38472,9.70195
1.31932,-0.222855,9.88524
1.38121,-0.275223,9.8781
1.4431,-0.368057,9.76384
1.45976,-0.468033,9.74004
1.41692,-0.420425,9.59959
1.4312,-0.270462,9.75908
1.70018,-0.19429,10.0423
2.10246,-0.310928,10.2851
2.35954,-0.596573,10.4042
2.41905,-0.698929,10.3589
2.28099,-0.663223,10.2732
2.03105,-0.565628,10.0733
1.97392,-0.572769,9.96617
1.92632,-0.51088,9.78764
1.89299,-0.356155,9.59007
1.87395,-0.218094,9.46391
1.79778,-0.0943146,9.47582
1.79539,-0.0562286,9.49724
1.82872,-0.0919342,9.39726
1.82634,-0.0824127,9.33061
1.79778,-0.0562286,9.4044
1.75493,-0.0490875,9.3806
1.83348,-0.153824,9.39012
1.77159,-0.141922,9.29729
1.8073,-0.0871735,9.30919
1.78349,0.0128021,9.34013
1.87871,0.0794525,9.45439
1.83824,0.0723114,9.56627
1.84538,0.0413666,9.65672
1.90965,-0.134781,9.65672
1.82396,-0.234756,9.55437
1.50975,-0.0871735,9.55199
1.37407,-0.220474,9.45439
1.29076,-0.308548,9.39726
1.25981,-0.539444,9.37584
1.29552,-0.629898,9.40202
1.30504,-0.622757,9.34251
1.23125,-0.541824,9.29491
1.2003,-0.429947,9.2354
1.20268,-0.334732,9.21635
1.12889,-0.210953,9.33299
1.64305,-0.418045,9.68053
1.58116,-0.329971,9.77812
1.5645,-0.401382,9.88286
1.50023,-0.617996,9.83525
1.3098,-0.784622,9.72099
1.14793,-0.90126,9.77098
1.12413,-0.872696,9.72337
1.12651,-0.863174,9.63768
1.16222,-0.734634,9.61388
1.25029,-0.660843,9.72099
1.83824,-1.08693,9.81145
1.84538,-0.956009,9.83287
1.86205,-0.941727,9.90904
1.81444,-1.04408,9.86144
1.84062,-1.25356,9.72099
1.92393,-1.39876,9.59483
2.00011,-1.35829,9.44963
1.93584,-1.2607,9.38536
1.71922,-1.24403,9.26872
1.59782,-1.35829,9.09496
1.53117,-1.36543,8.97118
1.59306,-1.49873,9.14256
1.47166,-1.5273,9.10686
1.46928,-1.43208,9.27348
1.30028,-1.3821,9.26634
1.27647,-1.3821,9.283
1.28362,-1.35115,9.35442
1.48595,-1.30354,9.36632
1.40501,-1.38686,9.52104
0.959885,-1.35115,9.44487
1.39787,-0.975052,9.69719
1.55498,-0.939346,9.79716
1.61449,-0.986954,9.78526
1.76445,-0.986954,9.86382
1.91203,-1.05598,9.80431
2.03105,-1.14882,9.71623
2.15721,-1.394,9.69243
2.13103,-1.4297,9.71861
2.09056,-1.22737,9.76384
1.91679,-0.891739,9.85429
1.64781,-1.05598,9.50438
1.65495,-1.02028,9.49248
1.64067,-0.986954,9.45915
1.67162,-1.00362,9.49248
1.63591,-0.891739,9.58769
1.58116,-0.865555,9.69719
1.6002,-0.932205,9.84001
1.66447,-0.96553,9.81383
1.65733,-1.02028,9.8781
1.66924,-1.01076,9.81145
1.76207,-1.09645,9.93285
1.84776,-1.1512,9.92571
1.82634,-1.12025,9.9138
1.89775,-1.23689,9.91618
1.9406,-1.31306,9.79002
1.93584,-1.17262,9.83763
1.98821,-1.17024,9.96379
2.03105,-1.15834,9.92808
1.98582,-1.175,9.84239
1.98821,-1.28212,9.88048
1.9525,-1.39876,9.78526
1.89775,-1.35115,9.83525
1.89299,-1.36543,9.77098
1.94298,-1.38686,9.76384
1.9287,-1.32973,9.70195
1.89299,-1.175,9.71385
1.90727,-1.0179,9.73527
1.74303,-1.03218,9.67339
1.77635,-1.12502,9.66148
1.69542,-1.09169,9.55199
1.6978,-1.04408,9.50676
1.75731,-1.02504,9.54485
1.81206,-1.0179,9.50914
1.82872,-1.00362,9.54723
1.81682,-0.986954,9.50438
1.8549,-0.956009,9.59721
1.85252,-0.939346,9.5377
1.8073,-0.936966,9.57579
1.75731,-1.03218,9.52818
1.74541,-1.0536,9.58531
1.64781,-1.14644,9.6353
1.66447,-1.17738,9.67577
1.72398,-1.17738,9.74242
1.68352,-1.11073,9.71147
1.7216,-1.03218,9.68529
1.71446,-1.02028,9.79955
1.69304,-1.0417,9.75432
1.68828,-1.05122,9.62816
1.71208,-1.10121,9.73289
1.73351,-1.09883,9.71147
1.71684,-1.12978,9.66386
1.69542,-1.09407,9.69005
1.63591,-1.0536,9.66863
1.66685,-1.09645,9.72337
1.71684,-0.991715,9.67339
1.73827,-0.970291,9.64006
1.72636,-0.903641,9.59007
1.6978,-0.8965,9.54246
1.74065,-0.96315,9.55437
1.77159,-0.925064,9.55199
1.75969,-0.913162,9.55199
1.74303,-0.953629,9.59245
1.74065,-0.886978,9.62816
1.843,-0.753677,9.63054
1.80016,-0.70607,9.6591
1.80016,-0.779861,9.59245
1.78111,-0.925064,9.56151
1.72874,-1.02742,9.57341
1.8073,-1.09407,9.62816
1.73112,-1.0417,9.56865
1.73589,-0.884598,9.59721
1.68352,-0.817947,9.70433
1.674,-0.825089,9.66863
1.74541,-0.951248,9.62102
1.73589,-0.953629,9.66148
1.75969,-1.01076,9.71385
1.79778,-1.06075,9.74956
1.84776,-1.04408,9.80431
1.78587,-0.989334,9.76622
1.79778,-0.867935,9.68767
1.65733,-1.00124,9.7567
1.73827,-0.96315,9.68767
1.78587,-0.884598,9.63292
1.75255,-0.853653,9.70433
1.77635,-0.822708,9.66624
1.86205,-0.858414,9.72099
1.85728,-0.948868,9.78526
1.87157,-0.975052,9.71385
1.90251,-0.906021,9.68053
1.88823,-0.827469,9.73052
1.71922,-0.994095,9.65196
1.76683,-0.979813,9.61864
1.69542,-0.998856,9.66386
1.73827,-0.972672,9.67815
1.77635,-0.865555,9.671
1.80968,-0.891739,9.71623
1.86919,-0.886978,9.73052
1.85252,-0.90126,9.67815
1.85252,-0.956009,9.66386
1.87157,-1.05598,9.65672
1.84776,-1.01076,9.69005
1.87395,-0.998856,9.68291
1.87633,-0.941727,9.6472
1.88109,-0.846512,9.66148
1.90965,-0.956009,9.60435
1.87871,-0.851273,9.64958
1.85966,-0.841751,9.66624
1.85966,-0.765579,9.69957
1.85014,-0.913162,9.62816
1.86205,-1.03456,9.6234
1.9644,-1.12025,9.59721
2.03581,-1.07979,9.6234
2.01439,-0.982193,9.67815
2.01201,-0.951248,9.671
1.98821,-0.984573,9.69243
1.9644,-0.984573,9.73052
1.87633,-0.970291,9.70909
1.8549,-1.05122,9.6472
1.843,-1.06313,9.62102
1.76683,-0.934586,9.64244
1.73589,-0.90126,9.57341
1.75255,-0.96315,9.62578
1.8073,-0.984573,9.58531
1.84538,-1.02028,9.671
1.87633,-0.958389,9.68529
1.89299,-0.991715,9.63768
1.91203,-0.96553,9.6472
1.88347,-0.939346,9.66863
1.9406,-0.948868,9.78764
1.9644,-0.894119,9.62578
1.92155,-0.917923,9.66863
1.97154,-0.975052,9.65434
1.95964,-0.989334,9.59721
1.91441,-0.948868,9.70195
1.83586,-0.853653,9.6472
1.85014,-0.886978,9.67339
1.87633,-0.958389,9.61388
1.84776,-0.96077,9.59959
1.8192,-0.83461,9.671
1.79778,-0.779861,9.62816
1.8073,-0.83223,9.60912
1.85014,-0.858414,9.63768
1.80254,-0.853653,9.60197
1.84776,-0.763199,9.59959
1.88109,-0.829849,9.63054
1.91203,-0.829849,9.69243
1.9644,-0.894119,9.71623
1.96202,-0.939346,9.6472
1.89299,-0.889359,9.68291
1.85014,-0.870316,9.72337
1.87395,-0.863174,9.84715
1.88585,-0.903641,9.84239
1.86919,-0.953629,9.83049
1.87871,-0.956009,9.82097
1.89537,-0.886978,9.85191
1.87157,-0.867935,9.92333
1.99059,-0.803665,10.0066
2.04295,-0.808426,10.0828
2.05009,-0.839371,10.2352
2.04295,-0.96553,10.328
1.99535,-0.913162,10.3494
2.06438,-0.998856,10.6136
2.19054,-1.14406,10.8588
2.28813,-1.13454,11.1064
2.28337,-0.89888,11.3587
2.29527,-0.70845,11.7419
2.51903,-0.789383,12.2132
2.83086,-1.09883,12.4156
1.61925,-1.61537,12.068
1.42168,-1.54158,11.7015
0.814682,-1.34639,11.2492
0.645676,-1.31068,11.2254
0.524277,-1.11311,11.0112
0.252914,-0.977432,10.6493
-0.142227,-1.20595,10.3804
-0.0470123,-1.31783,10.1423
-0.775406,-1.61775,9.84715
-1.03963,-1.36305,9.55913
-1.28957,-0.936966,9.17351
-1.5276,-0.877457,9.04735
-1.76802,-0.913162,8.67839
-2.10127,-1.02028,8.68791
-2.35597,-1.09883,8.38799
-2.62733,-0.870316,8.09758
-2.84633,-0.739395,7.94048
-3.01057,-0.64418,7.90239
-3.37715,-0.479935,7.60246
-3.59377,-0.334732,7.54533
-3.66756,-0.244278,7.55009
-3.80562,-0.356155,7.54533
-4.00319,-0.327591,7.42394
-4.12221,-0.241898,7.0883
-4.47212,-0.32283,7.10973
-4.44594,-0.425186,7.24541
-4.45784,-0.589432,7.40727
-4.66731,-0.77034,7.02165
-4.99818,-0.627518,6.88359
-5.09102,-0.63942,6.9669
-7.0453,-0.168106,5.94096
-7.10481,0.0580292,5.74815
-7.31667,0.372238,5.66008
-7.35951,0.376999,5.61247
-7.3,0.360336,5.46013
-7.52138,0.0865936,5.5125
-7.7856,-0.0871735,5.35777
-8.03078,-0.039566,4.96501
-8.13075,-0.0443268,4.82219
-8.27595,0.0199432,4.52702
-8.45924,-0.19429,4.67699
-8.42354,-0.239517,4.45799
-8.50447,-0.249039,4.56273
-8.47829,0.100876,4.29375
-8.62825,0.210373,4.31517
-8.77107,-0.0300446,4.34612
-8.81392,0.0318451,3.83672
-9.00197,0.0199432,3.78673
-8.99245,0.103256,3.52489
-8.91151,0.174667,3.7653
-8.88295,0.367477,3.37254
-9.02101,0.626938,3.11546
-9.02577,0.83641,2.9893
-9.15193,1.0435,2.80601
-9.24239,1.11491,2.60368
-9.33998,1.08397,2.56322
-9.33998,0.96257,2.41087
-9.39949,0.89592,2.12285
-9.38997,0.850693,2.06096
-9.66609,0.803085,1.71581
-9.71608,0.805466,1.73961
-9.78987,0.817368,1.72533
-9.79463,0.855453,1.48253
-9.75893,0.736435,1.22069
-9.72798,0.722153,1.04692
-9.70656,0.929245,0.987411
-9.64943,1.11729,1.01122
-9.32094,1.01494,1.49919
-9.3614,0.96257,1.82054
-9.36379,0.991135,1.95622
-9.3376,0.945908,2.31566
-9.11861,0.848312,2.60368
-8.89485,0.63884,2.80363
-8.89485,0.569809,2.80363
-8.9377,0.5103,2.91075
-8.89485,0.44603,3.075
-8.78059,0.312729,3.44872
-8.60207,0.177048,3.73912
-8.24739,0.131821,4.08427
-7.10243,-0.51088,6.17186
-6.95009,-0.57991,6.46703
-6.81679,-0.620377,6.63841
-6.68111,-0.546585,6.79552
-6.6097,-0.375198,6.71696
-6.63588,-0.339493,6.98595
-6.52876,-0.437088,7.35252
-6.31215,-0.479935,7.56914
-6.1241,-0.544205,7.62389
-5.94557,-0.646561,7.70958
-5.20528,-0.986954,8.24516
-5.0696,-1.02266,8.35942
-4.77681,-1.12502,8.76885
-4.50069,-1.09407,8.89024
-4.36739,-0.90126,9.04735
-4.36739,-0.613236,8.90215
-4.46022,-0.532303,8.94499
-4.63637,-0.456131,8.73314
-4.52925,-0.370438,8.65221
-4.30074,-0.344254,8.68791
-4.0746,-0.418045,9.00688
-3.64851,-0.589432,9.24492
-3.37239,-0.613236,9.06877
-3.30574,-0.596573,8.99974
-3.39381,-0.456131,9.04259
-3.21767,-0.63942,9.31395
-2.96535,-0.725113,9.55913
-2.74397,-0.713211,9.66148
-2.59401,-0.656082,9.88286
-2.52736,-0.744156,9.96617
-2.47023,-0.753677,9.59959
-1.41573,-0.582291,10.1875
-1.18007,-0.720352,10.3542
-0.832535,-1.03694,10.4065
-0.661148,-1.1393,10.1399
-0.651627,-0.991715,10.0328
-0.639725,-0.951248,10.2923
-0.485001,-0.946487,10.4042
-0.473099,-0.934586,10.3304
-0.511185,-1.05836,10.3066
-0.592117,-1.05598,10.6184
-0.220779,-1.11073,10.885
-0.0232086,-1.07741,10.6541
-0.0993805,-1.24641,10.5256
-0.0731964,-1.24879,10.5232
0.0910492,-1.07741,10.5732
0.181503,-0.903641,10.4899
0.0862885,-0.798904,10.4518
0.0720062,-0.720352,10.5779
0.198166,-0.70845,10.6255
0.336227,-0.801285,10.6303
0.464767,-0.951248,10.7779
0.559982,-1.06313,10.8421
0.659958,-0.96315,10.7065
0.73851,-0.944107,10.666
0.871811,-1.04408,10.666
0.952744,-0.872696,10.6946
1.067,-0.734634,10.8826
1.22649,-0.841751,11.004
1.19554,-0.922684,10.9374
1.17174,-0.932205,10.9421
0.571884,-0.917923,10.0709
0.633774,-0.891739,10.0423
0.617111,-0.906021,10.0733
0.643295,-0.801285,9.94237
0.657578,-0.784622,9.90428
0.564743,-0.763199,9.87096
0.550461,-0.722733,9.87334
0.593307,-0.734634,9.9995
0.655197,-0.822708,9.97569
0.690903,-0.822708,9.97331
0.73613,-0.822708,10.0162
0.679001,-0.908401,9.90428
0.631393,-0.906021,9.82335
0.552841,-0.889359,9.77574
0.638535,-0.865555,9.9138
0.707565,-0.927444,9.94713
0.709946,-0.941727,9.80907
0.73851,-0.886978,9.90904
0.698044,-0.848892,9.89714
0.614731,-0.734634,9.82573
0.748032,-0.932205,9.84001
0.790878,-1.0536,9.84239
0.80278,-0.967911,9.96855
0.895615,-0.822708,10.0328
0.869431,-0.701309,9.99474
0.757553,-0.748917,9.96855
0.695663,-0.83461,9.92333
0.67424,-0.944107,9.88524
0.648056,-0.96077,9.71385
0.614731,-0.89888,9.68767
0.655197,-0.846512,9.73052
0.717087,-0.722733,9.81383
0.731369,-0.722733,9.82573
0.728989,-0.727493,9.82811
0.624252,-0.689407,9.75432
0.564743,-0.665604,9.71623
0.579025,-0.717972,9.74004
0.598068,-0.77272,9.75432
0.655197,-0.8965,9.74242
0.640915,-0.939346,9.79002
0.648056,-1.07979,9.92571
0.683762,-1.06551,9.86382
0.664719,-1.02504,9.8662
0.571884,-0.936966,9.88048
0.5457,-0.841751,9.7686
0.514755,-0.825089,9.81383
0.536179,-0.891739,9.77812
0.521896,-0.979813,9.84715
0.588547,-0.984573,9.96379
0.583786,-1.0417,9.82573
0.598068,-0.584671,9.94475
0.614731,-0.591812,9.95427
0.555222,-0.615616,9.92571
0.569504,-0.670364,9.88524
0.571884,-0.753677,9.98283
0.583786,-0.908401,9.9019
0.5457,-0.951248,9.85667
0.536179,-0.936966,9.79478
0.531418,-0.884598,9.85905
0.505234,-0.889359,9.92808
0.5457,-0.870316,9.83763
0.538559,-0.915543,9.74242
0.490952,-0.936966,9.72575
0.505234,-0.929825,9.76622
0.502853,-0.920303,9.86144
0.586166,-0.89888,9.80669
0.538559,-0.846512,9.74956
0.555222,-0.889359,9.82573
0.583786,-0.870316,9.77812
0.593307,-0.791763,9.82811
0.536179,-1.07265,9.85905
0.514755,-1.006,9.74004
0.438583,-0.722733,9.81621
0.333847,-0.596573,9.88048
0.455246,-0.694168,9.88048
0.48381,-0.689407,10.0066
0.469528,-0.717972,9.94237
0.564743,-0.765579,10.0233
0.567123,-0.789383,9.96855
0.54332,-0.729874,10.0019
0.509995,-0.856033,9.78764
0.431442,-0.860794,9.78764
0.400497,-0.846512,9.70909
0.393356,-0.829849,9.7686
0.431442,-0.813187,9.77098
0.452866,-0.734634,9.78526
0.495712,-0.820328,9.79955
0.48143,-0.782242,9.84239
0.450485,-0.741776,9.87572
0.374313,-0.725113,9.80907
0.369553,-0.729874,9.79478
0.440964,-0.739395,9.81145
0.490952,-0.758438,9.82097
0.455246,-0.791763,9.7686
0.457626,-0.775101,9.7805
0.498093,-0.879837,9.77098
0.517136,-0.927444,9.77098
0.509995,-0.917923,9.83049
0.469528,-0.846512,9.87572
0.474289,-0.775101,9.85905
0.488571,-0.803665,9.95189
0.445725,-0.882217,9.84477
0.450485,-1.00124,9.80669
0.429062,-0.894119,9.83763
0.360031,-0.732254,9.95189
0.338608,-0.684647,9.98283
0.360031,-0.77272,9.82573
0.426682,-0.872696,9.88048
0.410019,-0.920303,9.98997
0.393356,-0.915543,9.82811
0.35527,-1.08455,9.7805
0.35289,-1.09883,9.77098
0.405258,-0.982193,9.78526
0.35527,-0.863174,9.9138
0.35289,-0.853653,9.96855
0.374313,-0.882217,9.9876
0.407639,-0.929825,9.9019
0.450485,-0.927444,9.94237
0.495712,-0.929825,9.94475
0.48381,-0.932205,9.9019
0.324326,-0.779861,9.83287
0.367172,-0.720352,9.82335
0.379074,-0.787003,9.87334
0.371933,-0.8965,9.84477
0.319565,-0.891739,9.8781
0.345749,-0.865555,9.85905
0.371933,-0.853653,9.85905
0.400497,-0.872696,9.89238
0.405258,-0.83699,9.83525
0.41954,-0.853653,9.8662
0.362411,-0.8965,9.84953
0.35289,-0.841751,9.93285
0.41478,-0.846512,9.91142
0.388596,-0.913162,9.93761
0.440964,-0.984573,9.90428
0.398117,-0.96553,9.96141
0.41954,-1.05598,9.93999
0.369553,-0.956009,9.98045
0.324326,-0.839371,9.88762
0.424301,-0.848892,9.88524
0.381454,-0.891739,9.95427
0.317184,-0.858414,9.91618
0.317184,-0.827469,9.91618
0.307663,-0.817947,9.89476
0.41478,-0.83461,9.94237
0.405258,-0.848892,9.91856
0.440964,-0.848892,9.93761
0.360031,-0.865555,9.92571
0.371933,-0.906021,9.92333
0.35527,-0.913162,9.84953
0.295761,-0.922684,9.80669
0.305283,-1.02742,9.79955
0.338608,-1.06551,9.82573
0.336227,-1.14644,9.76622
0.390976,-1.21309,9.80907
0.326706,-1.13454,9.86144
0.312424,-0.970291,9.92333
0.310043,-0.906021,9.98521
0.291,-0.96077,9.94713
0.321945,-1.03694,9.97569
0.312424,-1.0417,9.94237
0.329086,-1.08455,9.9876
0.333847,-1.05836,9.89
0.343369,-1.03932,9.90428
0.376694,-0.932205,9.91618
0.336227,-0.936966,10.0328
0.374313,-1.07503,9.94713
0.400497,-1.12263,9.9138
0.35527,-1.12978,9.90428
0.376694,-1.06075,9.9876
0.298141,-1.01552,9.79478
0.340988,-1.21547,9.77336
0.35289,-1.18929,9.79716
0.302902,-1.07503,9.78526
0.35051,-1.04646,9.85429
0.386215,-1.00362,9.82811
0.393356,-0.994095,9.91618
0.345749,-0.927444,9.87096
0.314804,-0.939346,9.80193
0.28862,-1.006,9.81145
0.312424,-1.37019,9.82335
0.35527,-1.62489,9.80907
0.407639,-1.60585,9.77098
0.345749,-1.35591,9.86382
0.331467,-1.20357,9.92808
0.22673,-1.19405,10.0495
0.262436,-1.20833,10.0495
0.271957,-1.23451,10.0185
0.231491,-1.27498,10.0209
0.262436,-1.45113,10.0043
0.269577,-1.58681,9.92808
0.231491,-1.88435,9.77812
0.200546,-2.29616,9.77098
0.231491,-2.57942,9.65672
0.267197,-2.59608,9.61864
0.16008,-2.42708,9.74004
0.174362,-2.31758,9.71623
0.0862885,-2.28426,9.77098
0.143417,-2.36281,9.72813
0.186264,-2.40804,9.77574
-0.201736,-7.84242,5.38872
-0.206497,-8.25661,5.07927
-0.282669,-8.5851,4.59605
-0.313614,-8.37087,4.35326
-0.273148,-8.41133,4.25566
-0.337418,-8.43275,3.81767
-0.318375,-8.65413,3.40587
-0.339798,-8.94453,3.25829
-0.304092,-9.16353,2.78697
-0.363602,-9.46107,2.41325
-0.834915,-8.17329,-5.53242
-0.680191,-7.68532,-6.09657
-0.508804,-7.70674,-7.11775
-0.587357,-8.04951,-7.76759
-0.615921,-8.54225,-8.0461
-0.601639,-8.59462,-8.05562
-0.706375,-8.28755,-8.11751
-0.715897,-7.76149,-7.96754
-0.661148,-6.91646,-7.72713
-0.656387,-6.43562,-7.55812
-0.439774,-5.30495,-8.40315
-0.451675,-5.43587,-8.61739
-0.465958,-6.02382,-8.80782
-0.639725,-5.78102,-9.00301
-0.703995,-5.42635,-9.46956
-0.770645,-5.35017,-9.64809
-0.711136,-5.14784,-9.38148
-0.853958,-5.274,-9.30293
-0.894424,-5.39064,-9.36958
-0.894424,-5.34065,-9.3434
-0.599258,-6.17854,-8.5912
-0.599258,-6.33565,-8.86732
-0.60878,-6.6451,-8.98396
-0.558792,-6.83553,-9.02919
-0.565933,-6.75935,-8.88161
-0.537369,-6.67842,-8.64833
-0.492142,-6.71175,-8.36031
-0.54451,-7.0688,-8.19368
-0.592117,-7.4211,-8.31746
-0.584976,-7.49727,-8.2889
-0.206497,-9.87764,-1.42628
-0.249344,-10.1181,-1.03352
0.202927,-9.57295,2.47752
-0.00416565,-9.51582,2.54655
0.0696259,-9.28731,3.18211
0.231491,-9.02547,3.54869
0.217209,-8.71126,3.632
0.314804,-8.66603,4.43181
0.469528,-8.20186,5.2935
0.512375,-7.70198,5.92192
0.150558,-4.40755,8.61412
0.0791473,-3.67439,8.89977
-0.00892639,-3.21974,9.14256
-0.239822,-3.02455,9.14256
-0.00178528,-3.1031,9.11876
0.0981903,-3.07216,9.1259
-0.0232086,-3.06264,8.95213
0.0410614,-2.65083,8.99498
-0.0422516,-2.20332,9.1378
-0.123184,-2.04622,9.114
0.169601,-0.506119,9.70433
0.231491,-0.491837,9.68291
0.333847,-0.144302,9.84953
0.260056,0.172287,10.0947
0.171982,0.186569,10.2304
0.269577,0.0842133,10.0685
0.324326,0.0627899,9.76622
0.317184,0.119919,9.90904
0.345749,0.215134,9.9138
0.312424,0.167526,9.98997
0.474289,-0.0443268,10.159
0.600449,-0.344254,10.0209
0.631393,-0.437088,10.1804
0.643295,-0.332352,10.2233
0.540939,-0.0657501,10.4256
0.443344,0.18895,10.3827
0.307663,0.222275,10.2256
0.293381,0.0270844,10.1185
0.348129,-0.172867,10.059
0.241013,-0.275223,9.89952
0.371933,-0.360916,9.95903
0.410019,-0.427567,9.9019
0.433823,-0.470413,9.87572
0.462387,-0.572769,9.81145
0.35527,-0.399002,9.80193
0.517136,-0.337112,9.89476
0.424301,-0.275223,9.98283
0.426682,-0.206192,10.0757
0.514755,-0.282364,10.1376
0.471909,-0.458511,10.0709
0.319565,-0.544205,9.79002
0.252914,-0.506119,9.7567
0.241013,-0.396622,9.83525
0.252914,-0.372818,9.77336
0.269577,-0.260941,9.77098
0.314804,-0.32283,9.7686
0.381454,-0.313309,9.7924
0.312424,-0.325211,9.85667
0.338608,-0.391861,9.85905
0.369553,-0.494217,9.81383
0.35051,-0.44899,9.84477
0.402878,-0.525162,9.91618
0.41954,-0.422806,9.91142
0.305283,-0.327591,9.92808
0.324326,-0.396622,9.92333
0.326706,-0.453751,9.9138
0.257675,-0.527542,9.92808
0.35527,-0.539444,9.91856
0.324326,-0.522781,9.93285
0.35527,-0.482315,9.88524
0.426682,-0.501358,9.94475
0.407639,-0.45137,9.88524
0.376694,-0.456131,9.92094
0.310043,-0.484695,9.84715
0.329086,-0.63942,9.8662
0.331467,-0.651321,9.81145
0.274338,-0.594193,9.81621
0.22435,-0.453751,9.86382
0.22435,-0.439468,9.79002
0.202927,-0.44899,9.81859
0.319565,-0.349014,9.97569
0.360031,-0.463272,9.95427
0.424301,-0.677505,9.93761
0.345749,-0.748917,9.8662
0.321945,-0.76796,9.84715
0.310043,-0.670364,9.81145
0.250534,-0.532303,9.79478
0.231491,-0.496597,9.9138
0.233871,-0.487076,9.9876
0.267197,-0.634659,9.87334
0.28862,-0.63942,9.86382
0.281479,-0.656082,9.94951
0.321945,-0.608475,9.98997
0.324326,-0.658462,9.94713
0.305283,-0.632278,9.91618
0.281479,-0.70369,9.9019
0.245773,-0.765579,9.7924
0.233871,-0.782242,9.83525
0.257675,-0.756058,9.86144
0.241013,-0.720352,9.80907
0.179123,-0.691788,9.78288
0.260056,-0.77034,9.73766
0.229111,-0.737015,9.75432
0.198166,-0.732254,9.77812
0.229111,-0.701309,9.82573
0.22435,-0.627518,9.81383
0.22673,-0.737015,9.83763
0.255295,-0.77272,9.7924
0.198166,-0.784622,9.83049
0.193405,-0.722733,9.84239
0.200546,-0.665604,9.82097
0.214828,-0.672745,9.9019
0.229111,-0.784622,9.83287
0.28862,-0.83461,9.8662
0.333847,-0.782242,9.84477
0.262436,-0.632278,9.91618
0.219589,-0.591812,9.88286
0.210068,-0.610855,9.93523
0.300522,-0.610855,9.9138
0.305283,-0.715591,9.89476
0.262436,-0.689407,9.88048
0.241013,-0.782242,9.89238
0.28624,-0.90126,9.84001
0.305283,-0.829849,9.79478
0.319565,-0.844131,9.7924
0.298141,-0.798904,9.74004
0.236252,-0.722733,9.80431
0.252914,-0.651321,9.86382
0.22435,-0.627518,9.94237
0.193405,-0.648941,9.79002
0.305283,-0.83223,9.89
0.291,-0.746536,9.88048
0.298141,-0.70845,9.99474
0.264816,-0.701309,9.88286
0.248154,-0.779861,9.90428
0.267197,-0.875076,9.90904
0.22435,-0.913162,9.82097
0.186264,-0.810806,9.87334
0.167221,-0.827469,9.81383
0.229111,-0.844131,9.81145
0.281479,-0.725113,9.94237
0.22435,-0.775101,9.93761
0.28862,-0.83461,9.9138
0.260056,-0.83699,9.92808
0.276718,-0.853653,9.90904
0.241013,-0.806046,10.0138
0.262436,-0.758438,9.92571
0.229111,-0.682266,9.91618
0.183884,-0.70845,9.93047
0.229111,-0.775101,9.80431
0.210068,-0.801285,9.9019
0.22673,-0.848892,9.81383
0.264816,-0.956009,9.79478
0.281479,-0.882217,9.88286
0.264816,-0.806046,9.90666
0.236252,-0.758438,9.90666
0.200546,-0.760818,9.92571
0.28862,-0.820328,9.87096
0.252914,-0.806046,9.88524
0.28624,-0.83699,9.88048
0.267197,-0.83699,9.97807
0.231491,-0.729874,9.9019
0.231491,-0.784622,9.91856
0.291,-0.810806,9.93761
0.371933,-0.810806,9.91856
0.333847,-0.848892,9.91618
0.252914,-0.829849,9.79716
0.271957,-0.956009,9.85667
0.274338,-0.882217,9.80431
0.212448,-0.882217,9.79002
0.212448,-0.722733,9.90428
0.217209,-0.760818,9.89
0.174362,-0.820328,9.90428
0.212448,-0.825089,9.95189
0.252914,-0.829849,9.90904
0.231491,-0.801285,9.96141
0.260056,-0.822708,9.90666
0.202927,-0.863174,10.009
0.22435,-0.903641,9.9138
0.252914,-0.948868,9.97569
0.283859,-0.936966,9.89476
0.255295,-0.8965,9.92808
0.293381,-0.875076,10.0328
0.255295,-0.827469,9.93285
0.214828,-0.860794,9.93761
0.243393,-0.939346,9.89
0.22435,-0.956009,9.84715
0.193405,-0.841751,9.86382
0.210068,-0.756058,9.89952
0.171982,-0.694168,9.92571
0.22673,-0.744156,9.9019
0.238632,-0.841751,9.86858
0.260056,-0.917923,9.83525
0.267197,-0.922684,9.85905
0.279099,-0.839371,9.87334
0.295761,-0.844131,9.82573
0.257675,-0.891739,9.671
0.255295,-0.889359,9.74004
0.231491,-0.846512,9.76384
0.133896,-0.856033,9.72575
0.231491,-0.934586,9.93761
0.217209,-0.875076,9.95665
0.214828,-0.798904,9.89714
0.188644,-0.775101,9.92571
0.212448,-0.794144,9.92333
0.167221,-0.858414,9.93761
0.193405,-0.936966,9.95903
0.207687,-0.977432,9.91142
0.22673,-1.00362,9.94237
0.22435,-0.913162,9.86382
0.210068,-1.0179,9.84477
0.205307,-0.939346,9.84239
0.183884,-0.844131,9.87572
0.260056,-0.867935,9.89714
0.22435,-0.884598,9.88762
0.245773,-0.972672,9.85429
0.202927,-0.984573,9.86858
0.207687,-1.04408,9.89714
0.22673,-1.03694,9.8781
0.200546,-1.07027,9.84715
0.110092,-1.68202,9.75432
0.121994,-1.60823,9.74242
0.0839081,-1.52492,9.84715
0.119614,-1.33211,9.96141
0.0958099,-1.31306,9.98521
0.057724,-1.35115,9.9876
0.057724,-1.44637,9.86382
0.150558,-2.03432,9.88524
0.133896,-2.27473,9.69243
0.238632,-2.66035,9.69243
0.0839081,-5.3835,8.04283
0.143417,-5.7715,7.83336
0.143417,-6.16664,7.47868
0.1577,-6.50703,7.0883
0.0886688,-6.82838,6.69792
-0.00178528,-7.15926,6.26707
0.0291595,-7.58296,5.93382
-0.0517731,-7.91621,5.62437
-0.144608,-8.32564,5.38872
-0.180313,-8.37801,4.90788
-0.682571,-9.40157,1.40874
-0.589737,-9.34682,0.832687
-0.537369,-9.5063,0.197128
-1.43001,-8.08046,-0.828812
-0.651627,-9.37538,-0.283707
-0.521896,-9.64912,-1.60124
-0.789688,-10.2204,-3.26274
-0.720657,-10.0752,-4.05898
-0.639725,-9.93715,-4.61598
-0.794449,-8.99928,-4.72548
-1.02773,-3.77675,-9.16963
-0.977737,-3.73866,-9.06728
-0.93251,-3.4673,-9.15059
-1.02534,-3.24831,-9.04109
-1.01106,-3.04121,-9.33626
-0.93013,-3.03645,-9.54097
-0.999161,-2.91743,-9.61476
-1.06343,-2.96028,-9.69569
-1.03249,-3.19118,-9.65761
-1.0063,-3.0674,-9.46242
-0.639725,-2.74367,-10.1741
-0.67305,-2.71748,-10.1051
-0.677811,-2.8484,-9.98134
-0.687332,-2.86507,-9.77425
-0.756363,-2.79604,-9.58144
-0.773026,-2.81746,-9.60524
-0.780167,-2.93648,-9.51003
-0.792068,-3.15309,-9.5862
-0.837296,-3.12691,-9.52669
-0.884903,-3.11977,-9.3553
-0.573074,-3.2007,-9.43147
-0.54451,-3.08882,-9.27675
-0.532608,-3.21974,-9.30055
-0.589737,-3.34114,-9.27913
-0.623062,-3.36971,-9.21962
-0.637344,-3.53395,-9.09822
-0.658768,-3.78389,-9.14821
-0.637344,-3.86244,-9.31484
-0.485001,-3.76009,-9.32198
-0.449295,-3.49348,-9.06966
-0.525467,-5.04549,-8.85066
-0.532608,-5.09547,-8.4341
-0.454056,-5.31447,-8.10084
-0.525467,-5.52156,-8.058
-0.508804,-5.70247,-7.90327
-0.358841,-5.83101,-7.84615
-0.325516,-5.75484,-7.75569
-0.256485,-5.75484,-7.48671
-0.235062,-5.91908,-7.38673
-0.304092,-6.21425,-7.34865
-0.365982,-7.13307,-6.24178
-0.292191,-7.37349,-6.16798
-0.301712,-7.433,-6.24416
-0.232681,-7.70674,-6.2394
-0.0803375,-7.82576,-6.17036
-0.0565338,-7.86385,-6.11085
-0.0731964,-7.93526,-6.01802
-0.0660553,-8.21138,-5.77998
-0.025589,-8.21614,-5.56813
-0.101761,-8.14235,-5.56575
-0.0827179,-9.43965,-4.54933
-0.132706,-9.43489,-4.33272
-0.246964,-9.43251,-4.19704
-0.151749,-9.49202,-3.88521
-0.0303497,-9.40157,-3.72334
0.0839081,-9.48012,-3.68764
0.167221,-9.58723,-3.35677
0.183884,-9.55867,-3.37343
0.28624,-9.97762,-3.64003
0.452866,-10.4632,-3.29012
0.400497,-10.8179,-3.25203
0.433823,-11.2487,-2.8307
0.274338,-11.1345,-2.39748
0.0934296,-10.6751,-2.03566
0.124374,-10.1133,-1.32869
0.293381,-9.65626,-0.840714
0.333847,-9.80147,-0.678848
0.433823,-10.0681,-0.226578
0.205307,-10.2799,-0.507462
0.1577,-10.8703,-0.0147247
0.150558,-10.7631,-0.0361481
0.143417,-10.7965,0.304245
0.191025,-10.2633,1.00407
0.145798,-9.68007,1.51109
0.314804,-9.22066,2.38469
0.212448,-8.56606,2.81078
0.362411,-8.3661,3.57726
0.393356,-8.36134,3.42253
0.621872,-8.31374,4.13902
0.538559,-8.34706,3.67009
0.105331,-0.684647,9.8662
0.426682,-0.560867,10.0733
0.317184,-0.660843,10.1899
0.35289,-0.77034,10.1161
0.28624,-0.565628,9.99712
0.1577,-0.210953,9.96379
0.0315399,-0.168106,9.671
0.264816,-0.341873,9.81859
0.35051,-0.460892,9.75908
0.255295,-0.275223,9.9138
0.588547,0.105637,10.6708
0.564743,0.172287,10.6279
0.493332,0.0842133,10.2613
0.486191,0.0485077,10.1614
0.460007,-0.0990753,10.2399
0.512375,-0.208572,9.99712
0.536179,-0.215714,10.0376
0.538559,-0.168106,10.0995
0.424301,-0.0467072,9.9995
0.367172,-0.0348053,10.0804
0.360031,0.277023,10.0685
0.407639,0.143723,9.89952
0.448105,-0.0633698,9.79955
0.405258,-0.134781,9.79955
0.388596,-0.156204,9.79478
0.402878,-0.0728912,9.71147
0.302902,-0.0728912,9.73289
0.343369,-0.0824127,9.7805
0.35527,-0.184769,9.82097
0.333847,-0.268082,9.83763
0.381454,0.0294647,9.97807
0.388596,0.12468,9.93047
0.405258,0.12706,9.9995
0.274338,0.141342,9.99235
0.274338,0.0270844,9.95903
0.28862,-0.0633698,9.95665
0.302902,-0.0443268,9.91618
0.264816,-0.0800324,9.90904
0.348129,-0.163345,9.89714
0.307663,-0.289505,9.80193
0.331467,-0.244278,9.86144
0.388596,-0.249039,9.85429
0.436203,-0.272842,9.78288
0.460007,-0.315689,9.86382
0.381454,-0.196671,9.93285
0.357651,-0.0443268,10.0043
0.314804,-0.0562286,9.96379
0.357651,-0.213333,9.90666
0.400497,-0.279984,9.9019
0.457626,-0.296646,9.91142
0.35051,-0.122879,9.87572
0.35289,-0.101456,9.84715
0.250534,-0.215714,9.71861
0.28624,-0.225235,9.74004
0.279099,-0.19429,9.76622
0.274338,-0.213333,9.78288
0.262436,-0.225235,9.7686
0.238632,-0.203812,9.79716
0.252914,-0.272842,9.73289
0.236252,-0.360916,9.78526
0.293381,-0.415665,9.77812
0.250534,-0.446609,9.84715
0.22673,-0.346634,9.9019
0.28624,-0.282364,9.95903
0.255295,-0.25618,9.8781
0.310043,-0.291885,9.93523
0.319565,-0.325211,9.94951
0.374313,-0.437088,9.93047
0.379074,-0.484695,9.93999
0.386215,-0.446609,10.0447
0.364792,-0.413284,10.0638
0.345749,-0.391861,10.0114
0.314804,-0.389481,9.95189
0.319565,-0.403763,9.89476
0.245773,-0.375198,9.92333
0.236252,-0.422806,9.95427
0.200546,-0.463272,9.79955
0.241013,-0.420425,9.87096
0.241013,-0.444229,9.95427
0.236252,-0.475174,9.81621
0.236252,-0.484695,9.85667
0.260056,-0.475174,9.81145
0.255295,-0.410904,9.85429
0.186264,-0.265701,9.92808
0.207687,-0.263321,9.88286
0.198166,-0.265701,9.84715
0.22197,-0.299026,9.8662
0.217209,-0.51326,9.83525
0.271957,-0.651321,9.84239
0.248154,-0.551346,9.87096
0.219589,-0.484695,9.84715
0.260056,-0.463272,9.90904
0.238632,-0.529922,9.83049
0.279099,-0.57991,9.84953
0.312424,-0.548965,9.89476
0.302902,-0.544205,9.92571
0.319565,-0.625137,9.91856
0.302902,-0.546585,9.95903
0.281479,-0.537064,9.96617
0.298141,-0.506119,10.0185
0.257675,-0.520401,10.0066
0.22197,-0.589432,9.92333
0.250534,-0.551346,9.82811
0.262436,-0.544205,9.77098
0.250534,-0.596573,9.77574
0.274338,-0.544205,9.80669
0.269577,-0.460892,9.78288
0.274338,-0.529922,9.87096
0.293381,-0.625137,9.91856
0.28624,-0.568008,9.93523
0.279099,-0.541824,10.0066
0.212448,-0.506119,9.92571
0.176743,-0.57991,9.90904
0.233871,-0.651321,9.85667
0.210068,-0.615616,9.91618
0.233871,-0.648941,9.88524
0.22435,-0.651321,9.89952
0.271957,-0.627518,9.87334
0.243393,-0.665604,9.86144
0.293381,-0.717972,9.83287
0.307663,-0.76796,9.89
0.269577,-0.741776,9.80431
0.262436,-0.651321,9.92571
0.193405,-0.620377,9.92333
0.210068,-0.556107,9.83525
0.233871,-0.584671,9.89952
0.260056,-0.656082,9.88524
0.300522,-0.656082,9.91856
0.255295,-0.64418,9.88524
0.217209,-0.57515,10.0019
0.276718,-0.57753,9.95189
0.262436,-0.617996,9.93761
0.169601,-0.563248,9.90428
0.174362,-0.682266,9.93523
0.176743,-0.64418,9.88524
0.1577,-0.64418,9.90428
0.133896,-0.660843,9.87096
0.174362,-0.675125,9.94237
0.207687,-0.646561,9.95189
0.22435,-0.653702,9.90666
0.16008,-0.615616,9.93523
0.22435,-0.57753,9.95665
0.279099,-0.691788,9.83763
0.276718,-0.710831,9.81145
0.326706,-0.858414,9.77812
0.329086,-0.846512,9.7805
0.329086,-0.775101,9.85191
0.241013,-0.70845,9.77574
0.236252,-0.70369,9.8781
0.274338,-0.634659,9.83763
0.310043,-0.806046,9.75432
0.379074,-0.810806,9.82335
0.476669,-0.882217,10.0995
0.559982,-0.851273,9.99712
0.457626,-0.825089,10.1471
0.429062,-0.751297,10.0495
0.383835,-0.751297,10.0328
0.410019,-0.798904,10.0352
0.393356,-0.798904,10.0043
0.381454,-0.798904,9.95427
0.379074,-0.76796,9.9995
0.41478,-0.777481,9.88762
0.374313,-0.865555,9.89952
0.388596,-0.879837,9.87096
0.395737,-0.867935,9.89952
0.381454,-0.856033,9.85667
0.371933,-0.872696,9.84715
0.450485,-0.89888,9.82573
0.421921,-0.929825,9.87096
0.462387,-0.972672,9.8781
0.41478,-0.801285,9.91142
0.364792,-0.932205,10.0138
0.307663,-0.860794,9.93999
0.374313,-0.915543,9.95189
0.35289,-0.870316,9.8662
0.407639,-0.734634,10.0257
0.41478,-0.663223,10.0757
0.41954,-0.727493,10.0685
0.426682,-0.882217,10.0066
0.41716,-0.96077,10.0257
0.405258,-0.756058,10.0066
0.35527,-0.627518,10.0542
0.329086,-0.601334,10.09
0.326706,-0.591812,10.1542
0.386215,-0.848892,9.93523
0.283859,-1.00838,9.90428
0.195786,-0.858414,9.81621
0.176743,-0.860794,9.82335
0.181503,-0.853653,9.82811
0.16008,-0.889359,9.77098
0.167221,-0.906021,9.83763
0.102951,-1.00838,9.83763
0.102951,-0.90126,9.89952
0.0910492,-0.810806,9.92808
0.22435,-0.720352,9.89476
-0.0493927,-0.63942,9.93761
0.0862885,-0.51088,10.0114
0.257675,-0.83461,9.90428
0.126755,-1.10835,9.67815
0.233871,-1.06313,9.74242
0.281479,-1.04884,9.7686
0.298141,-0.808426,9.80907
0.519516,-0.753677,9.54485
0.581406,-0.789383,9.56151
0.559982,-0.794144,9.51628
0.538559,-0.741776,9.53532
0.457626,-0.687027,9.61864
0.407639,-0.717972,9.4901
0.35289,-0.83461,9.54723
0.141037,-0.858414,9.48296
0.219589,-0.822708,9.55199
0.155319,-0.846512,9.63054
0.757553,-0.917923,10.0757
0.852768,-0.846512,10.09
0.986069,-0.96315,10.0066
1.13603,-1.10597,9.97331
1.13127,-1.03694,10.0852
1.11699,-1.06313,10.1138
1.04558,-1.08217,10.0352
0.917038,-1.13692,9.81145
0.819443,-1.23213,9.67815
0.702805,-1.2964,9.6472
0.667099,-1.3083,9.92571
0.700424,-1.18452,10.0019
0.724228,-1.10597,9.99474
0.767075,-1.01552,9.98045
0.712326,-1.12263,10.078
0.781357,-1.20357,9.9876
0.748032,-1.23927,9.96141
0.809921,-1.28688,9.91856
0.728989,-1.14168,9.97569
0.721848,-0.975052,9.9876
0.586166,-0.910782,9.89714
0.61235,-0.872696,9.84953
0.617111,-0.986954,9.89238
0.700424,-1.12978,9.8781
0.817062,-1.32497,9.84953
0.933701,-1.39162,9.71385
0.881332,-1.22975,9.72813
0.812302,-1.09883,9.73766
0.795639,-1.10835,9.76384
0.788498,-1.2607,9.71623
0.650436,-1.37733,9.85429
0.669479,-1.41542,9.7686
0.667099,-1.49873,9.7686
0.733749,-1.48445,9.79716
0.650436,-1.43208,9.89238
0.571884,-1.42256,9.89238
0.557602,-1.35115,9.92808
0.557602,-1.24403,9.95665
0.583786,-1.24403,9.95189
0.552841,-1.25356,9.92094
0.645676,-1.34401,9.83049
0.67662,-1.4178,9.88762
0.605209,-1.36543,9.86858
0.559982,-1.44875,9.72099
0.626633,-1.60109,9.7567
0.538559,-1.62013,9.79955
0.626633,-1.58681,9.77574
0.60759,-1.51064,9.78526
0.657578,-1.46065,9.76146
0.755173,-1.42732,9.84239
0.724228,-1.3821,9.81383
0.688522,-1.33449,9.85667
0.695663,-1.39162,9.80669
0.681381,-1.37257,9.81383
0.67424,-1.37972,9.79955
0.719467,-1.3821,9.70671
0.60997,-1.34163,9.81145
0.636154,-1.35591,9.74956
0.645676,-1.39638,9.85667
0.80516,-1.51064,9.81145
0.776596,-1.49159,9.94475
0.80516,-1.43446,9.84953
0.707565,-1.42494,9.79716
0.667099,-1.37972,9.81621
0.67424,-1.45113,9.79478
0.709946,-1.36781,9.68767
0.719467,-1.32735,9.82097
0.755173,-1.32021,9.77574
0.80516,-1.36781,9.70671
0.821823,-1.41066,9.80669
0.776596,-1.31783,9.79716
0.755173,-1.2964,9.86858
0.764694,-1.19167,9.85429
0.778976,-1.25356,9.7805
0.743271,-1.27736,9.75908
0.80278,-1.28688,9.83525
0.764694,-1.27498,9.91142
0.707565,-1.15834,9.87572
0.67186,-1.22261,9.92808
0.655197,-1.23689,9.89
0.795639,-1.29878,9.7686
0.748032,-1.42018,9.73766
0.743271,-1.41304,9.69243
0.733749,-1.37972,9.75194
0.743271,-1.32259,9.82573
0.728989,-1.2726,9.80907
0.695663,-1.3083,9.83763
0.690903,-1.20119,9.85191
0.724228,-1.22737,9.96855
0.719467,-1.23689,9.84953
0.724228,-1.2845,9.81383
0.67424,-1.31544,9.70433
0.659958,-1.38924,9.75908
0.652817,-1.44875,9.72099
0.60759,-1.53206,9.61388
0.631393,-1.59157,9.58531
0.614731,-1.4178,9.68529
0.633774,-1.27022,9.72099
0.645676,-1.30592,9.7448
0.683762,-1.31544,9.70909
0.731369,-1.32497,9.67815
0.731369,-1.43922,9.61626
0.650436,-1.45351,9.55199
0.662338,-1.394,9.51152
0.643295,-1.3821,9.38774
0.619492,-1.42018,9.40678
0.581406,-1.29402,9.34489
0.54808,-1.24879,9.25444
0.619492,-1.32973,9.19969
0.648056,-1.42494,9.03783
0.845627,-3.10548,8.06187
1.00987,-3.26021,8.13567
1.22411,-3.38161,8.30943
1.37169,-3.24593,8.59746
1.45976,-3.1031,8.87834
1.42882,-2.76271,9.12828
1.48595,-2.65559,9.28538
1.5526,-2.65797,9.40202
1.61925,-2.96742,9.37346
1.79778,-3.22688,9.26158
1.90727,-3.18404,9.39488
1.93584,-3.05074,9.71861
2.11436,-3.06978,9.93523
2.30241,-3.08644,10.1066
2.37859,-3.02693,10.2375
2.45,-3.02455,10.259
2.60948,-2.94124,10.4042
2.59282,-2.86031,10.2542
2.66899,-2.91029,10.3375
2.80943,-3.02693,10.3304
3.11174,-2.81984,10.6708
3.14269,-2.77461,10.7922
3.20219,-2.946,10.8969
3.33073,-2.96266,10.6113
3.44737,-2.90077,10.5446
3.52354,-3.07216,10.6422
3.57353,-3.24593,10.6327
3.68303,-3.21736,10.8017
3.80443,-3.16023,10.8255
3.91631,-3.17451,11.0088
3.08794,0.981613,11.0611
0.876572,1.65288,9.6115
0.643295,1.66954,9.39012
0.369553,1.66002,9.2235
0.179123,1.55052,8.76646
-0.0374908,1.41722,8.3499
-0.268387,0.979233,8.20708
-0.387405,0.855453,8.06187
-0.413589,0.972092,8.13567
-0.54213,1.32677,8.03569
-0.725418,1.64812,8.00713
-0.944412,1.95518,7.93571
-0.999161,2.05516,8.02855
-1.67281,1.25774,7.0764
-2.00606,1.81474,7.37871
-2.1346,2.09801,7.3549
-2.16554,2.03136,7.20732
-2.10127,1.78856,7.03355
-1.99654,1.48387,6.87169
-2.01082,0.869736,6.37419
-2.00606,0.217514,6.04808
-2.03462,-0.265701,5.74815
-2.22267,-0.487076,5.42918
-3.85323,-0.846512,5.0388
-3.90797,-1.18452,4.98882
-3.95558,-1.43446,5.02452
-3.78181,-1.40828,5.29588
-3.64851,-1.34163,5.56487
-3.56996,-1.38448,5.59581
-3.63423,-1.72487,5.39348
-3.74849,-2.0724,5.30778
-3.80324,-2.4604,5.3792
-3.41643,-2.9698,5.80052
-3.57234,-3.57918,6.22542
-3.64494,-3.57204,6.82646
-2.84871,-3.39946,7.58104
-1.98225,-3.81722,8.22493
-2.08223,-4.30876,8.79979
-2.93678,-4.47539,8.97118
-2.14055,-5.23592,9.34609
-1.17055,-5.50252,9.62578
-1.44429,-5.4799,9.78764
-1.62758,-5.36089,9.7805
-1.2253,-4.53847,10.372
-0.815872,-4.37898,10.9171
-0.780167,-5.08595,10.5327
-0.73494,-5.44658,10.4696
-0.382645,-4.9836,10.8148
-0.324326,-4.44087,11.1897
-0.198166,-4.79317,11.254
0.393356,-5.27162,11.1028
0.86348,-4.5099,11.5717
1.00392,-4.16594,11.4968
0.661148,-4.09096,11.3194
0.67662,-4.01955,10.8481
1.01344,-3.6375,10.6148
1.00392,-3.09715,10.9124
0.424301,-2.51753,11.0242
0.559982,-2.74129,11.0469
1.19911,-2.94957,11.1504
1.42049,-2.99123,11.1385
1.25148,-3.04121,11.1326
1.5276,-3.0424,11.0695
1.7823,-2.72105,11.1076
1.66685,-2.50563,10.9945
1.47643,-2.25807,10.6803
1.36931,-2.28545,10.3006
1.16103,-2.27354,9.85548
1.23601,-2.7032,9.49843
1.00273,-2.4735,9.33894
0.875381,-2.13905,9.46272
0.955124,-2.16048,9.4532
0.92775,-2.31282,9.27824
0.926559,-2.61156,9.24373
1.20625,-2.85197,9.34251
1.31813,-3.21022,9.308
1.22173,-3.2364,9.38298
1.18364,-2.93648,9.61745
1.26219,-3.21498,9.41869
1.20387,-3.57085,9.37227
1.14674,-3.59584,9.36513
1.09319,-3.37447,9.44725
1.16222,-3.30424,9.45558
1.22649,-3.3221,9.40559
1.30266,-3.39946,9.35442
1.28123,-3.41374,9.308
1.25386,-3.47087,9.29253
1.26457,-3.34471,9.30443
1.1515,-3.25545,9.24373
1.1158,-3.23283,9.27229
1.22054,-3.28877,9.33418
1.16817,-3.10905,9.40797
1.28481,-3.16499,9.4294
1.22054,-3.24355,9.40559
1.17055,-3.16856,9.43178
1.15865,-3.06621,9.48058
1.27885,-3.2852,9.45915
1.2253,-3.34352,9.4651
1.14793,-3.26735,9.40916
1.20268,-3.23402,9.39369
1.18721,-3.38994,9.34846
1.13127,-3.42445,9.27705
1.13127,-3.35542,9.25563
1.11342,-3.2126,9.29372
1.11223,-3.13643,9.34966
1.1646,-3.14476,9.41988
1.17769,-3.17094,9.39964
1.08128,-3.12096,9.33418
1.03368,-3.23045,9.27943
1.14079,-3.4185,9.26515
1.06938,-3.38637,9.31871
1.04439,-3.33162,9.4044
1.12294,-3.37923,9.39964
1.1646,-3.34114,9.4413
1.04915,-3.16499,9.46272
1.07771,-3.2614,9.41155
1.09914,-3.16856,9.38536
1.1277,-3.21498,9.39726
1.12889,-3.28044,9.41393
1.1277,-3.2364,9.40678
1.07533,-3.23997,9.38417
1.00868,-3.20784,9.37227
1.09081,-3.28401,9.34251
1.14198,-3.23521,9.34609
1.12294,-3.17094,9.3687
1.03606,-3.15428,9.3806
1.10152,-3.18523,9.43178
1.10985,-3.17213,9.39726
1.07771,-3.18642,9.41512
1.11461,-3.21022,9.37346
1.05034,-3.25902,9.28181
1.07652,-3.26616,9.22826
0.980118,-3.24117,9.27467
1.02415,-3.18761,9.26753
1.00273,-3.16023,9.308
1.00273,-3.26616,9.31395
1.09557,-3.27092,9.30562
1.05986,-3.09834,9.54723
1.02415,-3.04597,9.50557
1.08128,-3.334,9.39131
1.1277,-3.31377,9.39012
1.11342,-3.26973,9.44368
1.05867,-3.16737,9.45915
1.07771,-3.33519,9.4294
1.01463,-3.38875,9.31514
0.967026,-3.3102,9.33418
1.00987,-3.46254,9.32942
0.93132,-3.17213,9.41869
1.03249,-3.14238,9.42107
1.00154,-3.26378,9.39369
0.974167,-3.39232,9.35323
0.967026,-3.27568,9.34727
0.925369,-3.13048,9.40083
1.03249,-3.2495,9.37108
1.04796,-3.18166,9.47462
1.08009,-3.25545,9.35799
1.05153,-3.31139,9.48891
1.03963,-3.25545,9.46748
1.01106,-3.26854,9.41869
0.970596,-3.12334,9.47701
1.03249,-3.1757,9.44368
1.05867,-3.13167,9.45677
1.10033,-3.31734,9.41631
1.04439,-3.24831,9.39607
1.0789,-3.26854,9.32466
1.0789,-3.31496,9.38536
1.0313,-3.25069,9.28657
1.03368,-3.1519,9.33894
0.969406,-3.15547,9.35918
1.05272,-3.1519,9.39131
1.08009,-3.19832,9.39488
1.01106,-3.14952,9.41631
1.03963,-3.32567,9.32228
1.07295,-3.39589,9.25444
1.067,-3.29829,9.34966
1.03606,-3.23045,9.4532
0.972977,-3.31615,9.29967
1.00035,-3.33519,9.37822
0.997971,-3.33519,9.32942
1.00749,-3.25069,9.36156
0.962265,-3.14833,9.36751
1.01344,-3.18761,9.33418
1.11699,-3.45778,9.32823
1.06105,-3.4673,9.21635
1.01701,-3.18166,9.39726
0.952744,-3.1757,9.34132
0.962265,-3.40184,9.30443
0.964645,-3.3221,9.33418
0.9944,-3.33043,9.37941
1.03011,-3.22093,9.44725
1.07176,-3.49348,9.38536
1.05629,-3.49706,9.38536
1.01582,-3.30544,9.49486
0.978928,-3.28401,9.61864
0.93251,-3.2971,9.4044
0.962265,-3.35423,9.37227
1.01463,-3.44231,9.34132
0.956314,-3.35899,9.42226
1.0063,-3.5042,9.30324
1.05034,-3.4554,9.38774
0.9944,-3.35542,9.3806
1.00273,-3.44826,9.36037
1.0551,-3.62679,9.29491
0.961075,-3.26259,9.35084
0.967026,-3.26973,9.40321
0.952744,-3.37328,9.34489
0.987259,-3.47682,9.23659
1.0313,-3.3459,9.31752
0.999161,-3.22926,9.31276
1.0182,-3.42326,9.28777
1.0063,-3.5042,9.32347
1.02296,-3.33162,9.36275
0.989639,-3.30067,9.40321
0.980118,-3.46849,9.27824
0.997971,-3.42564,9.30562
1.00035,-3.27806,9.40321
1.04082,-3.29591,9.36989
1.03725,-3.41374,9.3437
1.05867,-3.38042,9.31752
1.05867,-3.34352,9.35084
0.984879,-3.36613,9.37346
1.01582,-3.35661,9.33061
1.05034,-3.34828,9.308
1.09438,-3.49586,9.41393
1.04677,-3.51729,9.37227
0.99202,-3.334,9.41512
0.92894,-3.32805,9.37227
0.953934,-3.34947,9.33061
0.977737,-3.40541,9.3199
1.06105,-3.35304,9.41155
1.06343,-3.42683,9.31871
1.00035,-3.38518,9.30086
0.982498,-3.39232,9.24849
0.987259,-3.38399,9.44725
0.981308,-3.43398,9.31157
0.936081,-3.52919,9.35204
0.984879,-3.6613,9.2592
0.92894,-3.28044,9.42464
0.959885,-3.40065,9.34727
0.922989,-3.61131,9.32823
0.981308,-3.722,9.22111
1.00273,-3.75652,9.17589
0.946793,-3.54585,9.32585
0.969406,-3.66963,9.26039
0.971786,-3.62679,9.25801
0.980118,-3.6244,9.2235
1.05153,-3.79698,9.26872
0.921799,-3.36375,9.32585
0.967026,-3.46373,9.38774
0.944412,-3.57442,9.24373
0.950363,-3.57561,9.36513
0.999161,-3.48039,9.37703
1.02892,-3.51967,9.46272
0.99202,-3.53752,9.36989
0.940842,-3.3709,9.38179
0.964645,-3.27092,9.37465
0.840866,-3.46611,9.15089
0.869431,-4.03621,8.85811
0.842056,-4.49681,8.57841
0.970596,-4.96574,8.38917
0.938461,-5.15736,8.20232
0.861099,-5.47633,7.64769
0.762314,-6.32613,6.35158
0.652817,-7.38539,4.99715
0.508804,-8.02928,4.1664
0.442154,-8.19234,2.56084
0.274338,-8.32445,0.891006
-0.089859,-7.58772,-0.897842
0.151749,-7.61034,-3.28893
0.207687,-8.92311,-5.12538
-0.15889,-10.243,-7.14513
-0.210068,-8.54344,-7.52361
-0.00773621,-6.31065,-7.46172
0.0291595,-5.22401,-7.71165
-0.348129,-4.75865,-8.81734
-0.41954,-5.105,-9.59572
-0.446915,-6.01549,-10.1242
-0.788498,-4.84554,-9.78972
-0.750412,-3.34233,-9.65404
-0.664719,-2.55205,-9.52669
-0.593307,-3.16975,-10.0242
-0.449295,-4.24687,-10.3182
-0.573074,-4.18974,-10.2503
-0.746841,-3.81483,-9.9016
-0.700424,-3.97075,-9.82185
-0.709946,-4.23616,-10.0087
-0.67186,-4.84196,-10.6014
-0.517136,-6.02977,-10.7276
-0.451675,-6.91289,-10.7204
-0.517136,-6.61415,-9.83852
-0.41716,-5.92027,-8.59477
0.187454,-6.77245,-7.27129
0.310043,-8.58629,-6.80949
0.0148773,-9.63246,-6.85234
0.268387,-10.5096,-5.73119
0.173172,-9.2278,-3.64122
0.281479,-8.46013,-1.92259
0.339798,-9.27065,-0.854996
0.217209,-9.02666,-0.0778046
1.04201,-6.85814,2.2383
1.03011,-5.34779,4.31279
1.02415,-4.8741,5.42918
1.35027,-2.85793,6.77885
0.817062,-0.519211,8.34157
0.980118,0.32106,8.71886
1.36098,0.12468,9.32228
1.59901,0.185379,9.42702
1.91203,0.694778,9.95784
1.87871,0.934006,10.034
1.55736,0.945908,9.99355
1.60854,0.854263,9.9626
1.49904,1.43745,10.2685
1.51213,1.75999,10.4042
1.45381,1.40056,10.2697
1.28719,0.904251,10.0864
1.57759,0.57338,9.72575
1.62639,0.331772,9.89833
1.51451,0.135391,9.88405
1.7216,-0.19429,9.99474
1.7823,-0.260941,10.0697
1.57045,-0.135971,9.97569
1.42049,-0.276413,9.93404
1.45381,-0.293076,9.87691
1.32646,0.00923157,9.95784
1.31575,-0.110977,9.83882
1.44548,-0.358536,9.78407
1.32527,-0.228806,9.86382
1.35265,-0.406143,9.79002
1.37288,-0.523972,9.68886
1.36098,-0.488266,9.69243
1.40382,-0.527542,9.60435
1.48833,-0.628708,9.60197
1.40858,-0.535873,9.80669
1.27052,-0.418045,9.77336
1.24553,-0.45137,9.83287
1.33598,-0.477554,9.65672
1.3824,-0.651321,9.58412
1.32646,-0.491837,9.72932
1.33598,-0.477554,9.86144
1.35027,-0.583481,9.84953
1.27409,-0.70488,9.73647
1.25267,-0.815567,9.58888
1.25148,-0.70488,9.68648
1.32884,-0.664413,9.74718
1.37764,-0.623947,9.83763
1.38002,-0.797714,9.84477
1.37883,-0.826279,9.81502
1.32646,-0.671555,9.79002
1.31813,-0.638229,9.73885
1.33598,-0.739395,9.78288
1.34669,-0.700119,9.75432
1.32408,-0.83342,9.71266
1.34193,-0.823898,9.71504
1.33003,-0.863174,9.66386
1.35503,-0.915543,9.79716
1.33836,-0.844131,9.86977
1.4193,-1.00243,9.81145
1.43477,-0.96434,9.81383
1.33717,-0.913162,9.89238
1.29552,-0.829849,9.90547
1.28004,-0.876266,9.94832
1.30742,-1.00719,9.73647
1.28719,-0.941727,9.72218
1.2372,-0.879837,9.73409
1.25981,-1.03575,9.69719
1.34431,-1.20833,9.75313
1.39906,-1.20119,9.76027
1.32646,-1.03218,9.73885
1.20387,-0.946487,9.79478
1.21458,-1.09526,9.77812
1.34312,-1.17262,9.70433
1.32289,-0.96077,9.7448
1.286,-0.96434,9.80788
1.30147,-1.09764,9.79359
1.30266,-1.1024,9.73289
1.29671,-0.976242,9.7079
1.33836,-1.00719,9.72575
1.37169,-1.10716,9.7448
1.27528,-1.006,9.77217
1.286,-1.05717,9.7567
1.22649,-1.05956,9.72575
1.16579,-1.01076,9.72218
1.24196,-1.08693,9.74956
1.29314,-0.96077,9.82335
1.27528,-0.931015,9.82573
1.28004,-1.10716,9.72456
1.23839,-1.21309,9.71147
1.20982,-1.10359,9.75432
1.23839,-1.05956,9.79478
1.25267,-1.10359,9.81621
1.24196,-1.16786,9.7686
1.21935,-1.14525,9.85786
1.20149,-1.13692,9.79955
1.18245,-1.14525,9.71266
1.17412,-1.10478,9.73885
1.1884,-1.10954,9.74718
1.17293,-1.29164,9.70314
1.15508,-1.25713,9.68529
1.15865,-1.21309,9.76503
1.12175,-1.10835,9.66148
1.19078,-1.15953,9.75551
1.18959,-1.17143,9.72575
1.18245,-1.27736,9.72337
1.21696,-1.26784,9.72694
1.21815,-1.27855,9.71385
1.1884,-1.19167,9.7805
1.11342,-1.15834,9.77574
1.11818,-1.22023,9.77812
1.20982,-1.31783,9.78526
1.23006,-1.17857,9.85786
1.1277,-1.14763,9.87334
1.09676,-1.31306,9.90309
1.1039,-1.21904,9.77574
1.18007,-1.2238,9.80312
1.17293,-1.32021,9.74599
1.16341,-1.38091,9.79359
1.25505,-1.44399,9.73885
1.26933,-1.52135,9.73527
1.21339,-1.46898,9.68767
1.15627,-1.36543,9.6722
1.14198,-1.26308,9.70433
1.14912,-1.29759,9.72456
1.20863,-1.39638,9.73647
1.17055,-1.20476,9.71623
1.20149,-1.2726,9.71861
1.29076,-1.46422,9.65434
1.19435,-1.29521,9.70314
1.14912,-1.34401,9.76265
1.17888,-1.38686,9.64363
1.11104,-1.394,9.71385
1.19911,-1.31306,9.7805
1.20863,-1.33925,9.80788
1.14674,-1.41423,9.7805
1.15627,-1.32973,9.81264
1.19792,-1.32021,9.82811
1.2372,-1.36067,9.76741
1.23244,-1.42256,9.72456
1.20387,-1.36305,9.7567
1.26457,-1.43327,9.76027
1.16222,-1.40947,9.7448
1.14198,-1.3571,9.68886
1.10271,-1.32973,9.68291
1.14198,-1.32378,9.69481
1.16579,-1.35234,9.69362
1.12651,-1.33092,9.74242
1.13484,-1.30235,9.671
1.14317,-1.41066,9.74004
1.16222,-1.42732,9.73409
1.19078,-1.32735,9.85548
1.22054,-1.52016,9.83168
1.12889,-1.47374,9.7448
1.25743,-1.52611,9.70552
1.23482,-1.59514,9.75789
1.1884,-1.49754,9.88762
1.17888,-1.563,9.73527
1.20387,-1.49397,9.74956
1.16579,-1.45113,9.81502
1.12889,-1.44756,9.81264
1.15627,-1.45589,9.72456
1.23125,-1.63918,9.67458
1.14436,-1.59395,9.73527
1.05748,-1.43208,9.77455
1.08366,-1.50945,9.7924
1.09676,-1.48683,9.86501
1.18126,-1.61061,9.79955
1.19673,-1.65584,9.80312
1.13008,-1.56657,9.69005
1.05629,-1.54753,9.77098
1.14317,-1.64394,9.70552
1.10866,-1.56895,9.69243
1.13246,-1.46422,9.71742
1.12056,-1.52611,9.64958
1.08961,-1.64751,9.63768
1.1158,-1.67012,9.7079
1.08485,-1.57729,9.68886
1.11937,-1.58562,9.71623
1.11818,-1.72725,9.66981
1.07414,-1.63799,9.70909
1.11818,-1.59395,9.72218
1.09081,-1.51897,9.75908
1.07414,-1.61894,9.74718
1.05986,-1.68559,9.68291
1.04796,-1.59752,9.82216
1.03368,-1.51897,9.77574
1.06224,-1.70821,9.72337
1.05748,-1.69154,9.64125
1.06938,-1.80342,9.68172
1.15031,-1.78319,9.72456
1.10033,-1.6606,9.71504
1.05034,-1.67131,9.78645
1.04558,-1.64156,9.696
0.976547,-1.58086,9.7448
1.01701,-1.69035,9.7079
1.07176,-1.80104,9.69957
1.08247,-1.7939,9.72932
1.01344,-1.73915,9.72337
0.955124,-1.73915,9.69481
0.987259,-1.77605,9.72337
1.09557,-1.78438,9.66386
1.0432,-1.79033,9.75908
1.07414,-1.92482,9.77574
1.07771,-1.80461,9.81621
1.02534,-1.72725,9.8174
0.938461,-1.68916,9.696
0.968216,-1.92601,9.66386
1.06105,-1.94029,9.76265
1.02773,-1.71654,9.75313
1.00273,-1.8308,9.63173
1.03606,-1.91411,9.71266
1.02534,-1.94148,9.72337
0.970596,-1.85341,9.73052
0.963455,-1.92839,9.696
0.99202,-1.88673,9.72575
0.920609,-1.57014,9.51866
0.940842,-1.73201,9.44011
1.03487,-1.52016,9.36394
1.05748,-1.17262,9.35799
1.11342,-0.977432,9.21874
1.261,-0.886978,9.13185
1.2729,-0.502548,9.0045
1.43834,-0.391861,8.94975
1.50856,-0.058609,9.04259
1.60854,0.419846,9.25801
1.82634,0.456741,9.41035
1.95845,-0.0419464,9.3437
2.21434,-0.528732,9.60078
2.38097,-0.352585,9.89
2.49879,-0.329971,10.0471
2.68684,-0.96553,10.0757
2.61424,-1.03099,10.5458
2.73921,-1.07503,11.1825
3.04033,-1.25832,11.705
3.37358,-1.97362,11.9562
3.65923,-2.54015,12.3406
3.82942,-3.13405,12.7607
3.94011,-3.60536,12.9773
3.88655,-4.01717,13.0011
3.62114,-4.36232,13.0416
3.21291,-4.62535,13
2.86775,-5.03001,13.0273
3.04152,-5.65367,12.6905
3.04271,-5.80483,12.3668
2.78206,-5.71675,12.1847
2.6071,-5.9536,11.6003
2.2191,-5.91789,11.2599
1.79063,-5.90242,10.3958
1.64543,-5.73579,9.83644
1.49904,-5.53941,9.46748
0.946793,-5.13237,9.28181
0.575455,-5.37874,8.82002
0.377884,-5.58702,8.0107
0.0601044,-5.17165,7.60246
-0.117233,-4.85268,7.13948
-0.534988,-4.53014,6.83955
-1.00868,-4.46825,6.60747
-1.28242,-4.49562,6.24327
-1.53355,-3.65535,6.06236
-1.88585,-2.99599,5.77434
-2.32979,-2.83412,5.31136
-2.7047,-2.65202,5.27208
-2.29765,-2.49135,5.48274
-2.04652,-1.95338,5.5601
-2.77849,-1.38329,5.23756
-3.44856,-1.07265,4.89717
-3.53426,-1.05003,4.86147
-3.45213,-1.1512,5.21614
-3.42833,-0.584671,5.40062
-3.48903,-0.0324249,5.72078
-3.41524,-0.288315,5.67674
-3.29146,-0.287125,6.08736
-3.01415,-0.327591,6.78838
-3.12245,0.118729,6.77885
-3.41643,0.761429,7.09306
-3.12126,0.691208,7.61913
-2.7166,0.158005,7.65364
-2.70946,0.0496979,7.73814
-2.37383,1.13872,8.60103
-2.30598,1.53624,9.02473
-2.68684,0.343674,8.31538
-2.44881,-0.147873,8.64507
-1.64543,0.906631,10.2233
-1.76802,0.983994,10.1804
-2.22743,0.354385,10.0483
-1.99059,0.265121,10.6101
-1.53474,0.379379,10.8219
-1.09914,0.0223236,10.8183
-0.7397,-0.281174,11.0968
-0.598068,-0.610855,11.0028
-0.362411,-0.854843,11.2647
-0.244583,-0.807236,11.6622
0.242203,-1.25594,11.7681
0.364792,-1.59633,11.5325
0.402878,-1.51778,11.2599
0.769455,-1.76891,11.2492
0.778976,-2.39256,10.9873
0.60878,-2.29021,11.1516
0.667099,-1.63322,11.3123
1.23958,-1.94029,11.3277
1.10747,-2.68773,10.8636
1.12889,-2.97218,10.6922
1.23006,-2.76628,10.8969
1.20863,-2.65559,10.8814
1.31337,-2.99123,10.5672
1.47881,-3.13167,10.4054
1.36574,-2.95076,10.4756
1.64781,-3.63036,10.3875
1.69185,-3.84697,10.0995
1.48595,-3.57442,10.0566
1.46333,-3.70772,9.93285
1.62163,-3.6982,9.92213
1.57164,-3.58632,9.8781
1.51451,-3.89577,9.66267
1.42882,-3.95052,9.44844
1.44072,-3.8434,9.5865
1.49666,-3.76961,9.68767
1.37526,-3.73033,9.54604
1.40144,-3.62321,9.49367
1.44786,-3.5887,9.51628
1.30623,-3.62083,9.50081
1.34789,-3.6494,9.34132
1.37407,-3.35661,9.33299
1.42763,-3.42683,9.37703
1.43596,-3.528,9.30324
1.36336,-3.25426,9.2961
1.27885,-3.04835,9.37108
1.15269,-3.10905,9.29967
1.10271,-3.06859,9.31514
1.19911,-2.81151,9.34846
1.32408,-2.76866,9.52937
1.30861,-2.80794,9.47105
1.28481,-2.88768,9.4044
1.3824,-2.85435,9.34846
1.47762,-2.82103,9.31276
1.36217,-3.02217,9.52104
1.31337,-2.96861,9.6234
1.34908,-2.90553,9.63054
1.3217,-2.99956,9.47462
1.261,-3.18999,9.49605
1.27171,-3.19951,9.33061
1.2491,-3.11263,9.39726
1.15865,-2.74843,9.47224
1.15031,-2.83531,9.48058
1.10271,-2.94838,9.34727
1.03487,-3.06621,9.27943
1.12056,-3.07454,9.30681
1.08485,-2.75438,9.41035
1.09795,-3.09001,9.27943
1.11342,-3.27092,9.16875
1.092,-3.18404,9.26277
1.067,-3.02812,9.38417
1.01344,-2.88292,9.48415
1.04677,-3.01027,9.47343
0.962265,-2.946,9.41631
1.08009,-2.99242,9.52818
1.1646,-2.97575,9.56865
1.06938,-3.08287,9.56151
1.12651,-3.15904,9.4901
1.14793,-3.00194,9.52461
1.15627,-2.92696,9.51152
1.10509,-2.95909,9.43535
1.12413,-3.02217,9.44368
1.21101,-3.02931,9.50438
1.10628,-2.91743,9.56508
1.0551,-3.0067,9.46034
0.983688,-2.94005,9.42464
1.01701,-2.946,9.33418
1.03249,-2.89244,9.41273
1.06819,-3.07454,9.32585
1.05391,-3.02455,9.45082
1.00154,-2.946,9.51033
1.06105,-3.06978,9.50081
1.03011,-3.03764,9.43535
1.01344,-3.01384,9.47343
0.99202,-2.89006,9.48058
0.9944,-3.05312,9.42107
1.08604,-3.22093,9.39845
0.997971,-3.02574,9.41988
0.952744,-3.03169,9.51033
0.965836,-3.06145,9.50081
1.01939,-3.11858,9.38655
0.944412,-3.02336,9.46986
0.944412,-3.09239,9.47819
0.99321,-3.07811,9.43535
1.00868,-3.06859,9.52818
1.00868,-3.1031,9.53175
1.03011,-3.17094,9.5389
1.05629,-3.2007,9.48296
0.984879,-3.04478,9.40559
1.04915,-3.14476,9.45796
0.977737,-3.15071,9.36751
0.908707,-3.10786,9.45082
0.924179,-3.00313,9.47224
0.944412,-3.15904,9.41869
0.99202,-3.17451,9.37584
1.08009,-3.06383,9.4413
0.9944,-2.97456,9.45439
0.959885,-3.18285,9.39131
0.967026,-3.18761,9.34727
1.01939,-3.25069,9.38774
1.01344,-3.21617,9.38417
1.00154,-3.19356,9.43297
1.01939,-3.01622,9.51509
1.05272,-3.09358,9.55913
0.982498,-3.03883,9.54008
1.00987,-3.09239,9.52223
1.02058,-3.14714,9.48415
0.957504,-3.16499,9.32585
0.957504,-3.14476,9.43773
0.962265,-3.17332,9.34727
0.959885,-3.23045,9.39131
0.903946,-3.20427,9.41155
0.984879,-3.25902,9.40083
0.967026,-3.17213,9.32942
0.899185,-3.1281,9.44844
0.955124,-3.32924,9.4413
0.937271,-3.35423,9.3925
1.02773,-3.28401,9.4294
0.965836,-3.1162,9.46391
0.919418,-3.23045,9.39845
0.843246,-3.11263,9.39012
0.896805,-3.30544,9.29729
0.953934,-3.35423,9.41035
0.909897,-3.39232,9.38774
0.884903,-3.33995,9.41869
0.937271,-3.3102,9.45796
0.972977,-3.28163,9.52818
0.999161,-3.47801,9.41273
0.896805,-3.32686,9.40797
0.899185,-3.30663,9.39131
0.918228,-3.27568,9.38893
0.940842,-3.17094,9.46153
0.918228,-3.21736,9.40559
0.937271,-3.13762,9.41393
0.842056,-2.89839,9.44487
0.851578,-2.76033,9.39012
0.876572,-2.86626,9.23897
0.880142,-3.15071,8.94975
0.818253,-3.53157,8.67839
0.343369,-9.41585,-5.95732
0.132706,-9.64793,-6.51671
-0.0208282,-8.24709,-6.78926
0.00535583,-6.8022,-6.95232
0.0279694,-6.02739,-7.63667
0.156509,-6.88194,-8.30199
-0.245773,-7.47823,-8.84709
-0.0220184,-6.3047,-8.6281
-0.0124969,-4.50514,-8.36864
0.114853,-4.7896,-8.89589
-0.110092,-6.26781,-9.33388
-0.16127,-5.63701,-9.22914
-0.0565338,-4.88005,-9.00777
-0.168411,-4.79436,-8.86375
-0.0791473,-4.9955,-8.92088
-0.0922394,-5.6382,-9.09108
-0.133896,-5.80959,-9.20772
0.0113068,-5.75722,-9.18629
0.0196381,-5.95717,-8.87209
0.0720062,-6.42372,-8.82924
0.149368,-7.01405,-8.65428
0.231491,-7.72935,-8.55788
0.425491,-8.69102,-7.9128
0.317184,-8.82433,-6.91423
0.356461,-8.70769,-5.52052
0.41597,-8.6208,-3.91139
0.656387,-8.84099,-2.62004
0.636154,-9.75267,-1.6786
0.216019,-10.9667,-1.27513
0.0184479,-10.2692,-0.484848
0.550461,-8.43871,1.39207
1.0313,-6.54393,3.54988
0.852768,-6.0143,4.9912
1.41573,-4.78603,5.91597
1.17174,-3.18999,7.78218
0.79921,-2.24022,8.94499
0.727798,-0.990524,9.51866
0.569504,-0.278793,9.75075
0.410019,-0.351395,9.98997
0.649246,-0.594193,9.98879
0.54808,-0.307358,10.2137
0.464767,0.163956,9.86382
0.762314,0.805466,9.9019
0.690903,1.23512,10.1542
1.12532,0.878067,10.134
1.37883,0.0473175,10.2566
1.23839,-0.221664,10.2292
1.29433,-0.565628,9.92808
0.9944,-0.460892,9.86739
0.975357,-0.653702,9.73766
0.784927,-1.21428,9.79955
0.740891,-1.27974,9.77217
0.821823,-1.34639,9.67815
0.915848,-1.32021,9.63887
0.964645,-1.27736,9.73885
0.870621,-1.37733,9.85191
0.788498,-1.31783,9.93761
0.817062,-1.34163,9.8781
0.853958,-1.51302,9.64363
0.843246,-1.53801,9.5746
0.756363,-1.30354,9.77931
0.782547,-1.47017,9.93999
0.777786,-1.44875,9.7805
0.751602,-1.45351,9.66148
0.827774,-1.45232,9.74718
0.897995,-1.44041,9.95784
0.862289,-1.52968,9.98164
0.888474,-1.66417,9.88286
0.798019,-1.53444,9.82335
0.790878,-1.35234,9.83049
0.837296,-1.60942,9.7567
0.765884,-1.64751,9.7317
0.728989,-1.65703,9.75551
0.746841,-1.52135,9.85429
0.743271,-1.59514,9.8781
0.711136,-1.66774,9.72694
0.793259,-1.64513,9.75194
0.745651,-1.56419,9.86382
0.713516,-1.63918,9.8293
0.67305,-1.80104,9.67815
0.663528,-1.64156,9.65553
0.689712,-1.56895,9.69362
0.748032,-1.62132,9.77574
0.744461,-1.77605,9.83049
0.757553,-1.88078,9.66624
0.679001,-1.90102,9.64601
0.730179,-1.79152,9.78764
0.624252,-1.66774,9.7805
0.539749,-1.71535,9.74123
0.601639,-1.82603,9.69481
0.667099,-1.75343,9.73647
0.712326,-1.76891,9.66981
0.743271,-1.86055,9.75432
0.646866,-1.95219,9.69838
0.644486,-1.88316,9.71504
0.586166,-1.76891,9.73885
0.645676,-1.82961,9.68886
0.695663,-1.85103,9.71504
0.67543,-1.79866,9.78645
0.727798,-1.87602,9.78645
0.749222,-1.85579,9.76622
0.688522,-1.75462,9.8055
0.655197,-1.84865,9.73766
0.602829,-1.85103,9.75908
0.634964,-1.87959,9.74004
0.579025,-1.86055,9.77098
0.629013,-1.85817,9.79598
0.692093,-1.90935,9.77931
0.742081,-1.90221,9.76622
0.708755,-1.87959,9.76503
0.727798,-1.98314,9.75908
0.701614,-2.05812,9.65434
0.642105,-1.87364,9.70314
0.623062,-1.77367,9.81383
0.631393,-1.83199,9.74718
0.67305,-1.93315,9.76265
0.67543,-1.98076,9.7198
0.67067,-1.98433,9.7805
0.630203,-1.92363,9.79002
0.633774,-1.86888,9.77574
0.557602,-1.9272,9.71742
0.61116,-1.97005,9.6722
0.605209,-1.93315,9.67934
0.540939,-1.88554,9.73052
0.575455,-1.91173,9.66863
0.625443,-2.00218,9.6722
0.651627,-2.11287,9.67339
0.711136,-2.14143,9.7448
0.574264,-2.06526,9.7686
0.573074,-2.05574,9.80073
0.557602,-1.87126,9.79121
0.583786,-1.94148,9.74242
0.623062,-2.0724,9.75075
0.67305,-2.00932,9.7924
0.626633,-1.98909,9.7924
0.556412,-1.976,9.72099
0.54451,-1.93791,9.69124
0.570694,-1.97243,9.71147
0.563553,-2.00456,9.71385
0.584976,-1.98552,9.67815
0.61235,-1.85579,9.77217
0.569504,-1.80104,9.75432
0.583786,-1.97362,9.70909
0.586166,-2.02003,9.68291
0.627823,-1.92363,9.7686
0.636154,-1.96053,9.7567
0.630203,-1.9998,9.73647
0.576645,-1.96172,9.75075
0.618301,-1.92958,9.71504
0.600449,-1.89507,9.79955
0.621872,-1.88673,9.78407
0.634964,-1.9641,9.75789
0.577835,-2.01051,9.73409
0.583786,-2.05931,9.66505
0.48381,-1.96291,9.72575
0.494522,-1.94981,9.69481
0.523087,-1.98552,9.7079
0.54808,-2.06407,9.68291
0.54332,-2.04503,9.69957
0.524277,-2.02361,9.76146
0.532608,-1.98195,9.76146
0.490952,-2.02718,9.7079
0.527847,-2.05931,9.81383
0.563553,-2.0117,9.75432
0.54332,-1.94981,9.79121
0.511185,-1.98195,9.73289
0.556412,-2.09978,9.72099
0.530228,-2.08669,9.71623
0.576645,-2.04027,9.76146
0.534988,-1.99147,9.73052
0.570694,-2.04265,9.75908
0.488571,-1.97362,9.82097
0.48381,-1.98076,9.7567
0.429062,-2.07597,9.75194
0.448105,-1.98195,9.79478
0.532608,-1.97362,9.7686
0.534988,-1.9272,9.88643
0.629013,-2.04741,9.82216
0.567123,-2.11049,9.82573
0.579025,-2.10335,9.72337
0.509995,-2.03789,9.78288
0.470718,-1.95696,9.73052
0.487381,-1.92244,9.67458
0.519516,-1.97124,9.7198
0.5457,-2.04027,9.69719
0.518326,-2.05812,9.73527
0.523087,-2.05098,9.76741
0.47905,-2.01289,9.73052
0.502853,-1.98314,9.77693
0.507614,-1.95815,9.74956
0.465958,-2.04384,9.71147
0.508804,-2.08192,9.72694
0.433823,-1.95934,9.74004
0.443344,-2.11049,9.66624
0.435013,-2.0724,9.66743
0.458817,-2.08669,9.64244
0.475479,-1.96291,9.76027
0.41954,-1.94148,9.85429
0.456436,-1.99504,9.75313
0.512375,-2.07121,9.76265
0.460007,-2.08073,9.77693
0.490952,-2.12358,9.75313
0.442154,-1.99861,9.80193
0.411209,-2.03075,9.75075
0.444534,-2.02718,9.81502
0.470718,-1.97243,9.77455
0.464767,-2.07002,9.75551
0.457626,-2.04741,9.80073
0.421921,-2.01051,9.70909
0.338608,-1.98552,9.79955
0.385025,-1.88792,9.8174
0.420731,-1.97243,9.77693
0.440964,-1.85222,9.86025
0.507614,-1.85817,9.84477
0.442154,-1.82841,9.8174
0.54808,-1.67131,9.77812
0.464767,-1.35829,10.0293
0.375504,-1.0417,10.1054
0.3517,-0.952438,10.1387
0.489761,-1.51659,9.6591
0.663528,-2.75914,8.67482
0.667099,-3.61012,7.67863
0.41597,-4.12547,6.29088
0.375504,-5.1657,4.38063
0.744461,-7.16045,2.04073
0.410019,-8.86241,-0.11589
0.15889,-9.68007,-2.29869
0.220779,-9.03499,-3.98994
0.437393,-8.76363,-6.00136
0.166031,-8.84575,-7.43196
-0.401688,-9.05165,-8.0092
-0.571884,-6.88075,-8.97087
-0.532608,-4.86458,-9.3672
-0.844437,-4.33376,-9.69331
-0.73851,-4.42421,-9.83257
-0.959885,-4.04335,-9.72188
-1.17055,-3.30901,-9.41005
-0.798019,-3.15428,-9.23152
-0.623062,-3.2495,-9.77068
-0.469528,-3.47206,-9.96349
-0.445725,-3.24831,-10.4788
-0.335037,-2.97813,-10.4729
-0.465958,-3.34114,-10.2813
-0.686142,-3.58037,-9.88612
-0.743271,-3.61726,-9.65999
-0.8004,-3.95766,-9.51836
-0.769455,-4.15523,-9.58263
-0.699234,-4.58012,-9.77663
-0.605209,-5.06453,-9.98372
-0.443344,-5.32161,-10.0777
-0.324326,-6.03929,-9.47432
-0.186264,-6.53084,-9.29698
0.0148773,-7.02119,-8.42696
0.0910492,-7.31041,-7.32008
-0.0243988,-7.3116,-6.39174
0.16127,-8.10664,-5.85973
0.583786,-10.2609,-4.94447
0.238632,-10.7036,-3.90663
-0.431442,-9.08855,-2.37486
0.1577,-7.57939,-0.0301971
0.526657,-8.39229,1.22545
0.746841,-8.08284,3.05595
0.99202,-7.12712,4.57582
0.817062,-5.13594,6.08022
0.552841,-3.32686,7.51915
0.171982,-1.37614,9.22231
0.315994,-1.1512,9.26634
0.590927,-0.817947,9.87929
0.248154,-0.278793,10.3518
0.312424,-1.09526,9.71147
0.314804,-1.13573,9.63768
0.342178,-0.794144,9.64839
0.194595,-0.237137,9.75908
0.426682,-0.0705109,10.0209
0.517136,-0.268082,10.0031
0.661148,-0.496597,10.0697
1.01463,-1.05241,9.96498
0.921799,-0.557297,10.1518
0.858719,-0.597763,10.0269
1.05986,-1.01195,9.99474
0.965836,-1.0298,10.034
0.870621,-1.06313,10.015
0.831345,-0.914352,9.98879
0.874191,-0.865555,9.9876
0.947983,-0.971481,10.0031
0.894424,-1.22737,9.87572
0.903946,-1.30473,9.78526
0.897995,-1.08812,9.92928
0.942032,-0.914352,9.95903
0.855148,-1.19167,9.95308
0.887283,-1.38329,9.98164
0.93251,-1.55824,9.85905
0.751602,-1.25475,9.90071
0.687332,-1.02623,9.8412
0.695663,-1.25356,9.73289
0.727798,-1.41661,9.76979
0.757553,-1.53563,9.75075
0.67662,-1.39995,9.72813
0.661148,-1.27974,9.79836
0.726608,-1.57014,9.59721
0.781357,-1.62846,9.59126
0.677811,-1.3821,9.70671
0.600449,-1.31544,9.77098
0.657578,-1.48802,9.64601
0.658768,-1.54634,9.62816
0.639725,-1.54039,9.65553
0.629013,-1.5511,9.6841
0.688522,-1.57729,9.71385
0.692093,-1.47612,9.80431
0.690903,-1.48921,9.79598
0.708755,-1.55467,9.88762
0.664719,-1.49278,9.89119
0.637344,-1.4059,9.92213
0.659958,-1.54872,9.83644
0.654007,-1.49278,9.88762
0.656387,-1.40233,9.89357
0.719467,-1.56419,9.86858
0.677811,-1.58562,9.83049
0.684952,-1.53563,9.74004
0.705185,-1.4178,9.89357
0.683762,-1.39281,9.75432
0.638535,-1.51302,9.78526
0.6064,-1.57729,9.70671
0.682571,-1.57133,9.73885
0.623062,-1.36186,9.73289
0.632584,-1.47493,9.76384
0.667099,-1.53444,9.79716
0.705185,-1.66774,9.78764
0.708755,-1.59514,9.80073
0.67067,-1.47969,9.77455
0.701614,-1.57967,9.77693
0.679001,-1.59871,9.82811
0.619492,-1.49516,9.86382
0.638535,-1.55586,9.79598
0.602829,-1.50111,9.77098
0.683762,-1.66774,9.79121
0.708755,-1.60942,9.78526
0.713516,-1.52135,9.86501
0.730179,-1.50945,9.8412
0.652817,-1.54753,9.85905
0.683762,-1.69511,9.68767
0.586166,-1.5761,9.74718
0.6064,-1.4547,9.76146
0.646866,-1.53206,9.75075
0.60997,-1.51778,9.82692
0.638535,-1.64156,9.78645
0.724228,-1.75938,9.79359
0.626633,-1.6606,9.88405
0.563553,-1.62965,9.8662
0.590927,-1.5999,9.82097
0.565933,-1.59871,9.83168
0.569504,-1.67726,9.77931
0.573074,-1.77605,9.78645
0.631393,-1.79747,9.75313
0.596878,-1.7094,9.82335
0.573074,-1.72606,9.78169
0.554031,-1.69987,9.80788
0.501663,-1.59633,9.80669
0.583786,-1.68083,9.81383
0.617111,-1.56895,9.85667
0.594498,-1.57014,9.83644
0.540939,-1.68916,9.70433
0.519516,-1.69511,9.77455
0.554031,-1.53682,9.81621
0.557602,-1.66893,9.7317
0.552841,-1.77605,9.72456
0.565933,-1.88792,9.64958
0.552841,-1.74391,9.75313
0.502853,-1.63322,9.80193
0.530228,-1.66179,9.80788
0.583786,-1.64989,9.7686
0.586166,-1.69749,9.69005
0.488571,-1.72487,9.66863
0.562363,-1.83794,9.62935
0.627823,-1.76653,9.74837
0.6064,-1.6725,9.79002
0.633774,-1.73558,9.74242
0.626633,-1.68797,9.80431
0.630203,-1.67607,9.83525
0.602829,-1.64394,9.89952
0.599258,-1.70821,9.87096
0.554031,-1.76653,9.8174
0.576645,-1.71297,9.87572
0.568314,-1.6963,9.80669
0.559982,-1.73558,9.77693
0.488571,-1.68321,9.81383
0.509995,-1.73915,9.77217
0.561172,-1.7332,9.69838
0.505234,-1.76176,9.77931
0.533798,-1.7213,9.7567
0.529038,-1.73201,9.77812
0.532608,-1.80461,9.77931
0.540939,-1.81532,9.69124
0.537369,-1.81294,9.75432
0.494522,-1.757,9.72337
0.536179,-1.68202,9.77812
0.495712,-1.64394,9.85786
0.488571,-1.74034,9.75194
0.529038,-1.90102,9.66029
0.498093,-1.75462,9.72932
0.551651,-1.69273,9.80073
0.505234,-1.82484,9.8055
0.48262,-1.91054,9.73409
0.463577,-1.7939,9.73527
0.515945,-1.67845,9.81502
0.538559,-1.77248,9.77931
0.5457,-1.90697,9.7686
0.474289,-1.82246,9.76384
0.507614,-1.84746,9.78645
0.486191,-1.76891,9.7805
0.502853,-1.73558,9.74837
0.530228,-1.76414,9.78645
0.452866,-1.82365,9.76741
0.465958,-1.82961,9.77217
0.469528,-1.78319,9.72694
0.41716,-1.70107,9.76979
0.454056,-1.76534,9.82097
0.487381,-1.81056,9.73052
0.523087,-1.92244,9.74361
0.530228,-1.88554,9.70671
0.555222,-1.76534,9.77574
0.532608,-1.88911,9.75908
0.505234,-1.87007,9.79121
0.48143,-1.78914,9.75432
0.47905,-1.80818,9.74718
0.424301,-1.79033,9.80431
0.433823,-1.67131,9.85429
0.48381,-1.74034,9.86739
0.47905,-1.90697,9.87929
0.456436,-2.01289,9.77455
0.464767,-1.91411,9.86144
0.48262,-1.84984,9.86262
0.462387,-1.89626,9.89714
0.423111,-1.83437,9.85429
0.411209,-1.88792,9.84596
0.360031,-1.7701,9.83049
0.399307,-1.90935,9.78883
0.363602,-1.82246,9.80907
0.313614,-1.83794,9.83525
0.410019,-2.04146,9.70314
0.445725,-2.10811,9.8174
0.402878,-1.93077,9.8055
0.445725,-1.92244,9.8174
0.461197,-1.81056,9.89595
0.500473,-1.89268,9.86858
0.375504,-1.93791,9.81978
0.377884,-1.86412,9.81026
0.373123,-1.98671,9.79716
0.298141,-1.98671,9.75194
0.187454,-1.84032,9.80431
0.252914,-1.95576,9.82097
0.298141,-2.05812,9.74599
0.302902,-1.94029,9.7805
0.41835,-1.99861,9.77336
0.448105,-1.96172,9.77336
0.389786,-1.97362,9.74242
0.335037,-2.00218,9.60674
0.340988,-2.02837,9.56984
0.296951,-1.976,9.60197
0.216019,-2.01289,9.5139
0.245773,-2.12001,9.7567
0.230301,-1.93791,9.78288
0.231491,-1.951,9.72694
0.207687,-1.9391,9.80907
0.241013,-1.85817,9.84953
0.217209,-1.83556,9.83049
0.196976,-1.88078,9.77217
0.100571,-2.04265,9.69838
0.16008,-2.16405,9.65791
0.131516,-2.07597,9.69243
0.199356,-2.07716,9.66624
0.182693,-1.96886,9.73766
0.193405,-1.85341,9.70433
0.194595,-1.93077,9.71147
0.183884,-1.94862,9.8781
0.185074,-2.01051,9.84834
0.145798,-2.05217,9.77812
0.113663,-2.04622,9.78169
0.123184,-1.94981,9.74361
-0.0148773,-1.78795,9.83525
-0.0196381,-1.90935,9.8055
-0.0672455,-2.00932,9.67339
-0.0684357,-1.99385,9.72337
-0.0529633,-2.00337,9.62935
-0.0172577,-1.98671,9.72337
0.0672455,-2.04622,9.73766
0.199356,-2.12834,9.71385
0.192215,-2.08073,9.66624
0.152939,-2.05574,9.64244
0.0815277,-1.94029,9.59364
0.164841,-1.97362,9.44963
0.121994,-1.97719,9.29848
0.0934296,-1.92482,9.06877
0.132706,-1.79866,8.91405
0.181503,-1.73201,8.65935
0.362411,-1.81175,8.24278
0.498093,-1.70345,7.79765
0.655197,-1.44041,7.41084
0.946793,-1.42851,6.97881
1.286,-1.87007,6.72173
1.39192,-1.57372,6.74553
1.62044,-1.18452,6.78123
2.15245,-1.23213,6.70149
2.74635,-1.60942,6.63722
3.18434,-2.08788,6.77647
3.88893,-2.36638,7.13353
4.66969,-2.44136,6.99904
5.08983,-2.145,7.07997
5.28383,-1.69392,7.05498
5.63374,-1.37376,7.02284
6.02531,-0.908401,7.31325
6.76085,-1.11549,7.91429
7.03935,-0.737015,7.61317
7.3976,-0.420425,7.44417
8.22478,-0.919113,7.69292
8.84605,-1.40352,6.98476
8.97935,-0.986954,7.08235
9.3745,0.0496979,6.68364
9.94341,-0.146683,6.69911
10.4123,-1.21904,6.55629
10.4647,-1.31544,6.16472
10.9027,-1.34996,5.66722
10.723,-1.33449,5.20424
10.4433,-0.820328,5.21138
10.3302,-0.0978851,5.10902
10.3933,-0.327591,4.32112
10.0493,-0.688217,3.85219
9.90889,-0.501358,3.54512
10.0089,0.0675507,3.16307
9.72322,0.487686,2.98573
9.3138,0.024704,2.67033
9.40187,-0.316879,2.42873
9.57207,-0.180008,2.53703
9.7375,-0.0645599,2.63225
9.89104,-0.0407562,2.48347
9.90175,-0.120499,2.58702
9.98149,-0.396622,2.52394
9.91246,-0.222855,2.45848
9.89699,-0.162155,2.72508
9.66966,0.240128,2.68581
9.61848,0.0842133,2.64177
9.69347,-0.358536,2.90599
9.71013,-0.200241,3.54155
10.141,-0.100265,3.93312
10.523,-0.0205231,4.33421
10.723,-0.252609,4.22829
10.5016,-0.077652,4.14854
10.2493,0.0520782,4.52345
10.2064,-0.527542,4.53297
10.3076,-0.810806,4.65199
10.4207,-0.401382,4.88051
10.6742,-0.490646,5.02928
10.4433,-0.622757,5.18282
10.1398,-1.25951,5.06856
9.93864,-1.45232,5.18639
9.77083,-1.34996,5.19115
9.50899,-0.916733,5.59224
9.18407,-1.10597,5.75887
8.66753,-1.976,5.72197
8.3676,-2.30925,5.93858
6.66444,-2.53777,6.8705
6.54066,-2.87221,7.23351
6.12172,-2.21761,7.38347
5.53853,-1.69273,7.61198
5.00533,-1.9391,7.67268
4.57091,-2.35448,8.12257
4.11031,-2.53419,8.11067
3.86275,-2.54253,8.07021
3.38548,-2.27473,7.91191
2.65233,-1.45351,7.76433
1.95488,-1.45946,7.6953
1.30623,-2.08788,7.25612
0.971786,-2.44731,7.23589
0.725418,-1.96291,7.04784
0.587357,-1.75938,7.10377
0.446915,-1.88197,7.20613
0.456436,-2.26997,7.40727
0.264816,-2.01527,7.54414
0.136276,-1.47374,7.68578
0.0315399,-1.42137,8.01546
0.119614,-1.79152,8.17256
0.385025,-2.21523,8.56889
0.437393,-1.96053,9.00331
0.465958,-2.17952,9.2592
0.561172,-2.73415,9.25444
0.550461,-2.82222,9.41512
0.469528,-2.71867,9.37108
0.407639,-2.67226,9.36632
0.573074,-2.2914,9.56627
0.67305,-2.37233,9.62459
0.713516,-2.49254,9.59364
0.745651,-2.29497,9.70433
0.688522,-2.30925,9.75313
0.621872,-2.46159,9.58531
0.564743,-2.73534,9.45201
0.530228,-2.75795,9.37703
0.551651,-2.43779,9.54842
0.537369,-2.36757,9.67339
0.506424,-2.50087,9.61031
0.588547,-2.69011,9.58888
0.563553,-2.68059,9.65791
0.489761,-2.35567,9.76265
0.570694,-2.5211,9.8412
0.600449,-2.60918,9.85429
0.590927,-2.44731,9.81978
0.627823,-2.54491,9.72932
0.706375,-2.61751,9.78169
0.465958,-2.50682,9.59483
0.587357,-2.55562,9.65077
0.467148,-2.46278,9.70076
0.501663,-2.42708,9.74837
0.575455,-2.44374,9.69243
0.626633,-2.6425,9.62816
0.540939,-2.26997,9.69838
0.556412,-2.22237,9.74718
0.470718,-2.33186,9.60554
0.432632,-2.38066,9.56627
0.527847,-2.41399,9.51271
0.549271,-2.27473,9.57222
0.538559,-2.12596,9.69719
0.495712,-2.16167,9.68886
0.437393,-2.23308,9.77455
0.380264,-2.61513,9.58769
0.373123,-2.74129,9.67934
0.48143,-2.47469,9.85191
0.41954,-2.47469,9.90547
0.376694,-2.53181,9.81502
0.356461,-2.54967,9.7317
0.285049,-2.40923,9.74004
0.365982,-2.30568,9.81026
0.35051,-2.28307,9.77931
0.269577,-2.339,9.79598
0.313614,-2.51158,9.76622
0.315994,-2.37352,9.77812
0.349319,-2.38185,9.65791
0.362411,-2.31282,9.69481
0.41954,-2.36995,9.79359
0.407639,-2.47826,9.91261
0.599258,-2.65321,9.89357
0.520706,-2.47826,9.86501
0.41716,-2.30806,9.85905
0.293381,-2.33186,9.75789
0.313614,-2.49135,9.71861
0.245773,-2.54134,9.5389
0.136276,-2.40446,9.60674
0.0743866,-2.4128,9.52342
0.126755,-2.3997,9.57698
0.243393,-2.39256,9.60792
0.295761,-2.38542,9.64125
0.22554,-2.29735,9.70314
0.207687,-2.42113,9.6115
0.283859,-2.39137,9.64482
0.218399,-2.25688,9.61269
0.0910492,-2.37947,9.41631
0.0136871,-2.28902,9.37346
0.0434418,-2.33305,9.41631
0.089859,-2.28902,9.44844
-0.0458221,-2.77937,9.62816
-0.0589142,-2.74367,9.56746
-0.0124969,-2.59251,9.5627
-0.0541534,-2.49135,9.54723
-0.0553436,-2.4128,9.56389
-0.125565,-2.43065,9.63292
-0.135086,-2.55681,9.6115
-0.206497,-2.5092,9.59602
-0.327896,-2.60204,9.58174
-0.310043,-2.61751,9.64482
-0.28862,-2.48064,9.74361
-0.230301,-2.48778,9.89
-0.232681,-2.46516,9.9019
-0.266006,-2.52348,9.82454
-0.218399,-2.50087,9.79478
-0.208878,-2.57228,9.7198
-0.168411,-2.52586,9.8293
-0.181503,-2.3997,9.73885
-0.169601,-2.39375,9.72694
-0.107712,-2.42232,9.64958
-0.0505829,-2.43541,9.58174
-0.0660553,-2.36043,9.45677
-0.135086,-2.21046,9.33061
-0.22554,-2.24855,9.3806
-0.313614,-2.38542,9.30443
-0.218399,-2.46397,9.30443
-0.0672455,-2.4485,9.47343
0.00297546,-2.39494,9.4532
-0.057724,-2.43779,9.45558
-0.0351105,-2.48659,9.35561
-0.00654602,-2.39613,9.42583
0.0815277,-2.51634,9.46391
0.170792,-2.57109,9.54842
0.254105,-2.56752,9.60674
0.210068,-2.31044,9.77217
0.311234,-2.47588,9.82692
0.452866,-2.558,9.89714
0.554031,-2.35686,9.86739
0.6064,-2.26759,9.86858
0.515945,-2.26402,9.83882
0.490952,-2.50206,9.64244
0.475479,-2.63536,9.54961
0.523087,-2.51515,9.56627
0.485001,-2.44731,9.53056
0.468338,-2.55324,9.54128
0.529038,-2.52586,9.53294
0.637344,-2.61751,9.60078
0.664719,-2.49135,9.5627
0.632584,-2.34853,9.72575
0.790878,-2.4366,9.8174
0.86586,-2.51515,9.84358
0.871811,-2.4735,9.92928
0.832535,-2.24141,9.92213
0.813492,-2.25212,9.93404
0.840866,-2.52824,9.8662
0.861099,-2.38423,9.91142
0.824203,-2.145,9.96617
0.813492,-2.09978,9.95903
0.893234,-2.22951,9.84239
0.895615,-2.18071,9.72456
0.86467,-2.22951,9.64244
0.773026,-2.25926,9.51509
0.818253,-2.34138,9.52699
0.830154,-2.29973,9.38655
0.790878,-2.20094,9.44963
0.784927,-2.23546,9.52342
0.755173,-2.27354,9.50914
0.793259,-2.34615,9.51152
0.849197,-2.35329,9.52699
0.961075,-2.23427,9.59483
