0.897995,0.812607,9.96855
0.878952,0.876877,9.86144
0.859909,0.867355,9.81621
0.845627,0.874496,9.80669
0.824203,0.891159,9.82097
0.855148,0.874496,9.85429
0.855148,0.817368,9.76622
0.814682,0.843552,9.74718
0.848007,0.855453,9.83525
0.852768,0.826889,9.7924
0.748032,0.817368,9.6353
0.683762,0.760239,9.70433
0.752792,0.748337,9.71861
0.836105,0.719772,9.76622
0.869431,0.710251,9.80431
0.795639,0.738815,9.82811
0.788498,0.798325,9.80431
0.809921,0.76738,9.85191
0.859909,0.70787,9.81145
0.862289,0.70549,9.94951
0.86467,0.612656,9.85429
0.824203,0.64122,9.83049
0.795639,0.679306,9.77812
0.812302,0.757858,9.84953
0.850388,0.729294,9.80669
0.824203,0.753098,9.7686
0.793259,0.76976,9.75194
0.740891,0.826889,9.73052
0.755173,0.810226,9.73289
0.807541,0.807846,9.79002
0.755173,0.734055,9.81621
0.8004,0.824509,9.74004
0.783737,0.860214,9.82097
0.783737,0.886398,9.82335
0.812302,0.919724,9.7567
0.764694,0.838791,9.74242
0.840866,0.807846,9.75194
0.814682,0.879257,9.78288
0.740891,0.881638,9.77574
0.712326,0.864975,9.71385
0.731369,0.89592,9.75908
0.745651,0.788803,9.80907
0.759934,0.869736,9.72575
0.786118,0.83641,9.77336
0.73851,0.822128,9.78526
0.743271,0.772141,9.77574
0.86467,0.748337,9.75194
0.776596,0.738815,9.83525
0.833725,0.738815,9.77574
0.776596,0.779282,9.77574
0.748032,0.764999,9.71147
0.695663,0.722153,9.76146
0.752792,0.70549,9.74956
0.693283,0.738815,9.76384
0.709946,0.70549,9.72099
0.695663,0.693588,9.70671
0.728989,0.710251,9.67815
0.726608,0.757858,9.75432
0.743271,0.750717,9.84477
0.809921,0.712631,9.86144
0.828964,0.726913,9.81621
0.776596,0.743576,9.78288
0.767075,0.755478,9.80193
0.73851,0.726913,9.77812
0.752792,0.715012,9.7686
0.686142,0.6436,9.7686
0.67186,0.686447,9.7805
0.683762,0.662643,9.80669
0.698044,0.667404,9.80669
0.707565,0.743576,9.77336
0.724228,0.760239,9.7448
0.726608,0.793564,9.74004
0.752792,0.712631,9.71623
0.786118,0.660263,9.77098
0.740891,0.645981,9.78288
0.726608,0.729294,9.73527
0.8004,0.665024,9.79002
0.798019,0.729294,9.81621
0.817062,0.686447,9.77336
0.845627,0.748337,9.75194
0.783737,0.83403,9.62102
0.80278,0.791184,9.64482
0.826584,0.881638,9.65672
0.862289,0.888779,9.75194
0.912277,0.850693,9.82097
0.93132,0.886398,9.75908
0.881332,0.922104,9.77574
0.926559,0.884018,9.75194
0.92894,0.855453,9.73766
0.869431,0.934006,9.7805
0.826584,0.912582,9.9019
0.862289,0.926865,9.81145
0.859909,0.905441,9.86858
0.883713,0.936386,9.74956
0.843246,0.864975,9.7567
0.848007,0.886398,9.72337
0.855148,0.812607,9.83525
0.893234,0.886398,9.79716
0.86467,0.841171,9.83525
0.8004,0.819748,9.82573
0.771835,0.726913,9.73527
0.73613,0.83403,9.72337
0.783737,0.757858,9.83049
0.845627,0.738815,9.76146
0.862289,0.710251,9.85667
0.919418,0.657883,9.79002
0.876572,0.686447,9.78526
0.871811,0.679306,9.80669
0.852768,0.717392,9.82335
0.833725,0.667404,9.82097
0.857529,0.686447,9.82573
0.869431,0.684067,9.88762
0.871811,0.679306,9.78288
0.917038,0.724533,9.89714
0.926559,0.688828,9.81145
0.93132,0.700729,9.84715
0.940842,0.686447,9.87096
0.947983,0.70787,9.81621
0.924179,0.70311,9.90666
0.986069,0.748337,9.88286
0.969406,0.712631,9.75194
0.947983,0.686447,9.71623
0.893234,0.691208,9.72337
0.92894,0.764999,9.76622
0.93132,0.760239,9.74004
0.924179,0.757858,9.71147
0.921799,0.745956,9.72575
0.936081,0.698349,9.74004
0.888474,0.660263,9.77812
0.936081,0.650742,9.72099
0.936081,0.795944,9.65196
0.952744,0.781662,9.72337
0.921799,0.781662,9.66386
0.964645,0.795944,9.73289
0.926559,0.743576,9.73766
0.897995,0.745956,9.69719
0.92894,0.679306,9.76622
0.945602,0.681686,9.81859
0.976547,0.655502,9.89952
0.964645,0.717392,9.84477
1.00749,0.788803,9.84477
0.971786,0.798325,9.82811
0.936081,0.791184,9.89952
0.997971,0.736435,9.85905
1.02653,0.741196,9.9019
0.962265,0.807846,9.73766
0.978928,0.788803,9.90904
0.959885,0.762619,9.87334
0.990829,0.784042,9.88286
0.955124,0.764999,9.71385
0.850388,0.784042,9.79716
0.86467,0.814987,9.74242
0.902756,0.724533,9.79716
0.890854,0.717392,9.79478
0.967026,0.736435,9.81145
0.92894,0.745956,9.77098
0.952744,0.734055,9.84001
0.933701,0.700729,9.90666
0.876572,0.753098,9.81859
0.883713,0.729294,9.76146
0.8004,0.879257,9.64006
0.764694,0.914963,9.64482
0.726608,0.948288,9.61388
0.690903,0.793564,9.58769
0.652817,0.738815,9.5139
0.664719,0.753098,9.55675
0.688522,0.819748,9.75908
0.73851,0.803085,9.78526
0.709946,0.819748,9.75432
0.733749,0.917343,9.57341
1.04082,0.593613,9.60912
1.38597,0.774521,9.98521
1.29314,0.760239,9.91856
1.18602,0.876877,9.80431
1.15746,0.89592,9.84001
1.07176,0.822128,9.84001
1.067,0.724533,9.98521
1.14079,0.629318,10.0138
1.23601,0.519821,10.0352
1.30742,0.607895,9.90428
0.298141,0.388901,9.62102
0.495712,0.524582,9.80907
0.60997,0.522202,9.77574
0.536179,0.484116,9.81621
0.329086,0.365097,9.82811
0.150558,0.403183,9.71385
0.133896,0.310349,9.71385
0.119614,0.315109,9.64244
0.100571,0.336533,9.53056
0.100571,0.462692,9
1.08604,0.350815,9.84239
1.17412,0.38652,9.93523
1.26933,0.396042,10.0447
1.31932,0.355576,9.98283
1.25505,0.234177,9.98283
1.12651,0.248459,9.91142
0.969406,0.303207,9.78526
0.840866,0.246078,9.74004
0.840866,0.267502,9.6115
0.814682,0.388901,9.58769
0.845627,0.493637,9.52342
0.783737,0.51506,9.54008
0.795639,0.479355,9.56627
0.843246,0.491257,9.56627
0.886093,0.5103,9.6472
1.00987,0.441269,9.71147
1.11937,0.472214,9.83049
1.16222,0.51506,9.81383
1.21458,0.591232,9.69005
1.15269,0.586472,9.69243
1.13365,0.603134,9.68529
1.16698,0.569809,9.66386
1.12651,0.600754,9.70195
1.10985,0.634079,9.69481
1.10033,0.636459,9.671
1.09557,0.588852,9.54008
1.09319,0.550766,9.52342
1.09557,0.555527,9.56627
1.16698,0.44841,9.57579
1.20744,0.429367,9.5258
1.17888,0.565048,9.77336
1.19554,0.565048,9.82811
1.31456,0.526962,9.88286
1.27885,0.588852,9.89714
1.21696,0.57695,9.92094
1.20982,0.526962,9.96855
1.27647,0.479355,9.97807
1.27885,0.51268,9.92808
1.25505,0.538864,9.95665
1.22649,0.557907,9.92333
1.12413,0.531723,9.92333
1.09081,0.543625,9.84239
1.07652,0.493637,9.81145
1.10033,0.519821,9.78764
1.01463,0.51506,9.67815
1.06938,0.465073,9.7686
1.0789,0.472214,9.75908
1.19078,0.434128,9.80193
1.17412,0.419846,9.78526
1.23125,0.331772,9.80669
1.23839,0.419846,9.83525
1.14793,0.5103,9.73052
1.09557,0.496017,9.68053
1.10033,0.429367,9.79716
1.12651,0.31987,9.83287
1.15508,0.227036,9.73052
1.0313,0.38414,9.71147
1.08842,0.288925,9.6591
1.14079,0.355576,9.72575
1.22173,0.407944,9.74004
1.10271,0.498398,9.79955
1.10985,0.562668,9.87096
1.15746,0.531723,9.88524
1.15508,0.541245,9.90666
1.19316,0.51268,9.95427
1.18364,0.429367,9.91142
1.21696,0.38176,9.9019
1.21935,0.410324,9.89714
1.25743,0.481735,9.96617
1.20982,0.581711,9.89952
1.15508,0.560288,9.97093
1.15984,0.496017,9.94237
1.14555,0.481735,9.87096
1.17412,0.400803,9.97331
1.18602,0.222275,9.97093
1.25505,0.2556,10.0114
1.16936,0.774521,10.4946
1.19316,0.872116,10.4946
1.1765,0.879257,10.516
1.12889,0.817368,10.5541
1.08604,0.845932,10.4899
1.09557,0.803085,10.5827
1.12175,0.957809,10.6565
1.08366,1.11491,10.7422
1.09557,1.12682,10.9136
1.17888,1.17442,11.2016
1.36217,1.13634,11.4063
1.51927,1.0554,11.5206
1.54784,0.8983,11.3849
1.42644,0.712631,11.4848
1.32408,0.76976,11.6872
1.4312,0.829269,11.8014
1.55736,0.884018,12.0085
1.66924,0.83165,12.0442
1.85014,0.622177,12.3894
2.03581,0.315109,12.6798
-0.113663,-0.327591,10.7088
-0.689712,-0.310928,10.5732
-1.08961,-0.265701,10.2947
-1.32289,-0.382339,10.0804
-1.49428,-0.344254,9.64958
-1.80611,-0.19429,9.20207
-2.23457,0.0604095,8.66649
-2.81062,0.431747,8.00475
-3.48665,0.672165,7.55009
-3.95796,0.645981,7.58342
-4.26979,0.507919,7.47154
-4.49116,0.238937,7.29063
-4.52211,0.136581,7.00737
-4.62923,0.307968,6.69078
-4.78871,0.507919,6.179
-5.11006,0.598373,6.00761
-5.39333,0.698349,5.68626
-5.67659,0.89592,5.48869
-5.83608,0.993515,5.15068
-6.07411,1.10063,5.00072
-6.98103,0.922104,4.20091
-7.20241,0.89592,4.3723
-7.37141,0.784042,4.27946
-7.58089,0.598373,4.60081
-7.60231,0.498398,4.64366
-7.57851,0.476975,4.82933
-7.58565,0.591232,5.12688
-7.57137,0.712631,5.05309
-7.6404,0.910202,4.77696
-7.95699,1.16252,4.68175
-8.10695,1.153,4.27232
-8.12837,1.36961,3.7653
-8.44734,1.19585,3.87004
-8.53542,1.37914,3.04167
-8.76869,1.43864,2.91789
-8.9139,1.53624,2.856
-8.99245,1.68382,2.52275
-9.13765,1.82188,2.5894
-9.17336,2.04802,2.24663
-9.35188,2.12419,2.07524
-10.4469,2.93352,-0.093277
-10.3445,2.91685,-0.0242462
-10.2088,2.8502,-0.00520325
-10.085,2.62883,0.263779
-10.0541,2.4384,0.218552
-9.94698,2.36699,0.254257
-9.86842,2.21226,0.301865
-9.89699,2.25749,0.280441
-9.86366,2.14799,0.378036
-9.76845,2.11943,0.577988
-9.67323,1.9409,0.523239
-9.73988,1.83141,0.344711
-9.8351,1.69096,0.113815
-9.7018,1.57909,0.0376434
-9.74703,1.45769,0.339951
-9.74703,1.5172,0.668442
-9.60658,1.6505,1.0255
-9.37093,1.79094,1.34923
-9.21144,1.66954,1.54204
-8.9496,1.59575,1.64677
-7.87605,1.53148,4.408
-7.71657,1.41008,4.82219
-7.58089,1.36961,4.97215
-7.59041,1.1768,4.76268
-7.64754,0.907822,4.75078
-7.59755,0.710251,5.05547
-7.30952,0.562668,5.50059
-6.89296,0.500778,5.83861
-6.65492,0.788803,6.17186
-6.3669,1.18871,6.12425
-6.25026,1.30534,6.1433
-6.2455,1.09111,6.18376
-6.21455,0.893539,7.0526
-5.75276,0.788803,8.16423
-5.14577,0.622177,8.26897
-4.92439,0.44841,8.05235
-4.86488,0.136581,7.82622
-5.03627,0.0651703,7.4287
-5.31239,0.474594,7.09544
-5.32668,1.07921,7.0407
-3.12007,0.462692,9.59483
-2.74397,0.526962,9.94713
-2.39168,0.415085,10.1875
-2.08699,0.388901,10.5065
-2.00844,0.186569,10.6327
-1.94893,-0.0181427,10.6874
-2.05367,0.0270844,10.7065
-2.1703,0.315109,10.3708
-2.13936,0.64122,10.4494
-1.99178,0.807846,10.4613
-1.72279,0.784042,10.4637
-1.50142,0.517441,10.4922
-1.43001,0.51506,10.3708
-1.50142,0.695969,10.2756
-1.69661,0.665024,10.2994
-1.70613,0.584091,10.2875
-1.67995,0.531723,10.2423
-1.6133,0.548386,10.2185
-1.4919,0.526962,10.3351
-1.34193,0.434128,10.3708
-1.29195,0.407944,10.3851
-1.22054,0.591232,10.4708
-1.10628,0.693588,10.547
-1.14436,0.798325,10.3327
-1.22768,1.02446,10.1542
-1.15865,0.943527,10.1114
-1.09438,0.905441,10.0828
-1.04677,0.793564,9.97331
-0.944412,0.619797,10.009
-0.870621,0.529343,10.0733
1.01701,0.586472,10.5732
1.0432,0.619797,10.6041
0.976547,0.748337,10.7255
0.890854,0.810226,10.6232
0.828964,0.824509,10.4732
0.876572,0.862595,10.4827
1.00035,0.743576,10.4803
1.0313,0.76738,10.4922
1.06462,0.805466,10.4922
0.947983,0.810226,10.447
0.828964,0.791184,10.3637
0.679001,0.717392,10.3256
0.531418,0.719772,10.1637
0.469528,0.798325,9.98045
0.412399,0.786423,9.93523
0.317184,0.843552,9.92094
0.319565,0.757858,9.88048
0.293381,0.655502,9.94951
0.433823,0.624557,9.93999
0.598068,0.562668,9.98045
1.01701,0.334152,9.97807
0.971786,0.484116,10.0043
0.943222,0.562668,9.91142
0.795639,0.619797,9.79955
0.652817,0.595993,9.69005
0.636154,0.57695,9.70909
0.61235,0.562668,9.74242
0.762314,0.612656,9.67339
0.883713,0.572189,9.57817
0.817062,0.595993,9.54008
0.783737,0.565048,9.48772
0.764694,0.412704,9.5377
0.776596,0.341293,9.59007
0.80516,0.462692,9.61626
0.874191,0.584091,9.66148
0.909897,0.667404,9.77098
0.826584,0.717392,9.78526
0.869431,0.491257,9.78288
0.871811,0.362717,9.66863
0.855148,0.376999,9.73527
0.852768,0.488876,9.80193
0.850388,0.565048,9.70433
0.793259,0.550766,9.73527
0.771835,0.526962,9.84001
0.740891,0.536484,9.78288
0.709946,0.698349,9.80907
0.667099,0.722153,9.82097
0.683762,0.674545,9.80669
0.617111,0.619797,9.73289
0.602829,0.550766,9.60435
0.61235,0.429367,9.6234
0.757553,0.372238,9.61388
0.840866,0.493637,9.62816
0.895615,0.467453,9.70433
0.914658,0.519821,9.7448
0.828964,0.567429,9.68053
0.783737,0.400803,9.7924
0.833725,0.174667,9.81145
0.990829,0.141342,9.95427
1.09081,0.229416,10.0328
1.19554,0.31987,10.0852
1.24077,0.281784,10.1114
1.24315,0.315109,10.1661
1.17174,0.260361,9.93047
1.13603,0.338913,9.9019
1.16222,0.31987,9.88048
1.18126,0.336533,9.93999
1.1765,0.407944,9.85667
1.1884,0.465073,9.80907
1.23125,0.434128,9.76146
1.26695,0.424606,9.71861
1.28123,0.457932,9.76146
1.31456,0.519821,9.67577
1.25981,0.45079,9.68767
1.06938,0.269882,9.59721
1.02415,0.184189,9.58531
1.04796,0.312729,9.71147
1.20744,0.543625,9.8662
1.30504,0.726913,9.75908
1.26933,0.669785,9.7924
1.07652,0.481735,9.78288
1.11223,0.57457,9.73527
1.11699,0.565048,9.70433
1.15508,0.57933,9.73289
1.17888,0.553146,9.75432
1.15508,0.560288,9.72099
1.12889,0.44603,9.66148
1.11223,0.348434,9.73289
1.23839,0.265121,9.75432
1.36931,0.260361,9.77812
1.455,0.353195,9.70433
1.38835,0.329391,9.70909
1.21935,0.343674,9.62578
1.15984,0.315109,9.58769
1.14079,0.310349,9.6591
1.23125,0.300827,9.73527
1.35027,0.31749,9.70195
1.39311,0.372238,9.79716
1.39787,0.300827,9.81859
1.41216,0.277023,9.83763
1.38359,0.279404,9.86144
1.30742,0.267502,9.79955
1.28362,0.312729,9.84001
1.30028,0.31987,9.82573
1.32646,0.348434,9.79716
1.41692,0.481735,9.83049
1.36693,0.572189,9.82573
1.34789,0.534103,9.80907
1.31932,0.44603,9.74718
1.36217,0.5103,9.84001
1.32408,0.586472,9.78764
1.28838,0.57933,9.81859
1.27885,0.434128,9.73766
1.33122,0.355576,9.72813
1.30266,0.38176,9.72813
1.29076,0.553146,9.7924
1.20744,0.631699,9.78288
1.21935,0.724533,9.74956
1.23125,0.726913,9.80431
1.32884,0.660263,9.75432
1.34789,0.629318,9.77336
1.31932,0.645981,9.78288
1.28362,0.598373,9.74004
1.25267,0.524582,9.71147
1.24553,0.443649,9.74718
1.25743,0.453171,9.73766
1.33122,0.519821,9.79716
1.3455,0.584091,9.81145
1.34312,0.581711,9.84001
1.35265,0.465073,9.84001
1.27885,0.424606,9.82573
1.27647,0.38414,9.83763
1.32884,0.431747,9.89
1.43358,0.429367,9.7567
1.44786,0.410324,9.73766
1.37645,0.457932,9.74718
1.28362,0.57457,9.70433
1.22411,0.591232,9.71385
1.20744,0.522202,9.68053
1.29552,0.443649,9.64482
1.43596,0.481735,9.75194
1.43358,0.598373,9.7567
1.46452,0.672165,9.72575
1.4669,0.645981,9.69719
1.45024,0.465073,9.72337
1.44786,0.291306,9.72337
1.40739,0.400803,9.59483
1.3098,0.496017,9.671
1.31456,0.488876,9.69719
1.3455,0.496017,9.59959
1.39787,0.498398,9.64482
1.38121,0.517441,9.6472
1.30266,0.474594,9.56151
1.21935,0.44841,9.51152
1.16936,0.486496,9.50438
1.23125,0.526962,9.47819
1.29076,0.636459,9.50438
1.29076,0.688828,9.50676
1.28838,0.593613,9.45915
1.25743,0.591232,9.42107
1.41692,0.45079,9.57817
1.48595,0.398422,9.671
1.62163,0.388901,9.69957
1.56688,0.331772,9.63292
1.50261,0.305588,9.58293
1.44072,0.200851,9.49248
1.45976,0.184189,9.49962
1.47881,0.25322,9.42345
1.5645,0.207993,9.3925
1.50023,0.0675507,9.37346
1.48833,0.0770721,9.39726
1.51213,0.119919,9.32823
1.45024,0.222275,9.29015
1.52403,0.181808,9.34727
1.53355,0.177048,9.18779
1.57164,0.136581,9.114
1.5883,-0.0467072,9.00212
1.62401,-0.156204,8.95451
1.7216,-0.389481,8.9926
1.89061,-0.460892,9.12828
2.78087,-0.977432,9.57103
2.89513,-0.958389,9.65434
3.05937,-0.975052,9.71623
3.19267,-1.0536,9.94237
3.37834,-1.38686,10.0138
3.47118,-1.48207,10.2304
3.53069,-1.27736,10.4708
3.69969,-1.39876,10.735
3.77348,-1.35829,10.7803
3.83775,-1.48683,10.5494
3.80443,-1.77962,10.3256
3.60448,-1.82484,10.3137
3.45927,-1.8058,10.685
3.69969,-1.40352,11.2301
3.86394,-0.848892,11.6515
3.99724,-0.622757,11.68
3.86156,-0.225235,11.3896
3.65923,-0.275223,11.154
3.49974,-1.06551,10.6184
3.49736,-1.81532,10.1947
5.166,1.20061,11.8681
5.25407,1.46721,11.5824
5.13982,1.50529,11.2968
4.86369,1.42436,11.3254
4.47093,1.76476,11.7538
4.48521,2.34081,12.0966
4.49236,3.00731,12.0276
4.47331,3.58098,11.8657
4.43047,3.93565,11.5943
4.21623,4.088,11.2516
3.92345,3.88567,10.9159
3.61162,3.87852,10.8636
3.3712,4.1237,10.9588
3.39738,4.48076,10.8898
3.26646,4.86638,10.7136
2.93797,5.0211,10.6589
2.59996,4.82353,10.4327
2.33336,4.24748,10.3018
2.2191,3.96184,10.0947
2.27147,3.82616,10.0114
0.724228,4.54741,8.26897
0.445725,4.40697,8.21184
0.119614,4.25224,8.04759
-0.0684357,4.29271,7.8167
-0.251724,4.28795,7.66197
-0.404068,4.34032,7.49773
-0.513565,4.17131,7.29063
-0.582596,4.00945,7.16685
-0.577835,3.7476,7.03117
-0.577835,3.55003,6.79314
-0.67543,3.30009,6.7122
-0.775406,3.13823,6.47655
-0.844437,2.88353,6.4337
-0.953934,2.6931,6.23613
-1.08009,2.50029,6.00047
-1.30623,2.50029,5.81956
-1.67519,2.60265,5.73863
-1.91322,2.75737,5.78624
-2.11317,2.95256,5.88621
-2.17744,3.20012,5.89812
-3.38905,2.14085,5.9243
-3.55568,2.37413,6.15044
-3.52473,2.59789,6.47893
-3.28194,2.33604,6.48369
-3.13197,2.00517,6.45274
-3.24385,1.79094,6.4456
-3.35573,1.46959,6.44322
-3.62947,1.50768,6.52892
-3.8437,1.50529,6.71934
-3.73897,1.43864,6.94786
-3.36049,1.62431,7.16447
-2.79158,1.65288,7.37633
-2.46071,1.60765,7.44298
-2.55592,1.26488,7.36919
-3.00105,0.688828,7.35014
-3.49855,0.415085,7.37633
-3.61281,0.396042,7.64055
-3.31764,0.634079,7.731
-2.85823,0.781662,7.74052
-2.43929,0.388901,7.8167
-3.17482,-1.6606,8.49272
-2.94868,-1.54634,8.59508
-2.48689,-1.1869,9.04497
-2.03938,-0.913162,9.37584
-1.71803,-1.07741,9.4901
-1.82753,-1.32021,9.2592
-2.17744,-1.91054,9.2235
-2.56544,-2.31758,9.09972
-2.82491,-2.35329,9.2473
-2.75111,-1.97005,9.34966
-2.46547,-1.41542,9.67577
-2.27266,-0.77034,10.0566
-2.22267,-0.57753,10.2113
-2.37978,-0.844131,10.2375
-2.53926,-1.17262,10.1852
-2.42262,-1.2726,10.0614
-1.96083,-1.11787,10.4494
-1.57045,-0.737015,10.8374
-1.46571,-0.617996,10.9374
-1.76326,-0.8965,10.9421
-1.29433,-1.8177,10.8969
-0.825394,-1.70107,11.1016
-0.370743,-1.57014,11.273
0.0148773,-1.29402,11.2563
0.121994,-0.920303,11.3706
-0.0589142,-0.717972,11.3801
-0.477859,-0.779861,11.0683
-0.782547,-1.14406,10.9493
-0.765884,-1.1631,10.8112
-0.385025,-1.02028,10.9993
-0.0184479,-0.779861,11.1683
0.198166,-0.370438,11.204
0.260056,-0.134781,11.2516
0.171982,-0.118118,11.1135
0.0720062,-0.425186,11.0921
0.0220184,-0.789383,10.9255
0.152939,-0.991715,10.8802
0.345749,-0.632278,11.0278
0.621872,-0.501358,11.2825
0.876572,-0.358536,11.373
0.974167,0.688828,11.0897
0.955124,1.01256,11.0397
0.926559,0.998276,11.0135
0.895615,0.807846,10.7993
0.793259,0.722153,10.6136
0.902756,0.681686,10.5375
1.02415,0.595993,10.4827
1.1765,0.710251,10.3851
1.23601,0.841171,10.3208
1.15031,0.934006,10.2256
0.955124,0.96019,10.0947
0.73851,1.00542,9.95903
0.602829,0.988754,9.92808
0.707565,0.857834,9.92808
0.859909,0.872116,10.0281
1.0313,0.855453,9.96855
1.12175,0.843552,10.0376
1.04558,0.715012,9.98045
1.05272,0.407944,9.89238
0.883713,0.150864,9.93523
0.35289,-0.284744,9.90428
0.395737,-0.64418,9.81383
0.374313,-0.90126,9.72337
0.393356,-0.951248,9.84715
0.448105,-0.70845,9.82811
0.433823,-0.413284,9.84239
0.471909,-0.339493,9.8781
0.35289,-0.546585,9.72813
0.326706,-0.70845,9.60197
0.312424,-0.801285,9.67577
0.438583,-0.825089,9.65196
0.61235,-0.844131,9.63054
0.757553,-0.829849,9.67339
0.755173,-0.77272,9.72575
0.759934,-0.696548,9.80193
0.707565,-0.632278,9.81621
0.669479,-0.477554,9.91618
0.664719,-0.377579,9.90666
0.640915,-0.372818,9.95427
0.667099,-0.610855,9.93999
0.514755,-0.779861,9.85905
0.583786,-0.782242,9.87334
0.657578,-0.51564,9.9876
0.567123,-0.399002,10.059
0.521896,-0.360916,10.1518
0.41716,-0.434708,10.1328
0.476669,-0.679886,10.0447
0.576645,-0.867935,10.009
0.552841,-0.798904,10.1447
0.714706,-0.64418,10.1852
0.652817,-0.460892,10.04
0.600449,-0.394241,10.1066
0.562363,-0.363297,10.0209
0.605209,-0.422806,10.0661
0.686142,-0.3871,10.0423
0.707565,-0.38472,10.0162
0.688522,-0.501358,9.91142
0.655197,-0.725113,9.88762
0.555222,-0.775101,9.93999
0.593307,-0.663223,9.89952
0.614731,-0.491837,9.95427
0.67424,-0.489456,9.9019
0.640915,-0.522781,9.9019
0.624252,-0.679886,9.88048
0.586166,-0.808426,9.77574
0.602829,-0.779861,9.74718
0.636154,-0.622757,9.77574
0.619492,-0.548965,9.77336
0.590927,-0.489456,9.77812
0.590927,-0.482315,9.75432
0.552841,-0.51564,9.80193
0.505234,-0.548965,9.87334
0.540939,-0.667984,9.73766
0.531418,-0.660843,9.69481
0.590927,-0.741776,9.72099
0.61235,-0.696548,9.79716
0.669479,-0.57753,9.83763
0.707565,-0.546585,9.7924
0.657578,-0.494217,9.88048
0.733749,-0.489456,9.82811
0.781357,-0.498978,9.89952
0.743271,-0.491837,9.89238
0.655197,-0.446609,9.85905
0.679001,-0.527542,9.80669
0.514755,-0.613236,9.7567
0.536179,-0.627518,9.74242
0.500473,-0.551346,9.6115
0.505234,-0.589432,9.69957
0.540939,-0.617996,9.71623
0.538559,-0.684647,9.84715
0.643295,-0.625137,10.0447
0.619492,-0.610855,10.0162
0.61235,-0.498978,10.0423
0.581406,-0.401382,10.0876
0.507614,-0.534683,9.94951
0.474289,-0.691788,9.89476
0.5457,-0.679886,9.81859
0.559982,-0.506119,9.89238
0.47905,-0.318069,9.92571
0.390976,-0.325211,9.84477
0.340988,-0.475174,9.78764
0.376694,-0.470413,9.80431
0.402878,-0.534683,9.77812
0.390976,-0.596573,9.84715
0.364792,-0.634659,9.69243
0.400497,-0.684647,9.78288
0.431442,-0.544205,9.84953
0.421921,-0.463272,9.8781
0.343369,-0.401382,9.88286
0.329086,-0.370438,9.86858
0.276718,-0.349014,9.90428
0.333847,-0.32283,9.90666
0.35527,-0.444229,9.9138
0.386215,-0.534683,9.83049
0.48143,-0.634659,9.76146
0.600449,-0.734634,9.81859
0.5457,-0.696548,9.84953
0.443344,-0.546585,9.83049
0.336227,-0.484695,9.93285
0.369553,-0.465652,10.0328
0.386215,-0.432327,10.1161
0.340988,-0.527542,10.0614
0.388596,-0.520401,10.0209
0.390976,-0.558487,9.96379
0.343369,-0.534683,9.91142
0.302902,-0.558487,9.88048
0.28862,-0.570389,9.81383
0.326706,-0.503738,9.82097
0.329086,-0.463272,9.85191
0.336227,-0.410904,9.87334
0.395737,-0.413284,9.90904
0.412399,-0.306168,9.87572
0.431442,-0.377579,9.9876
0.433823,-0.3871,9.97569
0.41478,-0.420425,9.94475
0.464767,-0.537064,9.92333
0.424301,-0.51564,9.84001
0.407639,-0.487076,9.81383
0.371933,-0.399002,9.88762
0.317184,-0.51564,9.91856
0.229111,-0.422806,9.84001
0.295761,-0.456131,9.87096
0.345749,-0.244278,9.98521
0.388596,-0.165726,10.0923
0.421921,-0.232376,9.93999
0.369553,-0.325211,9.85191
0.433823,-0.410904,9.85905
0.486191,-0.396622,9.81859
0.507614,-0.422806,9.77812
0.429062,-0.446609,9.7567
0.367172,-0.415665,9.86144
0.331467,-0.370438,9.85905
0.35527,-0.375198,9.87334
0.405258,-0.284744,9.84715
0.402878,-0.19429,9.92808
0.426682,-0.156204,9.9138
0.398117,-0.25856,9.94713
0.376694,-0.301407,9.87334
0.360031,-0.498978,9.86144
0.326706,-0.663223,9.76622
0.336227,-0.25618,9.87334
0.291,-0.270462,9.79478
0.305283,-0.303787,9.76384
0.274338,-0.272842,9.87572
0.312424,-0.218094,9.86382
0.219589,-0.203812,9.82097
0.183884,-0.184769,9.85191
0.214828,-0.201431,9.99712
0.136276,-0.229996,9.98997
0.255295,-0.363297,9.9995
0.281479,-0.506119,9.96617
0.281479,-0.470413,10.0281
0.307663,-0.370438,9.96855
0.276718,-0.303787,10.0281
0.198166,-0.308548,10.009
0.217209,-0.299026,10.0209
0.307663,-0.391861,10.0376
0.367172,-0.434708,10.0542
0.41954,-0.472794,9.96617
0.41478,-0.548965,9.84239
0.152939,-0.232376,9.94475
0.169601,-0.103836,9.88524
0.0910492,-0.0895538,9.93047
0.129135,-0.182388,10.04
0.105331,-0.201431,9.92571
0.102951,-0.234756,9.92333
0.110092,-0.382339,9.9019
0.105331,-0.382339,9.87096
0.176743,-0.329971,10.0162
0.205307,-0.265701,10.1066
0.212448,-0.270462,10.0376
0.119614,-0.237137,10.0185
0.0934296,-0.332352,10.059
0.138657,-0.489456,9.97093
0.126755,-0.534683,9.96617
0.16008,-0.506119,9.90666
0.188644,-0.527542,9.8662
0.129135,-0.379959,9.86858
0.0958099,-0.301407,9.89714
0.105331,-0.165726,9.92094
0.174362,-0.356155,9.67339
0.169601,-0.213333,9.66863
0.0743866,-0.239517,9.65672
0.119614,-0.306168,9.71147
0.136276,-0.177628,9.69243
0.133896,-0.0324249,9.69957
0.145798,0.0556488,9.79955
0.207687,-0.0157623,9.82335
0.241013,-0.120499,9.84001
0.324326,-0.270462,9.86858
0.312424,-0.222855,9.79716
0.250534,-0.25618,9.86382
0.22673,-0.215714,9.89714
0.236252,-0.187149,9.83525
0.241013,-0.19429,9.83287
0.291,-0.275223,9.9019
0.217209,-0.203812,9.93047
0.191025,-0.153824,9.93523
0.252914,-0.189529,10.0114
0.231491,-0.206192,9.98283
0.257675,-0.144302,10.0971
0.312424,-0.189529,10.0947
0.367172,-0.165726,10.0185
0.364792,-0.249039,9.93523
0.314804,-0.313309,9.83763
0.371933,-0.408524,9.71861
0.379074,-0.51564,9.74242
0.376694,-0.418045,9.6591
0.383835,-0.253799,9.71385
0.336227,-0.25618,9.63768
0.317184,-0.325211,9.47343
0.28862,-0.325211,9.46867
0.312424,-0.372818,9.38536
0.298141,-0.301407,9.26634
0.241013,-0.213333,9.05687
0.212448,-0.153824,8.95213
0.183884,-0.0300446,8.76885
0.198166,-0.0181427,8.79027
0.252914,0.0223236,8.54271
0.283859,0.181808,8.38799
1.93346,-0.634659,6.47417
2.28813,-0.620377,6.5908
2.53331,-0.546585,6.56938
2.78325,-0.518021,6.76219
3.04033,-0.465652,7.06212
3.32121,-0.403763,7.16685
3.61162,-0.446609,7.35014
3.75444,-0.241898,7.37871
3.77348,-0.0181427,7.6096
4.02818,0.00328064,7.99998
7.24168,-0.822708,7.54057
7.34404,-0.760818,7.25969
7.38689,-0.170486,7.2097
7.34404,0.367477,7.35252
7.27263,0.800705,7.3311
7.39403,1.04826,7.12639
7.57732,0.8983,6.98833
7.98674,0.44603,6.85027
8.07005,0.0818329,6.67412
8.60326,-0.118118,6.45036
8.88176,-0.253799,6.29088
9.23405,-0.51326,6.20519
9.33165,-0.613236,5.93382
9.64824,-0.894119,5.87193
10.0315,-0.808426,5.69817
10.4361,-0.425186,5.67912
10.6171,0.227036,5.70769
10.5314,0.791184,5.791
10.3052,1.22203,5.79338
10.2148,1.11253,5.58153
10.3504,0.327011,3.85338
10.3338,0.488876,3.90337
10.1457,1.03874,3.85576
10.0243,1.42912,3.88194
9.98625,1.57909,3.92003
9.99815,1.26726,3.79387
10.0886,0.788803,3.73198
10.2267,0.315109,3.62248
10.3504,0.19371,3.56297
10.3052,0.350815,3.45586
10.16,0.605514,3.50346
10.0648,0.972092,3.34636
9.89104,1.11015,3.2083
9.74822,1.0554,3.11784
9.6649,0.748337,3.08214
9.64348,0.764999,2.94408
9.71727,0.622177,2.90361
9.71727,0.681686,2.89409
9.74345,0.622177,2.91075
9.80534,0.595993,2.77507
10.1648,0.655502,3.97478
10.3338,0.57695,4.02238
10.4718,0.660263,4.15569
10.5671,0.681686,4.43657
10.6551,0.588852,4.62462
10.7242,0.541245,4.73173
10.7956,0.403183,4.71983
10.7908,0.374619,4.67223
10.7504,0.505539,4.82695
10.6789,0.600754,4.83409
10.6123,0.519821,4.86028
10.4742,0.486496,4.90312
10.4718,0.405563,5.08165
10.3338,0.479355,5.04118
10.3005,0.6436,5.0507
10.1933,0.795944,5.10783
10.0243,0.731674,5.21019
10.0124,0.562668,5.24113
9.94341,0.110397,5.36491
9.98863,-0.0800324,5.26732
8.39616,-0.106216,6.64317
8.24382,-0.0538483,6.68602
8.101,-0.213333,6.65508
7.93199,-0.244278,6.60747
7.63921,-0.19429,6.6884
7.31548,-0.19191,6.84074
7.12743,-0.296646,7.16447
6.96318,-0.377579,7.25017
6.91319,-0.496597,7.3192
6.76323,-0.587051,7.42632
6.56804,-0.658462,7.4644
6.3062,-0.701309,7.58104
5.98723,-0.613236,7.71672
5.78728,-0.51326,7.93095
5.73015,-0.625137,7.96428
5.49687,-0.751297,8.08092
5.36119,-0.865555,8.30467
5.17552,-0.90126,8.34038
4.98747,-0.83461,8.21898
4.65898,-0.796524,8.39513
1.96678,-0.270462,8.70458
1.73351,-0.113358,8.60936
1.45738,-0.141922,8.49986
1.11223,-0.25618,8.24278
0.721848,-0.282364,8.1928
0.262436,-0.182388,8.10472
-0.0993805,-0.184769,8.36656
-0.365982,-0.208572,8.39513
-0.561172,-0.251419,8.1071
-0.775406,-0.370438,7.9976
-0.944412,-0.51088,7.70958
-1.17293,-0.532303,7.60484
-1.3943,-0.265701,7.34776
-1.72279,-0.00624084,7.07164
-2.12032,0.0770721,7.0407
-2.44643,0.167526,6.98357
-2.63448,0.143723,7.06688
-2.60591,0.0461273,7.25969
-2.49641,0.000900269,7.29778
-2.36549,-0.177628,7.35728
-2.24886,-0.199051,8.507
-2.21553,-0.0990753,8.89738
-2.13222,-0.0181427,9.21874
-2.01082,0.0223236,9.58531
-1.89894,-0.0681305,9.65434
-1.8799,-0.118118,9.56627
-1.82753,-0.19191,9.6234
-1.68233,-0.429947,9.89476
-1.52998,-0.522781,9.99712
-1.48714,-0.546585,10.0471
-1.52998,-0.382339,10.159
-1.59187,-0.141922,10.2923
-1.57045,-0.039566,10.4303
-1.61092,-0.0419464,10.3732
-1.57759,-0.0705109,10.5517
-1.47047,-0.118118,10.4137
-1.52046,-0.310928,10.3066
-1.59901,-0.518021,10.2209
-1.59425,-0.606094,10.1661
-1.65852,-0.460892,10.3185
-1.74422,-0.215714,9.9876
-1.70613,-0.227615,9.89476
-1.72041,-0.227615,9.86144
-1.73946,-0.210953,9.85905
-1.69661,-0.222855,9.80669
-1.6371,-0.180008,9.74956
-1.6609,-0.279984,9.70909
-1.69423,-0.349014,9.60674
-1.69423,-0.3871,9.59483
-1.67519,-0.420425,9.6353
-1.57521,-0.465652,9.63054
-1.54665,-0.472794,9.6472
-1.56093,-0.406143,9.56627
-1.62758,-0.356155,9.58769
-1.6252,-0.284744,9.6472
-1.58711,-0.234756,9.60435
-1.6252,-0.215714,9.62102
-1.72993,-0.208572,9.6115
-1.67757,-0.277603,9.62816
-1.64424,-0.310928,9.67577
-1.28004,-0.679886,9.93047
-1.28481,-0.587051,9.98521
-1.3586,-0.479935,9.91618
-1.46571,-0.358536,9.91856
-1.5276,-0.375198,9.95665
-1.54665,-0.334732,9.92571
-1.52046,-0.410904,9.87096
-1.44191,-0.472794,9.72575
-1.46809,-0.518021,9.80907
-1.4919,-0.527542,9.67339
-1.48,-0.625137,9.79716
-1.46571,-0.627518,9.72575
-1.38954,-0.51326,9.89238
-1.35622,-0.332352,9.83525
-1.30147,-0.270462,9.93523
-1.34669,-0.182388,9.95903
-1.33955,-0.279984,9.92571
-1.40858,-0.310928,9.85429
-1.47047,-0.360916,9.84239
-1.53712,-0.239517,9.80669
-1.29195,-0.620377,9.88762
-1.27766,-0.45137,9.92571
-1.29909,-0.353775,9.89714
-1.34908,-0.403763,9.86382
-1.35384,-0.518021,9.83049
-1.33955,-0.506119,9.89238
-1.2372,-0.441849,9.86858
-1.14674,-0.465652,9.86144
-1.15627,-0.491837,9.81859
-1.19911,-0.508499,9.84239
-1.23244,-0.489456,9.84715
-1.32289,-0.399002,9.75194
-1.36336,-0.294266,9.77336
-1.46333,-0.101456,9.76146
-1.48952,-0.101456,9.83763
-1.48476,-0.249039,9.77574
-1.4062,-0.51564,9.7686
-1.30861,-0.615616,9.74242
-1.24196,-0.529922,9.76622
-1.21339,-0.38472,9.75432
-1.28957,-0.334732,9.77812
-1.22292,-0.396622,9.85429
-1.15388,-0.456131,9.76384
-1.1039,-0.529922,9.82811
-1.06581,-0.57991,9.82573
-1.03963,-0.589432,9.84477
-1.06581,-0.615616,9.84001
-1.07533,-0.606094,9.8662
-1.02534,-0.553726,9.93999
-0.925369,-0.522781,10.0043
-0.849197,-0.418045,10.0971
-0.844437,-0.394241,10.1066
-0.887283,-0.446609,10.0614
-0.963455,-0.399002,10.0162
-0.972977,-0.394241,9.98997
-0.987259,-0.303787,9.89952
-1.03487,-0.270462,9.83287
-1.01582,-0.253799,9.81621
-0.937271,-0.277603,9.54961
-0.920609,-0.315689,9.57579
-0.92775,-0.446609,9.76146
-0.823013,-0.601334,9.8781
-0.718277,-0.563248,9.91618
-0.494522,-0.568008,9.9995
-0.377884,-0.560867,9.9995
-0.3517,-0.591812,9.96141
-0.411209,-0.632278,9.90666
-0.468338,-0.582291,9.89476
-0.501663,-0.427567,9.88048
-0.60878,-0.365677,9.92094
-0.67305,-0.363297,9.86858
-0.694473,-0.468033,9.85667
-0.656387,-0.541824,9.88762
-0.556412,-0.468033,9.94475
-0.532608,-0.275223,9.82811
-0.539749,-0.103836,9.72099
-0.570694,0.0175629,9.63768
-0.534988,0.0532684,9.76622
0.331467,-0.489456,9.79955
0.22673,-0.427567,9.84001
0.245773,-0.403763,9.79002
0.22435,-0.346634,9.86858
0.217209,-0.32283,9.85905
0.22673,-0.341873,9.88048
0.345749,-0.299026,9.93047
0.369553,-0.301407,9.98521
0.340988,-0.303787,9.80669
0.229111,-0.344254,9.80193
0.179123,-0.306168,9.83763
0.260056,-0.318069,9.94237
0.260056,-0.249039,9.83763
0.269577,-0.275223,9.84239
0.267197,-0.468033,9.93285
0.312424,-0.534683,9.88524
0.35051,-0.413284,9.81859
0.345749,-0.287125,9.86144
0.269577,-0.206192,9.83763
0.195786,-0.168106,9.85667
0.740891,-0.0348053,9.99235
0.669479,-0.0919342,10.0947
0.579025,-0.139542,10.0376
0.602829,-0.13002,9.94951
0.60759,-0.0514679,9.88286
0.631393,-0.0419464,9.89238
0.638535,-0.0371857,9.97331
0.621872,-0.0705109,9.9138
0.590927,-0.0705109,9.85905
0.552841,-0.0705109,9.77812
0.47905,-0.013382,9.79716
0.47905,-0.0229034,9.6591
0.402878,-0.0371857,9.61626
0.450485,-0.0895538,9.59959
0.469528,-0.118118,9.48772
0.514755,-0.175247,9.40202
0.490952,-0.0871735,9.32823
0.486191,0.0294647,9.36394
0.495712,0.236557,9.35442
0.602829,0.436508,9.31871
1.02415,2.0266,9.20921
1.15508,2.12895,9.2592
1.30028,2.23845,9.32823
1.46452,2.16466,9.41631
1.51927,2.00993,9.50676
1.59306,1.69334,9.66624
1.68828,1.58385,9.67577
1.97868,1.51958,9.89714
2.27385,1.63383,10.0614
2.43333,1.85997,10.2994
2.43571,2.0385,10.5327
2.48808,1.98375,10.6684
2.53331,1.6862,10.7636
2.65233,1.17442,10.9088
2.77373,0.681686,11.0849
2.93083,0.438889,11.3444
3.01415,0.63884,11.6015
2.92607,0.900681,11.8919
2.55949,1.1411,12.168
2.31908,1.1411,12.4989
3.5164,-3.11739,13.2297
3.43309,-3.2007,13.1083
3.13316,-3.26021,13.0416
2.8261,-3.35304,12.9083
2.70232,-3.38399,12.7536
2.56664,-3.36494,12.6417
2.41905,-3.30305,12.3275
2.16673,-3.30782,12.0823
1.91917,-3.4673,11.7919
1.68828,-3.53395,11.5134
1.45262,-3.33638,11.1087
1.30266,-3.07216,11.0064
1.22173,-3.04835,10.8636
1.05748,-3.10072,10.785
0.831345,-3.07692,10.6827
0.583786,-3.16975,10.4613
0.357651,-3.26735,10.3661
0.212448,-3.25069,10.1376
0.145798,-3.35542,10.1042
0.1577,-3.31972,9.99712
-1.36574,-2.86269,7.3311
-1.66328,-2.43184,7.14781
-1.70613,-1.5273,7.44774
-1.5395,-0.932205,7.61674
-1.45381,-0.591812,7.32158
-1.6609,-0.51326,7.21922
-1.93227,-0.710831,6.87883
-2.21077,-0.941727,6.4575
-2.33931,-1.01076,6.25041
-2.26076,-0.910782,6.09331
-2.23457,-0.613236,6.09569
-2.43452,-0.458511,6.18376
-2.77254,-0.391861,6.17186
-3.15816,-0.25618,6.00285
-3.39857,-0.415665,5.71007
-3.41048,-0.137161,5.63628
-3.14864,0.327011,5.81718
-2.85585,0.719772,5.99571
-2.8011,0.903061,6.00999
-3.10103,0.734055,5.77672
-3.43666,1.93138,5.91954
-3.47475,2.09801,6.14806
-3.62709,1.92424,6.10045
-3.90083,1.73619,6.12187
-3.76991,1.66716,6.42418
-3.37477,1.90758,6.90977
-3.0558,2.24321,7.50249
-2.82491,2.3051,7.78813
-3.00343,2.03612,7.56676
-3.10579,1.97423,7.47154
-3.0201,1.97185,7.41917
-2.81776,2.36461,7.66197
-2.60353,2.90257,7.96666
-2.53926,3.07634,8.09282
-2.65352,2.8026,8.05711
-2.85347,2.40984,8.08806
-2.86061,1.98613,8.15947
-2.64876,1.9052,8.49034
-2.46785,1.78856,8.72124
-2.26552,2.23845,8.93785
-2.23457,2.87163,9.04973
-2.30122,3.33104,8.86644
-2.44405,3.65001,8.90929
-2.3774,3.65239,8.97356
-2.03462,3.80949,9.09496
-1.65376,3.79045,9.29491
-1.36574,3.11443,9.34489
-1.48238,2.27177,9.44487
-1.7466,1.74571,9.56389
-1.90608,1.44341,9.67339
-0.601639,2.18608,11.004
-0.361221,2.09801,11.073
-0.104141,1.80522,11.0659
0.0482025,1.65288,10.9493
0.198166,1.68858,10.9136
0.28862,1.58623,10.9921
0.295761,1.63622,11.1016
0.191025,1.62907,11.1278
0.110092,1.69572,11.2373
0.00773621,1.71001,11.2968
0.645676,1.12682,11.6372
0.645676,0.738815,11.4158
0.586166,0.234177,11.342
0.559982,-0.0919342,11.2968
0.700424,-0.182388,11.2206
0.86467,-0.039566,11.2825
1.06462,0.0128021,11.3016
1.05748,-0.182388,10.9873
1.02177,-0.610855,10.7517
0.950363,-0.83699,10.4875
0.950363,-0.715591,10.3518
0.952744,-0.360916,10.3566
0.843246,-0.0276642,10.3399
0.659958,0.2556,10.3637
0.60997,0.353195,10.447
0.524277,0.224655,10.3208
0.524277,-0.301407,10.1233
0.317184,-0.727493,9.88524
0.274338,-1.06551,9.82573
0.302902,-0.922684,9.95427
1.00273,-1.12978,10.2328
1.12889,-1.09407,10.2661
1.10747,-1.07027,10.1376
1.06462,-1.05122,10.0114
1.04082,-1.02742,10.0281
0.952744,-0.996475,9.92808
0.809921,-0.8965,9.89952
0.721848,-0.96553,9.82573
0.709946,-1.02266,9.86858
0.748032,-1.09645,9.78526
0.593307,-0.00624084,9.7448
0.688522,0.0770721,9.73766
0.757553,0.231796,9.92808
0.869431,0.224655,10.0304
0.881332,0.0723114,10.0066
0.824203,-0.0348053,9.93285
0.824203,-0.249039,9.9995
0.883713,-0.289505,10.0542
0.86705,-0.268082,10.0923
0.774216,-0.229996,10.0757
0.762314,-0.156204,10.1828
0.790878,-0.0443268,10.1875
0.843246,0.0937347,10.2804
0.92894,-0.00862122,10.3185
0.986069,-0.0562286,10.3113
1.00035,-0.158585,10.2828
0.997971,-0.358536,10.259
0.93132,-0.565628,10.2471
0.914658,-0.572769,10.1399
0.883713,-0.522781,10.1376
0.905136,-0.353775,10.078
0.821823,-0.265701,9.97331
0.852768,-0.137161,9.99474
0.848007,-0.103836,10.0185
0.767075,-0.0419464,9.92333
0.798019,0.100876,9.81383
0.705185,0.0937347,9.91856
0.73613,0.0913544,9.85905
0.721848,0.134201,9.86858
0.733749,0.0485077,9.73766
0.709946,-0.0014801,9.73289
0.783737,-0.0871735,9.69957
0.798019,-0.0705109,9.77812
0.897995,-0.0490875,9.7686
0.795639,0.0627899,9.70909
0.707565,0.134201,9.76146
0.679001,0.105637,9.7924
0.700424,0.0270844,9.79478
0.769455,-0.101456,9.70671
0.793259,-0.153824,9.70195
0.728989,-0.0324249,9.72813
0.67424,0.0128021,9.72099
0.619492,-0.0252838,9.77812
0.557602,-0.0847931,9.74956
0.595688,-0.153824,9.79478
0.636154,-0.0467072,9.78526
0.662338,-0.00862122,9.86382
0.669479,-0.0514679,9.80431
0.662338,-0.058609,9.7567
0.626633,-0.0371857,9.86858
0.693283,-0.0752716,9.87096
0.721848,-0.141922,9.80907
0.757553,-0.260941,9.85429
0.769455,-0.210953,9.84715
0.762314,-0.122879,9.86858
0.73851,-0.00386047,9.95427
0.728989,0.12468,9.97807
0.73851,0.0604095,9.88524
0.743271,-0.0348053,9.8662
0.714706,-0.146683,9.89714
0.836105,-0.389481,9.74956
0.862289,-0.306168,9.74956
0.807541,-0.12764,9.78764
0.80516,0.000900269,9.81621
0.759934,0.0604095,9.7448
0.740891,0.0913544,9.77574
0.748032,0.0366058,9.82573
0.790878,-0.0538483,9.73289
0.850388,-0.149063,9.71147
0.883713,-0.110977,9.74956
0.686142,-0.0324249,9.87572
0.798019,0.0104218,9.86382
0.86705,0.000900269,9.88286
0.907516,-0.0943146,9.96379
0.831345,-0.196671,9.88286
0.748032,-0.253799,9.78764
0.819443,-0.241898,9.8662
0.8004,-0.25856,9.84715
0.857529,-0.163345,9.89952
0.952744,-0.168106,9.94237
0.962265,-0.158585,9.7805
0.831345,-0.187149,9.93523
0.852768,-0.206192,9.91856
0.786118,-0.153824,9.85191
0.897995,-0.160965,9.97331
0.933701,-0.0871735,9.96617
0.92894,-0.0110016,9.92333
0.874191,0.0389862,9.89
0.759934,0.0508881,9.87334
0.759934,0.0366058,9.87334
0.855148,-0.168106,9.80193
0.947983,-0.168106,9.74956
0.784927,-0.153824,9.73052
0.826584,-0.229996,9.78526
0.832535,-0.0824127,9.86262
0.767075,-0.039566,9.81502
0.813492,-0.13002,9.86501
0.897995,-0.0014801,9.90666
0.869431,-0.0181427,9.91737
0.921799,-0.187149,9.94237
0.939651,-0.245468,9.88286
0.947983,-0.172867,9.96379
0.846817,-0.0740814,9.84001
0.840866,-0.0824127,9.8412
0.886093,-0.291885,9.74599
0.897995,-0.283554,9.7686
0.969406,-0.0836029,9.8174
0.93251,-0.0383759,9.80073
0.906326,-0.139542,9.7924
0.952744,-0.334732,9.75194
0.874191,-0.215714,9.80312
0.849197,-0.00862122,9.81383
0.902756,0.00566101,9.70433
0.970596,-0.0788422,9.84715
1.00035,-0.180008,9.82811
0.942032,-0.207382,9.84239
0.986069,-0.210953,9.90785
1.03725,-0.096695,9.92094
0.953934,-0.0324249,9.93642
0.918228,-0.110977,9.93285
1.0551,-0.185959,9.94237
1.09676,-0.203812,9.91023
1.03368,-0.238327,9.81621
0.978928,-0.110977,9.84834
0.982498,-0.0371857,9.88286
0.988449,-0.101456,9.7805
1.05629,-0.229996,9.85667
1.03963,-0.181198,9.81026
0.957504,-0.106216,9.82454
0.901566,-0.0681305,9.77812
0.99559,-0.0645599,9.8174
1.07176,-0.133591,9.87334
1.05272,-0.328781,9.81026
1.06224,-0.196671,9.84596
1.06819,-0.184769,9.83406
1.03487,-0.120499,9.82692
1.0313,0.0318451,9.86977
1.05153,-0.0550385,9.82097
0.943222,-0.113358,9.66267
1.00749,-0.171677,9.7198
1.04677,-0.118118,9.78407
1.02892,-0.120499,9.7448
1.04201,-0.228806,9.62697
1.06819,-0.19072,9.63173
1.0063,0.000900269,9.69005
1.01344,-0.101456,9.67815
0.943222,-0.0240936,9.79598
1.08009,-0.0621796,9.76741
1.14317,-0.0419464,9.88762
1.05867,-0.058609,9.94594
1.03844,-0.116928,9.97093
1.12056,-0.0562286,10.1828
1.12651,-0.0467072,10.2054
1.19316,-0.0728912,10.3542
1.15984,-0.096695,10.6767
1.15269,0.205612,10.9064
1.261,0.443649,11.6051
1.72398,0.285355,12.2692
2.30122,0.0663605,12.775
2.48332,-0.237137,13.0142
2.39168,-0.673935,13.1951
2.02748,-0.5811,13.0476
1.71208,-0.537064,12.8619
1.36455,-0.776291,12.6679
1.14436,-0.828659,12.3608
0.54213,-0.846512,11.7062
-0.35289,-0.921494,11.2111
-1.067,-0.872696,10.3054
-1.68352,-0.879837,9.78526
-2.00963,-0.791763,9.47343
-2.23219,-0.831039,8.86049
-2.67613,-0.540634,7.9131
-3.56996,0.350815,7.31563
-4.38167,-0.058609,7.1002
-4.7411,-0.57515,6.17781
-5.12553,-0.433517,5.73506
-5.68492,0.237747,5.17924
-6.0872,0.162766,4.80553
-6.34428,-0.045517,4.43538
-6.69301,-0.0526581,3.97716
-7.18575,-0.100265,3.18211
-7.72252,-0.0336151,2.59535
-8.06648,0.0996857,2.20973
-8.45091,-0.0859833,2.06096
-8.76512,0.186569,2.04073
-8.78178,0.726913,2.10738
-8.83653,1.13753,1.37303
-9.27809,1.13872,1.19807
-9.7863,1.06969,1.39446
-9.70299,1.43983,1.31114
-9.69347,1.38509,0.53157
-9.86128,1.76237,-0.49437
-10.279,2.28487,-1.52864
-10.917,2.0504,-1.89522
-11.1931,1.55052,-2.1273
-10.9253,1.55052,-1.60005
-10.1993,1.77666,-0.920456
-10.1814,1.45174,-0.739548
-10.2279,1.13753,-0.62529
-10.0589,0.782852,-0.194443
-9.86128,0.849503,0.198318
-9.76845,0.820938,0.618454
-9.69704,0.773331,0.729141
-9.46376,0.631699,0.927902
-9.26024,0.649551,1.32423
-9.15193,0.498398,1.7408
-8.90199,0.437698,2.38231
-8.58897,0.505539,3.02025
-8.58897,0.468643,3.06071
-8.34023,0.337723,3.60701
-7.98436,0.232986,4.25685
-7.86891,0.0187531,4.9055
-7.64754,-0.0407562,5.39705
-7.44045,0.184189,5.27327
-6.96556,0.121109,5.71602
-6.53709,0.202042,6.06117
-6.37642,-0.113358,6.57533
-6.07292,-0.676315,7.44893
-5.61351,-0.782242,7.5013
-5.35762,0.184189,7.19423
-5.0089,0.4496,7.6096
-4.47331,-0.371628,8.25349
-3.91512,-1.13692,9.06044
-3.60686,-0.785812,9.32466
-3.80324,-0.0371857,8.91524
-3.47832,-0.312119,9.04259
-2.86418,-0.506119,9.502
-2.34645,-0.610855,10.1126
-2.2917,-0.659653,9.9745
-2.30122,-0.209763,10.015
-1.81682,0.0425568,10.2613
-1.54189,-0.113358,10.4637
-1.32765,-0.45018,10.6148
-1.13365,-0.310928,10.5732
-1.11818,-0.0657501,10.3089
-1.08961,0.0544586,10.2685
-0.852768,0.161575,10.5196
-0.618301,0.100876,10.5506
-0.575455,-0.101456,10.3232
-0.689712,-0.146683,10.1149
-0.551651,0.103256,9.95665
-0.180313,0.316299,10.2054
0.117233,0.337723,10.2649
0.377884,0.263931,10.4946
0.746841,-0.0800324,10.641
1.04201,-0.146683,10.397
1.30385,-0.0597992,10.8243
1.49547,0.102066,10.9612
1.5526,0.0187531,11.0659
1.54546,0.111588,11.1076
1.41573,0.0639801,10.9183
1.28481,0.146103,10.8291
1.13841,0.167526,10.5982
1.03487,0.0627899,10.447
1.15031,-0.00505066,10.3185
1.05272,0.00209045,10.1566
0.974167,0.187759,10.0126
1.14436,0.108017,10.0328
1.19316,-0.147873,9.98402
1.08961,-0.284744,9.83049
1.09914,-0.0240936,9.8412
1.20268,0.104446,9.89476
1.13127,-0.0467072,9.87215
0.99678,-0.180008,9.72813
0.999161,-0.234756,9.7448
1.07652,-0.150253,9.78288
0.86348,0.0366058,9.72456
0.815872,-0.0478973,9.68053
0.902756,-0.294266,9.65672
0.947983,-0.12883,9.74004
0.984879,0.0270844,9.81026
0.999161,-0.0800324,9.84358
1.0432,-0.159775,9.89357
1.01582,0.0437469,9.86977
1.04201,0.0401764,9.84477
1.03368,-0.197861,9.69005
1.02058,-0.394241,9.6722
0.99678,-0.420425,9.63768
1.02177,-0.210953,9.75313
1.08247,-0.0764618,9.71742
1.00749,-0.0609894,9.78288
0.945602,-0.0538483,9.76146
1.00154,-0.0740814,9.80312
0.962265,-0.0597992,9.85786
0.946793,-0.205002,9.75908
0.921799,-0.219284,9.87572
1.00749,-0.143112,9.93999
1.12294,-0.25499,9.99474
1.03368,-0.263321,10.0197
0.947983,-0.325211,9.97331
0.986069,-0.25499,9.90785
0.915848,-0.171677,9.94832
0.896805,-0.0609894,9.97212
0.947983,-0.119308,9.95189
0.983688,-0.272842,9.8662
0.807541,-0.32283,9.75551
0.807541,-0.235947,9.90428
0.888474,-0.295456,9.85667
0.838486,-0.306168,9.81383
0.815872,-0.171677,9.75551
0.715897,-0.0859833,9.79716
0.784927,-0.302597,9.77336
0.892044,-0.351395,9.68172
0.949173,-0.247849,9.7686
0.968216,-0.180008,9.82811
0.9944,-0.137161,9.73885
1.05391,-0.114548,9.83525
1.08366,-0.213333,9.85191
1.07771,-0.250229,9.93761
0.969406,-0.294266,9.9019
1.03606,-0.268082,9.93285
1.0789,-0.210953,10.0483
1.05391,-0.13121,10.1245
1.12532,-0.272842,10.0376
1.17055,-0.328781,10.0507
1.02892,-0.314499,9.87215
0.958694,-0.232376,9.89714
0.99678,-0.124069,9.86262
0.93013,-0.118118,9.78169
1.03963,-0.13002,9.82573
1.0182,-0.233566,9.75432
0.887283,-0.19548,9.7079
0.909897,-0.279984,9.68648
0.906326,-0.218094,9.68767
0.846817,-0.184769,9.70909
0.875381,-0.231186,9.70671
0.794449,-0.116928,9.74361
0.703995,0.0068512,9.78645
0.733749,-0.216904,9.71266
0.825394,-0.214523,9.68767
0.79921,-0.493027,9.72932
0.92894,-0.51564,9.77812
1.00273,-0.389481,9.81026
0.869431,-0.296646,9.81383
0.982498,-0.241898,9.90547
1.01701,-0.229996,9.84953
0.925369,-0.296646,9.81978
0.93251,-0.297836,9.89476
0.883713,-0.245468,9.8531
0.852768,-0.314499,9.90666
0.836105,-0.349014,9.78407
0.765884,-0.287125,9.84834
0.773026,-0.220474,9.87453
0.806351,-0.19191,9.86858
0.767075,-0.265701,9.81383
0.67067,-0.389481,9.8174
0.781357,-0.444229,9.83168
0.908707,-0.295456,9.86382
0.731369,-0.276413,9.83644
0.705185,-0.501358,9.86144
0.837296,-0.315689,9.89119
0.840866,-0.38472,9.8055
0.819443,-0.378769,9.74837
0.832535,-0.269272,9.8531
0.832535,-0.352585,9.88286
0.897995,-0.288315,9.83049
0.844437,-0.358536,9.81859
0.86586,-0.389481,9.7448
0.915848,-0.339493,9.78645
0.961075,-0.404953,9.81859
0.848007,-0.433517,9.78526
0.80159,-0.309738,9.78764
0.887283,-0.457321,9.80907
0.915848,-0.406143,9.84239
0.818253,-0.395432,9.82573
0.852768,-0.38829,9.89714
0.830154,-0.381149,9.83763
0.821823,-0.353775,9.88405
0.914658,-0.340683,9.88524
0.925369,-0.288315,9.92808
0.808731,-0.563248,9.8174
0.853958,-0.558487,9.85429
0.99559,-0.433517,9.91856
0.925369,-0.425186,9.87691
0.850388,-0.497787,9.88048
0.871811,-0.489456,9.95189
0.92894,-0.378769,9.91023
0.893234,-0.184769,9.95665
0.832535,-0.314499,9.86501
0.813492,-0.552536,9.77098
0.913467,-0.377579,9.8293
0.862289,-0.434708,9.81859
0.884903,-0.347824,9.83287
0.888474,-0.327591,9.77574
0.781357,-0.365677,9.83168
0.784927,-0.363297,9.7924
0.815872,-0.433517,9.81978
0.846817,-0.460892,9.80073
0.783737,-0.38829,9.81264
0.851578,-0.283554,9.8055
0.900375,-0.429947,9.87691
0.790878,-0.519211,9.77931
0.80516,-0.508499,9.86977
0.873001,-0.473984,9.88405
0.806351,-0.435898,9.85905
0.715897,-0.347824,9.92094
0.723038,-0.484695,9.87572
0.901566,-0.438278,9.92213
0.817062,-0.404953,9.8174
0.788498,-0.463272,9.85786
0.753983,-0.471603,9.77931
0.818253,-0.443039,9.7805
0.837296,-0.477554,9.74956
0.881332,-0.399002,9.88167
0.756363,-0.446609,9.79598
0.820633,-0.329971,9.78407
0.870621,-0.293076,9.74361
0.73613,-0.297836,9.66386
0.79921,-0.462082,9.6472
0.820633,-0.275223,9.65196
0.849197,-0.157394,9.69719
0.859909,-0.227615,9.62578
0.850388,-0.218094,9.66386
0.871811,0.024704,9.55199
0.906326,0.346054,9.58293
0.961075,0.4496,9.46272
1.13127,0.603134,9.2592
1.1646,1.09587,9.06044
1.09081,1.81712,8.94856
0.908707,2.45506,8.7986
0.73732,3.35841,8.85097
1.00868,3.7726,9.07353
1.61568,3.55598,9.41035
2.41786,2.59193,9.61864
3.11412,1.69929,9.89238
3.82347,1.54814,10.4268
4.13768,1.68382,11.1742
4.10316,1.74214,12.1597
4.28526,1.85164,13.0999
5.04222,1.03636,13.4558
5.70158,1.01494,13.6474
5.3969,1.13515,14.3806
5.02437,-0.249039,14.3127
5.5778,-2.12358,13.9402
6.04436,-1.394,13.9497
5.60756,-1.22618,13.7688
5.27669,-2.73415,13.0571
5.31001,-3.66844,12.4453
4.73634,-2.94957,11.9764
4.0377,-2.59727,11.4872
3.41762,-2.89482,10.6232
2.93559,-2.89482,9.9626
2.4619,-2.51634,9.60554
2.10246,-2.35329,9.05449
1.69185,-2.1819,8.55223
1.02773,-2.02718,8.01189
0.604019,-2.2307,7.45845
0.430252,-2.45921,7.07283
0.0946198,-2.19737,6.74196
-0.605209,-1.59276,6.47417
-1.29076,-1.42375,6.17305
-1.61092,-1.7939,5.90288
-1.62044,-1.52254,5.7303
-2.10484,-1.0667,5.52678
-2.86656,-0.691788,5.50179
-2.94273,-0.399002,5.59224
-2.62852,-0.206192,5.78981
-3.09865,-0.215714,5.60295
-3.43428,-0.0728912,5.59462
-3.34978,0.429367,6.02785
-3.4557,0.341293,6.05522
-3.77943,0.0330353,6.25517
-3.41524,0.307968,6.61937
-2.76897,1.54457,7.12877
-2.77849,2.13728,6.98952
-3.44142,1.32558,6.73839
-3.05461,0.875687,7.17757
-2.14174,1.9897,7.55962
-2.59163,2.27415,7.368
-2.92726,1.58266,7.40846
-2.31789,1.85997,8.01427
-2.13103,2.39436,8.36656
-2.01439,2.48244,8.62126
-1.52403,2.2444,8.78194
-1.52522,2.19203,9.06758
-1.80849,2.75023,9.38774
-1.53236,3.09062,9.77098
-1.09914,2.93114,10.1578
-1.03963,2.62169,10.009
-1.17174,2.342,10.1983
-1.19197,2.23726,10.5006
-0.651627,2.03255,10.6553
-0.139847,2.12419,10.672
0.0779572,2.2325,10.8588
-0.0803375,1.80403,11.0385
0.211258,1.19704,11.0385
0.914658,1.22084,10.9362
1.067,1.83974,11.2111
0.732559,1.9659,11.2778
0.830154,1.37914,10.8933
1.30147,0.786423,10.8053
1.79778,0.722153,10.7469
1.77754,1.55766,10.7231
1.16222,1.46126,10.5922
1.02177,0.722153,10.6529
1.47047,0.635269,10.6303
1.67995,0.549576,10.6303
1.4431,0.400803,10.6446
1.58473,0.503159,10.7148
1.64543,0.540054,10.8291
1.30861,0.221085,10.7422
1.42525,0.0318451,10.5053
1.76802,-0.0336151,10.3744
1.81801,0.271072,10.5041
1.52641,0.7043,10.6589
1.47524,0.313919,10.5256
1.57164,-0.656082,10.1923
1.40382,-0.57634,10.3197
1.48595,-0.371628,10.4934
1.84657,-0.406143,10.4137
1.52165,-0.750107,10.1447
1.08009,-1.16905,10.015
1.3824,-0.416855,10.272
1.88942,-0.391861,10.1459
1.7585,-0.842941,9.85072
1.63115,-1.01433,9.59959
1.53355,-0.593002,9.40321
1.30623,-0.215714,9.42226
1.00273,0.0270844,9.40559
0.746841,0.154434,9.66029
0.689712,0.215134,9.89238
0.757553,0.121109,9.98879
0.848007,-0.439468,9.95546
0.86824,-0.609665,10.1304
0.687332,-0.247849,10.2173
0.54808,-0.0229034,10.1102
0.538559,-0.143112,9.96141
0.561172,-0.159775,9.88405
0.629013,-0.166916,9.77812
0.442154,-0.171677,9.67696
0.377884,0.0449371,9.70314
0.448105,0.153244,9.74956
0.67186,-0.0871735,9.72694
0.903946,-0.3871,9.78407
0.981308,-0.445419,9.84834
0.949173,-0.271652,9.91261
1.01582,-0.116928,9.99235
0.944412,-0.12883,9.92451
0.908707,-0.376389,9.81621
0.99202,-0.271652,9.77931
0.862289,-0.0229034,9.88167
0.680191,0.0187531,9.85429
0.592117,-0.116928,9.69838
0.577835,-0.331161,9.76503
0.48024,-0.0431366,9.80788
0.438583,-0.026474,9.8293
0.523087,-0.0359955,9.80193
0.705185,0.0282745,10.0435
0.765884,-0.12883,10.0935
0.752792,-0.315689,10.0638
0.762314,-0.264511,10.0638
0.725418,-0.297836,9.94713
0.61235,-0.347824,9.9138
0.569504,-0.140732,9.9019
0.626633,-0.0205231,9.94118
0.73613,-0.162155,9.84477
0.645676,-0.0883637,9.8412
0.60759,-0.0990753,9.94594
0.424301,-0.039566,9.86144
0.392166,-0.13121,9.7448
0.5457,-0.213333,9.76146
0.6064,-0.152634,9.75551
0.463577,-0.058609,9.78764
0.399307,-0.197861,9.75908
0.476669,-0.282364,9.80193
0.455246,-0.25618,9.69719
0.356461,-0.013382,9.79716
0.243393,-0.12645,9.78288
0.219589,-0.303787,9.84239
0.232681,-0.315689,9.86977
0.281479,-0.178818,9.92094
0.383835,-0.116928,10.0245
0.22673,-0.107407,10.0114
0.0815277,-0.0824127,9.96498
0.111282,-0.188339,9.95903
0.205307,-0.0169525,10.0126
0.0886688,-0.116928,9.98164
0.0529633,-0.338303,9.96736
0.137466,-0.401382,9.85191
0.164841,-0.335922,9.92451
0.149368,-0.331161,9.83525
0.0208282,-0.362106,9.68648
0.0434418,-0.370438,9.71147
0.0136871,-0.303787,9.79716
0.0565338,-0.12883,9.78407
0.089859,-0.120499,9.89476
-0.0232086,-0.303787,9.80193
-0.123184,-0.352585,9.87572
-0.0505829,-0.326401,9.92808
-0.0624847,-0.151443,9.96855
-0.0874786,-0.0800324,10.0376
-0.136276,-0.208572,9.94713
0.0327301,-0.547775,9.91618
0.143417,-0.659653,9.87929
0.0720062,-0.435898,9.92451
0.0220184,-0.407333,10.0185
0.0220184,-0.32283,9.90428
0.0303497,-0.362106,10.0114
0.0696259,-0.433517,9.96736
0.164841,-0.335922,9.9995
-0.00178528,-0.374008,9.91737
-0.269577,-0.465652,9.76979
-0.204117,-0.431137,9.8174
-0.176743,-0.471603,9.85191
-0.183884,-0.288315,9.93285
-0.179123,-0.188339,9.95427
-0.125565,-0.284744,9.9745
-0.0970001,-0.446609,9.90309
-0.0696259,-0.482315,9.85786
-0.0220184,-0.244278,10.0019
-0.0113068,-0.171677,9.97807
-0.0684357,-0.225235,9.89
-0.0636749,-0.32283,9.90785
-0.0779572,-0.433517,9.81026
-0.135086,-0.51088,9.82811
-0.198166,-0.479935,9.87929
-0.117233,-0.140732,10.0316
-0.0517731,-0.119308,10.0769
-0.132706,-0.354965,9.95546
-0.145798,-0.597763,9.88405
-0.163651,-0.51564,9.8174
-0.168411,-0.371628,9.99355
-0.0553436,-0.371628,10.0054
-0.0553436,-0.356155,9.96855
-0.0636749,-0.463272,9.98879
-0.1577,-0.610855,9.85905
-0.258865,-0.543014,9.85786
-0.22435,-0.315689,9.9626
-0.231491,-0.216904,9.88167
-0.235062,-0.416855,9.83882
-0.170792,-0.527542,9.82097
-0.193405,-0.370438,9.8781
-0.239822,-0.25618,9.92213
-0.171982,-0.224045,9.95784
-0.199356,-0.38829,9.88286
-0.219589,-0.63942,9.86382
-0.245773,-0.404953,9.91856
-0.313614,-0.32164,9.97569
-0.291,-0.212143,9.87691
-0.382645,-0.337112,9.89238
-0.261246,-0.508499,9.91499
-0.154129,-0.583481,9.89
-0.229111,-0.51683,9.87453
-0.292191,-0.349014,9.86025
-0.292191,-0.376389,9.81026
-0.294571,-0.334732,9.95903
-0.283859,-0.379959,9.81502
-0.212448,-0.365677,9.83287
-0.243393,-0.396622,9.79002
-0.192215,-0.489456,9.77693
-0.220779,-0.462082,9.83882
-0.232681,-0.552536,9.78883
-0.102951,-0.4478,9.86025
-0.152939,-0.337112,9.91618
-0.186264,-0.233566,9.96617
-0.108902,-0.138351,10.0602
-0.0862885,-0.32045,9.96141
-0.130325,-0.4478,10.0043
-0.202927,-0.456131,9.91618
-0.291,-0.260941,9.94832
-0.28862,-0.31926,9.95427
-0.28624,-0.410904,9.94356
-0.198166,-0.402573,9.97926
-0.193405,-0.503738,9.9388
-0.119614,-0.434708,9.94832
-0.131516,-0.495407,9.94594
-0.089859,-0.625137,9.93285
-0.0612946,-0.669174,9.86382
-0.210068,-0.532303,9.79955
-0.292191,-0.518021,9.63887
-0.317184,-0.313309,9.81621
-0.257675,-0.245468,9.92808
-0.239822,-0.251419,9.91261
-0.232681,-0.45018,9.79598
-0.22316,-0.63942,9.70671
-0.0755768,-0.356155,9.72337
-0.138657,-0.266891,9.57222
-0.130325,-0.38353,9.4651
-0.0934296,-0.539444,9.42226
-0.141037,-0.609665,9.25682
-0.182693,-0.541824,9.03783
-0.173172,-0.288315,8.83668
-0.0684357,-0.0990753,8.56294
-0.0148773,-0.0740814,7.96785
-0.194595,0.0615997,7.20018
-0.427872,0.182999,6.47536
-0.0660553,-0.0467072,6.39204
0.972977,-0.299026,6.6396
1.82753,-0.428757,6.73839
2.66661,-0.789383,7.20494
3.11769,-0.70607,7.53462
3.19624,-0.63942,7.83455
3.36525,-0.569199,7.86906
4.11388,-0.609665,7.89525
4.92082,-0.714401,7.88692
5.65398,-0.562057,7.73814
5.95628,-0.403763,7.27397
5.94557,-0.390671,7.18709
6.2812,-0.109787,7.21089
7.03697,0.307968,6.83122
7.69038,0.581711,6.32063
7.95222,0.841171,6.15163
8.63182,0.262741,6.57176
9.90056,-0.264511,6.41942
11.0836,-0.419235,6.02428
11.2645,-0.418045,5.67555
11.1907,0.597183,5.63985
10.7432,1.35771,5.33992
10.6397,0.456741,4.82576
10.5409,-0.268082,4.07356
10.2207,0.792374,3.84743
9.94102,1.6862,3.64153
10.1469,1.17204,3.32137
10.2909,0.204422,3.02977
10.3136,0.925674,2.83101
10.2052,1.38271,2.83815
10.2195,1.09111,2.71675
10.3516,1.0435,2.24663
10.4409,0.697159,2.20735
10.1243,1.34581,1.64915
9.6292,1.99208,1.96217
9.62087,0.938766,1.75746
9.91246,0.25798,1.7289
9.86247,0.89711,1.7765
9.71727,1.37556,1.78841
9.79701,1.47197,1.60869
9.80415,1.2744,1.71461
9.89818,0.791184,1.69914
9.99101,1.06374,1.50871
9.84343,1.45412,1.3647
9.70418,1.31129,1.11357
9.66847,1.05302,1.16475
9.59349,1.19228,1.31709
9.44472,1.37318,1.40041
9.62205,1.06255,1.6313
9.96483,0.932816,2.09904
10.1707,1.53743,2.59773
10.2862,1.31725,3.10832
10.6171,0.543625,3.23805
10.8563,0.825699,3.46062
10.6718,1.35176,3.67604
10.5373,0.955429,3.69984
10.429,0.504349,3.78911
10.2826,0.662643,4.09261
10.0755,0.867355,4.3961
9.89223,0.665024,4.61034
9.72203,0.243698,4.94359
9.86247,-0.0312347,5.17091
9.73512,0.275833,5.53749
9.49232,0.209183,5.75767
9.22453,-0.196671,5.95287
8.95317,-0.414475,6.20995
8.76631,-0.344254,6.38966
8.46043,-0.0812225,6.50154
7.81892,0.0282745,6.64079
7.2393,-0.253799,6.75743
6.80489,-0.739395,6.71934
6.33,-0.728684,6.80266
5.86226,-0.171677,7.14067
5.2993,-0.0443268,7.34419
4.71492,-0.488266,7.3549
4.46141,-0.952438,7.54771
4.2924,-0.787003,7.58104
3.74968,-0.326401,7.58223
3.05461,-0.0824127,7.58937
2.8618,-0.453751,7.80717
2.79039,-0.481125,7.93571
2.53331,-0.490646,8.14995
2.062,-0.316879,8.06902
1.53236,-0.364487,7.93452
1.16103,-0.664413,8.25468
1.20744,-0.454941,8.36656
0.938461,-0.0752716,8.43202
0.552841,-0.212143,8.59746
0.329086,-0.181198,8.58675
0.293381,0.0627899,8.64745
0.0981903,0.0318451,8.68672
-0.0113068,-0.220474,8.72719
-0.22435,-0.245468,8.85692
-0.242203,0.0175629,8.96166
-0.187454,0.144913,9.13066
-0.0874786,-0.312119,9.1866
-0.0434418,-0.275223,9.39964
0.0398712,-0.101456,9.69481
0.16127,-0.118118,9.7805
0.356461,-0.44899,9.9626
0.438583,-0.882217,9.89357
0.35051,-0.525162,9.91261
0.261246,-0.233566,10.0245
0.406448,-0.356155,9.93166
0.296951,-0.495407,9.93047
0.298141,-0.613236,9.95308
0.386215,-0.51445,9.84239
0.308853,-0.32402,9.8662
0.292191,-0.275223,9.92928
0.335037,-0.304977,9.93523
0.440964,-0.572769,9.9138
0.339798,-0.399002,9.8781
0.276718,-0.107407,9.8781
0.28743,-0.178818,9.92213
0.370743,-0.479935,9.97807
0.457626,-0.650131,9.93642
0.489761,-0.470413,9.93166
0.451675,-0.250229,9.92094
0.382645,-0.177628,9.90904
0.326706,-0.591812,9.81502
0.324326,-0.806046,9.76265
0.358841,-0.38591,9.92333
0.35527,-0.272842,9.80073
0.399307,-0.431137,9.81502
0.530228,-0.51445,9.7924
0.486191,-0.495407,9.84239
0.448105,-0.381149,9.94594
0.476669,-0.482315,9.8781
0.48024,-0.538254,9.89357
0.464767,-0.537064,9.89238
0.390976,-0.552536,9.96855
0.444534,-0.429947,9.9745
0.408829,-0.418045,9.98045
0.395737,-0.363297,9.91975
0.435013,-0.453751,9.99355
0.470718,-0.465652,9.98879
0.526657,-0.414475,9.95903
0.487381,-0.326401,9.9745
0.455246,-0.375198,9.92808
0.396927,-0.563248,9.8662
0.361221,-0.526352,9.82216
0.406448,-0.313309,9.87453
0.389786,-0.293076,9.83168
0.364792,-0.532303,9.87572
0.448105,-0.663223,9.85429
0.48024,-0.419235,9.86025
0.335037,-0.372818,9.87334
0.365982,-0.556107,9.80907
0.333847,-0.682266,9.76622
0.338608,-0.612045,9.93166
0.35408,-0.528732,9.90785
0.364792,-0.435898,9.87334
0.426682,-0.498978,9.9388
0.395737,-0.51088,9.99117
0.404068,-0.564438,10.0281
0.413589,-0.550156,10.0316
0.387405,-0.531113,10.0876
0.474289,-0.425186,10.09
0.454056,-0.51326,10.0471
0.396927,-0.506119,10.059
0.318375,-0.470413,9.98879
0.312424,-0.553726,9.9507
0.379074,-0.694168,9.97093
0.320755,-0.601334,9.96141
0.35051,-0.684647,9.96617
0.5457,-0.651321,10.065
0.624252,-0.519211,10.0816
0.454056,-0.51564,9.88762
0.255295,-0.533493,9.78764
0.0958099,-0.490646,9.68053
0.217209,-0.391861,9.76503
0.305283,-0.231186,9.83287
0.327896,-0.247849,9.90666
0.269577,-0.366867,9.77336
0.195786,-0.497787,9.89714
0.339798,-0.356155,9.9864
0.387405,-0.331161,9.95308
0.392166,-0.444229,9.88167
0.348129,-0.557297,9.69243
0.555222,-0.595383,9.75551
0.454056,-0.397812,9.67458
0.151749,-0.352585,9.55794
0.0565338,-0.146683,9.70552
0.395737,-0.202621,9.87929
0.770645,-0.25856,9.84715
0.554031,-0.239517,9.83882
0.457626,-0.228806,9.83525
0.561172,-0.304977,9.77217
0.596878,-0.357346,9.8293
0.755173,-0.313309,9.93166
1.00987,-0.366867,9.86382
1.18483,-0.340683,9.86144
1.07057,-0.249039,9.84239
0.924179,-0.251419,9.78645
0.983688,-0.138351,9.73527
1.0432,-0.153824,9.75432
0.818253,-0.264511,9.73647
0.742081,-0.124069,9.80669
0.831345,-0.196671,9.90547
0.906326,-0.410904,9.89
0.651627,-0.487076,9.86858
0.568314,-0.462082,9.96974
0.742081,-0.45137,9.84834
0.757553,-0.333542,9.93642
0.959885,-0.25975,9.92451
0.970596,-0.174057,9.82573
0.903946,-0.300217,9.83882
0.871811,-0.276413,9.79002
1.03844,-0.251419,9.81145
1.12532,-0.155014,9.85786
0.881332,-0.119308,9.80431
0.80159,-0.0800324,9.76503
0.876572,-0.0800324,9.82216
1.08485,-0.026474,9.84477
1.2003,-0.264511,9.78764
1.1277,-0.501358,9.8055
1.15746,-0.146683,9.84001
1.26219,-0.0336151,9.87334
1.15031,-0.113358,9.68172
1.08723,0.0282745,9.68053
1.13603,-0.0014801,9.63649
1.05391,-0.155014,9.52461
1.02534,-0.00267029,9.42107
0.965836,0.207993,9.4294
0.978928,0.0437469,9.48415
0.9944,-0.221664,9.47819
1.03844,-0.332352,9.53056
1.02653,-0.205002,9.58531
0.99559,-0.333542,9.4651
0.959885,-0.51564,9.38655
0.855148,-0.626328,9.2842
0.982498,-0.825089,9.20445
1.03011,-1.11549,8.95332
0.99321,-1.52492,8.68196
1.18602,-2.05455,8.4713
1.35146,-2.41994,8.40584
1.82158,-2.79604,8.48439
2.34883,-2.64607,8.62364
2.59282,-2.05931,8.9319
2.46904,-1.95576,9.05568
2.51308,-2.60085,9.22231
3.13554,-2.95433,9.65434
3.78777,-3.19832,10.0757
4.19719,-3.05312,10.4149
4.53044,-2.3033,11.1409
4.84227,-2.75319,11.317
5.22075,-2.52705,11.4956
5.34453,-0.952438,11.8955
5.20171,-1.48564,11.7241
5.66469,-1.2726,11.8241
6.22884,0.362717,12.2513
6.0515,0.681686,12.0966
5.36595,-0.479935,11.486
5.61946,-0.0193329,11.8538
5.90987,2.01112,12.074
5.07912,2.56694,11.8764
4.43285,1.67906,11.6824
4.7661,2.62169,11.9966
4.49474,3.7,11.8324
3.7235,3.21916,11.4289
3.44618,2.46935,11.2635
3.95558,2.5479,10.8541
3.59496,2.31819,10.4054
2.7654,2.01826,9.75908
2.38454,2.15157,9.49724
2.01915,2.33485,9.05449
1.35979,2.08849,8.67958
0.840866,2.32533,8.36061
0.778976,2.9109,8.13448
0.664719,3.07158,7.73338
0.076767,2.64668,7.6822
-0.362411,2.06349,7.65483
-0.517136,1.81474,7.43465
-0.899185,1.97423,7.28944
-1.3824,2.61455,7.36324
-1.80611,3.03468,7.3073
-2.29765,2.55742,7.05736
-2.47856,1.89211,6.96928
-2.3286,1.66478,6.88716
-2.62972,2.17894,6.85384
-2.71898,2.20036,6.71934
-3.032,1.6255,6.39204
-3.2141,0.764999,6.13734
-3.12721,0.736435,5.90645
-3.45451,1.8195,6.10164
-3.58067,2.23607,6.39799
-3.59615,1.68858,6.46227
-3.73897,0.260361,6.13496
-3.95677,-0.139542,6.06593
-3.55449,0.992325,6.45988
-3.10936,1.24107,6.77171
-3.55806,0.0413666,6.73125
-3.7473,-0.800095,6.97762
-3.15459,-0.83461,7.32396
-2.84395,-0.51564,7.57628
-3.09865,-0.371628,7.93214
-2.89632,-0.894119,7.87502
-2.53331,-1.25117,8.20708
-2.22981,-1.63084,8.51414
-2.08104,-1.09645,8.88905
-1.91798,-0.804855,9.02235
-1.55379,-1.20595,9.16161
-1.32765,-2.0248,9.78764
-1.60616,-2.91505,9.83287
-1.20387,-2.69487,9.92928
-0.592117,-1.56538,10.497
-0.527847,-1.57967,10.4196
-0.632584,-2.6306,10.2613
-0.54689,-2.89839,10.622
-0.320755,-2.07478,10.9171
-0.469528,-1.20714,11.154
-0.133896,-1.75343,11.0302
0.633774,-2.52348,10.9778
0.786118,-2.93886,11.0933
0.473099,-2.24736,11.2361
0.601639,-0.675125,11.6408
0.755173,-0.726303,11.4122
0.426682,-2.23308,11.0266
0.271957,-2.70439,11.0873
0.915848,-1.56419,11.6384
1.43001,-0.795334,11.6146
1.38716,-1.13811,11.2897
1.32408,-1.76653,11.1099
1.53236,-1.91649,11.204
1.85014,-1.12502,11.4099
1.81563,-0.479935,11.0492
1.48357,-0.460892,10.6958
1.27171,-0.658462,10.4065
1.35741,-0.665604,10.2566
1.47047,-0.416855,10.1911
1.16698,-0.350204,10.0769
1.0432,-0.0217133,9.95784
0.970596,0.244888,9.92808
0.815872,0.287735,10.0459
0.819443,-0.0288544,9.95546
1.03368,-0.700119,9.92451
1.22173,-0.540634,10.0531
1.03011,-0.0609894,10.1994
0.99559,-0.437088,10.1352
1.25148,-0.757248,10.1316
1.40382,-0.783432,10.1007
1.29671,-0.816757,10.0435
1.35265,-0.785812,10.0709
1.44786,-1.01433,9.83287
1.35622,-1.34996,9.69719
1.21696,-1.31902,9.62221
1.21101,-1.12383,9.63768
1.24077,-0.854843,9.54961
1.08842,-1.13454,9.47819
1.09319,-1.2726,9.47105
1.1646,-0.927444,9.66863
1.04201,-0.970291,9.66863
1.0789,-1.07384,9.61031
1.31575,-1.26546,9.58055
1.37407,-1.05479,9.72813
1.13484,-0.944107,9.71623
1.18007,-0.845322,9.71266
1.34789,-0.679886,9.70909
1.23958,-0.816757,9.61626
1.08961,-1.01433,9.61031
1.16817,-1.04408,9.71385
1.27171,-0.938156,9.78169
0.990829,-0.606094,9.9507
0.682571,-1.00124,10.0019
0.856339,-1.37376,9.90428
0.870621,-1.28331,10.0066
0.770645,-1.16667,9.9876
0.858719,-1.15715,10.0316
0.887283,-1.2357,9.93404
0.794449,-1.18214,9.92451
0.873001,-1.09407,9.8781
0.977737,-1.06432,9.95784
0.889664,-1.2119,9.85191
0.850388,-1.13692,9.75313
0.806351,-0.976242,9.85072
0.688522,-0.908401,9.84953
0.519516,-0.986954,9.8293
0.292191,-1.11311,9.79478
0.246964,-0.982193,9.79478
0.383835,-1.0905,9.88881
0.530228,-1.26546,9.98997
0.469528,-1.12621,9.97807
0.342178,-0.933395,9.90309
0.323135,-0.947678,9.89595
0.368362,-1.24046,9.82811
0.456436,-1.13454,9.87334
0.475479,-0.948868,9.92451
0.464767,-1.01552,9.85548
0.396927,-0.879837,9.93999
0.345749,-0.977432,9.86144
0.360031,-1.1024,9.80193
0.429062,-1.10835,9.90071
0.35408,-1.06194,9.88167
0.339798,-1.006,9.90428
0.349319,-0.966721,9.83882
0.336227,-1.02742,9.84596
0.329086,-1.05122,9.79002
0.244583,-0.948868,9.7805
0.169601,-0.89888,9.85786
0.227921,-0.787003,9.88405
0.299332,-0.977432,9.8412
0.214828,-1.22142,9.76741
0.214828,-1.30711,9.76146
0.125565,-1.04646,9.85072
0.0101166,-1.06313,9.95189
0.0755768,-0.981003,9.89476
0.110092,-1.006,9.91618
0.089859,-1.23332,9.89833
0.118423,-1.1143,9.96022
0.285049,-0.995285,10.0792
0.424301,-1.03694,9.99593
0.325516,-0.842941,9.96141
0.125565,-0.854843,9.85905
0.129135,-1.1024,9.75551
0.180313,-1.22023,9.7079
0.168411,-0.926254,9.77217
0.0553436,-0.620377,9.84477
0.089859,-0.751297,9.79359
0.241013,-1.00243,9.76741
0.255295,-0.976242,9.77931
0.166031,-0.841751,9.92451
0.175552,-0.971481,9.85905
0.362411,-1.11787,9.90785
0.246964,-1.1393,9.85667
0.100571,-0.953629,9.8055
0.179123,-0.83223,9.87572
0.276718,-0.921494,9.95665
0.175552,-1.02028,9.90547
0.229111,-0.983383,9.91142
0.206497,-0.988144,9.86144
0.185074,-0.952438,9.94237
0.258865,-0.994095,9.95784
0.250534,-1.13097,9.91499
0.201736,-1.10835,9.88881
0.169601,-1.10121,9.82573
0.118423,-1.02504,9.80907
0.133896,-1.02385,9.84596
0.144608,-0.967911,9.85667
0.129135,-0.948868,9.80907
0.0624847,-0.766769,9.75432
0.16127,-0.892929,9.72099
0.243393,-1.16786,9.66505
0.320755,-1.19167,9.75908
0.282669,-0.904831,9.65791
0.218399,-0.819138,9.52342
0.198166,-0.917923,9.37822
0.258865,-0.985764,9.07948
0.379074,-0.928635,8.99141
0.395737,-0.672745,8.66649
0.396927,-0.458511,8.03688
0.320755,-0.269272,7.42513
0.3517,-0.132401,7.02522
0.687332,-0.00505066,6.97166
1.24434,-0.170486,6.87764
1.94536,-0.594193,7.15614
2.64281,-1.05003,7.58104
3.16887,-1.05479,7.92619
3.67113,-1.29997,8.3499
4.00795,-1.12978,8.48558
3.95915,-1.22261,8.42845
3.93654,-1.14287,8.29158
4.1353,-0.546585,8.16185
4.37215,-0.0931244,8.12852
4.86488,-0.588242,7.7429
5.71587,-0.903641,7.66316
6.39546,-0.598953,7.78456
6.75371,-0.591812,8.04997
7.14528,-0.617996,7.93809
7.41545,-0.281174,7.6822
7.51781,-0.174057,7.27992
7.63564,-0.396622,6.82289
7.76894,-0.819138,6.3242
8.2462,-0.63942,6.1064
8.57588,0.366287,6.02428
8.64848,0.922104,5.85289
8.75322,0.236557,5.32564
9.36974,-0.0705109,5.18163
9.9196,-0.0836029,5.15425
10.2076,-0.0502777,4.92931
10.2374,-0.00743103,4.80196
10.2874,0.105637,4.71864
10.3754,0.277023,4.46156
10.354,0.350815,4.19377
10.0612,0.697159,3.93312
9.86961,0.887589,3.74983
9.90889,0.719772,3.26067
9.97435,0.670975,3.01906
9.9315,0.737625,2.74889
9.84938,0.729294,2.47038
9.73988,1.0197,2.2859
9.68156,0.782852,1.95027
9.68156,0.442459,1.93718
9.63634,1.07921,1.86458
9.63991,1.48149,1.90504
9.70775,1.00423,1.8741
9.78749,0.851883,1.70271
9.7018,1.28749,1.85387
9.63039,1.3232,1.79674
9.65657,0.937576,1.49324
9.72084,0.805466,1.15285
9.68514,1.02208,1.31947
9.48042,1.19585,1.54918
9.46138,0.466263,1.64201
9.63396,0.369858,1.56822
9.51137,0.995895,1.58726
9.48994,1.14229,1.8015
9.61134,0.743576,1.91338
9.81129,0.772141,2.26091
9.90651,0.738815,2.79649
10.1219,0.774521,3.16902
10.241,0.785233,3.56535
10.3778,0.782852,3.86052
10.3564,0.679306,3.99858
10.3147,0.711441,4.0938
10.1695,0.6436,4.28899
10.1969,0.478165,4.49251
10.1505,0.393661,4.45323
10.0422,0.265121,4.58891
9.86485,0.232986,4.86623
9.83629,-0.271652,4.81267
9.93626,-0.235947,5.24113
9.84224,0.0211334,5.40419
9.70894,-0.189529,5.53273
9.48994,-0.491837,5.66246
9.20549,-0.570389,5.77672
8.84129,-0.283554,6.18614
8.57469,-0.224045,6.30397
8.1736,-0.309738,6.27184
7.47139,-0.25975,6.67293
7.0572,-0.509689,6.92406
6.53828,-0.70369,7.00023
5.94081,-0.609665,7.13115
5.55876,-0.490646,7.29778
5.35762,-0.557297,7.54533
4.98271,-0.894119,7.82979
4.41142,-0.864365,7.97499
3.70445,-0.562057,7.77861
2.89989,-0.597763,7.731
2.48213,-0.756058,7.71077
1.9894,-0.664413,7.39418
1.42406,-0.488266,7.26921
0.881332,-0.309738,7.28825
0.60997,-0.531113,7.42751
0.520706,-0.365677,7.52748
0.561172,-0.183578,7.75362
0.468338,-0.143112,7.9012
0.248154,-0.227615,8.07735
0.174362,-0.270462,8.36299
0.273148,-0.526352,8.5677
0.392166,-0.591812,9.00331
0.505234,-0.6418,9.18303
0.462387,-0.441849,9.29015
0.489761,-0.51088,9.56032
0.768265,-0.939346,9.671
0.937271,-1.13335,9.83525
1.13841,-1.006,10.0245
1.19078,-0.670364,10.0519
1.12294,-0.609665,10.0709
1.08128,-0.804855,9.96141
1.12413,-1.06194,9.84358
1.13365,-0.823898,10.0126
1.16222,-0.51207,10.0412
1.19792,-0.535873,10.0709
1.21696,-0.878647,9.87929
1.19554,-1.01909,9.83644
1.28362,-0.83461,9.95427
1.23601,-0.654892,9.82335
1.14793,-0.64537,9.81383
1.19554,-0.777481,9.87929
1.12532,-0.797714,9.80073
1.03725,-0.756058,9.81383
1.14555,-0.784622,9.8531
1.15508,-0.781052,9.82811
1.0551,-0.712021,9.80907
1.14674,-0.729874,9.83644
1.19911,-0.748917,9.84715
1.11461,-0.838181,9.84001
1.13484,-0.751297,9.85072
1.07057,-0.753677,9.79002
1.06105,-0.916733,9.81383
1.16579,-0.828659,9.88286
1.07533,-0.608475,9.85786
1.08009,-0.697739,9.81859
1.08247,-0.931015,9.81502
1.10628,-1.05479,9.82335
1.17055,-0.77272,9.91618
1.05867,-0.679886,9.82811
1.04082,-0.881027,9.76622
1.10271,-0.90126,9.80788
1.12175,-0.825089,9.82692
1.0432,-0.714401,9.77574
0.988449,-0.691788,9.79002
1.092,-0.77391,9.66267
1.09319,-0.811996,9.7198
1.00987,-0.747726,9.76265
1.05153,-0.663223,9.81383
1.12413,-0.675125,9.84953
1.0432,-0.806046,9.72099
0.962265,-0.888168,9.70552
0.981308,-0.797714,9.74123
1.04915,-0.734634,9.83406
1.10628,-0.803665,9.86858
1.08128,-0.734634,9.8781
0.980118,-0.653702,9.80788
0.969406,-0.83461,9.81621
1.06105,-0.764389,9.83287
1.03963,-0.652512,9.76979
0.969406,-0.627518,9.80312
0.986069,-0.757248,9.75075
1.03963,-0.891739,9.73527
1.04082,-0.732254,9.81145
1.01701,-0.725113,9.82811
1.03963,-0.779861,9.79836
1.10152,-0.814377,9.72337
1.08009,-0.791763,9.75432
1.03487,-0.760818,9.8055
1.03725,-0.742966,9.84001
1.0182,-0.850082,9.82335
1.05034,-0.864365,9.88762
0.984879,-0.658462,9.90071
1.02892,-0.646561,9.96141
1.07533,-0.789383,9.86739
1.10509,-0.869125,9.89119
1.09795,-0.757248,9.93523
1.08366,-0.796524,9.83406
1.06581,-0.822708,9.81264
0.977737,-0.778671,9.68529
0.908707,-0.688217,9.72099
0.949173,-0.729874,9.78883
1.02177,-0.739395,9.79002
0.980118,-0.652512,9.8055
1.00987,-0.682266,9.8531
1.00154,-0.775101,9.74361
1.01463,-0.89769,9.76146
0.951553,-0.662033,9.86382
0.926559,-0.569199,9.87691
0.93251,-0.748917,10.0031
1.07295,-0.751297,10.1435
1.16341,-0.670364,10.4113
1.28004,-0.612045,10.7838
1.22768,-0.332352,11.0992
1.27885,-0.565628,11.4896
1.70851,-1.00481,12.1942
2.11079,-0.995285,12.587
1.91441,-1.00719,12.5751
1.59782,-0.969101,12.4418
1.261,-1.03813,12.5275
0.912277,-1.21428,12.1478
0.563553,-1.2238,11.8264
0.307663,-1.05241,11.5753
-0.0589142,-1.01552,11.2242
-0.526657,-1.17857,10.7767
-1.03606,-1.394,10.4553
-1.49785,-1.29521,9.76503
-1.96083,-1.27498,9.33299
-2.38335,-0.919113,8.72719
-2.85466,-0.585861,8.37965
-3.46523,-0.453751,7.78337
-4.10078,-0.851273,7.46678
-4.56615,-0.888168,6.97642
-5.04341,-0.566818,6.65269
-5.35524,-0.614426,6.53011
-5.5421,-0.339493,6.17424
-5.98485,-0.178818,5.85884
-6.524,-0.0752716,5.83742
-6.80846,-0.332352,5.59224
-6.93224,-0.270462,5.47203
-7.02388,-0.0300446,5.57082
-7.23573,0.166336,5.28993
-7.60231,0.135391,5.05428
-7.84987,0.112778,4.92455
-8.06291,0.440079,4.46632
-8.34023,0.672165,4.08784
-8.70442,0.329391,3.83195
-8.7925,0.57576,3.0619
-9.06029,1.11253,2.54179
-9.35545,1.52315,2.21806
-9.61968,1.55885,1.60036
-9.77321,1.51244,1.23854
-9.79225,1.66835,1.32542
-9.74703,1.9409,1.13737
-9.82677,1.99208,1.0005
-9.93507,1.66716,1.07668
-9.88985,1.52434,1.2433
-9.7863,1.36842,1.68605
-9.68514,1.07921,2.00859
-9.55302,1.09111,2.08119
-9.57802,1.39461,2.05739
-9.74107,1.37794,2.18712
-9.61372,1.0078,2.34541
-9.61968,1.17085,2.35136
-9.72203,1.38985,2.08
-9.75297,1.33034,2.2502
-9.66014,0.983994,2.38707
-9.66847,1.02446,2.31804
-9.67323,1.2137,2.22639
-9.75297,1.27321,1.98598
-9.74107,1.15062,1.93004
-9.76012,0.810226,1.91338
-9.69585,0.886398,1.97408
-9.5804,1.39699,2.02644
-9.48875,1.39818,1.95027
-9.56731,1.20775,2.02406
-9.52565,0.923294,2.13118
-9.50423,0.89592,2.23592
-9.35902,1.21251,2.4204
-9.2888,1.27083,2.76317
-9.20787,1.19109,2.81792
-9.06743,1.2625,3.21544
-8.94841,1.0804,3.55464
-8.86748,0.76738,3.78197
-8.71632,0.907822,3.96407
-8.55327,1.04707,4.29851
-8.3914,0.829269,4.61034
-8.28191,0.379379,4.96025
-8.08553,0.186569,5.14711
-7.81416,0.412704,5.44466
-7.64278,0.659073,5.66127
-7.64992,0.456741,5.72435
-7.63921,0.348434,6.01356
-7.29048,0.32225,6.40633
-6.99055,0.487686,6.59319
-6.9001,0.64122,6.55629
-7.02864,0.538864,6.57176
-6.73824,0.343674,7.06569
-6.4276,0.0592194,7.34895
-6.18004,0.12587,7.50844
-5.90987,0.0782623,7.85002
-5.83488,-0.139542,7.86311
-5.67659,-0.283554,8.06782
-5.39809,-0.282364,8.52724
-5.15172,-0.283554,8.59865
-4.97081,-0.562057,8.37608
-4.89583,-0.362106,8.16304
-4.60899,-0.423996,8.52605
-4.26503,-0.732254,8.84502
-4.16624,-0.791763,8.73552
-4.00438,-0.495407,8.99498
-3.56996,-0.266891,8.86168
-3.37001,-0.337112,8.98903
-3.32002,-0.466843,9.30443
-3.04509,-0.466843,9.47819
-2.83086,-0.521591,9.36156
-2.63091,-0.508499,9.43059
-2.23219,-0.562057,9.54842
-2.03462,-0.57991,9.61031
-1.99416,-0.509689,9.87334
-1.76326,-0.469223,10.1697
-1.32646,-0.677505,9.96736
-1.05748,-0.372818,9.87572
-0.873001,-0.264511,10.2709
-0.600449,-0.552536,10.5803
-0.345749,-0.779861,10.4208
-0.311234,-0.70726,10.2197
-0.520706,-0.399002,9.89952
-0.365982,-0.133591,9.87096
-0.00297546,-0.0300446,10.0031
0.393356,-0.221664,10.3649
0.649246,-0.440659,10.0233
0.67305,-0.478745,10.09
0.894424,-0.483505,10.1852
1.06105,-0.290695,10.2375
1.15746,-0.143112,10.2471
1.1039,-0.0574188,10.2328
1.13841,-0.157394,10.1459
1.44429,-0.354965,10.2411
1.65971,-0.483505,10.1161
1.71327,-0.51683,10.3113
1.65495,-0.366867,10.1268
1.73708,-0.134781,10.4327
2.10008,-0.44899,10.5755
2.36549,-0.382339,10.691
2.47499,-0.328781,10.8838
2.48451,-0.548965,10.7315
2.33812,-0.610855,10.5874
2.10127,-0.717972,10.3542
1.94179,-0.472794,10.1756
1.85014,-0.393051,9.98879
1.74422,-0.402573,9.87096
1.73827,-0.433517,9.7317
1.78706,-0.433517,9.69838
1.77516,-0.362106,9.75432
1.69066,-0.437088,9.64363
1.72755,-0.501358,9.63173
1.60497,-0.539444,9.51985
1.54784,-0.648941,9.41512
1.53593,-0.64061,9.502
1.61925,-0.552536,9.52104
1.58711,-0.600143,9.52699
1.54189,-0.591812,9.61031
1.60854,-0.406143,9.75075
1.66804,-0.350204,9.74599
1.69899,-0.328781,9.83763
1.66924,-0.553726,9.79359
1.65019,-0.715591,9.77455
1.73946,-0.719162,9.72694
1.59306,-0.485886,9.62102
1.5395,-0.408524,9.69124
1.61449,-0.554916,9.81264
1.67519,-0.38591,9.91499
1.61449,-0.25737,9.80073
1.54427,-0.328781,9.83406
1.63115,-0.546585,9.80312
1.61211,-0.473984,9.89833
1.41811,-0.479935,9.88286
1.38716,-0.606094,9.82811
1.43358,-0.57515,9.82097
1.32527,-0.390671,9.74599
1.23482,-0.548965,9.74718
1.31694,-0.620377,9.82692
1.21815,-0.623947,9.72932
1.06462,-0.551346,9.75194
1.03249,-0.358536,9.77098
1.05272,-0.1931,9.85667
1.11699,-0.435898,9.91975
1.24791,-0.520401,9.9864
1.31456,-0.404953,10.0316
1.19078,-0.541824,9.91856
1.18602,-0.76796,9.7448
1.05629,-0.915543,9.6841
1.01344,-1.06908,9.66863
0.933701,-1.01433,9.60792
0.764694,-0.800095,9.56865
0.748032,-0.728684,9.49486
0.714706,-0.587051,9.54365
0.755173,-0.585861,9.5508
0.838486,-0.775101,9.59483
0.813492,-0.909592,9.45439
0.696854,-0.745346,9.49962
0.60997,-0.590622,9.49605
0.618301,-0.500168,9.66981
0.693283,-0.572769,9.80669
0.695663,-0.609665,9.85786
0.748032,-0.443039,9.99712
0.876572,-0.509689,10.1078
1.13365,-0.596573,10.1542
1.14198,-0.494217,10.1376
0.99559,-0.602524,10.0602
1.08842,-0.816757,10.0507
1.09438,-0.719162,9.87453
1.05272,-0.393051,9.79836
1.10985,-0.435898,9.72575
1.15746,-0.407333,9.58055
1.10152,-0.268082,9.53413
1.08128,-0.249039,9.50319
1.03606,-0.244278,9.4413
1.00035,-0.327591,9.39012
1.00987,-0.32283,9.46629
1.02296,-0.162155,9.696
1.06462,-0.139542,9.64244
1.27528,-0.155014,9.77693
1.33955,0.0235138,9.69005
1.18959,0.117538,9.60674
1.16579,0.0687408,9.77812
1.32408,-0.245468,9.64363
1.47524,-0.105026,9.61507
1.30147,-0.039566,9.37584
1.24672,-0.0145721,9.54008
1.49071,0.0306549,9.66981
1.60735,0.0437469,9.67934
1.73112,0.355576,9.82216
1.7585,0.532913,9.76979
1.72755,0.234177,9.83168
1.65733,0.159195,9.91261
1.80373,0.374619,9.94713
1.93465,0.561478,10.0388
1.83824,0.437698,9.9745
1.78111,0.203232,9.94356
1.85609,0.418655,9.97331
1.88466,0.493637,10.0769
1.86562,0.454361,9.87096
1.88466,0.615036,9.76384
1.89418,0.566238,9.65315
1.81206,0.530533,9.61983
1.74541,0.397232,9.59959
1.71446,0.278214,9.48058
1.73589,0.474594,9.55556
1.90251,0.543625,9.69124
1.98225,0.330582,9.88881
2.05843,0.221085,9.93166
1.9287,0.504349,9.85191
1.8192,0.553146,9.82216
1.91084,0.547195,9.69719
1.90965,0.457932,9.62816
