1.03844,-0.710831,9.84953
1.08842,-0.696548,9.86858
1.11461,-0.594193,9.89476
1.05272,-0.57991,9.86858
1.04796,-0.570389,9.86382
1.04082,-0.541824,9.82335
1.07414,-0.556107,9.80431
1.03368,-0.548965,9.70909
1.07176,-0.620377,9.88524
1.10509,-0.529922,9.92808
1.03368,-0.241898,9.85905
1.03606,-0.520401,9.95189
1.00749,-0.551346,9.96379
1.02653,-0.363297,9.97093
0.900375,-0.368057,9.84001
0.886093,-0.396622,9.80669
0.917038,-0.410904,9.78526
0.93132,-0.318069,9.80431
0.912277,-0.265701,9.72813
0.831345,-0.284744,9.65434
0.764694,-0.45137,9.54485
0.833725,-0.563248,9.40678
0.890854,-0.682266,9.25682
0.845627,-0.651321,9.29015
0.821823,-0.670364,9.283
0.824203,-0.625137,9.4044
0.857529,-0.63942,9.45915
0.890854,-0.656082,9.57817
0.990829,-0.629898,9.73527
1.05986,-0.70369,9.80193
0.855148,-0.701309,9.72575
0.848007,-0.710831,9.80907
0.888474,-0.865555,9.80193
0.971786,-0.920303,9.75194
0.86705,-0.853653,9.54008
0.740891,-0.813187,9.41155
0.745651,-0.696548,9.283
0.669479,-0.63942,9.04259
0.540939,-0.756058,9.17589
0.719467,-0.889359,9.37822
0.826584,-1.03694,9.55199
0.947983,-1.12025,9.72813
1.08604,-1.02028,9.96141
1.19554,-1.06551,9.97807
1.26695,-1.20595,9.94475
1.31218,-1.15358,9.92571
1.32646,-1.12978,10.0519
1.37645,-1.09407,9.90428
1.25743,-1.04408,9.76384
1.13603,-1.02266,9.73766
1.12413,-1.0298,9.74718
1.16698,-1.07979,9.74718
1.14793,-1.06075,9.73766
0.888474,-1.16786,9.48058
0.86467,-1.15358,9.6472
0.99559,-1.20595,9.77336
1.17888,-1.32735,9.74956
1.23363,-1.33687,9.64482
1.1646,-1.19881,9.57103
1.28362,-1.27022,9.67815
1.3455,-1.24165,9.68767
1.36455,-1.20595,9.70909
1.30742,-1.175,9.73052
1.286,-1.15358,9.76146
1.36931,-1.34877,9.86144
1.44548,-1.28212,9.89
1.40739,-1.41304,9.7924
1.2979,-1.36305,9.55913
1.21935,-1.28212,9.58055
1.24553,-1.18929,9.5377
1.16222,-1.06075,9.57817
1.18602,-1.11787,9.59483
1.22411,-1.24879,9.80669
1.4312,-1.175,10.1614
1.42406,-1.37495,10.0804
1.39787,-1.30354,9.96379
1.25505,-1.20357,9.69957
1.07176,-1.32259,9.69719
0.99559,-1.29878,9.65434
1.05034,-1.42256,9.63292
1.28362,-1.43446,9.71385
1.44548,-1.49397,9.7805
1.56688,-1.40352,9.69243
1.65019,-1.26308,9.92333
1.74303,-1.19167,9.85667
1.73351,-1.23213,9.90666
1.69304,-1.21547,9.85905
1.72636,-1.11311,9.85667
1.77159,-1.16548,9.88048
1.70256,-1.20357,9.72575
1.53593,-1.16072,9.56389
1.40501,-1.16072,9.53056
1.35503,-1.22737,9.35918
1.5526,-1.563,9.63292
1.55974,-1.47255,9.47343
1.57402,-1.55824,9.74242
1.75017,-1.71059,9.81859
1.86443,-1.78914,9.87096
1.78825,-1.73915,9.94475
1.75255,-1.72725,9.95665
1.63829,-1.57491,10.0828
1.5883,-1.48921,10.2066
1.63829,-1.34639,10.1518
1.68352,-1.28212,10.1495
1.76445,-1.33687,10.2137
1.94774,-1.35353,10.2161
2.01677,-1.30116,10.2661
2.10008,-1.26546,10.1304
2.06914,-1.175,10.1947
2.05724,-1.12502,10.1328
2.04771,-1.11311,10.109
2.08104,-1.25117,10.0661
1.98582,-1.2607,10.0066
1.9406,-1.04884,9.39726
1.87395,-0.920303,9.42345
1.80492,-0.915543,9.54008
1.76921,-0.903641,9.63292
1.91203,-0.996475,9.69719
1.93108,-1.00124,9.62578
1.88347,-1.03932,9.52818
1.82634,-1.10597,9.4901
1.83586,-1.20595,9.43773
1.8311,-1.14644,9.48058
1.74065,-0.948868,9.54723
1.66447,-0.870316,9.61388
1.69542,-0.920303,9.61388
1.7216,-1.02504,9.7686
1.6978,-1.00362,9.93285
1.67162,-0.886978,10.0304
1.60735,-0.860794,10.0447
1.57878,-0.882217,9.93047
1.52641,-1.05836,9.77336
1.6002,-1.19405,9.7448
1.455,-1.01552,9.60674
1.40977,-1.00124,9.50676
1.46452,-1.00124,9.57103
1.39549,-0.96553,9.54246
1.41692,-0.936966,9.46629
1.42882,-1.0417,9.51628
1.39549,-0.991715,9.58055
1.29314,-0.90126,9.68767
1.22887,-0.951248,9.65434
1.22649,-1.06313,9.61626
1.31218,-1.10359,9.57817
1.40263,-1.01552,9.68291
1.47404,-0.956009,9.71385
1.48119,-0.989334,9.72575
1.4193,-0.922684,9.68529
1.41216,-0.825089,9.68529
1.33836,-0.729874,9.71623
1.38359,-0.76796,9.65672
1.43358,-0.789383,9.59721
1.40025,-0.83461,9.54246
1.35741,-0.958389,9.70195
1.32408,-1.006,9.69481
1.25505,-0.967911,9.6472
1.25743,-0.977432,9.78526
1.33598,-0.948868,9.77098
1.31456,-0.927444,9.83763
1.36217,-0.984573,9.71147
1.39787,-1.02504,9.67577
1.35265,-1.01076,9.6472
1.3336,-1.0417,9.6591
1.36455,-1.11787,9.73527
1.38597,-0.979813,9.86858
1.34074,-1.006,9.85429
1.36931,-0.925064,9.88524
1.39549,-0.994095,9.81383
1.45738,-1.06789,9.78764
1.44548,-0.996475,9.85667
1.44072,-0.958389,9.79002
1.47166,-0.989334,9.84239
1.49309,-1.00838,9.87096
1.54546,-0.894119,10.0114
1.53355,-0.889359,10.0709
1.52403,-0.870316,9.93285
1.50261,-0.848892,9.91142
1.42882,-0.76796,9.89476
1.42406,-0.83223,9.87096
1.48595,-0.782242,9.85667
1.48595,-0.77272,9.75194
1.44548,-0.713211,9.84239
1.53831,-0.696548,9.69481
1.61687,-0.677505,9.74956
1.61211,-0.663223,9.79716
1.58592,-0.758438,9.67577
1.63829,-0.739395,9.72337
1.60258,-0.789383,9.6353
1.52879,-0.808426,9.52342
1.52879,-0.83461,9.45201
1.54784,-0.825089,9.57103
1.58116,-0.775101,9.57579
1.47643,-0.798904,9.54723
1.64305,-0.83461,9.90428
1.73589,-0.877457,9.8662
1.68352,-0.808426,9.89238
1.5883,-0.720352,9.8781
1.65019,-0.810806,9.85191
1.60497,-0.829849,9.74718
1.56688,-0.853653,9.64482
1.56926,-0.83461,9.502
1.43358,-0.734634,9.57103
1.42168,-0.787003,9.57579
1.48119,-0.829849,9.72099
1.53355,-0.822708,9.57103
1.50499,-1.02028,9.6115
1.5407,-1.01552,9.64482
1.57402,-0.996475,9.72575
1.52403,-0.89888,9.76384
1.4193,-0.789383,9.77812
1.51927,-0.83461,9.91618
1.5407,-0.922684,9.87572
1.54308,-0.863174,9.84953
1.54546,-0.784622,9.92333
1.49547,-0.734634,9.87334
1.50499,-0.777481,9.85667
1.55974,-0.891739,9.84001
1.53117,-0.956009,9.78764
1.54784,-0.934586,9.71623
1.49309,-0.839371,9.7924
1.45738,-0.775101,9.73766
1.44548,-0.856033,9.71147
1.47404,-0.891739,9.73289
1.53593,-0.801285,9.7567
1.49071,-0.848892,9.66148
1.46928,-0.83699,9.60912
1.45738,-0.791763,9.66386
1.55736,-0.886978,9.75194
1.5764,-0.910782,9.72099
1.65019,-0.941727,9.71147
1.71922,-0.958389,9.63292
1.68828,-0.932205,9.58531
1.70018,-0.910782,9.64958
1.674,-0.90126,9.71385
1.63353,-0.863174,9.70195
1.60258,-0.908401,9.54723
1.59782,-0.925064,9.60674
1.62877,-0.882217,9.64006
1.62639,-0.89888,9.61388
1.51213,-0.894119,9.59959
1.48357,-0.817947,9.6591
1.44786,-0.839371,9.66386
1.51689,-0.794144,9.65434
1.67162,-0.860794,10.3566
1.6978,-0.870316,10.4922
1.81444,-0.944107,10.7707
1.86205,-1.00362,10.9064
1.86681,-1.08455,11.1016
1.99297,-1.00838,11.2421
2.10008,-0.910782,11.4872
2.19054,-0.856033,11.6562
2.17625,-0.629898,11.8157
2.1953,-0.506119,11.9847
2.21196,-0.546585,12.1514
2.30956,-0.672745,12.2585
2.44524,-0.656082,12.437
2.51903,-0.684647,12.7488
2.66423,-0.789383,12.9274
2.79277,-0.920303,12.9464
2.84276,-1.05598,12.8036
2.72612,-1.06075,12.6536
2.42619,-1.05836,12.6512
2.23338,-1.00124,12.7964
2.10722,-0.879837,12.5989
1.87157,-0.83461,12.2966
-2.02272,-0.598953,8.92119
-2.21077,-0.77272,8.9688
-2.17744,-0.791763,8.62602
-2.33693,-0.908401,8.72362
-2.38216,-1.05598,8.55461
-2.43214,-1.06789,8.3261
-2.63686,-0.751297,7.78575
-3.08675,-0.558487,7.36205
-3.66756,-0.32045,7.11687
-3.96034,-0.370438,7.3073
-3.95558,-0.38472,7.34776
-3.85561,-0.610855,7.13353
-3.85085,-0.725113,7.0526
-3.89607,-1.00362,7.40251
-3.83656,-0.877457,6.91692
-4.20314,-0.803665,7.06212
-4.36501,-0.446609,6.51225
-4.72206,-0.163345,6.46941
-4.972,0.0104218,6.1671
-5.22432,0.0508881,6.22185
-6.96675,0.131821,5.42442
-6.96913,0.169907,5.23637
-7.14528,0.291306,5.38634
-7.26192,0.262741,5.77672
-7.15004,0.379379,5.67198
-7.31667,0.415085,5.7553
-7.52376,0.553146,5.34111
-7.84035,0.691208,5.24113
-7.98555,0.822128,5.0031
-8.15694,1.0078,4.76744
-8.34737,1.1768,4.47942
-8.43068,1.18394,4.31993
-8.48067,1.26488,4.25804
-8.51399,1.2863,4.13426
-8.69014,1.34343,4.08665
-8.7925,1.48149,4.11522
-8.95436,1.81474,3.94383
-9.19002,2.05516,3.8629
-9.32332,2.32176,3.43443
-9.4947,2.317,3.03929
-9.74226,1.1292,2.68224
-9.63277,0.943527,2.50847
-9.57326,0.738815,2.54179
-9.4709,0.598373,2.69652
-9.42806,0.555527,2.79649
-9.49709,0.665024,2.89885
-9.50661,0.779282,3.04405
-9.43758,0.905441,3.02739
-9.47328,1.1292,2.66319
-9.58992,1.2506,2.32756
-9.69704,1.26012,2.12761
-9.71608,1.24107,2.2252
-9.56612,1.19823,2.51799
-9.27809,1.1768,3.25591
-8.90199,1.22203,3.75102
-8.62587,1.09111,4.17473
-8.47829,0.945908,4.1414
-8.60921,0.993515,3.69389
-8.70918,1.06493,3.4987
-8.69966,1.06969,3.54869
-7.519,-0.175247,5.62913
-7.3,0.0723114,5.59819
-7.31191,0.405563,5.50774
-7.35951,0.407944,5.91716
-7.1786,0.207993,6.29326
-7.00246,-0.144302,6.50749
-6.85487,-0.263321,6.54558
-6.81441,-0.215714,6.93834
-6.7906,-0.0276642,7.01213
-6.85963,0.122299,6.95262
-6.92866,0.0937347,7.17876
-6.75728,-0.0609894,6.89073
-6.55257,-0.508499,6.74553
-6.20265,-0.860794,6.92168
-5.83369,-0.865555,6.87645
-5.85988,-0.589432,6.86217
-6.03127,-0.279984,6.8217
-6.15504,-0.151443,7.20018
-5.9789,-0.546585,7.37633
-5.58138,-0.822708,7.3192
-3.86751,-1.1512,8.68791
-3.61995,-1.28212,9.12828
-3.26765,-1.4297,10.0447
-2.75111,-1.50349,10.3542
-2.28218,-1.4416,10.0661
-2.24171,-1.03694,9.70909
-2.5345,-0.96077,9.22588
-2.96535,-1.14882,9.03069
-3.08437,-1.33449,8.89262
-2.93916,-1.23927,8.56651
-2.93916,-1.15596,8.56175
-2.90822,-1.09169,8.9926
-2.44881,-1.20595,10.0447
-1.66804,-1.32259,10.8945
-0.839676,-1.36067,11.3468
-0.230301,-1.60109,11.1207
-0.0755768,-1.71059,10.6731
-0.420731,-1.53206,9.95189
-1.20863,-1.22499,9.39012
-1.8799,-0.870316,9.2711
0.100571,-1.36781,10.3827
0.217209,-1.70107,10.1994
0.236252,-1.74391,10.0043
0.176743,-1.62727,9.82097
0.038681,-1.5273,9.83525
0.16246,-1.79628,10.1352
0.667099,-2.01051,10.2613
1.0432,-2.02003,10.3494
1.26457,-1.86055,10.2732
1.08366,-1.60347,10.3423
1.07652,-1.50349,10.2209
1.16222,-1.26308,9.91618
1.21935,-1.28688,9.7686
1.23839,-1.03932,9.75908
1.16222,-0.779861,9.77336
1.16698,-0.779861,10.466
1.50023,-0.827469,10.9278
1.91917,-1.09883,10.6827
1.93822,-1.24403,10.1923
1.87157,-0.948868,9.97093
1.88109,-0.682266,9.99235
1.97392,-0.744156,10.0995
2.16911,-0.932205,10.0947
2.27147,-1.13692,10.1304
2.29289,-1.35591,10.1352
2.36906,-1.46303,10.0043
2.29765,-1.39638,10.2542
2.47618,-1.43922,10.3923
2.59282,-1.50111,10.178
2.4857,-1.38686,9.97331
2.34526,-1.17976,9.83525
2.28099,-1.05598,9.87572
2.18101,-1.03456,9.79478
2.15483,-1.12025,9.77098
2.22386,-1.20833,9.72813
2.25243,-1.12978,9.62816
2.28575,-1.1631,9.49248
2.27623,-1.06789,9.33537
2.20482,-0.946487,9.04973
2.18578,-0.734634,8.89262
3.14983,-1.57967,9.671
3.25694,-1.5273,9.78288
3.34502,-1.56776,9.82573
3.36644,-1.50111,9.92571
3.29503,-1.45113,10.0185
3.20934,-1.46541,9.9138
3.13792,-1.37733,9.95665
3.05937,-1.35591,9.87572
3.02843,-1.34877,9.89476
3.00462,-1.39876,9.95189
3.07842,-1.43208,9.82097
3.04985,-1.40352,9.70195
2.9713,-1.37972,9.70909
2.98796,-1.31306,9.68053
2.90465,-1.23451,9.76146
2.96654,-1.175,9.71861
2.88799,-1.13216,9.67339
2.8856,-1.17262,9.55199
2.86894,-1.1631,9.47582
2.84752,-1.19881,9.47105
2.94273,-1.50349,9.07829
2.96416,-1.43922,9.22111
2.92607,-1.34877,9.26396
2.91179,-1.36067,9.25206
2.8618,-1.4178,9.18303
2.90227,-1.37257,9.26158
2.93559,-1.40828,9.30919
3.00938,-1.3821,9.3687
2.98082,-1.37972,9.29967
2.92131,-1.37257,9.29729
2.70708,-1.16548,9.283
2.74516,-1.15596,9.20921
2.76421,-1.23689,9.21397
2.84514,-1.28688,9.21874
2.83324,-1.39638,9.29253
2.8856,-1.32973,9.24968
2.88799,-1.33449,9.28062
2.94273,-1.43922,9.30205
3.01891,-1.37019,9.44249
2.98558,-1.32973,9.45201
2.98796,-1.27736,9.55199
2.95226,-1.26308,9.5139
2.84752,-1.36543,9.37346
2.89275,-1.44399,9.31395
2.9594,-1.5154,9.37346
2.90227,-1.47017,9.32109
2.8737,-1.38686,9.37584
2.84038,-1.31306,9.3568
2.82133,-1.29878,9.34727
2.81895,-1.31783,9.43059
2.8737,-1.47731,9.24968
2.81895,-1.42494,9.2592
2.77135,-1.43684,9.23302
2.69994,-1.38686,9.11876
2.73564,-1.34877,9.09734
2.81657,-1.32259,9.19969
2.8261,-1.42018,9.2354
2.89513,-1.47017,9.31633
2.84514,-1.4059,9.22826
2.82848,-1.37019,9.2473
2.83086,-1.40114,9.27348
2.90465,-1.33925,9.32347
2.8737,-1.38924,9.32109
2.89513,-1.43922,9.29729
2.9594,-1.47969,9.33537
2.94987,-1.51064,9.283
2.94749,-1.52492,9.3806
3.01176,-1.51064,9.37584
2.9594,-1.47969,9.34251
2.9713,-1.42256,9.38298
2.96892,-1.4178,9.44963
2.96178,-1.45827,9.46153
2.94511,-1.5273,9.44963
2.94035,-1.49159,9.44249
2.93083,-1.42018,9.41155
2.89513,-1.41066,9.36632
2.84514,-1.46779,9.33537
2.88084,-1.45351,9.29967
2.87132,-1.37257,9.26158
2.77611,-1.27974,9.32823
2.8261,-1.2726,9.22588
2.84514,-1.25356,9.283
2.8856,-1.34877,9.23064
2.93559,-1.46541,9.2235
2.9713,-1.39162,9.26158
2.9594,-1.36305,9.29729
2.92607,-1.2964,9.2354
2.89037,-1.3083,9.11162
2.90227,-1.36305,9.19017
2.83324,-1.32735,9.19493
3.01653,-1.44637,9.19493
2.9832,-1.28926,9.15447
2.9713,-1.33687,9.09972
3.02367,-1.66536,8.92833
2.94273,-1.73677,8.80455
2.89513,-1.74867,8.75694
2.8618,-1.81056,8.67363
2.76659,-1.73201,8.59508
2.74754,-1.81056,8.52605
2.7047,-1.87245,8.59508
2.83324,-1.95338,8.82597
3.02605,-2.18428,9.07591
3.29265,-2.5699,9.08067
3.39024,-2.85555,9.01164
3.33549,-2.85078,8.94023
3.14507,-2.74367,8.94023
2.97844,-2.63417,8.96166
2.87846,-2.65083,8.84264
2.96892,-2.79604,8.74028
3.06651,-3.02217,8.70933
4.50426,-3.04359,10.0304
4.69945,-2.81032,10.1518
4.77086,-2.49135,10.4446
4.95415,-2.12001,10.3756
4.90178,-2.26283,10.2923
4.87559,-2.12239,10.4422
4.85893,-1.91768,10.4827
4.73277,-1.56538,10.5494
4.75896,-1.38448,10.6779
4.83037,-1.17024,10.835
4.92796,-0.996475,10.8636
5.03746,-0.860794,10.7993
5.10173,-0.829849,10.785
5.11363,-1.02266,10.7493
5.11363,-1.03932,10.7588
5.11839,-1.47969,10.7493
5.10887,-1.76295,10.7541
5.08507,-1.73439,10.7541
5.06602,-1.37495,10.9493
5.00175,-0.787003,11.0921
3.49736,0.888779,10.4803
3.19981,0.843552,10.566
2.93083,0.857834,10.5946
2.81181,0.722153,10.3518
2.91179,0.362717,10.2685
2.95464,0.241318,9.97569
2.9951,0.348434,9.97807
2.80943,0.748337,9.79716
2.4976,1.14348,9.85667
2.26433,1.31963,9.86144
1.89537,1.34819,9.88286
1.674,1.13396,9.92094
1.75255,0.884018,9.96617
1.9525,0.505539,9.79002
2.04057,0.222275,9.62816
1.98582,0.0128021,9.66386
1.80968,0.0318451,9.46391
1.52403,0.372238,9.40678
1.19554,0.562668,9.28538
0.914658,0.829269,9.18303
0.769455,0.967331,9.2235
0.750412,0.917343,9.19969
0.60759,0.762619,9.25206
0.364792,0.557907,9.12114
0.176743,0.360336,8.96166
0.0101166,0.493637,8.7498
-0.173172,0.617416,8.64983
-0.470718,0.869736,8.71172
-0.475479,1.0435,8.98784
-0.534988,1.5648,8.8593
-0.823013,1.66954,8.62364
-1.14198,1.62907,8.41893
-1.5395,1.42198,8.21184
-2.04176,1.31487,7.94048
-2.28456,1.33153,7.76671
-2.39882,1.26964,7.55724
-2.46309,1.13634,7.53819
-2.39406,0.912582,7.46916
-2.32979,0.824509,7.37633
-2.51308,0.819748,7.39537
-2.6559,0.891159,7.54295
-2.79396,1.19109,7.67625
-2.73921,1.2625,7.62865
-2.68446,1.20537,7.44536
-2.80348,0.955429,7.30016
-2.92726,0.688828,7.35966
-3.11531,0.479355,7.38585
-3.42476,0.536484,7.42632
-3.63423,0.688828,7.51677
-3.65565,0.891159,7.4882
-3.50807,0.748337,7.20256
-3.23671,0.362717,7.13353
-3.02486,-0.0324249,6.95738
-3.10817,-0.241898,6.75743
-3.13435,-0.351395,6.78362
-3.30574,-0.0205231,6.8098
-3.46999,0.229416,6.78123
-3.61995,0.488876,6.72887
-3.59615,0.710251,6.81932
-3.70326,0.724533,7.10259
-3.808,0.784042,7.13829
-3.88417,0.653122,7.26921
-3.89845,0.441269,7.27635
-3.81752,0.0413666,7.20256
-3.6866,-0.215714,7.28587
-3.46523,-0.441849,7.30016
-3.3343,-0.475174,7.50249
-3.2986,-0.170486,7.70244
-3.42714,0.00804138,8.05949
-3.7104,0.0128021,8.0952
-3.64375,-0.253799,8.14281
-3.26765,-0.518021,8.04759
-2.91536,-0.889359,7.89287
-2.86061,-1.32021,7.90239
-2.83443,-1.70345,7.85954
-3.12007,-1.82722,7.92857
-3.46284,-1.63679,7.93571
-3.68422,-1.29164,7.9976
-2.06081,-2.79842,9.00212
-1.94417,-2.65559,9.13066
-1.97749,-2.339,9.3925
-1.83705,-2.01527,9.42821
-1.78468,-1.89864,9.50914
-1.65376,-2.00813,9.33537
-1.54427,-2.02718,9.39012
-1.43477,-2.06288,9.60435
-1.3824,-1.93434,9.55437
-1.30861,-2.03908,9.69719
-1.1158,-1.89149,9.79478
-0.92775,-1.91292,9.94951
-0.668289,-1.87483,10.1566
-0.523087,-2.00099,10.1994
-0.377884,-2.30092,10.228
-0.294571,-2.36757,10.2352
-0.263626,-2.18666,10.2709
-0.235062,-1.77724,10.3351
-0.256485,-1.64632,10.4375
-0.104141,-1.97005,10.5684
1.31218,-2.59132,11.0207
1.47643,-2.53419,10.816
1.48833,-2.67226,10.6993
1.455,-2.77223,10.5446
1.53831,-2.73177,10.5613
1.53355,-2.49849,10.766
1.61925,-2.21284,11.0873
1.71208,-1.91054,11.3801
1.86681,-1.84627,11.2611
1.88823,-2.01765,11.0588
1.92632,-2.34138,10.7255
2.00011,-2.49135,10.4851
2.00725,-2.60799,10.3899
2.17625,-2.62465,10.4946
2.22148,-2.57942,10.4994
2.26433,-2.55086,10.5708
2.19054,-2.61037,10.4922
2.04533,-2.63655,10.4684
2.11436,-2.51991,10.5398
2.20958,-2.42232,10.4922
2.41429,-1.56538,9.89952
2.231,-1.1274,9.90904
2.12151,-0.877457,9.9995
2.02391,-0.867935,9.87096
1.99773,-0.946487,9.83763
2.10722,-1.11787,9.82811
2.22386,-1.21547,9.77336
2.32384,-1.37019,9.87572
2.3405,-1.45589,9.80431
2.36668,-1.4059,9.69243
2.36192,-1.36781,9.67577
2.38573,-1.1393,9.69719
2.30479,-1.10359,9.60435
2.1953,-1.19881,9.51866
2.17863,-1.20833,9.36394
2.30241,-1.22737,9.37108
2.40477,-1.25832,9.38536
2.44048,-1.17262,9.37346
2.45476,-1.06789,9.44011
2.44524,-1.03932,9.45201
2.42143,-1.14882,9.50914
2.42381,-1.23689,9.58769
2.36192,-1.33925,9.58055
2.4619,-1.35115,9.58769
2.45238,-1.40114,9.6115
2.45714,-1.40352,9.63054
2.54045,-1.394,9.69005
2.52855,-1.40828,9.56627
2.55949,-1.55348,9.56389
2.60234,-1.61775,9.69243
2.57854,-1.63679,9.67815
2.48094,-1.67726,9.69481
2.45238,-1.67726,9.70909
2.45952,-1.69868,9.57341
2.44524,-1.84389,9.5258
2.49998,-1.97719,9.3687
2.42619,-2.02956,9.39726
2.37144,-1.97719,9.3925
2.39763,-1.77962,9.47343
2.39525,-1.55348,9.47105
2.41667,-1.75819,9.57579
2.40239,-1.82246,9.57579
2.39049,-1.9272,9.44487
2.42381,-1.91054,9.55199
2.44048,-1.9272,9.5139
2.50237,-2.09383,9.48772
2.59282,-2.15334,9.44725
2.58092,-2.13905,9.37584
2.46428,-1.97005,9.3568
2.38097,-1.88911,9.3925
2.43333,-2.02718,9.31633
2.37383,-2.10335,9.29253
2.36906,-2.10573,9.29015
2.37621,-2.0248,9.31395
2.37144,-1.9272,9.38298
2.40001,-1.83437,9.38774
2.42143,-1.89864,9.32823
2.42381,-1.97719,9.38536
2.42381,-2.06288,9.37108
2.39525,-1.98909,9.36156
2.35954,-1.98433,9.42345
2.34526,-2.03194,9.39488
2.43571,-2.01051,9.37584
2.43095,-2.01051,9.41869
2.47142,-1.99385,9.37108
2.44048,-1.95815,9.38536
2.43571,-1.94148,9.43297
2.38335,-1.90816,9.36156
2.38573,-1.99385,9.38774
2.46666,-2.07478,9.43535
2.51427,-2.10335,9.33775
2.4976,-1.9391,9.36394
2.47856,-1.84865,9.35204
2.43571,-1.87007,9.3687
2.39287,-2.04146,9.39012
2.42619,-2.0843,9.37108
2.48094,-2.0248,9.37822
2.39287,-1.99861,9.30205
2.43571,-2.10097,9.32823
2.45238,-2.17476,9.283
2.47618,-2.19856,9.32823
2.44762,-2.2057,9.2473
2.45714,-2.04384,9.33299
2.46428,-1.94148,9.3568
2.42619,-1.84151,9.37822
2.42381,-1.85341,9.43535
2.47618,-1.86293,9.46629
2.45,-1.96767,9.44011
2.47142,-2.06288,9.46629
2.44524,-2.11287,9.37346
2.39763,-1.97243,9.44963
2.38335,-2.05336,9.30681
2.42381,-2.0843,9.34013
2.46666,-2.07954,9.31157
2.47142,-2.10573,9.33775
2.51427,-2.11049,9.38298
2.51903,-2.05098,9.39012
2.40239,-2.07716,9.37822
2.40715,-2.16286,9.36156
2.40477,-2.18904,9.33537
2.40953,-2.05812,9.44011
2.4619,-2.01289,9.4044
2.45238,-2.04146,9.39964
2.46904,-2.02242,9.46629
2.49046,-2.04622,9.47819
2.45238,-2.13191,9.35204
2.38097,-2.0843,9.41155
2.39763,-1.99861,9.39488
2.37144,-2.02003,9.43297
2.44048,-1.98671,9.28777
2.52141,-1.98433,9.31157
2.4619,-1.88911,9.27348
2.3405,-1.85817,9.26634
2.37144,-1.99623,9.24254
2.43571,-2.01051,9.27586
2.39763,-2.02242,9.27348
2.44524,-2.10097,9.28062
2.48094,-2.11763,9.28777
2.52379,-2.12001,9.27348
2.4619,-1.99385,9.2473
2.37621,-1.86531,9.34251
2.4381,-1.92482,9.41869
2.44286,-1.96291,9.44011
2.37383,-1.96291,9.38774
2.40001,-1.97243,9.5258
2.41429,-1.97243,9.49724
2.36668,-1.96053,9.39012
2.35478,-2.07478,9.36394
2.3524,-2.09145,9.42345
2.37859,-2.17952,9.46391
2.43571,-2.00099,9.38774
2.37859,-1.9391,9.41393
2.37144,-1.98433,9.44963
2.38811,-1.93196,9.42345
2.41667,-1.95815,9.36632
2.38097,-2.04622,9.37822
2.35954,-2.0248,9.28062
2.35002,-1.96529,9.34727
2.39525,-2.02242,9.37584
2.44762,-2.12953,9.31157
2.4738,-2.14857,9.22588
2.42857,-2.07478,9.35918
2.38097,-1.88435,9.3568
2.34764,-1.88435,9.35442
2.37859,-1.92006,9.31395
2.40001,-2.09145,9.30443
2.36192,-2.17,9.33299
2.37144,-2.09859,9.30681
2.45952,-2.10097,9.45439
2.47142,-2.11049,9.36632
2.42381,-2.14143,9.30443
2.4619,-2.17238,9.283
2.44762,-2.21046,9.22111
2.33574,-2.13905,9.24968
2.26195,-2.0605,9.34251
2.25719,-1.9272,9.37822
2.25005,-1.89388,9.45915
2.31908,-1.96053,9.45201
2.35478,-2.03432,9.36156
2.28099,-2.21999,9.27348
2.26909,-2.14857,9.31157
2.27147,-2.00099,9.3925
2.31432,-1.99385,9.43535
2.36906,-1.94862,9.41631
2.41191,-1.93434,9.5139
2.45476,-2.0248,9.43059
2.48094,-2.05098,9.3687
2.41905,-2.04384,9.30443
2.41667,-2.01765,9.25682
2.34526,-2.00575,9.16637
2.27385,-1.97481,9.16161
2.24767,-1.82961,9.14732
2.24528,-1.68916,9.08305
2.25957,-1.50825,9.03307
2.19768,-1.5392,8.94261
2.27147,-1.67488,8.85216
2.25243,-1.74629,8.75456
2.33574,-1.63441,8.79741
2.37383,-1.44637,8.79741
2.71184,-0.722733,8.93547
2.86656,-0.884598,9.0164
3.02367,-0.953629,9.11876
3.12126,-0.83223,9.26634
3.21886,-0.598953,9.33537
3.18077,-0.408524,9.28062
3.23552,-0.470413,9.41869
3.30931,-0.479935,9.39964
3.26646,-0.472794,9.33061
3.33788,-0.620377,9.48296
3.43071,-0.625137,9.51628
3.49736,-0.713211,9.64006
3.66161,-0.872696,9.70671
3.81395,-0.889359,9.82573
3.79967,-0.920303,9.85191
3.85204,-0.970291,10.0066
3.80443,-0.982193,10.0542
3.81633,-1.10359,10.1209
3.88774,-1.15358,10.2137
3.89726,-1.27022,10.3399
4.0377,-1.29878,11.0278
3.98058,-1.17262,11.0992
4.01866,-1.175,11.1944
4.14482,-1.39162,11.173
4.20195,-1.48445,11.2873
4.21385,-1.48207,11.4111
4.1591,-1.35353,11.4015
4.1115,-1.41066,11.4563
4.08055,-1.5154,11.5063
4.04246,-1.63679,11.4396
3.90202,-1.72249,11.4706
3.81871,-2.07478,11.492
3.67113,-2.52467,11.3349
3.53069,-2.96028,11.2111
3.55687,-3.10786,11.3682
3.68779,-2.94124,11.5801
3.60448,-2.41042,11.6943
3.614,-2.29854,11.8038
3.54021,-2.4366,11.6062
3.41643,-2.81508,11.3992
1.49309,-2.94838,10.2399
1.36217,-2.94124,10.1804
1.28838,-3.02217,10.1566
1.23601,-2.99123,9.99712
1.17888,-2.95076,9.87572
1.08604,-2.82698,9.74956
1.07176,-2.77699,9.6234
0.962265,-2.77937,9.40202
0.790878,-2.87697,9.13542
0.709946,-3.29115,8.98784
0.648056,-3.39113,8.97118
0.540939,-3.40779,8.94499
0.362411,-3.18166,8.88072
0.198166,-3.06978,8.68315
0.0315399,-3.02455,8.68077
-0.0946198,-2.92696,8.34514
-0.380264,-2.85793,8.23802
-0.630203,-2.6794,8.11186
-0.887283,-2.22713,7.92381
-0.984879,-2.01289,7.91905
-2.66542,-0.391861,7.75005
-2.66542,-0.351395,7.55486
-2.8011,-0.32045,7.39299
-2.98677,-0.206192,7.2216
-3.02248,-0.115738,7.10735
-2.97725,-0.0824127,7.00975
-2.86061,0.0270844,7.0526
-2.84157,0.18895,7.0645
-2.9463,0.32225,6.99547
-3.12959,0.517441,6.88835
-3.2867,0.653122,6.76457
-3.4557,0.610275,6.56224
-3.5533,0.64122,6.53368
-3.72707,0.645981,6.33849
-3.77229,0.776901,6.3242
-3.71516,0.936386,6.26231
-3.73421,1.10063,6.24327
-3.70088,1.41008,6.29802
-3.66994,1.58147,6.4575
-3.84132,1.52672,6.42418
-3.73421,1.72905,6.5313
-3.45808,1.53862,6.56462
-3.3343,1.44817,6.92882
-3.30812,1.9171,7.35014
-3.41286,2.43602,7.71196
-3.54378,2.8026,7.83574
-3.48189,2.74785,7.67863
-3.25813,2.20274,7.31682
-3.21053,1.72191,7.34062
-3.39857,1.47197,7.24303
-3.53664,1.51006,7.53105
-3.69612,2.04564,7.8286
-3.58662,2.5955,8.15709
-3.36525,3.16679,8.67363
-3.19862,3.28343,8.85216
-3.15816,3.20488,8.74504
-3.16768,2.90733,8.53081
-3.15578,2.54076,8.29991
-3.01295,2.55504,8.46178
-2.56544,2.51933,8.9807
-0.551651,1.4315,10.8826
-0.742081,1.50053,10.7707
-0.842056,1.37675,10.6017
-0.887283,1.03398,10.4018
-0.6064,0.619797,10.7303
-0.363602,0.227036,10.8683
-0.182693,0.000900269,11.1421
-0.025589,-0.0562286,11.3539
0.0958099,0.362717,11.2873
0.0696259,0.998276,11.4325
0.181503,1.08159,11.4801
0.512375,0.814987,11.2968
0.500473,0.346054,11.2301
0.521896,-0.287125,11.2301
0.574264,-0.725113,11.3801
0.621872,-0.908401,11.2468
0.840866,-0.967911,11.2659
1.21935,-0.815567,11.2468
1.61449,-0.732254,11.2444
1.82396,-0.851273,11.3254
1.40739,-2.09383,10.5779
1.42168,-1.93672,10.6993
1.43834,-2.00813,10.7398
1.47166,-1.85579,10.8969
1.49785,-1.94386,10.8898
1.5764,-2.12239,10.8421
1.64781,-2.10573,10.7684
1.69542,-2.17476,10.685
1.72874,-2.10335,10.7327
1.75493,-2.06764,10.6755
1.674,-1.93672,10.5422
1.68114,-1.93434,10.5398
1.8073,-1.89864,10.5089
1.82396,-1.90102,10.4946
1.8311,-2.04622,10.4684
1.67638,-2.07954,10.5803
1.65019,-1.89149,10.647
1.78111,-1.75819,10.7017
1.92155,-1.76772,10.5803
1.9763,-1.89388,10.4422
1.42882,-2.12715,8.94975
1.42168,-2.06526,8.97594
1.37169,-2.19142,8.89262
1.37407,-2.1819,8.97118
1.34312,-2.22475,8.96404
1.31694,-2.12715,8.94737
1.32646,-1.99147,9.02593
1.41692,-1.84627,9.22826
1.49309,-1.72011,9.32347
1.52165,-1.70821,9.33775
1.48833,-1.69154,9.36156
1.41216,-1.68916,9.40678
1.40501,-1.76534,9.43535
1.45024,-1.83199,9.42107
1.45262,-1.96529,9.49248
1.59306,-2.16762,9.50914
1.62877,-2.16048,9.47819
1.49547,-2.16762,9.3925
1.4431,-2.05336,9.46629
1.40263,-2.01289,9.62816
1.455,-1.4178,9.89
1.48595,-1.43446,9.83049
1.49071,-1.56776,9.79002
1.47166,-1.74629,9.7805
1.50737,-1.88435,9.70433
1.6002,-1.92958,9.67339
1.59306,-1.84627,9.70433
1.56212,-1.6844,9.67577
1.53117,-1.50111,9.64244
1.50261,-1.38924,9.63054
1.57164,-1.51064,9.50676
1.52165,-1.57729,9.65434
1.53831,-1.70345,9.61864
1.50975,-1.75819,9.6472
1.53355,-1.82246,9.60912
1.52165,-1.77724,9.71623
1.57164,-1.73201,9.78764
1.62877,-1.61061,9.89476
1.62401,-1.5273,9.83763
1.51451,-1.50825,9.87572
1.49071,-1.59871,9.68291
1.49547,-1.71535,9.76146
1.45262,-1.72011,9.66148
1.4193,-1.68678,9.58531
1.40739,-1.563,9.6115
1.44072,-1.55824,9.67815
1.52165,-1.58681,9.71623
1.49071,-1.58681,9.74242
1.53831,-1.60347,9.68053
1.47643,-1.59633,9.64482
1.49071,-1.82484,9.59483
1.4312,-1.87483,9.58055
1.45024,-1.9391,9.53294
1.48119,-1.90578,9.53532
1.42882,-1.82722,9.59959
1.41454,-1.57729,9.56627
1.42882,-1.48445,9.6234
1.34789,-1.53206,9.69005
1.35027,-1.50111,9.68529
1.43596,-1.56776,9.80431
1.5526,-1.62013,9.70433
1.58354,-1.71773,9.60912
1.55022,-1.82246,9.50438
1.54784,-1.80104,9.5258
1.5764,-1.76295,9.52818
1.56212,-1.71059,9.51628
1.49785,-1.70345,9.45915
1.47166,-1.63441,9.51628
1.43358,-1.67964,9.52104
1.44548,-1.86531,9.46629
1.59782,-1.70345,9.6472
1.62877,-1.72487,9.66148
1.67638,-1.76057,9.66148
1.65733,-1.79152,9.70433
1.6002,-1.85817,9.72099
1.55022,-1.91054,9.68529
1.50499,-1.85341,9.58293
1.52641,-1.77486,9.69957
1.54308,-1.71773,9.72813
1.50023,-1.70107,9.7924
1.53831,-1.77724,9.7448
1.56688,-1.86055,9.86382
1.60497,-1.78676,9.81145
1.61687,-1.73915,9.80431
1.56212,-1.71297,9.73052
1.51927,-1.72725,9.72813
1.5407,-1.782,9.71385
1.5526,-1.81294,9.65672
1.54784,-1.86293,9.6591
1.63353,-1.90816,9.66624
1.49309,-1.78914,9.12352
1.48595,-1.782,8.98308
1.44072,-1.8177,8.86644
1.43834,-1.83437,8.79503
1.49785,-1.78914,8.70458
1.58592,-1.73915,8.63078
1.62401,-1.63441,8.51414
1.7216,-1.60823,8.49272
1.64781,-1.53444,8.29753
1.61211,-1.40828,8.2166
1.60497,-1.38924,8.21184
1.63353,-1.36067,8.03569
1.62877,-1.24403,7.83812
1.57402,-1.2845,7.71434
1.58354,-1.24879,7.62151
1.64781,-1.15596,7.72148
1.80968,-1.29402,7.75719
2.00963,-1.38448,7.7429
2.0858,-1.42018,7.66197
2.11913,-1.38924,7.7191
2.27147,-1.33211,7.90715
2.46904,-1.33925,7.89763
2.59044,-1.36305,7.87859
2.838,-1.52968,7.90239
3.04509,-1.81294,7.91667
3.24028,-1.87007,8.00713
3.34502,-1.84865,8.06187
3.49736,-1.79866,8.21422
3.71635,-1.76772,8.09758
3.94725,-1.89388,8.00713
4.10435,-2.01765,8.04521
4.25908,-1.93196,8.13091
4.39952,-1.82008,8.25707
4.47331,-1.53206,8.42131
4.53758,-1.45827,8.51177
4.73753,-1.63203,8.46892
4.95653,-1.78914,8.20946
5.09935,-1.93672,8.04521
5.11125,-1.95338,7.91429
5.09697,-1.93434,7.77385
5.14458,-1.77248,7.61913
5.16838,-1.48921,7.63579
5.20171,-1.42256,7.56914
5.34691,-1.41304,7.65483
5.60161,-1.57014,7.57866
5.92296,-1.77962,7.57152
6.11339,-1.82961,7.33348
6.23717,-1.782,7.24065
6.44664,-1.61061,7.23827
6.66563,-1.40828,7.20732
7.88676,-0.779861,6.32658
8.02007,-0.958389,6.14568
8.29143,-1.22023,6.10045
8.48186,-1.32021,6.02666
8.55803,-1.2607,5.96001
8.69609,-1.11073,5.87431
8.72942,-0.889359,5.80052
8.89842,-0.6418,5.71007
9.10313,-0.608475,5.66246
9.27928,-0.727493,5.48155
9.27928,-0.89888,5.28636
9.3745,-1.07979,5.07451
9.3745,-1.006,5.02452
9.30308,-0.689407,5.01262
9.14598,-0.475174,4.84123
9.21977,-0.460892,4.78886
9.20073,-0.439468,4.51274
9.18645,-0.548965,4.26042
9.17455,-0.677505,4.10094
9.31261,-0.925064,3.92955
9.40306,-0.89888,3.96526
9.34831,-0.563248,3.97478
9.30547,-0.184769,4.09618
9.31261,0.224655,4.08427
9.42448,0.138962,3.8629
9.52446,-0.13002,3.71532
9.58159,-0.389481,3.42729
9.6768,-0.653702,3.31303
9.61729,-0.796524,3.21068
9.58635,-0.694168,3.24638
9.55779,0.0604095,2.26329
9.5078,0.248459,2.0919
9.47923,0.300827,1.99193
9.51494,0.236557,1.82292
9.4959,0.0984955,1.74199
9.53398,0.0508881,1.71342
9.6411,0.0580292,1.71342
9.71489,0.12468,1.76341
9.71727,0.405563,1.53966
9.89342,0.474594,1.64915
9.92436,0.498398,1.80626
9.91722,0.103256,1.89433
9.87437,-0.382339,1.82054
9.86961,-0.753677,1.84673
9.92198,-0.853653,1.64677
9.90056,-0.57515,1.74675
9.74822,-0.232376,1.75865
9.56731,0.0485077,1.8253
9.52208,0.115158,1.93004
9.59825,0.112778,1.90385
9.8839,0.236557,3.10832
9.93626,-0.151443,3.1964
9.86961,-0.57753,3.49156
9.80296,-0.627518,3.42967
9.81725,-0.518021,3.39873
9.72917,-0.25856,3.58678
9.72441,-0.0300446,3.73674
9.70775,-0.229996,3.8629
9.64824,-0.537064,3.8748
9.66966,-0.729874,3.77721
8.96507,-0.472794,4.94835
8.89366,-0.715591,5.06975
8.89366,-1.07265,5.07451
8.8889,-1.29164,5.07451
8.79845,-1.35829,5.11498
8.67467,-1.35591,5.07213
8.62468,-1.34877,5.31493
8.68181,-1.29878,5.48155
8.68657,-1.15834,5.61485
8.61516,-1.03932,5.68388
8.46519,-1.03694,5.84813
8.31523,-1.18929,5.80766
8.20811,-1.41542,5.91002
8.16765,-1.62251,5.9005
8.04863,-1.69868,5.9243
7.89391,-1.64156,5.99095
7.7487,-1.49873,6.14568
7.65111,-1.41542,6.18138
7.49162,-1.17262,6.33611
7.37022,-1.08931,6.40752
7.1917,-1.11549,6.59319
7.08934,-1.29402,6.61461
7.00603,-1.61299,6.69078
6.92271,-1.70107,6.79076
6.79894,-1.65108,6.88121
6.6823,-1.53206,7.11211
6.60612,-1.47255,7.20494
6.52043,-1.40828,7.21208
6.34428,-1.47969,7.28587
6.12053,-1.60585,7.25493
5.97057,-1.80104,7.4287
5.85631,-1.99147,7.53819
5.77776,-2.04384,7.70006
5.68492,-1.96767,7.78099
5.31596,-1.70702,7.98213
5.01842,-1.75105,7.97737
4.58757,-1.82127,8.01784
4.4388,-2.05336,8.20351
4.28645,-1.97243,8.27135
3.85799,-1.64037,8.21779
3.56282,-1.5761,8.53557
3.44261,-1.61894,8.47725
3.22481,-1.7451,8.59151
3.01057,-1.80223,8.62959
2.60353,-1.76534,8.59746
2.31789,-1.57252,8.80693
2.2679,-1.70464,8.92595
2.23933,-1.95457,8.88191
1.91917,-1.96886,8.85692
1.62044,-1.61656,9.00331
1.455,-1.42732,9.16518
1.39787,-1.55467,9.25206
1.1765,-2.0367,8.92952
0.942032,-1.72249,9.13661
0.694473,-1.37138,9.23778
0.48381,-1.57491,9.12352
0.440964,-1.94624,9.15089
0.440964,-1.90935,9.29848
0.318375,-1.87721,9.42821
0.130325,-1.66774,9.27229
-0.185074,-1.53444,9.23421
-0.163651,-1.6606,9.26753
-0.266006,-1.69511,9.21397
-0.440964,-1.57967,9.089
-0.617111,-1.42613,9.03783
-0.774216,-1.47493,8.92833
-0.845627,-1.47493,8.96761
-0.878952,-1.51897,9.00926
-0.943222,-1.4547,8.96166
-0.881332,-1.34163,8.95451
-0.784927,-1.32735,9.15208
-0.520706,-1.60228,9.38179
-0.296951,-1.75105,9.60792
-0.163651,-1.68797,9.88405
-0.111282,-1.72249,10.0316
-0.239822,-1.84984,10.1328
-0.327896,-1.72606,9.94475
-0.462387,-1.65108,9.89714
-0.456436,-1.65227,9.89
-0.293381,-1.82484,10.0471
-0.0517731,-1.86174,10.1507
-0.118423,-1.5999,10.0947
-0.394547,-1.55705,9.89476
-0.570694,-1.7213,9.7317
-0.537369,-1.82484,9.69838
-0.427872,-1.67607,9.69243
-0.456436,-1.56776,9.61864
-0.47905,-1.52611,9.62578
-0.345749,-1.69868,9.7317
-0.163651,-1.75462,9.87929
-0.152939,-1.6237,9.88524
-0.214828,-1.65346,9.80312
-0.143417,-1.78914,9.72813
-0.229111,-1.87721,9.68053
-0.283859,-1.81056,9.6841
-0.200546,-1.70226,9.93285
-0.0672455,-1.84508,9.93404
-0.176743,-1.88316,9.86382
-0.256485,-1.69987,9.75075
-0.28862,-1.72606,9.73766
-0.216019,-1.74034,9.84715
-0.1577,-1.69035,9.95427
-0.152939,-1.87721,9.95308
-0.0493927,-1.8058,9.89119
-0.105331,-1.71654,9.85905
-0.141037,-1.75819,9.7924
-0.150558,-1.757,9.83763
-0.185074,-1.85222,9.77336
-0.200546,-1.92244,9.70671
-0.146988,-1.81175,9.73527
-0.0696259,-1.81294,9.6591
-0.105331,-1.68797,9.78288
-0.169601,-1.88316,9.71623
-0.188644,-1.98433,9.5377
-0.246964,-1.84151,9.63292
-0.133896,-1.71654,9.74361
-0.100571,-1.75462,9.90904
0.0886688,-2.06883,9.85548
0.0731964,-1.91887,9.80788
-0.0184479,-1.79747,9.87334
0.00773621,-1.84746,9.84715
0.179123,-2.07716,9.98283
0.132706,-1.94029,9.92571
-0.0434418,-1.63799,9.8662
-0.0482025,-1.81056,9.84001
-0.0493927,-1.72725,9.80669
-0.136276,-1.71892,9.79359
-0.0124969,-1.88554,9.79121
-0.0136871,-1.6844,9.83644
-0.0434418,-1.63441,9.82097
-0.00654602,-1.82841,9.69719
-0.0196381,-2.11406,9.56865
0.0886688,-1.9641,9.72575
0.0113068,-1.94981,9.68053
-0.0958099,-1.93077,9.6591
-0.044632,-1.94267,9.61864
-0.00297546,-1.92006,9.54485
-0.0279694,-1.91054,9.59483
-0.0993805,-1.8903,9.71504
0.00654602,-1.93434,9.90785
0.0886688,-1.99147,9.7567
-0.113663,-1.87126,9.46272
-0.0589142,-1.68797,9.59602
-0.0243988,-1.75105,9.81859
0.242203,-1.8903,10.0685
0.310043,-1.94386,9.99474
0.199356,-1.73439,9.89238
0.180313,-1.63918,9.90071
0.0803375,-1.78795,9.81264
0.0267792,-1.97957,9.70552
-0.0291595,-1.92958,9.75908
0.0267792,-1.78795,9.9507
0.238632,-1.82603,10.04
0.370743,-1.79866,9.96736
0.168411,-1.53682,9.7924
0.0791473,-1.6487,9.7805
0.460007,-1.7451,9.89357
0.587357,-1.76772,9.94475
0.239822,-1.73677,9.66505
0.329086,-1.81294,9.60078
0.512375,-1.83675,9.5258
0.35289,-1.80104,9.31752
0.258865,-1.93791,9.46986
0.584976,-1.86293,9.79478
0.486191,-1.72368,9.65434
0.236252,-1.65703,9.54246
0.373123,-1.70107,9.696
0.457626,-1.59395,9.74956
0.293381,-1.47731,9.99355
0.513565,-1.6487,9.99831
0.649246,-1.59395,9.99593
0.700424,-1.588,10.1733
0.746841,-1.757,10.1268
0.554031,-1.57967,9.98402
0.590927,-1.54634,9.91499
0.519516,-1.64275,9.71028
0.581406,-1.4416,9.86501
0.520706,-1.31306,9.7198
0.413589,-1.44399,9.47224
0.587357,-1.53682,9.58055
0.895615,-1.4666,9.88286
1.11818,-1.5761,9.76979
1.08723,-1.563,9.71504
1.01939,-1.56657,9.72694
0.886093,-1.45351,9.67339
0.831345,-1.45708,9.70552
0.744461,-1.55229,9.50557
0.837296,-1.4785,9.53651
0.837296,-1.31783,9.55913
0.915848,-1.32616,9.75432
1.0063,-1.42137,9.98045
1.10985,-1.40352,10.0126
1.01344,-1.47969,9.90547
1.06581,-1.48802,9.95784
1.02773,-1.46303,9.9507
1.0432,-1.54039,9.89238
1.11937,-1.46779,9.92333
1.11104,-1.48207,9.79716
1.02653,-1.50706,9.85191
1.03011,-1.39281,9.94118
1.02653,-1.30949,9.87453
0.989639,-1.32854,9.86025
0.99202,-1.39162,9.8662
1.08247,-1.5023,9.78764
1.17293,-1.48326,9.98045
1.10747,-1.49516,9.95903
1.10985,-1.49873,9.90904
1.06819,-1.30711,9.85191
0.976547,-1.394,9.68648
0.871811,-1.41661,9.66743
1.03249,-1.33925,9.80788
0.983688,-1.34044,9.7805
0.968216,-1.38567,9.78764
1.02415,-1.44875,9.7079
1.03606,-1.42732,9.70314
0.975357,-1.40828,9.87215
0.99678,-1.51659,9.98997
1.20863,-1.65584,10.2661
1.26814,-1.48326,10.566
1.17888,-1.37376,11.0302
1.4193,-1.30711,11.6193
1.66447,-1.27022,11.899
1.60973,-1.11906,12.0942
1.37288,-1.05836,12.0181
1.01344,-0.96196,11.8324
0.654007,-0.83461,11.7872
0.679001,-1.30116,11.9014
0.933701,-1.71654,12.0026
0.701614,-1.41185,11.7169
0.0458221,-1.02385,11.2182
-0.283859,-1.24046,11.1242
-0.475479,-1.53087,10.6767
-0.970596,-1.52016,10.3756
-1.55974,-1.20238,9.72218
-2.06676,-1.02385,9.12114
-2.33336,-1.19048,8.88429
-2.74278,-0.939346,8.22612
-3.45808,-0.550156,7.756
-3.74849,-0.466843,7.45131
-4.16148,-0.308548,7.0764
-4.68755,-0.133591,6.70268
-5.28978,0.0199432,6.54677
-5.50758,-0.026474,6.46703
-5.63731,0.00923157,6.26231
-5.90987,0.0604095,6.14925
-6.1848,0.130631,6.09807
-6.52757,0.088974,5.63628
-6.85249,-0.0645599,5.7553
-6.93105,-0.0502777,5.54344
-7.07863,0.0925446,5.39586
-7.43568,0.367477,5.19591
-7.66063,0.396042,5.17924
-7.81416,0.517441,4.98405
-8.14622,0.820938,4.83171
-8.33308,1.03993,4.89836
-8.48067,1.37199,4.49965
-8.77345,1.59575,4.06999
-9.09004,1.84926,3.58916
-9.18883,1.79689,3.44872
-9.20549,1.86949,2.74055
-9.59944,2.07658,1.84911
-9.9803,2.37175,1.15285
-10.2505,2.60384,0.867203
-10.3766,2.81688,0.664871
-10.3588,2.85139,0.660111
-10.1838,2.36937,0.697006
-9.91246,1.7469,1.30757
-9.69228,1.48625,1.6075
-9.71489,1.16728,1.62416
-9.57921,0.981613,1.71223
-9.61015,0.939957,1.77412
-9.74703,0.957809,1.64796
-9.78154,1.2863,1.2683
-9.78035,1.9171,0.97551
-9.99696,2.33366,1.13976
-9.85771,1.91472,1.62654
-9.33165,1.57552,2.29305
-9.03172,1.55528,2.62987
-9.00316,1.55647,2.48467
-8.84129,1.19466,2.91551
-8.57945,0.998276,3.62486
-8.30095,0.463882,3.96645
-8.30095,0.0723114,3.99739
-8.11052,0.588852,4.35088
-7.91176,0.672165,4.70079
-7.7856,0.628128,5.11736
-7.61302,0.475784,5.44466
-7.61064,0.355576,5.4756
-7.37498,0.591232,5.57677
-6.82393,0.566238,6.32777
-6.28954,0.418655,6.567
-6.42879,0.19133,6.37776
-6.28477,0.359146,6.83598
-5.74919,0.397232,7.81789
-5.19456,-0.423996,8.19875
-4.78276,-0.907211,8.36061
-4.97914,0.000900269,8.19637
-4.82799,0.215134,8.71053
-4.34477,-0.57515,8.19518
-4.01033,-1.09288,8.31538
-3.82347,-0.689407,9.00688
-3.41643,-0.572769,9.42345
-3.00462,-0.779861,9.2104
-2.69756,-0.766769,8.95689
-2.47618,-0.853653,9.32823
-1.88466,-1.13097,9.96022
-1.2491,-1.61894,10.2113
-0.999161,-1.75938,10.2685
-1.092,-1.17262,9.9995
-1.3943,-0.45256,9.94475
-1.02892,-0.935776,10.2233
-0.410019,-1.38329,10.5315
-0.260056,-1.42137,10.2352
-0.580215,-1.23808,9.85072
-0.245773,-1.23094,10.0352
0.361221,-1.2,10.3542
0.445725,-1.01552,10.4399
0.379074,-1.35115,10.3851
0.637344,-1.41661,10.134
0.997971,-1.175,10.397
1.22054,-1.30592,10.5315
1.10628,-1.41542,10.3851
1.03487,-1.30949,10.5863
1.37169,-1.34044,10.5874
1.65971,-1.19286,10.6505
1.649,-1.16905,10.6243
1.81325,-1.32973,10.8493
1.85014,-1.1869,10.7707
1.89418,-1.14525,10.9481
2.10365,-1.38329,10.8648
2.10722,-1.22499,10.9695
1.8799,-1.08217,10.8255
1.63948,-1.19762,10.5065
1.47404,-1.39876,10.1923
1.4193,-1.3083,9.84477
1.3217,-1.006,9.82097
1.30861,-0.995285,9.80431
1.36217,-1.18452,9.65077
1.47524,-1.37972,9.49129
1.45381,-1.29521,9.40202
1.41692,-1.26784,9.49367
1.40263,-1.51302,9.4413
1.51332,-1.53087,9.46748
1.4312,-1.55229,9.27467
1.37645,-1.37257,9.31276
1.44191,-1.34282,9.48772
1.58949,-1.31664,9.61269
1.50261,-1.22142,9.63054
1.41454,-1.33211,9.62221
1.46095,-1.43565,9.66981
1.50737,-1.40947,9.80073
1.51094,-1.34044,9.7567
1.41216,-1.53206,9.69719
1.42644,-1.61894,9.6722
1.39668,-1.42732,9.69243
1.40263,-1.28212,9.73052
1.38121,-1.3083,9.67815
1.48476,-1.31068,9.72456
1.53831,-1.36305,9.7686
1.52879,-1.50587,9.76622
1.45262,-1.38448,9.75908
1.41216,-1.34877,9.70909
1.43358,-1.33568,9.66743
1.43477,-1.38686,9.66505
1.42406,-1.34639,9.72099
1.4919,-1.46898,9.65196
1.60377,-1.46541,9.72932
1.57402,-1.49278,9.7079
1.56212,-1.52968,9.67815
1.59425,-1.50945,9.61626
1.52641,-1.4178,9.64482
1.44191,-1.49873,9.65434
1.47762,-1.43684,9.71147
1.55974,-1.43327,9.63292
1.48595,-1.41661,9.62816
1.44786,-1.34758,9.64125
1.5157,-1.41661,9.69719
1.51451,-1.4416,9.63768
1.44905,-1.48921,9.62221
1.50499,-1.42613,9.64601
1.51094,-1.37257,9.65196
1.43953,-1.40471,9.67815
1.44905,-1.4547,9.73289
1.50261,-1.51183,9.67815
1.50142,-1.42494,9.64839
1.45619,-1.50945,9.68172
1.39906,-1.39876,9.68529
1.41335,-1.38805,9.77455
1.52879,-1.43089,9.77098
1.60258,-1.51302,9.75194
1.56688,-1.40471,9.86739
1.47762,-1.40947,9.78764
1.48476,-1.44994,9.75908
1.46452,-1.48564,9.59602
1.45143,-1.40114,9.50676
1.35146,-1.3083,9.47224
1.41216,-1.47017,9.31038
1.4193,-1.43208,9.24254
1.36336,-1.35353,8.99141
1.32527,-1.32497,8.73314
1.30623,-1.29521,8.39632
1.19078,-1.11906,8.20351
1.16579,-0.953629,7.89882
1.18126,-0.910782,7.57985
1.52046,-0.967911,7.45012
1.92274,-0.96553,7.50725
2.28932,-1.18571,7.62627
2.83919,-1.26189,7.61674
3.22005,-1.14525,7.52867
3.44499,-1.03694,7.64055
7.1548,-1.1881,7.03355
7.60112,-1.44518,6.52892
7.79631,-1.31187,6.37419
7.72728,-0.96077,6.45988
7.81535,-0.619186,6.36824
8.0891,-0.556107,6.0219
8.44139,-0.920303,5.52797
8.56874,-0.938156,5.47441
8.61278,-0.250229,5.62556
9.15788,-0.397812,5.42204
9.57802,-0.783432,5.0876
9.81129,-1.05717,4.69127
9.59706,-0.77391,4.62343
9.54588,-0.25499,4.60796
9.69585,-0.312119,4.214
9.7982,-0.70726,3.83672
9.47447,-0.253799,3.69508
9.5435,0.521011,3.69032
9.61134,0.44603,3.50465
9.83153,-0.45256,3.11665
9.83034,-0.291885,2.73222
9.67085,0.616226,2.50371
9.57207,0.423416,2.21687
9.68156,0.0163727,2.02525
9.75893,0.0615997,1.87172
9.70656,0.548386,1.99788
9.80891,0.598373,2.0681
9.95174,0.279404,2.1169
9.97197,0.606705,2.11095
9.87675,0.793564,2.09785
9.95174,0.19014,1.97765
10.0398,-0.202621,1.51704
9.91841,0.0282745,1.19093
9.69109,0.279404,0.999313
9.41972,0.281784,0.990982
9.4947,-0.101456,1.01955
9.57564,0.0199432,0.986221
9.51732,0.376999,1.1826
9.46495,0.267502,1.31471
9.64705,0.249649,1.49443
9.70537,0.467453,1.54085
9.84343,0.562668,1.91338
10.0827,0.391281,2.41444
10.4338,-0.0883637,2.5168
10.4671,0.0330353,2.58821
10.2398,0.274643,2.68343
10.1065,0.352005,2.73341
10.0231,0.178238,3.02977
10.0446,-0.140732,2.98811
10.0791,-0.00267029,3.0869
10.1326,0.0116119,3.40468
10.1077,-0.220474,3.48918
10.0101,-0.51326,3.74745
9.95412,-0.714401,3.77959
9.83629,-0.622757,3.98073
9.7982,-0.663223,4.11165
9.74583,-0.823898,4.37587
9.41615,-0.829849,4.52583
9.06862,-0.939346,4.77339
8.86034,-1.23927,4.84242
8.61635,-1.32259,5.11498
8.53065,-1.25356,5.52797
8.54494,-1.21309,5.96001
8.54851,-1.36305,6.19804
8.26881,-1.62013,6.2516
7.83321,-1.74272,6.39442
7.47972,-1.8058,6.58366
7.13338,-1.62965,6.7729
6.61803,-1.41899,6.83955
6.32524,-1.58562,7.10139
6.19194,-1.75105,7.2942
5.95747,-1.62251,7.44417
5.43379,-1.43446,7.60365
5.11363,-1.60228,7.72862
4.81966,-1.79033,7.83098
4.45784,-1.588,8.13448
4.29955,-1.78438,8.33919
4.15791,-1.92125,8.12852
3.63661,-1.70702,8.18446
3.22957,-1.56181,8.25707
3.02248,-1.48921,8.50105
3.02248,-1.76534,8.66411
2.83919,-1.87721,8.44511
2.27861,-1.60466,8.4344
1.98821,-1.47969,8.60341
1.84776,-1.45589,8.61174
1.55498,-1.79271,8.66649
1.15269,-1.56181,8.49629
0.54808,-1.1512,8.37132
0.0565338,-1.15358,8.10234
-0.202927,-1.53801,7.81432
-0.16246,-1.67369,7.84526
-0.0720062,-1.30235,8.40227
0.130325,-1.08693,8.81764
0.210068,-1.41185,8.7379
0.301712,-1.85341,9.0283
0.681381,-2.04265,9.23302
0.658768,-1.78795,9.41631
0.593307,-1.83913,9.55199
0.634964,-2.01527,9.55199
0.556412,-1.91649,9.52223
0.501663,-1.976,9.56508
0.709946,-2.14738,9.73885
0.917038,-2.0724,9.91261
0.765884,-1.82127,9.85072
0.574264,-1.92363,9.93761
0.755173,-2.20451,9.78764
0.703995,-2.11168,9.75075
0.600449,-1.92125,9.83168
0.733749,-1.96291,9.79002
0.73494,-2.02956,9.80788
0.859909,-2.30449,9.84834
0.806351,-2.06645,9.79955
0.589737,-1.86769,9.79836
0.683762,-2.07359,9.77574
0.623062,-2.07835,9.77812
0.623062,-2.1212,9.7567
0.708755,-2.14738,9.71266
0.577835,-1.99504,9.69124
0.659958,-2.0843,9.66743
0.637344,-2.145,9.61626
0.718277,-2.18071,9.7317
0.682571,-2.19142,9.67339
0.667099,-2.24498,9.78883
0.702805,-2.23784,9.696
0.702805,-2.19618,9.74599
0.780167,-2.18547,9.76979
0.773026,-2.19261,9.68172
0.659958,-2.24617,9.72218
0.714706,-2.26521,9.71385
0.661148,-2.15453,9.66743
0.637344,-2.09978,9.6115
0.61235,-2.18785,9.64363
0.759934,-2.37709,9.66863
0.688522,-2.28188,9.64125
0.551651,-2.1331,9.69362
0.549271,-2.08192,9.58055
0.561172,-2.21284,9.61626
0.624252,-2.22237,9.65553
0.619492,-2.1331,9.65553
0.580215,-2.28783,9.54128
0.649246,-2.19737,9.6234
0.625443,-2.16762,9.46391
0.561172,-2.19618,9.44368
0.564743,-2.14619,9.3199
0.487381,-1.91292,9.15089
0.400497,-1.65227,8.99736
0.410019,-1.6844,8.8831
0.530228,-1.62132,8.73433
0.520706,-1.36067,8.69505
0.761124,-1.10954,8.92952
1.1515,-1.28212,9.16399
1.42763,-1.563,9.05806
1.29076,-1.07622,9.14137
1.15627,-0.535873,9.18898
1.17174,-0.70488,9.31276
1.63591,-0.981003,9.48415
1.89418,-0.842941,9.54961
1.8799,-0.279984,9.61626
2.12151,-0.215714,10.0983
2.68089,-0.826279,10.2042
2.89156,-1.27141,10.303
2.8868,-1.28569,10.5613
3.31526,-1.44994,10.96
3.8687,-1.8058,11.0552
4.0746,-2.00099,11.3111
4.18053,-1.8177,11.7538
4.44713,-2.23189,11.8276
4.47688,-2.64488,11.7122
4.07936,-2.64845,11.8229
3.62947,-2.77937,11.7824
3.37477,-3.08049,11.4968
3.24028,-3.39708,11.5194
3.3831,-3.19713,11.4741
3.15935,-2.96147,11.6896
3.29384,-3.13524,11.6193
3.21529,-3.65654,11.3682
2.93678,-3.93147,11.1968
2.52498,-3.86244,10.8183
2.01439,-3.48277,10.6243
1.65614,-3.48277,10.4018
1.30504,-3.42564,10.0078
0.775406,-3.27092,9.69838
0.280289,-3.31139,9.51271
-0.0529633,-3.47087,9.18898
-0.54451,-3.45302,8.82716
-1.25029,-3.20665,8.78194
-1.54784,-3.00313,8.62721
-1.82039,-2.80318,8.36061
-2.30241,-2.89363,8.25349
-2.70946,-2.72105,8.15828
-2.87846,-2.35448,8.05592
-2.98082,-2.23308,7.68102
-3.2986,-2.19737,7.3311
-3.86394,-1.99623,6.79552
-4.10555,-1.90459,6.55153
-4.21623,-1.54158,6.30635
-4.3293,-1.22737,6.32301
-4.24242,-1.04646,6.19209
-4.39714,-0.859604,5.83742
-4.42809,-0.0669403,5.71126
-4.59471,0.416275,5.4637
-4.58043,0.6436,5.28041
-4.39595,0.991135,5.34349
-3.86513,1.79808,5.9243
-3.66399,1.80165,6.17424
-3.70564,1.64336,5.985
-3.52116,1.9171,6.23375
-3.47713,2.11229,6.49202
-3.4688,1.90758,6.54082
-3.47713,1.46364,6.44203
-2.87132,1.85759,7.40013
-2.50117,2.26701,8.0107
-2.41191,1.57552,7.75838
-2.33098,0.997086,7.66316
-1.81801,1.32796,8.41298
-1.28838,1.52791,8.95451
-1.23839,1.75642,8.97713
-1.26576,2.0266,9.35323
-0.477859,1.84212,10.1673
-0.145798,1.35057,9.98879
-0.345749,1.55171,10.1602
-0.349319,1.76237,10.597
-0.0660553,1.43864,10.8612
0.667099,0.975662,11.2873
1.24315,0.932816,11.3861
1.90846,1.00661,11.0159
1.96202,0.106827,11.1076
1.94417,-0.8358,11.4122
2.43929,-0.995285,11.586
2.90822,-0.77034,11.1706
2.81062,-0.622757,10.8838
2.38692,-0.0645599,11.0838
2.26433,0.240128,11.5229
2.5583,-0.397812,11.4622
2.49998,-1.15358,11.3884
2.61424,-1.34044,11.4337
2.91536,-1.45232,11.367
2.96297,-1.92839,11.0278
2.8261,-2.36281,10.8838
3.00819,-2.22832,11.2504
3.27122,-2.1331,10.979
3.17482,-1.99861,10.4077
3.02129,-2.19737,10.1637
2.93321,-2.60442,9.85191
2.91536,-2.82698,9.66743
2.99034,-2.90315,9.47939
2.90584,-2.67345,9.09734
2.82967,-2.42351,8.70933
2.72374,-2.21284,8.5927
2.72731,-2.18309,8.62721
2.74397,-2.16286,8.74504
2.80229,-1.7332,8.92357
2.8011,-1.37376,8.97356
2.72493,-1.54515,8.95927
2.64995,-1.60228,9.0414
2.68922,-1.55705,9.25206
2.83443,-1.59752,9.29134
2.89513,-1.46422,9.54128
3.02843,-1.59514,9.51628
2.9106,-1.54396,9.52699
2.7654,-1.40114,9.61388
2.72255,-1.39638,9.54128
2.72969,-1.1869,9.50557
2.74992,-1.15477,9.44844
2.85109,-1.22142,9.4413
2.77611,-1.44518,9.40797
2.83324,-1.46898,9.42464
2.79753,-1.23927,9.3687
2.80705,-1.06313,9.28657
2.6678,-1.15001,9.3199
2.70708,-1.48207,9.31038
2.74992,-1.21904,9.34609
2.7166,-1.27736,9.3687
2.71422,-1.4178,9.32109
2.73207,-1.44518,9.35323
2.79872,-1.53801,9.42107
2.73564,-1.29759,9.45439
2.77492,-1.3333,9.40797
2.74873,-1.40233,9.33894
2.80229,-1.37376,9.40083
2.74397,-1.25594,9.36989
2.75706,-1.38567,9.41393
2.81419,-1.41304,9.37941
2.7166,-1.39638,9.32466
2.70589,-1.3571,9.31514
2.69756,-1.30354,9.34489
2.70946,-1.27498,9.3925
2.60948,-1.32973,9.39607
2.6797,-1.4178,9.31514
2.69994,-1.40828,9.35799
2.63091,-1.29283,9.47939
2.67256,-1.28212,9.39964
2.71898,-1.27379,9.41869
2.62972,-1.36186,9.33537
2.62138,-1.48088,9.33418
2.64043,-1.4547,9.34609
2.69041,-1.37972,9.39488
2.62376,-1.42018,9.36394
2.65471,-1.45589,9.44725
2.75587,-1.34758,9.46153
2.69041,-1.4059,9.50914
2.6678,-1.44756,9.3925
2.69518,-1.42375,9.39726
2.64995,-1.25117,9.43535
2.6678,-1.2,9.31514
2.67018,-1.35472,9.28896
2.59163,-1.38686,9.3568
2.5714,-1.31425,9.34132
2.62019,-1.19167,9.44844
2.65828,-1.35472,9.40083
2.65352,-1.47374,9.39131
2.75587,-1.33449,9.52461
2.82014,-1.35115,9.61388
2.80705,-1.45946,9.48891
2.79396,-1.51778,9.51628
2.70708,-1.58681,9.49724
2.65947,-1.54158,9.49367
2.60829,-1.31664,9.47582
2.54402,-1.24165,9.36275
2.5226,-1.45589,9.20564
2.59044,-1.45351,9.22707
2.52141,-1.38448,9.23421
2.54283,-1.30592,9.27943
2.49284,-1.33568,9.11519
2.59758,-1.33806,9.07353
2.58925,-1.26308,9.02235
2.5107,-1.36781,8.89024
2.52379,-1.38686,8.80693
2.57378,-1.43446,8.65578
2.62495,-1.41661,8.55342
2.76421,-1.52373,8.56294
2.80229,-1.83199,8.49867
2.78087,-2.11763,8.50343
2.86656,-2.40208,8.4225
2.8499,-2.58775,8.40822
2.87965,-2.46516,8.62364
3.00938,-2.61275,8.5927
3.06889,-2.84602,8.41655
3.23195,-3.09477,8.39751
3.31645,-3.3102,8.46178
3.64494,-3.66844,8.49153
4.04961,-3.81364,8.51414
4.15196,-3.44707,8.83311
4.10912,-2.60799,9.05568
4.18172,-2.26759,9.25801
4.58519,-2.90077,9.32109
4.93987,-3.50301,9.30681
5.1422,-3.58751,9.39012
5.47902,-3.14833,9.6115
5.6873,-2.08192,10.2209
5.57185,-0.871506,10.6386
5.44331,-0.928635,10.7077
5.80156,-2.00813,10.5041
6.14909,-1.6606,10.735
6.12767,-1.49754,10.4494
6.31572,-1.8903,10.2959
6.42998,-1.25356,10.7267
6.37642,-0.466843,10.5208
6.02174,0.12706,10.1245
5.71111,-0.0121918,9.92213
5.85274,-0.340683,10.1887
5.95628,-0.283554,10.4958
5.77299,0.261551,10.5458
5.19576,0.888779,10.6934
5.10768,1.56123,10.8398
5.0815,1.80641,10.5779
4.64351,1.39937,10.1423
4.1841,1.00661,10.1007
4.04723,1.19347,10.466
4.11864,1.03041,10.2149
3.73064,0.866165,9.74361
3.15102,1.19942,9.73527
2.6559,1.4922,9.88881
2.23219,0.96376,9.62935
1.85728,0.496017,9.4294
1.50023,0.485306,9.45796
0.967026,0.650742,9.36989
0.467148,1.07921,9.07948
0.0815277,1.47197,8.92119
-0.330276,1.65288,8.532
-0.830154,1.25417,8.07378
-1.22649,0.630508,7.53224
-1.46928,0.580521,7.26445
-1.62877,0.828079,7.27516
-2.00011,1.15062,7.21803
-2.39763,1.3839,7.25493
-2.56783,1.46245,7.21922
-2.79515,0.816177,7.13115
-3.06175,0.303207,7.04784
-3.007,0.745956,7.49654
-3.00343,1.2744,7.72267
-3.29979,1.17799,7.72981
-3.56044,0.805466,7.58342
-3.73421,0.388901,7.49416
-3.91035,0.268692,7.51201
-4.2448,0.363907,7.4882
-4.44594,0.409134,7.57033
-4.40428,0.51387,7.71315
-4.25313,0.70192,8.00117
-4.11269,0.668594,7.87502
-3.76872,0.116348,7.73695
-3.6866,0.0580292,7.81075
-3.78896,0.346054,8.00594
-3.72588,0.202042,7.73576
-3.64732,-0.145493,7.45845
-3.78419,-0.620377,7.32634
-4.09602,-0.798904,7.45726
-4.15315,-1.23808,7.19066
-3.59853,-1.67012,7.17876
-3.04509,-1.38686,7.56914
-3.51402,-1.17024,7.60127
-3.90202,-1.55586,7.50487
-3.44499,-1.94862,7.48225
-2.83562,-2.27711,7.82622
-2.90227,-2.20808,8.04045
-2.9594,-2.1819,7.86787
-2.63448,-2.47231,7.7917
-2.22862,-2.67821,7.98332
-1.85609,-2.42113,8.46654
-1.74184,-1.8177,8.8224
-1.92393,-1.55467,9.11876
-1.89061,-1.68559,9.46867
-1.06462,-1.83794,10.2709
-0.505234,-2.43303,10.328
-0.696854,-3.4435,9.66386
-0.620682,-3.42683,9.9507
-0.152939,-3.01265,10.6589
0.133896,-3.38994,10.3601
0.463577,-3.42088,10.4054
0.690903,-3.10191,10.4422
0.688522,-3.34709,10.3244
1.08604,-4.07668,10.228
1.88823,-4.30519,10.6398
2.30479,-3.71367,11.248
1.96083,-3.28401,11.0766
2.10484,-3.56966,10.597
2.59758,-3.80174,10.8064
2.95345,-3.77318,11.3623
2.93678,-3.4673,11.1266
2.76421,-2.85078,10.8314
2.81538,-2.73058,10.6232
2.83681,-2.64964,10.6589
2.59044,-2.58894,10.8302
2.65471,-2.47945,10.6624
2.87251,-1.96886,10.7719
3.05342,-1.79866,10.841
3.26527,-1.91054,10.7969
3.25694,-1.75224,10.9386
3.46284,-1.79033,10.6243
3.54259,-1.76534,10.3494
3.48308,-1.51659,10.297
3.27003,-1.61299,9.92571
3.12126,-1.98195,9.5377
2.9594,-2.09502,9.51033
2.81657,-2.20927,9.36632
2.75826,-2.05098,9.39964
2.41429,-1.79985,9.32466
2.18578,-1.83318,9.41869
2.14888,-2.07597,9.51509
2.06676,-2.14262,9.37703
2.08342,-2.29854,9.34132
2.062,-2.51158,9.54961
1.90132,-2.81865,9.5258
1.87514,-3.15904,9.23897
1.86443,-3.00432,9.19017
1.75136,-2.49135,9.12709
1.72279,-2.48064,9.06282
1.80016,-2.74248,8.99022
1.78587,-2.89244,9.00569
1.73708,-2.51277,9.0295
1.66447,-2.29497,8.94975
1.62996,-2.28545,8.96641
1.61687,-2.20689,9.15328
1.70256,-2.21165,9.17113
1.8073,-2.34615,9.44606
1.91679,-2.22594,9.5746
1.97511,-2.30568,9.48534
1.92393,-2.32234,9.31276
1.88347,-2.68059,9.41155
1.90846,-2.85435,9.50914
1.74422,-2.55919,9.58888
1.59544,-2.22118,9.51152
1.57521,-2.20689,9.48058
1.69899,-2.60918,9.34489
1.62044,-2.64012,9.29848
1.46571,-2.17952,9.55437
1.5407,-2.10573,9.51033
1.53236,-2.19618,9.41273
1.46928,-2.38423,9.4651
1.43239,-2.339,9.57103
1.57402,-2.07597,9.67696
1.70375,-1.91768,9.78288
1.70613,-1.99385,9.79598
1.60854,-2.24141,9.67934
1.60973,-2.1819,9.67696
1.56093,-1.82008,9.71028
1.5276,-1.73201,9.8174
1.5883,-1.89864,9.64244
1.50499,-1.80461,9.54008
1.46095,-1.81294,9.56389
1.61211,-1.88554,9.5627
1.69304,-1.95934,9.54604
1.63234,-2.01289,9.47582
1.4669,-1.74867,9.51509
1.33598,-1.62251,9.54961
1.42168,-1.8058,9.45082
1.41573,-1.79152,9.48891
1.43001,-1.86293,9.52461
1.48714,-1.96172,9.59007
1.40263,-1.63203,9.78526
1.3705,-1.56062,9.65315
1.43596,-1.75938,9.46748
1.47404,-1.90935,9.30562
1.4062,-1.8903,9.39726
1.45143,-1.62132,9.48534
1.49666,-1.47493,9.60078
1.53712,-1.44637,9.58055
1.45857,-1.42851,9.58174
1.55617,-1.50825,9.57341
1.70256,-1.55586,9.65315
1.7585,-1.44399,9.77574
1.79897,-1.43803,9.74361
1.97392,-1.41423,9.65196
2.0132,-1.35829,9.5746
2.04057,-1.26427,9.61388
2.16078,-1.23332,9.57579
2.08104,-1.23451,9.49962
2.01677,-1.12144,9.49724
1.97035,-1.03813,9.53413
2.11198,-1.10954,9.47462
2.12984,-1.20714,9.41512
2.11079,-1.26189,9.5627
1.99178,-1.27617,9.58412
2.08223,-1.29997,9.66505
2.17387,-1.45232,9.60554
2.1346,-1.37257,9.50795
2.14769,-1.23927,9.5746
2.13817,-1.17738,9.72694
2.15007,-1.05836,9.74599
