1.23125,-0.0371857,9.67577
1.05034,-0.0657501,9.58769
0.964645,0.108017,9.64958
1.0313,0.069931,9.75432
1.09795,0.0151825,9.73052
1.15984,-0.0728912,9.71385
1.21458,-0.0371857,9.78764
1.27647,-0.00386047,9.95427
1.41454,-0.0538483,9.87572
1.38359,-0.00624084,9.7805
1.39073,0.122299,9.64244
1.33836,0.108017,9.57817
1.33598,0.0342255,9.61864
1.35741,-0.00862122,9.59007
1.44072,-0.113358,9.75908
1.455,-0.13002,9.66863
1.49547,-0.146683,9.73766
1.50737,-0.013382,9.76622
1.57402,0.000900269,9.69005
1.47643,-0.0443268,9.75194
1.53117,-0.156204,9.63768
1.49547,-0.058609,9.53532
1.45262,0.0366058,9.45201
1.36693,0.0675507,9.502
1.35979,0.0865936,9.58769
1.43596,0.115158,9.56389
1.54308,0.0104218,9.58055
1.59306,0.0532684,9.48058
1.58592,0.153244,9.53532
1.71684,0.108017,9.60674
1.69304,-0.0824127,9.86858
1.75255,-0.151443,9.86382
1.74779,-0.149063,9.91142
1.77635,-0.170486,9.86858
1.73112,-0.0800324,9.89952
1.65257,0.0580292,9.86144
1.60973,0.088974,9.86382
1.5764,0.0461273,9.86858
1.59782,-0.141922,9.73052
1.52879,-0.175247,9.56865
1.48357,0.0746918,9.25682
1.49071,0.0175629,9.44011
1.8192,-0.110977,9.80431
2.03105,-0.353775,9.78526
2.04295,-0.291885,9.80431
2.00725,-0.125259,9.81621
1.9644,-0.0229034,9.7924
1.88109,0.131821,9.79002
1.88823,0.0651703,9.99474
2.06676,-0.0657501,10.0661
2.03343,-0.253799,10.2233
2.13103,-0.525162,10.4565
2.17149,-0.651321,10.5208
2.08818,-0.465652,10.4256
2.01677,-0.251419,10.4518
1.96202,-0.218094,10.4256
1.76921,-0.158585,10.4946
1.77873,-0.172867,10.4589
1.83348,-0.206192,10.5279
1.97392,-0.3871,10.6279
2.15959,-0.341873,9.86144
1.94774,-0.38472,9.67815
1.80492,-0.458511,9.38774
1.674,-0.584671,9.13304
1.59306,-0.760818,8.89977
1.46928,-0.679886,8.71172
1.22887,-0.51088,8.62602
1.09319,-0.591812,8.39275
0.945602,-0.617996,8.32371
0.919418,-0.672745,8.3499
0.845627,-0.6418,8.25468
0.845627,-0.570389,8.49748
0.912277,-0.460892,8.81883
0.924179,-0.468033,8.93785
0.814682,-0.587051,8.97832
0.886093,-0.796524,8.93547
1.02653,-0.758438,8.95927
1.15031,-0.541824,9.10448
1.29552,-0.213333,9.31633
1.39549,0.000900269,9.41869
1.52403,0.210373,9.47819
1.60735,0.329391,9.44249
1.78587,0.357956,9.5377
1.90965,0.38414,9.65672
2.11198,0.31749,9.71861
2.20244,0.277023,9.64244
2.16197,0.12944,9.63292
2.2429,-0.103836,9.49486
2.231,-0.201431,9.37108
2.20482,-0.196671,9.31871
2.22624,-0.0681305,9.29253
2.25957,-0.203812,9.52104
2.27385,-0.427567,9.45439
2.32384,-0.582291,9.42821
2.31194,-0.610855,9.48772
2.21672,-0.553726,9.58769
2.14293,-0.475174,9.56151
2.02153,-0.468033,9.57817
2.01915,-0.558487,9.72099
2.03581,-0.494217,9.68291
1.96202,-0.389481,9.56627
1.87871,-0.346634,9.61864
1.83586,-0.32045,9.59483
1.83824,-0.32283,9.65196
1.75255,-0.237137,9.74718
1.80254,-0.106216,9.71623
1.85966,0.0818329,9.84715
2.02153,0.0104218,10.0328
2.1834,-0.165726,10.1828
2.26195,-0.19429,10.2375
2.33336,-0.151443,10.2875
2.34764,-0.172867,10.297
2.40477,-0.344254,10.3066
2.38811,-0.368057,10.3518
2.40953,-0.415665,10.2851
2.3643,-0.634659,10.2137
2.29289,-0.751297,10.2613
2.16435,-0.870316,10.1804
2.06676,-0.951248,10.1709
1.87633,-1.01076,10.0733
1.89299,-1.00362,9.49248
1.88585,-0.967911,9.47105
1.76683,-0.946487,9.3925
1.62877,-0.894119,9.36156
1.5526,-0.886978,9.20683
1.46928,-0.96553,9.05449
1.48357,-1.01076,9.07829
1.54784,-0.946487,9.04735
1.48595,-0.853653,9.05687
1.33598,-0.825089,9.07829
1.286,-0.677505,9.10924
1.3217,-0.63942,9.20207
1.34789,-0.563248,9.29729
1.40739,-0.570389,9.41393
1.54546,-0.57515,9.37822
1.77159,-0.725113,9.37346
1.82396,-0.829849,9.49724
1.90727,-0.867935,9.53056
1.86205,-0.863174,9.54246
1.79063,-0.787003,9.62102
1.79063,-0.758438,9.65434
1.75017,-0.763199,9.64958
1.74303,-0.77034,9.71623
1.71922,-0.817947,9.60674
1.59544,-0.813187,9.58531
1.5764,-0.882217,9.68529
1.70256,-0.913162,9.69719
1.68114,-0.882217,9.71861
1.7097,-0.820328,9.74004
1.65495,-0.758438,9.68529
1.62639,-0.70369,9.77336
1.74541,-0.734634,9.7686
1.85728,-0.629898,9.78288
1.89299,-0.77034,9.66863
1.98106,-1.0179,9.59007
2.00011,-0.998856,9.59007
2.03581,-0.803665,9.56865
2.00963,-0.487076,9.61388
2.01201,-0.341873,9.60197
1.95012,-0.44899,9.54961
1.79063,-0.741776,9.37108
1.79539,-0.691788,9.40202
1.85014,-0.83699,9.39964
1.96202,-0.953629,9.41631
2.00011,-0.975052,9.37108
1.96202,-0.915543,9.33299
2.00725,-0.953629,9.42107
1.97154,-0.929825,9.43297
1.94536,-0.751297,9.48058
1.88585,-0.603714,9.71623
2.05962,-0.739395,9.93999
2.21672,-0.763199,10.0043
2.25719,-0.815567,10.0876
2.33336,-0.70845,10.1304
2.28813,-0.665604,10.2661
2.34288,-0.694168,10.297
2.30479,-0.684647,10.1875
2.28575,-0.689407,10.0185
2.25243,-0.546585,10.0233
2.2429,-0.491837,10.0162
2.29765,-0.418045,9.93761
2.26195,-0.484695,9.82335
2.27861,-0.51088,9.71623
2.2429,-0.57753,9.70671
2.27623,-0.64418,9.69005
2.32384,-0.601334,9.64244
2.32384,-0.503738,9.671
2.33812,-0.498978,9.51152
2.24767,-0.541824,9.46867
2.32146,-0.648941,9.46867
2.21196,-0.675125,9.42107
2.17387,-0.741776,9.50438
2.28813,-0.775101,9.5258
2.35716,-0.820328,9.52104
2.41905,-0.825089,9.54485
2.37144,-0.725113,9.58293
2.37383,-0.696548,9.6234
2.31432,-0.753677,9.51628
2.35716,-0.744156,9.54485
2.37621,-0.777481,9.64482
2.3524,-0.791763,9.60912
2.31194,-0.908401,9.6472
2.33812,-1.05836,9.57579
2.29289,-0.970291,9.58769
2.26909,-0.779861,9.61864
2.20006,-0.663223,9.66386
2.22624,-0.6418,9.71385
2.27147,-0.672745,9.65196
2.27861,-0.713211,9.69005
2.29527,-0.746536,9.69005
2.23814,-0.665604,9.76622
2.28099,-0.677505,9.70909
2.30003,-0.775101,9.66386
2.28813,-0.787003,9.66863
2.27147,-0.782242,9.61388
2.20244,-0.720352,9.64244
2.1953,-0.760818,9.6115
2.20244,-0.687027,9.52818
2.15959,-0.682266,9.5139
2.15007,-0.717972,9.46867
2.12389,-0.741776,9.4901
2.11913,-0.748917,9.48534
2.14293,-0.798904,9.43297
2.0858,-0.779861,9.37108
2.09056,-0.713211,9.36156
2.08818,-0.784622,9.39964
2.13103,-0.889359,9.35204
2.12151,-0.877457,9.28538
2.11913,-0.856033,9.36394
2.15245,-0.825089,9.34489
2.38097,-0.929825,9.78764
2.43571,-0.801285,9.86144
2.54045,-0.663223,10.3804
2.52617,-0.806046,10.3708
2.54997,-0.794144,10.4232
2.53331,-0.70845,10.7041
2.50713,-0.606094,10.885
2.69756,-0.70607,11.3063
2.95226,-0.748917,11.4896
2.96654,-0.889359,11.6562
3.05461,-1.04408,12.0323
2.99748,-1.02742,12.1371
3.01653,-0.867935,12.218
3.01415,-0.6418,12.2323
2.92845,-0.70369,12.3132
2.95702,-0.875076,12.5298
2.93797,-1.05598,12.537
2.94511,-1.19167,12.6012
2.92607,-1.17976,12.7107
2.91893,-1.20119,12.8678
1.24553,-1.34877,11.4872
1.13365,-1.27974,11.1873
0.890854,-1.38686,11.0326
0.80278,-1.37019,10.597
0.517136,-1.3083,10.3327
0.219589,-1.28212,10.159
-0.149368,-1.21309,9.70909
-0.527847,-1.29164,9.54485
-0.882523,-1.27974,9.17589
-1.19673,-1.1631,8.70458
-1.54189,-1.02504,8.39751
-1.88466,-0.844131,7.96904
-2.22505,-0.57515,7.39537
-2.70827,-0.32045,6.81218
-3.26289,-0.218094,7.15733
-3.14626,-0.403763,7.22636
-3.12245,-0.468033,6.73601
-3.54378,-0.57515,6.42894
-3.90083,-0.382339,5.65294
-4.52449,-0.0014801,5.17448
-6.60017,0.462692,4.11284
-6.71681,0.181808,4.61748
-6.56923,-0.0467072,4.59367
-6.6692,-0.229996,4.74364
-6.8644,-0.301407,4.83409
-7.01674,-0.284744,4.77934
-7.23811,-0.0562286,4.88408
-7.23573,0.174667,4.5175
-7.33095,0.265121,4.23662
-7.46187,0.417465,4.05095
-7.72133,0.493637,4.08665
-7.81416,0.541245,4.07713
-7.92128,0.6436,3.82957
-8.14742,0.57933,3.73912
-8.09981,0.688828,3.08214
-8.59492,0.938766,2.63463
-8.99245,1.20299,2.11333
-9.36379,1.51244,1.59679
-9.58278,1.75047,1.30162
-9.66847,2.01469,0.577988
-9.83748,2.17418,0.0900116
-10.3255,2.28606,-0.264664
-10.6897,2.45744,-0.400345
-11.2633,2.43602,-0.24324
-11.08,2.41222,0.0233612
-10.5611,2.56218,0.166183
-10.2921,2.72404,0.347092
-10.2326,2.82164,0.627975
-10.2659,2.95018,0.689865
-10.404,2.90733,0.899338
-9.91603,1.13396,1.75389
-9.98744,1.10063,1.45396
-9.96364,1.2625,1.36351
-9.76369,1.22203,1.41588
-9.49709,1.10063,1.75865
-9.25191,0.964951,2.19188
-9.01149,0.917343,2.65129
-8.51161,1.02446,2.52275
-8.42592,0.496017,4.21043
-8.99721,0.926865,3.23924
-9.39949,1.09587,3.0631
-8.98531,1.0554,3.31303
-8.51637,1.19585,3.61296
-8.20692,1.21013,3.91051
-8.09743,1.21727,4.28899
-8.03554,1.04588,4.58415
-8.00459,0.976852,4.66746
-8.09505,0.788803,4.82933
-7.9427,0.607895,5.04594
-7.88557,0.595993,5.19353
-6.83107,0.331772,6.52892
-6.66444,0.396042,6.49797
-6.55733,0.44841,6.5551
-6.44307,0.660263,6.53368
-5.97176,0.543625,7.06926
-6.18837,0.229416,7.50249
-6.46925,0.410324,7.33586
-6.04317,0.0318451,7.62389
-5.49568,-0.168106,7.74767
-5.01247,-0.180008,8.01665
-4.83394,-0.0800324,8.40227
-4.75301,0.119919,8.55699
-4.62209,0.0746918,8.49272
-4.57686,-0.19429,8.31181
-4.63637,-0.439468,8.40941
-4.5721,-0.32045,8.57603
-4.584,-0.118118,8.71886
-4.49116,-0.0728912,8.93547
-4.31026,-0.163345,9.06877
-4.23885,-0.218094,9.06401
-3.19624,-0.349014,9.18541
-2.93202,-0.263321,9.37108
-2.62733,-0.289505,9.3806
-2.68446,-0.268082,9.14018
-2.70113,-0.253799,9.19969
-2.46785,-0.158585,9.33061
-2.2917,-0.0490875,9.58293
-1.89418,-0.249039,9.87572
-1.57997,-0.437088,9.73766
-1.32051,-0.51564,9.8781
-1.21339,-0.458511,9.79478
-1.35622,-0.365677,9.75908
-1.50856,-0.306168,9.76384
-1.49904,-0.208572,9.74956
-1.36098,-0.201431,9.83287
-1.261,-0.199051,10.2471
-0.820633,-0.284744,10.428
-0.665909,-0.325211,10.2637
-0.703995,-0.458511,10.0757
-0.682571,-0.529922,9.85191
0.412399,-0.168106,9.97093
0.550461,-0.13002,10.0162
0.705185,-0.120499,10.278
0.978928,-0.187149,10.6946
1.25267,-0.334732,10.7374
1.35027,-0.422806,10.8064
1.46928,-0.427567,11.0278
1.6978,-0.391861,11.3396
1.90727,-0.215714,11.5729
2.04295,-0.234756,11.5705
2.13103,-0.325211,11.4563
2.12865,-0.313309,11.392
2.1096,-0.163345,11.254
2.11674,-0.118118,11.3444
2.0739,-0.12764,11.3158
1.95964,-0.168106,11.2635
1.80254,-0.158585,11.2587
1.82872,-0.189529,11.0992
1.72636,-0.108597,10.9159
1.60497,0.0461273,10.8493
1.53355,-0.213333,10.1352
1.58592,-0.291885,10.178
1.63829,-0.339493,10.0281
1.61687,-0.427567,9.91142
1.5764,-0.420425,9.85905
1.55022,-0.389481,9.79955
1.54546,-0.463272,9.7567
1.49547,-0.537064,9.68767
1.61211,-0.568008,9.73289
1.64781,-0.572769,9.59245
1.56926,-0.463272,9.6234
1.51213,-0.318069,9.69957
1.52879,-0.244278,9.61864
1.51451,-0.358536,9.65434
1.61211,-0.444229,9.68767
1.62877,-0.482315,9.56627
1.62163,-0.522781,9.59721
1.61449,-0.410904,9.59721
1.53831,-0.441849,9.57579
1.53831,-0.496597,9.55913
1.67876,-0.463272,9.71147
1.74303,-0.458511,9.6591
1.72398,-0.537064,9.69243
1.81444,-0.489456,9.73052
1.85728,-0.537064,9.76384
1.83586,-0.572769,9.80907
1.90251,-0.622757,9.85905
1.95964,-0.63942,9.77336
1.90489,-0.520401,9.79002
1.8549,-0.356155,9.84001
1.76921,-0.303787,9.89476
1.74303,-0.287125,9.82335
1.70256,-0.45137,9.75432
1.73351,-0.539444,9.66863
1.70018,-0.617996,9.68291
1.63353,-0.625137,9.6472
1.57164,-0.453751,9.62102
1.52403,-0.439468,9.70671
1.5645,-0.444229,9.61864
1.62877,-0.444229,9.68291
1.53593,-0.717972,9.42107
1.52403,-0.656082,9.49248
1.49547,-0.63942,9.67815
1.4669,-0.656082,9.65672
1.56926,-0.601334,9.8781
1.62877,-0.437088,9.88524
1.65971,-0.539444,9.84715
1.60735,-0.491837,9.80907
1.65733,-0.379959,9.74718
1.69066,-0.315689,9.91142
1.75255,-0.19429,9.92571
1.82396,-0.251419,9.95427
1.86205,-0.463272,9.91856
1.82396,-0.470413,9.85429
1.82634,-0.453751,9.77812
1.88585,-0.525162,9.67815
1.88347,-0.382339,9.66386
2.30241,0.146103,9.69005
2.26433,0.155624,9.73289
1.99535,0.153244,9.63768
1.82872,0.0937347,9.67577
1.78111,0.172287,9.75432
1.8192,0.353195,9.72575
1.64543,0.243698,9.70195
1.58354,0.160385,9.63054
1.47404,0.110397,9.61864
1.43596,0.158005,9.70433
1.34789,0.307968,9.67339
1.31694,0.367477,9.60674
1.37169,0.246078,9.62102
1.52165,0.105637,9.64244
1.64781,-0.0014801,9.68767
1.73351,-0.0919342,9.76384
1.85966,-0.0752716,9.69481
1.95012,0.00566101,9.81145
1.90727,0.0913544,9.88762
1.843,0.0723114,9.88286
1.82158,0.00566101,9.45677
1.8549,-0.0276642,9.34727
1.86681,-0.00386047,9.37584
1.76445,0.0532684,9.3568
1.68114,0.0437469,9.41155
1.66685,-0.0681305,9.46391
1.67876,-0.225235,9.37346
1.63829,-0.332352,9.27824
1.63353,-0.408524,9.32585
1.64305,-0.306168,9.42107
1.55022,-0.313309,9.46391
1.46452,-0.325211,9.51628
1.35503,-0.251419,9.54723
1.34312,-0.149063,9.64482
1.30504,-0.122879,9.71147
1.43596,-0.132401,9.73052
1.45976,-0.232376,9.66863
1.47643,-0.282364,9.68291
1.53117,-0.284744,9.75908
1.51927,-0.106216,9.74956
1.10747,0.00804138,10.2209
1.286,-0.0919342,10.2328
1.42406,-0.0943146,10.2113
1.48833,-0.265701,10.1614
1.59782,-0.296646,10.0947
1.54546,-0.334732,10.1019
1.59306,-0.408524,10.1019
1.59068,-0.518021,9.98997
1.68828,-0.606094,9.98045
1.66447,-0.677505,9.82811
1.63591,-0.665604,9.80669
1.61449,-0.613236,9.79002
1.42406,-0.498978,9.72337
1.31932,-0.377579,9.71861
1.24553,-0.25856,9.73289
1.22649,-0.265701,9.77336
1.19078,-0.246658,9.65672
1.20506,-0.275223,9.68767
1.11937,-0.201431,9.6115
1.08366,-0.132401,9.68291
1.12175,-0.120499,9.70195
1.17174,-0.115738,9.64482
1.20268,-0.103836,9.60197
1.12651,-0.146683,9.6591
1.17174,-0.196671,9.67339
1.13365,-0.163345,9.671
1.12889,-0.220474,9.77336
1.08128,-0.237137,9.74718
1.11461,-0.25856,9.76622
1.15508,-0.287125,9.83287
1.12175,-0.470413,9.70671
1.1646,-0.603714,9.70433
1.15984,-0.608475,9.66863
1.0551,-0.51088,9.66863
1.06938,-0.289505,9.68529
1.04796,-0.13002,9.76622
1.07176,-0.144302,9.79002
1.17174,-0.222855,9.72575
1.12889,-0.165726,9.80193
1.18364,-0.189529,9.86858
1.19554,-0.163345,9.89
1.21458,-0.175247,9.88524
1.22411,-0.0705109,9.94713
1.25029,-0.0538483,9.9876
1.32884,-0.203812,9.95665
1.34789,-0.239517,9.96379
1.34074,-0.318069,9.91856
1.38121,-0.277603,9.96141
1.38121,-0.268082,9.91618
1.33836,-0.144302,9.89476
1.27885,-0.120499,9.70195
1.28123,-0.232376,9.70433
1.25029,-0.151443,9.68529
1.22649,-0.165726,9.68767
1.26457,-0.0800324,9.64482
1.28362,-0.137161,9.72813
1.32408,-0.213333,9.62578
1.29314,-0.329971,9.64958
1.25981,-0.38472,9.68053
1.21696,-0.375198,9.68767
1.17412,-0.358536,9.66148
1.21935,-0.368057,9.6472
1.12651,-0.32283,9.69719
1.15269,-0.406143,9.71385
1.17174,-0.3871,9.71147
1.1765,-0.3871,9.69005
1.19078,-0.306168,9.77336
1.25743,-0.289505,9.80669
1.22173,-0.291885,9.81859
1.27409,-0.268082,9.91142
1.27885,-0.370438,9.90666
1.29314,-0.399002,9.90666
1.30028,-0.303787,9.9138
1.30028,-0.213333,9.92808
1.25743,-0.222855,9.92094
1.15031,-0.265701,9.82097
1.1646,-0.272842,9.77812
1.21696,-0.168106,9.94475
1.19078,-0.12764,9.84239
1.22411,-0.096695,9.86858
1.286,-0.201431,9.82573
1.24553,-0.268082,9.81621
1.27171,-0.146683,9.77336
1.3098,-0.160965,9.78288
1.30266,-0.241898,9.67815
1.3098,-0.301407,9.75194
1.27885,-0.232376,9.6591
1.30504,-0.218094,9.71385
1.20268,-0.203812,9.68529
1.2003,-0.227615,9.64958
1.26219,-0.253799,9.64482
1.25505,-0.249039,9.73052
1.2979,-0.180008,9.7448
1.31694,-0.237137,9.78288
1.32884,-0.294266,9.77574
1.37645,-0.296646,9.77574
1.29552,-0.246658,9.79478
1.30028,-0.265701,9.7805
1.2979,-0.3871,9.69481
1.286,-0.375198,9.74718
1.25505,-0.237137,9.75908
1.25267,-0.201431,9.70671
1.26219,-0.25856,9.71861
1.32884,-0.308548,9.79002
1.36931,-0.410904,9.78288
1.31218,-0.363297,9.80907
1.3217,-0.339493,9.82335
1.27409,-0.291885,9.74956
1.3098,-0.246658,9.81859
1.32884,-0.246658,9.92094
1.31456,-0.277603,9.72813
1.33122,-0.315689,9.80193
1.26695,-0.272842,9.71623
1.32408,-0.344254,9.74956
1.35741,-0.377579,9.69243
1.30742,-0.375198,9.66386
1.38121,-0.391861,9.71623
1.32646,-0.351395,9.72099
1.3098,-0.234756,9.71623
1.29076,-0.170486,9.70671
1.30028,-0.379959,9.82573
1.2979,-0.458511,9.73766
1.24791,-0.408524,9.72099
1.25267,-0.356155,9.77336
1.27885,-0.260941,9.75194
1.31456,-0.215714,9.84477
1.30504,-0.199051,9.82811
1.25743,-0.196671,9.79716
1.20982,-0.265701,9.74242
1.22173,-0.239517,9.85667
1.29076,-0.275223,9.86382
1.37645,-0.227615,9.76146
1.35265,-0.263321,9.73289
1.40025,-0.401382,9.69481
1.43358,-0.51088,9.60674
1.4669,-0.491837,9.58055
1.41454,-0.434708,9.55199
1.41216,-0.45137,9.5258
1.35027,-0.503738,9.44963
1.35265,-0.57753,9.37584
1.38597,-0.653702,9.23302
1.36931,-0.798904,9.04735
1.36931,-0.998856,8.92833
1.35265,-1.26308,8.63792
1.3336,-1.44875,8.53319
1.47881,-2.8127,7.25969
1.60973,-3.16261,7.17638
1.66447,-2.92696,7.24541
1.52879,-2.33186,7.43822
1.59782,-2.06764,7.4763
1.71922,-1.8177,7.41917
1.90251,-1.85103,7.39061
2.0739,-2.37709,7.30492
2.25957,-2.96504,7.32872
2.54283,-3.53871,7.58342
2.87608,-3.61012,7.89287
3.05699,-3.62679,8.21184
3.36168,-3.75294,8.49272
3.61638,-3.84578,8.52367
4.06151,-3.77675,8.68315
4.35667,-3.09596,9.23778
4.62566,-2.29616,9.89238
4.82323,-1.57491,10.4303
5.09935,-1.66536,10.9588
5.61113,-2.10811,11.1445
8.67229,3.10252,14.1342
8.51994,3.6143,14.2032
8.27953,3.95708,13.9723
7.98674,4.10466,13.5891
7.87486,3.81902,13.5915
7.7011,3.88567,13.4153
7.49638,4.18321,13.2868
7.28929,4.45934,13.0107
7.06316,4.85448,12.4465
6.69896,5.01634,12.0657
6.33714,4.93541,11.4682
5.9182,4.42125,10.9469
5.57304,4.01897,10.5232
5.30882,3.69524,10.1614
5.0446,3.50719,9.62102
4.73753,3.37627,9.2473
4.27812,3.2382,9.05211
3.90916,3.09776,8.92357
3.6378,3.15489,8.57841
3.26408,3.08348,8.38084
0.362411,1.3101,5.05309
0.0482025,1.11967,4.86742
-0.151749,1.01732,4.70079
-0.246964,0.964951,4.55797
-0.235062,0.991135,4.37944
-0.120804,0.96019,4.2747
-0.173172,0.879257,3.94859
-0.258865,0.745956,3.52727
-0.587357,0.457932,3.05833
-0.99678,0.0770721,2.81792
-1.28957,-0.308548,2.65605
-1.35384,-0.882217,2.65129
-1.2253,-1.22737,2.96074
-1.00392,-0.956009,3.28209
-0.856339,-0.682266,3.67961
-0.818253,-0.484695,3.83434
-0.811111,-0.620377,3.92479
-0.86586,-0.910782,3.93431
-0.80397,-1.20357,4.15569
-0.487381,-1.74629,4.42467
-0.163651,-2.27711,4.3723
0.117233,-3.05312,4.40562
0.405258,-4.04097,4.72459
0.695663,-4.72652,5.06737
0.878952,-5.1288,5.52916
1.15984,-5.16927,6.17662
1.51927,-4.93123,6.63365
1.90727,-4.71938,7.23827
2.28813,-4.42183,7.47868
2.64281,-4.50276,7.34062
6.71562,-6.33327,9.69957
6.87273,-6.01906,9.7448
7.01793,-4.56703,10.2494
6.91319,-3.30305,11.1516
7.02269,-2.73177,11.5515
7.37975,-2.86745,11.5586
7.57256,-3.69106,11.392
7.61778,-4.4742,11.2016
7.69157,-4.89076,11.2754
7.78679,-5.09547,11.6777
8.60088,-5.07643,12.7726
8.50566,-4.61464,12.9226
8.35094,-4.34328,12.8298
8.40093,-4.4623,12.7702
8.28667,-4.71462,12.3941
8.101,-4.68367,12.1799
7.91771,-4.74794,11.8919
7.77965,-4.78365,11.5682
7.49876,-4.79793,11.2468
7.28929,-4.92885,10.8517
7.12505,-5.14784,10.735
6.9846,-5.3716,10.478
6.98222,-5.6263,10.2447
6.89415,-5.48109,10.2328
6.75371,-5.35493,10.0733
6.66087,-5.59059,9.82097
6.42284,-5.65486,9.28062
6.15862,-5.73103,8.89262
5.96819,-5.81911,8.69981
5.80394,-5.65248,8.90453
2.7523,-3.71962,7.03117
2.46666,-3.64345,6.8098
2.08818,-3.70772,6.65031
1.69066,-3.68391,6.44084
1.43834,-3.82674,6.30754
1.30504,-3.97194,6.25517
1.1765,-3.78389,6.37657
0.940842,-3.64583,6.51939
0.774216,-3.41255,6.51701
0.486191,-3.14357,6.48369
0.379074,-3.15547,6.65508
0.379074,-3.11977,6.60509
0.319565,-2.88411,6.41466
0.0910492,-2.91505,6.26231
-0.113663,-2.72462,6.22185
-0.296951,-2.69368,6.28136
-0.285049,-2.72462,6.46703
-0.299332,-2.51515,6.55748
-0.435013,-2.1581,6.75267
-0.54213,-1.88197,6.79076
-0.782547,-1.64632,6.9312
-0.951553,-1.37257,6.99309
-0.984879,-1.23927,7.0407
-1.02773,-1.19405,6.98119
-1.06343,-1.12502,6.87883
-1.18007,-0.96077,6.96214
-1.11104,-0.8965,6.95738
-1.21577,-0.989334,6.89549
-1.45857,-1.09407,6.92644
-1.56093,-0.90126,7.01451
-1.5038,-0.884598,7.21446
-1.47762,-0.660843,7.35252
-1.4919,-0.218094,7.50963
-1.54903,-0.0419464,7.5977
-1.69661,0.250839,7.75719
-1.87514,0.486496,7.85716
-1.84895,0.660263,7.87144
-1.88704,0.70787,7.94762
-1.81325,0.603134,7.80479
-1.81563,0.25798,7.77623
-1.88704,0.205612,8.02379
-1.93703,0.562668,8.35704
-1.88466,0.986374,8.79741
-1.73232,1.35295,9.02354
-1.53474,1.45293,9.00212
-1.38478,0.784042,8.80455
-1.36574,0.0984955,8.51891
-1.48476,-0.0847931,8.51891
-1.41811,0.203232,8.87834
-1.29909,0.522202,9.18779
-1.12532,0.8983,9.37584
-1.01344,1.13158,9.502
-0.706375,0.974472,9.49724
-0.335037,0.598373,9.38774
-0.0970001,0.281784,9.59483
0.0886688,-0.213333,9.65672
0.076767,-0.160965,9.65434
0.0696259,0.0604095,9.73052
0.0363007,0.103256,9.80907
0.133896,0.181808,10.059
1.57878,-0.656082,10.9754
1.70018,-0.660843,11.0016
1.66685,-0.841751,10.9945
1.73351,-0.910782,11.0754
1.74303,-1.02028,11.1326
1.6859,-1.01076,11.1897
1.64067,-0.870316,11.2301
1.74541,-0.872696,11.5158
1.90965,-0.713211,11.5229
2.03343,-0.879837,11.4206
2.04295,-1.09169,11.2873
2.00487,-1.47969,11.1087
2.01201,-1.66298,10.9493
1.92632,-1.77724,10.8541
1.91917,-1.54872,10.8088
1.77397,-1.07265,10.735
1.66924,-0.744156,10.8064
1.63115,-0.687027,10.6374
1.66447,-0.617996,10.3923
1.60973,-0.77034,10.2732
1.70018,-1.02266,10.2709
1.79063,-1.11311,10.0185
1.85966,-1.15834,9.90904
1.95012,-1.10597,9.87334
2.07866,-0.991715,10.159
2.16911,-0.908401,10.2566
2.3167,-1.0179,10.2637
2.35002,-1.1274,10.297
2.3405,-1.33211,10.128
2.41191,-1.51778,10.1233
2.31908,-1.64156,9.90428
2.27385,-1.51778,9.87572
2.24052,-1.44637,9.7805
2.20482,-1.34401,9.73052
2.21672,-1.25117,9.76384
2.19054,-1.11787,9.71861
2.20006,-1.02266,9.68291
2.16911,-1.06789,9.62102
2.26433,-1.20833,9.5258
2.26433,-1.24641,9.52104
2.23576,-1.23927,9.54723
2.2072,-1.34639,9.46153
2.14769,-1.31544,9.39488
2.16435,-1.33687,9.50438
2.231,-1.37257,9.53294
2.28813,-1.34163,9.59959
2.37144,-1.34877,9.5139
2.35002,-1.31068,9.59721
2.3405,-1.2845,9.57103
2.3286,-1.25117,9.63292
2.33812,-1.2845,9.62816
2.34288,-1.31544,9.55199
2.32384,-1.31068,9.54246
2.33574,-1.33449,9.46153
2.26909,-1.32497,9.44249
2.21672,-1.30592,9.56389
2.13817,-1.19167,9.6115
2.13817,-1.22737,9.63054
2.18578,-1.17262,9.5377
2.27147,-1.21785,9.52104
2.25481,-1.31068,9.4901
2.24052,-1.33925,9.45439
2.22624,-1.4178,9.45201
2.16197,-1.32973,9.46629
2.13579,-1.21309,9.51152
2.13579,-1.08931,9.65196
2.15959,-1.05598,9.55675
2.12389,-1.03694,9.53294
2.10246,-1.14644,9.53056
2.06676,-1.22499,9.50914
1.98821,-1.20833,9.47819
2.03343,-1.33925,9.47582
2.07866,-1.31544,9.51628
2.09056,-1.23927,9.50676
2.14293,-1.15358,9.6472
2.15483,-1.14644,9.64482
2.0977,-1.06551,9.61388
2.04295,-1.1274,9.50914
2.03581,-1.20119,9.56389
2.00963,-1.22261,9.55199
2.07866,-1.20119,9.6115
2.08818,-1.16072,9.64244
2.04057,-1.28926,9.61388
2.04771,-1.42256,9.57103
2.09056,-1.47493,9.58769
2.0977,-1.37257,9.62102
2.20244,-1.26784,9.64958
2.16911,-1.22023,9.54485
2.22148,-1.31068,9.54485
2.1834,-1.2845,9.48058
2.09532,-1.11311,9.58055
2.05962,-1.10359,9.57579
1.98582,-1.18929,9.58293
1.99535,-1.35353,9.56389
2.09056,-1.44637,9.49248
2.05247,-1.30592,9.502
2.03819,-1.24403,9.50914
2.062,-1.2845,9.58055
2.05486,-1.25117,9.57341
2.15245,-1.23927,9.60674
2.13817,-1.23927,9.57579
2.14531,-1.20357,9.56627
2.06914,-1.18452,9.6234
2.05486,-1.17976,9.73289
2.05009,-1.20357,9.66624
2.02153,-1.1869,9.67815
2.00487,-1.1274,9.66386
2.01439,-1.23689,9.68529
2.04771,-1.36067,9.63054
2.06676,-1.35829,9.63768
2.03819,-1.31544,9.57579
2.00487,-1.27498,9.56865
2.00963,-1.17976,9.58293
1.95726,-1.14882,9.6234
2.03105,-1.1274,9.6115
2.02153,-1.09169,9.63768
2.01201,-1.01552,9.65196
1.97392,-1.16072,9.65434
2.00249,-1.1869,9.56389
2.00011,-1.1869,9.52104
1.96916,-1.20833,9.59245
2.00487,-1.20119,9.6115
1.9406,-1.17738,9.59721
1.94298,-1.20833,9.60674
2.00963,-1.23927,9.671
2.03819,-1.32021,9.61864
2.01201,-1.33687,9.56389
2.02867,-1.29164,9.56389
1.98106,-1.19881,9.61864
1.9763,-1.16786,9.64958
1.94774,-1.1393,9.67815
1.84776,-1.15596,9.71385
1.84776,-1.20833,9.61864
1.89537,-1.22975,9.64958
1.90489,-1.15358,9.66386
1.91203,-1.14882,9.62816
1.87395,-1.22975,9.58769
1.90013,-1.28926,9.54961
1.91203,-1.21071,9.58293
1.93584,-1.1869,9.69957
1.85014,-1.14644,9.56389
1.91441,-1.12025,9.57579
1.88585,-1.11787,9.54961
1.83348,-1.19167,9.59959
1.81206,-1.24641,9.53532
1.82396,-1.33687,9.52342
1.82634,-1.26784,9.5377
1.79778,-1.09169,9.54723
1.82872,-1.06551,9.59959
1.87395,-1.1274,9.58769
1.90727,-1.1869,9.57817
1.92155,-1.175,9.56865
1.90727,-1.11073,9.56865
1.90965,-1.15358,9.61626
1.97154,-1.20357,9.65672
2.05486,-1.22975,9.54723
2.00011,-1.14168,9.57579
1.95488,-1.05122,9.64006
1.92393,-1.10597,9.61388
1.86205,-1.17976,9.60674
1.8549,-1.18929,9.64958
1.88823,-1.19167,9.71385
1.91441,-1.175,9.64006
1.85252,-1.10359,9.67577
1.83348,-1.12502,9.66386
1.83586,-1.17976,9.59483
1.8192,-1.22975,9.6472
1.86443,-1.23689,9.68529
1.91441,-1.23213,9.65196
1.87871,-1.14406,9.70433
1.95964,-1.14644,9.71861
1.95488,-1.25594,9.6353
1.93346,-1.23689,9.69719
1.88585,-1.16786,9.67577
1.85252,-1.11311,9.73052
1.83824,-1.12025,9.65434
1.843,-1.09645,9.69481
1.86205,-1.24403,9.70671
1.92155,-1.2607,9.70195
1.90489,-1.22737,9.65672
1.92632,-1.11311,9.69481
1.89537,-1.05836,9.67815
1.91441,-1.08455,9.671
1.90965,-1.13692,9.65196
1.92155,-1.14644,9.69719
1.92393,-1.12978,9.66863
1.93584,-1.13216,9.73289
1.87633,-1.16072,9.59245
1.91917,-1.24641,9.62816
1.91203,-1.26784,9.59959
1.91203,-1.20119,9.58769
1.90727,-1.1393,9.61864
1.84776,-1.09883,9.63054
1.87871,-1.20119,9.58293
1.78587,-1.22737,9.65196
1.82396,-1.23213,9.66863
1.85014,-1.1631,9.58293
1.92632,-1.17262,9.60197
1.89061,-1.07741,9.59245
1.90727,-1.07979,9.59721
1.84538,-1.06789,9.66386
1.87633,-1.15358,9.59245
1.78349,-1.25594,9.62102
1.79301,-1.2726,9.58293
1.71446,-1.22737,9.60912
1.69304,-1.07741,9.67815
1.71922,-1.04884,9.63054
1.69304,-0.998856,9.65196
1.72398,-1.06075,9.59721
1.80492,-1.16072,9.58055
1.79539,-1.00362,9.66148
1.74779,-0.979813,9.65672
1.75017,-1.09883,9.70671
1.75969,-1.23689,9.71147
1.82634,-1.20595,9.63768
1.80492,-1.13692,9.75432
1.78111,-1.13692,9.60197
1.78111,-1.06551,9.62816
1.83824,-1.14882,9.73052
1.84538,-1.17262,9.671
1.64067,-1.01076,9.65672
1.69542,-1.03694,9.57579
1.65733,-0.972672,9.53294
1.66447,-0.998856,9.49486
1.63591,-1.0536,9.59721
1.68828,-1.0536,9.56389
1.69066,-0.977432,9.63768
1.67876,-0.984573,9.65196
1.76445,-1.03218,9.61864
1.76921,-1.13454,9.65434
1.76207,-1.1869,9.63768
1.72398,-1.11787,9.64482
1.76683,-1.09645,9.69005
1.77159,-1.03694,9.67577
1.78587,-1.11549,9.64006
1.77159,-1.12025,9.58055
1.80492,-1.19643,9.72813
1.84776,-1.19405,9.73527
1.79539,-1.05836,9.71385
1.74065,-1.00838,9.77574
1.62877,-1.07265,9.69719
1.63115,-1.09169,9.72813
1.64067,-1.006,9.73766
1.56926,-1.04884,9.7686
1.5645,-1.0536,9.7448
1.57164,-1.12978,9.71861
1.57402,-1.24165,9.68767
1.59544,-1.11073,9.72337
1.57878,-1.0298,9.77098
1.57164,-0.984573,9.77574
1.60497,-0.96077,9.69481
1.55974,-1.01552,9.77336
1.61687,-1.07979,9.8662
1.60735,-1.15834,9.77574
1.59544,-1.09883,9.76384
1.5883,-1.006,9.80193
1.63115,-1.04408,9.86144
1.61211,-1.16072,9.75908
1.64305,-1.26784,9.71861
1.5407,-1.20595,9.68767
1.5645,-1.1393,9.78526
1.53593,-0.946487,9.671
1.43834,-1.0417,9.71623
1.48119,-1.12025,9.60912
1.48119,-1.11787,9.66624
1.55736,-1.06313,9.59007
1.50023,-1.07027,9.6234
1.51689,-1.0179,9.6591
1.45262,-0.956009,9.64244
1.41216,-0.848892,9.66148
1.45738,-0.817947,9.66863
1.52165,-0.936966,9.65434
1.63115,-1.10597,9.5377
1.60258,-1.175,9.58293
1.57878,-1.19643,9.57817
1.45738,-1.15596,9.54723
1.49547,-1.19881,9.5258
1.48595,-1.25117,9.61864
1.52165,-1.15358,9.56865
1.57878,-1.10597,9.60435
1.53117,-0.946487,9.62578
1.51213,-0.925064,9.94475
1.53831,-1.04646,9.96141
1.49309,-1.18452,10.0804
1.47166,-1.24879,9.96617
1.53593,-1.26308,9.9876
1.56212,-1.22975,10.0114
1.5645,-1.20357,10.1066
1.60497,-1.22261,10.0304
1.7216,-1.25117,9.92333
1.68828,-1.31783,9.93999
1.71208,-1.42018,9.90428
1.74779,-1.41542,9.92571
1.68828,-1.35353,9.85191
1.62639,-1.19881,9.78288
1.62401,-1.1393,9.79478
1.59544,-1.1512,9.79002
1.62639,-1.07027,9.75194
1.65257,-1.09645,9.65672
1.57878,-0.96553,9.64482
1.5764,-0.996475,9.56627
1.51927,-0.979813,9.56865
1.56688,-0.996475,9.6353
1.50737,-0.96553,9.71861
1.5645,-1.08455,9.73766
1.60497,-1.17976,9.68529
1.5764,-1.21309,9.6591
1.48833,-1.14168,9.58293
1.42168,-1.01076,9.62816
1.34312,-0.941727,9.7686
1.35503,-0.944107,9.84239
1.38121,-0.939346,9.76384
1.42406,-1.10121,9.68767
1.42406,-1.19167,9.69481
1.43834,-1.17976,9.71623
1.43358,-1.17976,9.67339
1.36217,-1.14168,9.73052
1.32884,-1.05836,9.78526
1.28362,-0.958389,9.83049
1.24315,-0.879837,9.86382
1.35265,-0.858414,9.80907
1.4193,-1.0298,9.58055
1.39073,-0.936966,9.56865
1.36693,-0.967911,9.5139
1.34074,-1.09407,9.42345
1.3455,-1.05836,9.32109
1.33122,-1.04646,9.33775
1.38359,-1.07265,9.28538
1.35265,-1.04646,9.14494
1.35979,-1.06075,9.07591
1.37645,-1.00838,9.01164
1.35027,-0.956009,8.86644
1.35741,-0.753677,8.74504
1.28362,-0.63942,8.66887
1.3336,-0.615616,8.45702
1.35503,-0.601334,8.23326
1.33598,-0.572769,7.88811
1.18126,-0.529922,7.50011
1.16222,-0.453751,7.20494
1.10033,-0.456131,6.8336
1.06462,-0.337112,6.44322
4.10197,-0.858414,6.6765
4.17577,-0.903641,6.70982
4.39238,-1.12502,6.71458
4.69469,-1.12263,6.69792
4.67802,-0.613236,6.70268
4.90416,-0.327591,6.78838
5.07793,-0.00862122,6.66222
5.25407,0.0651703,6.65031
5.79442,-0.0157623,6.85027
6.29906,0.0627899,7.03355
6.66087,0.0413666,7.02403
6.8632,-0.165726,7.09306
6.92509,-0.120499,6.97642
7.03935,-0.353775,6.9431
7.43211,-0.929825,7.05736
7.96056,-1.42494,7.02879
8.46996,-1.61775,7.02165
8.76512,-1.27974,6.99785
8.86748,-0.351395,7.06212
8.89366,0.562668,6.9669
9.65776,0.224655,5.45537
9.74107,0.222275,5.32445
9.83391,0.353195,5.06975
10.0696,0.422226,5.04118
10.2219,0.429367,4.71269
10.2695,0.272263,4.51036
10.3647,-0.0919342,4.28899
10.16,-0.232376,4.03429
10.0196,-0.249039,3.81767
10.0553,-0.0110016,3.5844
10.0934,0.196091,3.52489
10.0624,0.469833,3.25829
10.0148,0.546005,3.10832
10.0077,0.622177,2.90837
10.0648,0.436508,2.64891
9.99815,0.181808,2.46086
9.87913,0.0556488,2.39659
9.91484,0.12706,2.36327
9.92912,0.348434,2.5775
9.96959,0.6436,2.59416
10.0577,0.493637,1.96336
10.0243,0.472214,1.98717
9.98149,0.738815,1.89671
9.89342,0.981613,1.86339
9.77916,1.22679,1.74675
9.7744,1.26488,1.80626
9.7625,1.10539,1.87529
9.7982,0.660263,1.63963
9.96007,0.291306,1.51823
9.93626,0.429367,1.1826
9.91246,0.943527,1.25401
9.79582,1.20775,1.40636
9.64824,1.30058,1.27306
9.66728,0.903061,1.27068
9.62205,0.543625,1.31828
9.66966,0.365097,1.2802
9.63872,0.469833,1.3278
9.61253,0.648361,1.43016
9.61491,0.731674,1.4254
9.68394,0.810226,1.26591
10.041,0.741196,2.32994
10.16,0.600754,2.41325
10.2695,0.362717,2.41563
10.3195,0.467453,2.57274
10.2171,0.784042,2.73698
10.2291,0.788803,3.02977
10.2195,0.729294,3.03453
10.1886,0.710251,3.08214
10.2362,0.669785,3.18211
10.2076,0.624557,3.18211
10.1886,0.51506,3.26781
10.2219,0.362717,3.23686
10.1553,0.305588,3.24876
10.2124,0.162766,3.47728
10.1791,0.350815,3.51537
10.1196,0.626938,3.7296
10.041,0.736435,3.81529
9.94341,0.550766,3.87718
9.92912,0.269882,3.95097
9.8958,0.00804138,4.06523
9.36735,-0.748917,5.01262
9.3983,-0.875076,5.22209
9.32213,-0.875076,5.27208
9.31975,-0.734634,5.3792
9.14122,-0.375198,5.47441
8.99126,-0.351395,5.6815
8.77226,-0.494217,5.84813
8.53661,-0.691788,5.81004
8.34618,-0.908401,5.97905
8.17479,-1.10359,5.97429
6.14433,-1.31783,6.94786
6.00151,-1.05598,7.02165
5.87297,-1.00124,7.33824
5.86107,-0.989334,7.55962
5.85393,-0.996475,7.53343
5.72301,-1.05836,7.29063
5.47307,-1.20119,7.37157
5.34453,-1.24165,7.61674
5.26598,-1.2845,7.7191
5.16362,-1.33687,7.80717
5.07079,-1.40352,7.81908
4.93034,-1.44637,7.88097
4.79466,-1.40828,7.96428
4.57805,-1.29878,7.95714
4.38048,-1.24641,8.11186
4.18529,-1.20119,8.13091
4.03294,-1.24165,8.18565
3.85442,-1.21785,8.17375
3.62828,-1.24641,8.2404
3.49498,-1.23213,8.39751
1.15031,-0.844131,8.56175
1.00273,-0.913162,8.61412
0.809921,-0.951248,8.38084
0.617111,-1.0417,8.27135
0.507614,-1.05598,8.27373
0.47905,-1.06075,8.29039
0.41716,-1.10359,8.28325
0.329086,-0.953629,8.27611
0.248154,-0.741776,8.33562
0.276718,-0.637039,8.37846
0.181503,-0.537064,8.30467
0.057724,-0.591812,8.29515
-0.0303497,-0.63942,8.32848
-0.00178528,-0.732254,8.42845
0.124374,-0.879837,8.54747
0.22197,-1.04884,8.57127
0.271957,-1.24165,8.54271
0.307663,-1.32973,8.54985
0.345749,-1.175,8.74028
0.367172,-0.917923,8.81645
0.80516,-1.49159,9.66624
0.907516,-1.63441,9.671
0.874191,-1.81294,9.55199
0.795639,-1.85579,9.60912
0.771835,-1.85579,9.60435
0.769455,-1.64394,9.77574
0.881332,-1.49635,9.89238
0.905136,-1.4416,9.90666
0.945602,-1.42018,9.82811
0.962265,-1.43684,10.0043
1.07176,-1.36543,10.0304
1.14317,-1.40828,10.0661
1.19792,-1.53682,10.0542
1.23839,-1.55348,9.95665
1.14555,-1.52968,9.98045
1.14317,-1.37257,10.1495
1.067,-1.34877,10.1614
1.03606,-1.38924,10.1756
1.09557,-1.42732,10.1209
1.0789,-1.46779,10.0423
1.08128,-1.59633,9.84239
0.950363,-1.56538,9.7924
0.883713,-1.563,9.82097
0.850388,-1.56776,9.81145
0.890854,-1.5392,9.74242
0.919418,-1.49873,9.7686
0.981308,-1.45589,9.70433
0.943222,-1.48207,9.68053
0.890854,-1.47493,9.60435
0.831345,-1.52968,9.70433
0.897995,-1.55348,9.75194
0.988449,-1.49635,9.68767
0.93132,-1.48207,9.68529
0.926559,-1.39638,9.71623
0.974167,-1.47969,9.73052
1.02653,-1.47731,9.671
1.00273,-1.38448,9.67577
0.962265,-1.31068,9.69005
0.964645,-1.38686,9.65196
0.938461,-1.43208,9.67815
0.986069,-1.55348,9.66148
0.967026,-1.50587,9.72813
0.92894,-1.37495,9.68767
0.938461,-1.42732,9.64482
0.936081,-1.49397,9.69243
0.921799,-1.5273,9.62816
0.914658,-1.49635,9.58055
0.900375,-1.41304,9.7448
0.919418,-1.44637,9.77098
0.969406,-1.563,9.81383
0.945602,-1.55586,9.75908
0.969406,-1.60347,9.7805
0.981308,-1.51064,9.80669
0.962265,-1.50825,9.84477
0.981308,-1.52968,9.84715
0.952744,-1.52016,9.82097
0.924179,-1.49159,9.8662
0.93132,-1.41304,9.88286
0.888474,-1.4178,9.90428
0.990829,-1.43208,9.94475
0.986069,-1.59157,9.93285
1.03606,-1.6963,9.89476
1.00273,-1.62251,9.88048
1.00987,-1.45827,9.89952
0.952744,-1.34163,9.9138
0.921799,-1.5154,9.75194
0.86705,-1.47255,9.69957
0.871811,-1.43922,9.83049
0.848007,-1.4178,9.73052
0.917038,-1.51064,9.74956
0.990829,-1.56538,9.7805
0.971786,-1.60109,9.73527
0.93132,-1.59395,9.74956
0.874191,-1.65822,9.77336
0.886093,-1.58919,9.71385
0.798019,-1.52254,9.76622
0.8004,-1.43922,9.72099
0.80278,-1.48921,9.72337
0.764694,-1.45589,9.71385
0.719467,-1.44399,9.82335
0.767075,-1.46541,9.7567
0.862289,-1.48683,9.79716
0.86705,-1.45351,9.85667
0.924179,-1.43922,9.83763
0.859909,-1.50825,9.81383
1.03368,-1.68678,9.81621
1.01463,-1.69868,9.75194
0.967026,-1.64632,9.69243
0.895615,-1.63679,9.6353
0.828964,-1.56776,9.6591
0.778976,-1.46541,9.64482
0.733749,-1.42732,9.64244
0.728989,-1.41542,9.71385
0.86705,-1.46065,9.77336
0.933701,-1.57491,9.76146
0.964645,-1.46065,9.7924
0.876572,-1.35353,9.85191
0.824203,-1.36781,9.88286
0.714706,-1.40828,9.82097
0.788498,-1.43446,9.87572
0.764694,-1.50349,9.8781
0.845627,-1.49873,9.81621
0.869431,-1.48207,9.84001
0.897995,-1.42732,9.88524
0.962265,-1.41066,9.84477
0.771835,-1.42256,9.54723
0.752792,-1.4416,9.66148
0.669479,-1.35591,9.69005
0.595688,-1.43684,9.74004
0.638535,-1.49159,9.72099
0.690903,-1.46065,9.74718
0.8004,-1.45827,9.76622
0.852768,-1.45589,9.81621
0.869431,-1.48207,9.75432
0.817062,-1.51064,9.76384
0.798019,-1.48207,9.81621
0.778976,-1.55824,9.79955
0.686142,-1.57729,9.76384
0.719467,-1.57252,9.73766
0.793259,-1.54634,9.76622
0.850388,-1.63203,9.77098
0.86705,-1.60109,9.79002
0.897995,-1.57729,9.80193
0.850388,-1.52492,9.80193
0.814682,-1.40828,9.79478
0.786118,-1.45827,9.82811
0.788498,-1.45113,9.70195
0.759934,-1.51064,9.7686
0.728989,-1.52968,9.83525
0.845627,-1.51778,9.83763
0.807541,-1.50587,9.86382
0.824203,-1.5154,9.87096
0.821823,-1.42256,9.83287
0.862289,-1.35591,9.76622
0.831345,-1.36543,9.76622
0.840866,-1.39876,9.79002
0.857529,-1.47255,9.86858
0.848007,-1.48445,9.81383
0.893234,-1.60585,9.7924
0.809921,-1.59157,9.7686
0.857529,-1.61061,9.75194
0.850388,-1.57014,9.80193
0.817062,-1.53206,9.70195
0.809921,-1.54396,9.74004
0.788498,-1.49873,9.76384
0.80516,-1.6725,9.76384
0.817062,-1.68916,9.69481
0.793259,-1.60347,9.79002
0.762314,-1.66774,9.84715
0.73851,-1.63679,9.82097
0.757553,-1.61537,9.82811
0.826584,-1.43922,9.7924
0.838486,-1.34163,9.82097
0.876572,-1.34401,9.83525
0.895615,-1.48921,9.7567
0.764694,-1.44637,9.84715
0.776596,-1.46541,9.77098
0.712326,-1.55824,9.69005
0.667099,-1.62013,9.72099
0.707565,-1.62251,9.67815
0.705185,-1.60347,9.79478
0.686142,-1.5154,9.74004
0.690903,-1.50587,9.75432
0.807541,-1.56776,9.81383
0.826584,-1.47493,9.7448
0.759934,-1.45827,9.84001
0.795639,-1.58919,9.77812
0.728989,-1.54634,9.78526
0.740891,-1.56062,9.88048
0.740891,-1.52254,9.84001
0.786118,-1.60347,9.85429
0.759934,-1.61061,9.80431
0.790878,-1.76295,9.89
0.73613,-1.67012,9.86144
0.698044,-1.55348,9.86144
0.662338,-1.63918,9.78288
0.686142,-1.67488,9.77574
0.690903,-1.60585,9.78764
0.719467,-1.49873,9.78764
0.707565,-1.44875,9.74718
0.695663,-1.48921,9.83763
0.709946,-1.56776,9.77812
0.61235,-1.65584,9.71623
0.636154,-1.62489,9.7686
0.640915,-1.65108,9.76146
0.619492,-1.62251,9.74718
0.595688,-1.563,9.6353
0.633774,-1.54396,9.64482
0.581406,-1.51302,9.69243
0.626633,-1.50587,9.86144
0.588547,-1.62727,9.81145
0.567123,-1.71535,9.83049
0.648056,-1.62727,9.76146
0.67424,-1.56538,9.79002
0.631393,-1.54158,9.75432
0.655197,-1.58681,9.69957
0.714706,-1.60347,9.82573
0.700424,-1.59871,9.7686
0.681381,-1.56776,9.7686
0.67662,-1.63441,9.83049
0.652817,-1.62489,9.89714
0.664719,-1.63918,9.7686
0.640915,-1.60585,9.82216
0.587357,-1.50468,9.84239
0.618301,-1.42494,9.78407
0.629013,-1.5761,9.76384
0.657578,-1.67607,9.77098
0.655197,-1.54634,9.71623
0.632584,-1.58205,9.72218
0.592117,-1.7213,9.70314
0.571884,-1.46541,9.71266
0.596878,-1.38686,9.77693
0.592117,-1.63441,9.75432
0.564743,-1.44994,9.90666
0.621872,-1.50587,9.87929
0.638535,-1.31783,9.98164
0.648056,-1.6487,9.87334
0.657578,-1.51778,9.92808
0.623062,-1.44994,9.92213
0.615921,-1.59514,9.87691
0.605209,-1.60585,9.8412
0.561172,-1.61775,9.74004
0.575455,-1.46541,9.76503
0.644486,-1.48683,9.7924
0.67662,-1.53206,9.8412
0.652817,-1.71773,9.81383
0.60997,-1.44518,9.81145
0.602829,-1.4416,9.8293
0.67543,-1.72249,9.69005
0.575455,-1.58205,9.70909
0.47905,-1.44756,9.70552
0.502853,-1.55229,9.76979
0.590927,-1.65584,9.75551
0.61235,-1.53444,9.81978
0.562363,-1.47136,9.83525
0.574264,-1.61775,9.84358
0.638535,-1.64632,9.85786
0.651627,-1.55705,9.87334
0.563553,-1.54277,9.85072
0.493332,-1.62727,9.88762
0.550461,-1.79866,9.76503
0.469528,-1.32735,9.93047
0.496902,-1.56181,9.78407
0.529038,-1.7094,9.83287
0.563553,-1.60347,9.8293
0.588547,-1.67964,9.79836
0.520706,-1.5999,9.81859
0.486191,-1.57729,9.81383
0.474289,-1.6237,9.74361
0.48381,-1.46065,9.80312
0.532608,-1.57729,9.82097
0.533798,-1.54277,9.77812
0.557602,-1.69511,9.78169
0.537369,-1.46779,9.80788
0.540939,-1.41542,9.85905
0.6064,-1.65584,9.78645
0.61116,-1.77843,9.74956
0.539749,-1.46779,9.84715
0.518326,-1.2607,9.81264
0.48143,-1.51421,9.73409
0.470718,-1.67845,9.74599
0.448105,-1.50111,9.77098
0.462387,-1.48564,9.79598
0.48381,-1.61894,9.80788
0.60759,-1.57848,9.88048
0.590927,-1.55705,9.8662
0.569504,-1.52373,9.89
0.506424,-1.48683,9.82573
0.460007,-1.51064,9.81026
0.515945,-1.55348,9.78169
0.524277,-1.53087,9.8174
0.54689,-1.60228,9.79121
0.470718,-1.48921,9.81383
0.512375,-1.6237,9.76741
0.474289,-1.51302,9.82692
0.471909,-1.36305,9.85905
0.473099,-1.52492,9.7567
0.504044,-1.53444,9.80907
0.457626,-1.57133,9.76979
0.498093,-1.58562,9.90071
0.498093,-1.50111,9.91975
0.462387,-1.49278,9.8781
0.467148,-1.54039,9.89714
0.500473,-1.54158,9.91261
0.523087,-1.47374,9.83287
0.471909,-1.57133,9.76027
0.41835,-1.63441,9.72575
0.449295,-1.41661,9.67458
0.407639,-1.32497,9.72218
0.41597,-1.50945,9.71504
0.457626,-1.63322,9.64839
0.433823,-1.38805,9.62221
0.426682,-1.31783,9.72099
0.488571,-1.60942,9.78764
0.519516,-1.76653,9.76979
0.500473,-1.50468,9.9876
0.461197,-1.38686,9.99355
0.527847,-1.4904,10.0304
0.502853,-1.56419,9.95665
0.470718,-1.61418,10.0245
0.420731,-1.50111,10.084
0.432632,-1.71654,9.94594
0.470718,-1.67607,9.91261
0.399307,-1.5761,9.87096
0.375504,-1.37257,9.88643
0.400497,-1.54396,9.83763
0.380264,-1.65227,9.78645
0.399307,-1.55943,9.74956
0.463577,-1.53682,9.71504
0.406448,-1.51778,9.61269
0.329086,-1.34282,9.42345
0.345749,-1.41542,9.33418
0.392166,-1.15477,9.26872
0.508804,-0.929825,9.09258
0.695663,-0.378769,8.98189
0.934891,0.650742,9.00093
0.699234,1.3708,8.33205
0.229111,-0.25499,6.82765
0.451675,-1.14525,6.24922
0.659958,-1.50349,5.78862
0.814682,-3.01384,5.06023
1.61806,-4.02669,4.5056
2.32146,-4.58369,4.09856
2.35121,-6.12975,2.81554
3.007,-8.07332,1.79317
4.3293,-9.47774,0.293533
4.73277,-10.7465,-1.03471
4.67207,-10.8024,-2.59505
5.07079,-11.2535,-4.38866
4.52687,-12.1592,-7.07014
4.32573,-11.851,-8.51622
4.08174,-11.2154,-9.1006
4.32573,-10.1633,-10.436
4.54115,-9.48845,-11.3001
4.69469,-9.00642,-11.4845
4.91963,-8.30421,-11.8392
4.58995,-7.38063,-11.7702
4.09721,-6.95573,-11.362
4.0984,-6.87718,-11.3596
4.4995,-7.07118,-11.9166
4.7173,-7.29613,-12.0796
4.584,-7.58772,-11.1096
4.07936,-7.22591,-9.92897
3.81514,-6.88789,-9.23628
3.57472,-7.31279,-8.77806
3.43785,-7.6508,-8.33412
2.93083,-7.86266,-7.22011
2.26314,-7.8936,-5.78831
1.82634,-7.26399,-5.1718
1.15508,-7.80791,-4.03993
0.624252,-7.43062,-3.45555
0.155319,-6.57368,-2.32606
-0.396927,-5.88457,-0.977585
-1.13722,-4.73247,0.334
-1.52165,-3.60893,1.30281
-1.71208,-3.70296,1.78603
-1.77635,-3.20546,2.27757
-1.76683,-2.03194,3.49156
-2.16554,-0.589432,4.42943
-2.3774,0.387711,4.72816
-1.36931,-1.06194,4.48775
-1.01225,0.304398,5.25185
-1.01582,2.0016,7.12996
-0.614731,1.88258,7.1609
0.188644,0.754288,6.30516
0.915848,1.8933,6.43608
1.51094,2.89305,7.4644
2.24648,2.66811,7.35966
3.6497,1.84688,7.32277
5.65398,2.75261,8.59508
7.16075,3.93565,9.94237
7.29524,3.19893,10.0923
7.43687,1.0804,9.46867
8.13194,2.11348,10.2566
8.95317,3.12038,9.95546
10.1933,2.49196,9.59483
9.97554,2.511,10.5172
9.88509,4.34746,10.9386
10.3778,3.83925,9.52342
10.1005,0.0449371,7.90596
9.73393,-2.01408,7.68578
10.5492,-2.55443,7.72148
10.6004,-3.37328,7.10139
9.76131,-4.11595,6.55986
9.46614,-5.37398,6.27422
9.29713,-6.22377,5.78624
8.9258,-6.85695,5.53035
7.91176,-7.17235,4.81981
6.82393,-7.59605,4.07118
6.05626,-8.48155,3.55464
5.61589,-8.61009,3.79506
4.82442,-7.97096,3.85338
4.07341,-8.08284,3.35826
3.07246,-8.2935,2.42516
2.12627,-8.4637,1.86696
1.5395,-7.98763,1.86339
1.18721,-7.26518,1.94908
0.574264,-6.67723,0.795792
-0.340988,-7.11284,0.0471649
-1.21815,-7.67104,-0.451523
-1.82396,-7.77934,-0.997818
-2.21077,-7.33183,-1.40843
-2.63805,-7.07237,-1.37035
-2.98915,-7.20924,-1.45009
-2.87965,-7.51274,-1.94997
-2.9594,-7.27232,-2.75215
-3.03081,-6.70937,-3.5341
-3.41762,-6.4749,-4.0316
-3.28551,-6.3416,-4.70525
-3.16173,-6.81886,-5.54671
-3.5045,-7.01048,-6.26677
-3.50093,-7.01762,-6.60835
-3.20695,-6.65224,-6.89281
-3.06651,-6.25472,-7.28438
-3.33073,-5.61559,-7.45695
-3.24861,-5.65843,-7.41768
-2.7166,-6.35707,-7.39507
-2.32146,-6.74388,-7.25105
-2.04533,-6.16902,-7.09038
-2.10365,-5.92146,-6.85472
-1.97392,-6.89623,-6.82973
-1.65733,-7.99001,-7.00826
-1.13008,-8.12926,-7.29866
-1.12889,-7.26994,-6.98683
-1.28719,-7.46632,-6.36198
-1.1158,-8.48274,-5.9359
-0.690903,-9.31587,-5.97398
-0.00773621,-9.29921,-6.36079
0.457626,-10.3656,-5.65263
0.73494,-11.5189,-5.17775
0.8004,-11.4892,-4.20299
0.748032,-10.4239,-2.61052
1.29314,-9.64555,-0.800247
1.24791,-9.25279,0.97908
1.36336,-9.96809,1.55632
1.44667,-11.0036,2.01573
1.52641,-10.3787,2.84291
1.6978,-8.15425,4.214
1.65495,-6.46419,6.11473
1.9406,-6.74507,6.66817
1.95964,-6.00478,7.41798
1.92036,-4.88838,8.03331
1.62282,-2.94957,9.19969
1.30028,-1.00124,10.3197
1.23839,-0.453751,10.3923
1.53236,-1.20833,9.9507
1.50737,-1.22023,9.77455
1.18483,-0.31926,10.184
0.714706,0.70787,10.8005
0.763504,0.376999,10.5529
0.815872,-0.139542,10.0173
0.953934,-0.281174,9.85072
0.892044,0.0984955,9.89119
0.792068,0.396042,9.91142
0.882523,0.0282745,9.7567
0.892044,-0.284744,9.51152
1.01701,-0.526352,9.32466
0.977737,-0.0871735,9.48653
0.946793,0.0830231,9.56508
0.99202,-0.253799,9.42702
1.04201,-0.174057,9.79002
1.22768,-0.0490875,9.85786
1.31575,-0.0478973,9.96498
1.33241,-0.19429,10.0804
1.37288,-0.285934,10.0412
1.27528,-0.19429,10.0459
1.08247,-0.115738,9.89833
0.977737,-0.12764,9.8531
1.06224,-0.163345,9.76741
1.06938,-0.294266,9.75789
0.974167,-0.115738,9.83525
0.988449,-0.0931244,9.90309
0.999161,-0.0431366,9.91618
0.970596,-0.110977,9.8412
0.903946,-0.0205231,9.83882
0.989639,-0.0324249,9.89833
0.99559,-0.0788422,9.93166
0.982498,-0.281174,9.90071
0.968216,-0.533493,9.68767
0.914658,-0.246658,9.81621
0.899185,-0.145493,9.82573
0.856339,-0.252609,9.9019
0.880142,-0.393051,9.84239
0.871811,-0.356155,9.75908
0.788498,-0.235947,9.89714
0.764694,-0.345444,9.80431
0.733749,-0.316879,9.76146
0.665909,-0.207382,9.69719
0.639725,-0.157394,9.73289
0.680191,-0.182388,9.80907
0.73732,-0.251419,9.78407
0.73732,-0.276413,9.66505
0.755173,-0.389481,9.66386
0.79921,-0.415665,9.83763
0.92894,-0.377579,9.84596
0.955124,-0.550156,9.75551
0.951553,-0.57515,9.8174
0.849197,-0.38353,9.84001
0.777786,-0.359726,9.86501
0.719467,-0.303787,9.91618
0.752792,-0.272842,9.88524
0.817062,-0.216904,9.9626
0.80397,-0.277603,10.0971
0.830154,-0.381149,9.99117
0.758743,-0.406143,10.0293
0.7397,-0.508499,9.9864
0.681381,-0.389481,10.0316
0.618301,-0.308548,10.2054
0.629013,-0.459702,10.1233
0.73732,-0.746536,9.99474
0.705185,-0.583481,10.1626
0.723038,-0.568008,10.1673
0.725418,-0.723923,10.0638
0.73732,-0.954819,9.89833
0.681381,-0.753677,9.81978
0.627823,-0.673935,9.61388
0.530228,-0.677505,9.71861
0.525467,-0.604904,9.70314
0.581406,-0.631088,9.57341
0.646866,-0.6418,9.6353
0.67067,-0.453751,9.8174
0.727798,-0.509689,9.8781
0.733749,-0.591812,9.81859
0.823013,-0.687027,9.81026
0.874191,-0.637039,9.93166
0.918228,-0.750107,9.87096
0.862289,-0.656082,9.89714
0.894424,-0.588242,9.96855
0.999161,-0.759628,9.94951
0.989639,-0.688217,9.96379
1.0789,-0.545395,10.0852
1.16103,-0.350204,10.1054
1.09914,-0.393051,9.97569
1.13008,-0.606094,9.88167
1.15388,-0.520401,9.79121
1.10271,-0.38353,9.86977
0.981308,-0.412094,9.78764
0.86348,-0.350204,9.8055
0.933701,-0.658462,9.54842
0.765884,-0.409714,9.56627
0.668289,-0.415665,9.75075
0.561172,-0.496597,9.72575
0.563553,-0.564438,9.78407
0.709946,-0.32283,9.86382
0.807541,-0.0931244,9.9388
0.921799,-0.166916,9.98045
1.01344,-0.189529,9.89
1.01106,-0.497787,9.71861
0.965836,-0.484695,9.68529
0.837296,-0.312119,9.66981
0.713516,-0.445419,9.72337
0.655197,-0.481125,9.62935
0.665909,-0.389481,9.71266
0.667099,-0.306168,9.75313
0.794449,-0.301407,9.72099
0.888474,-0.365677,9.80193
0.955124,-0.507309,9.74956
0.882523,-0.489456,9.696
0.771835,-0.435898,9.68767
0.73851,-0.340683,9.88405
0.80397,-0.0205231,10.0709
0.908707,0.0413666,10.1852
1.02177,-0.119308,10.1483
1.03011,-0.333542,10.1495
1.13603,-0.407333,10.0661
1.01225,-0.299026,9.85548
0.696854,-0.328781,9.74123
0.614731,-0.351395,9.7079
0.574264,-0.270462,9.62816
0.506424,-0.0717011,9.74361
0.486191,-0.118118,9.6591
0.690903,-0.232376,9.63292
0.748032,-0.274033,9.66505
0.714706,-0.421616,9.77098
0.819443,-0.596573,9.75551
1.02534,-0.634659,9.81145
0.926559,-0.410904,9.91975
0.813492,-0.243088,10.015
0.826584,-0.303787,9.9745
0.86705,-0.247849,10.0447
0.80278,-0.294266,9.99593
0.880142,-0.422806,9.80193
0.961075,-0.412094,9.72575
0.963455,-0.471603,9.73647
0.903946,-0.338303,9.73647
0.937271,-0.376389,9.65196
1.01225,-0.308548,9.69838
1.03368,-0.38829,9.6115
0.99321,-0.346634,9.65315
0.983688,-0.333542,9.7079
0.871811,-0.197861,9.80073
0.888474,-0.314499,9.93523
0.989639,-0.378769,10.0173
1.09557,-0.44899,10.0352
0.949173,-0.502548,9.97807
0.871811,-0.457321,10.0673
0.9944,-0.435898,10.0745
1.08128,-0.278793,10.0542
1.08247,-0.205002,9.94832
0.997971,-0.318069,9.90428
1.03606,-0.425186,9.85905
0.99678,-0.318069,9.75313
0.842056,-0.209763,9.69957
0.768265,-0.150253,9.75194
0.851578,-0.289505,9.89357
1.04796,-0.238327,9.92213
0.982498,-0.315689,9.79121
0.965836,-0.478745,9.66148
0.977737,-0.481125,9.69005
0.997971,-0.203812,9.77812
0.957504,-0.275223,9.67696
0.877762,-0.251419,9.65672
0.887283,-0.291885,9.67815
0.909897,-0.251419,9.7686
0.99559,-0.138351,9.89833
0.972977,-0.12764,9.89119
0.880142,-0.139542,9.89119
0.861099,-0.340683,9.78764
0.876572,-0.362106,9.76027
0.859909,-0.0597992,9.78645
0.718277,-0.221664,9.76979
0.807541,-0.339493,9.7805
0.832535,-0.238327,9.87453
0.849197,-0.163345,9.85548
0.853958,-0.264511,9.83287
0.765884,-0.316879,9.93047
0.709946,-0.205002,9.9995
0.770645,-0.316879,10.009
0.823013,-0.556107,9.96974
0.986069,-0.521591,9.98283
0.965836,-0.327591,10.1292
0.843246,-0.403763,10.0673
0.873001,-0.377579,10.0495
0.853958,-0.235947,10.0197
0.776596,-0.364487,9.88643
0.798019,-0.295456,9.93999
0.906326,-0.224045,9.87096
0.939651,-0.134781,9.86739
0.980118,-0.144302,9.87691
1.03844,-0.390671,9.80073
1.08961,-0.335922,9.81026
1.09914,-0.247849,9.76622
0.972977,-0.265701,9.63887
0.962265,-0.396622,9.62102
1.05986,-0.19548,9.70076
0.99559,-0.269272,9.49605
0.93251,-0.326401,9.37346
0.856339,-0.325211,9.31514
0.773026,-0.313309,9.25444
0.795639,-0.304977,9.22231
0.849197,-0.312119,9.21278
0.913467,-0.738205,9.04378
0.908707,-1.3214,8.91524
0.969406,-1.74986,8.85335
0.937271,-2.29378,8.62602
0.990829,-2.31044,8.79503
0.922989,-1.70226,9.21159
1.21339,-1.83556,9.46629
1.4669,-2.28426,9.49724
1.73827,-2.75557,9.71742
1.93584,-2.96861,10.0019
2.14412,-3.0424,9.88048
2.62495,-3.2364,10.015
2.66304,-2.23665,10.7541
3.08199,-2.21523,10.8921
3.42833,-2.3271,10.5648
3.83299,-2.42708,10.6577
3.7711,-1.51659,11.4539
3.87703,-0.587051,11.9954
4.24361,-0.831039,11.4872
4.56377,-0.978622,11.8598
4.6566,0.0330353,12.6548
4.62209,0.762619,13.0202
4.49474,1.347,13.0178
4.35905,1.92067,13.3035
4.35191,1.85164,12.8095
4.3662,1.31129,12.1752
4.15791,1.59575,11.9407
4.06865,2.27296,11.9752
3.92226,2.82997,11.78
3.55449,3.17274,11.3158
2.91893,2.60265,10.6029
2.49046,2.04207,10.1042
2.28694,2.0504,9.82335
1.87514,2.3051,9.64006
1.33717,2.50505,9.35918
0.944412,2.67763,9.13304
0.570694,2.46815,8.6891
0.0934296,2.27892,8.00236
0.191025,1.49577,7.39894
-0.385025,2.39912,7.28468
-0.949173,2.86092,7.29301
-1.08128,2.58241,7.12758
-0.989639,2.04088,6.86812
-1.42882,1.61003,6.53487
-1.67519,1.54576,6.3968
-1.71089,1.37914,6.30397
-1.75731,0.855453,6.09212
-2.10484,0.488876,6.17305
-2.33574,0.519821,6.16948
-2.44762,0.593613,6.29326
-2.3405,0.453171,6.38966
-2.57735,-0.0193329,6.35753
-2.93797,-0.370438,6.38847
-2.8868,-0.25737,6.567
-2.59639,-0.196671,6.95619
-3.08675,-0.677505,6.90977
-3.18315,-1.05956,7.07997
-2.79396,-1.25951,7.3311
-2.6797,-1.58205,7.77147
-2.21196,-2.20689,8.13567
-1.58711,-2.95314,8.18565
-1.58711,-3.59465,8.30348
-2.04057,-3.51491,8.46416
-1.56926,-3.23402,9.08781
-1.10509,-4.14571,9.03188
-1.37288,-5.22877,8.66054
-1.18245,-4.73961,9.25325
-0.767075,-3.04717,10.2352
-0.614731,-3.02336,10.1411
-0.775406,-4.71462,9.3199
-0.811111,-4.56941,9.86739
-0.602829,-3.47563,10.5327
-0.374313,-2.96147,10.8993
-0.0850983,-3.02812,10.9171
0.038681,-3.48396,11.0254
0.308853,-4.17784,10.9338
0.605209,-3.82912,11.3027
0.67543,-3.13881,11.3539
0.538559,-3.42921,10.9993
0.54451,-3.69106,10.9576
0.724228,-2.78889,11.3611
0.744461,-2.32115,11.267
0.971786,-2.75914,10.8398
0.975357,-2.87102,10.7088
0.846817,-2.23427,10.8671
0.828964,-1.90102,10.76
0.902756,-2.33543,10.4077
0.901566,-2.1819,10.4303
0.890854,-1.91054,10.4054
0.902756,-1.73439,10.4244
1.06462,-1.78914,10.3399
1.0551,-1.53325,10.3744
0.922989,-1.01433,10.4994
0.915848,-0.779861,10.4768
1.01582,-1.03218,10.2851
0.972977,-1.588,10.0007
0.680191,-1.46184,10.1209
0.523087,-0.715591,10.4637
0.661148,-0.619186,10.5172
0.751602,-1.49397,10.0138
0.767075,-1.98314,9.89
0.769455,-1.53325,10.1197
0.915848,-1.68916,9.94713
0.925369,-2.2426,9.71147
0.876572,-2.34019,9.58531
0.838486,-1.88554,9.65077
0.743271,-1.68083,9.6115
0.540939,-1.87126,9.56389
0.465958,-2.19856,9.38893
0.455246,-2.23427,9.42107
0.489761,-2.12834,9.41393
0.433823,-2.22237,9.48415
0.595688,-2.28783,9.76741
0.705185,-2.19142,9.77455
0.654007,-2.42827,9.71266
0.638535,-2.558,9.66743
0.534988,-2.39494,9.68648
0.504044,-2.32115,9.69838
0.392166,-2.39018,9.57341
0.41954,-2.70677,9.43773
0.375504,-2.6306,9.61626
0.402878,-2.29735,9.76265
0.527847,-2.03908,9.90071
0.570694,-2.16286,9.94594
0.592117,-2.37947,9.90309
0.571884,-2.45207,9.88643
0.556412,-2.30211,9.84834
0.533798,-2.22356,9.75432
0.552841,-2.34853,9.64601
0.600449,-2.3152,9.58888
0.638535,-2.40089,9.53175
0.450485,-2.29378,9.58293
0.435013,-2.23784,9.66267
0.509995,-2.35448,9.63768
0.526657,-2.39732,9.65315
0.463577,-2.5211,9.54961
0.41716,-2.54967,9.65077
0.470718,-2.39137,9.77455
0.437393,-2.37114,9.63768
0.471909,-2.61989,9.59483
0.494522,-2.70796,9.57579
0.505234,-2.46516,9.72694
0.507614,-2.39494,9.7686
0.520706,-2.53539,9.63054
0.501663,-2.57347,9.58174
0.532608,-2.51515,9.60912
0.507614,-2.4128,9.6841
0.492142,-2.39732,9.58888
0.470718,-2.35567,9.57817
0.471909,-2.46516,9.60792
0.490952,-2.3878,9.60792
0.465958,-2.40208,9.61626
0.486191,-2.52467,9.55556
0.494522,-2.35091,9.72337
0.469528,-2.36519,9.71266
0.499283,-2.43303,9.63054
0.458817,-2.51158,9.63649
0.436203,-2.56514,9.5865
0.437393,-2.59013,9.61745
0.473099,-2.55919,9.67934
0.596878,-2.51753,9.77098
0.596878,-2.45326,9.77217
0.569504,-2.51634,9.7317
0.552841,-2.49016,9.72337
0.61235,-2.50206,9.7079
0.620682,-2.49373,9.69838
0.588547,-2.42946,9.65434
0.554031,-2.44493,9.59126
0.617111,-2.57942,9.58412
0.617111,-2.4854,9.67339
0.523087,-2.49254,9.54723
0.455246,-2.38066,9.52937
0.399307,-2.39018,9.60078
0.501663,-2.57466,9.61269
0.555222,-2.62703,9.64244
0.518326,-2.56038,9.71623
0.505234,-2.57347,9.69005
0.474289,-2.54372,9.7079
0.411209,-2.50801,9.66148
0.436203,-2.55681,9.64482
0.498093,-2.71153,9.59959
0.556412,-2.73653,9.61864
0.536179,-2.68297,9.62221
0.488571,-2.72939,9.53413
0.569504,-2.64012,9.68648
0.594498,-2.47826,9.84239
0.637344,-2.57347,9.74004
0.518326,-2.55324,9.72575
0.552841,-2.73534,9.60435
0.557602,-2.74129,9.66743
0.549271,-2.55324,9.68767
0.507614,-2.4604,9.73766
0.54213,-2.59966,9.6472
0.485001,-2.45445,9.68529
0.502853,-2.50444,9.69481
0.477859,-2.46635,9.68886
0.493332,-2.52229,9.6353
0.471909,-2.41875,9.67696
0.54332,-2.32472,9.65077
0.539749,-2.49016,9.65791
0.555222,-2.65678,9.58174
0.515945,-2.72939,9.49248
0.475479,-2.5699,9.55556
0.493332,-2.34615,9.62578
0.458817,-2.55562,9.61626
0.530228,-2.8008,9.5984
0.529038,-2.57466,9.69005
0.433823,-2.3033,9.79002
0.393356,-2.3152,9.7198
0.446915,-2.49849,9.62697
0.533798,-2.72343,9.54842
0.467148,-2.56395,9.57936
0.439774,-2.39256,9.69957
0.48262,-2.50325,9.65672
0.570694,-2.44969,9.7079
0.551651,-2.61156,9.63768
0.477859,-2.66154,9.68291
0.476669,-2.63179,9.63887
0.48024,-2.62227,9.65196
0.485001,-2.63655,9.60912
0.463577,-2.55919,9.66029
0.426682,-2.57942,9.64244
0.432632,-2.62822,9.68529
0.460007,-2.73415,9.60435
0.477859,-2.71034,9.68886
0.393356,-2.54253,9.63768
0.411209,-2.7282,9.59007
0.467148,-2.70201,9.59126
0.509995,-2.61513,9.66505
0.432632,-2.56276,9.66029
0.377884,-2.72462,9.58888
0.443344,-2.72343,9.59959
0.458817,-2.61989,9.64006
0.375504,-2.59608,9.67815
0.401688,-2.63298,9.61864
0.518326,-2.69844,9.60197
0.440964,-2.6187,9.62935
0.470718,-2.74486,9.60435
0.501663,-2.60323,9.68767
0.443344,-2.55205,9.61507
0.373123,-2.66631,9.52699
0.301712,-2.59847,9.56627
0.399307,-2.45921,9.60912
0.498093,-2.68654,9.52937
0.512375,-2.71272,9.53056
0.470718,-2.60085,9.66863
0.496902,-2.54134,9.62578
0.474289,-2.48778,9.64125
0.432632,-2.61275,9.59483
0.460007,-2.6675,9.66863
0.561172,-2.66988,9.65196
0.532608,-2.68416,9.66863
0.448105,-2.68416,9.57698
0.345749,-2.4604,9.64244
0.363602,-2.55681,9.59483
0.448105,-2.77461,9.56032
0.538559,-2.80318,9.58531
0.496902,-2.58061,9.74599
0.432632,-2.41399,9.73647
0.398117,-2.53062,9.60912
0.364792,-2.76509,9.56865
0.411209,-2.65559,9.61507
0.509995,-2.66274,9.64125
0.476669,-2.71272,9.66148
0.485001,-2.58418,9.70195
0.48143,-2.56633,9.66029
0.406448,-2.67583,9.62697
0.381454,-2.67107,9.59364
0.433823,-2.53419,9.62459
0.435013,-2.56276,9.6591
0.421921,-2.6913,9.61031
0.427872,-2.71153,9.60674
0.41716,-2.69368,9.57579
0.412399,-2.71272,9.48534
0.358841,-2.75557,9.54842
0.35051,-2.84007,9.51985
0.41835,-2.74367,9.57698
0.442154,-2.66988,9.6353
0.424301,-2.69725,9.58769
0.330276,-2.64012,9.5984
0.365982,-2.70677,9.54723
0.473099,-2.67226,9.58174
0.509995,-2.66154,9.57936
0.368362,-2.82579,9.58412
0.364792,-2.68773,9.62578
0.437393,-2.59251,9.65553
0.485001,-2.67821,9.64363
0.41835,-2.80913,9.59007
0.423111,-2.76509,9.66624
0.436203,-2.6425,9.59959
0.41954,-2.64369,9.61388
0.370743,-2.68654,9.55318
0.451675,-2.73891,9.58412
0.383835,-2.65797,9.61864
0.387405,-2.73058,9.56984
0.429062,-2.61394,9.54604
0.389786,-2.71391,9.53532
0.435013,-2.82579,9.54246
0.439774,-2.65916,9.62697
0.495712,-2.7639,9.60435
0.486191,-2.89958,9.51033
0.470718,-2.72224,9.65672
0.407639,-2.58418,9.68529
0.460007,-2.65797,9.57103
0.457626,-2.71153,9.50438
0.527847,-2.57347,9.46391
0.576645,-2.58894,9.43535
0.598068,-2.533,9.3568
0.714706,-2.69606,9.15089
0.820633,-2.39851,9.13423
0.962265,-2.08073,9.13066
1.33003,-1.76653,8.99498
1.43239,-1.12978,8.82121
1.32408,-0.995285,8.62007
1.66209,-1.38686,8.12614
1.9644,-1.76057,7.44774
2.42857,-2.06288,6.81218
2.73326,-1.94624,6.50154
2.79039,-1.49397,6.11354
2.60591,-1.82961,5.30183
2.35835,-2.20927,5.15187
2.71065,-2.43898,5.1721
3.26289,-3.34709,4.47108
3.88179,-3.96123,4.21996
4.87441,-4.83244,3.69627
5.62422,-5.40135,2.67867
6.1967,-5.53822,1.62654
6.93819,-5.82387,0.511337
7.44878,-5.84886,-0.128983
8.07838,-5.05263,-0.264664
9.71251,-4.47301,-1.04185
12.0262,-4.71342,-2.54744
14.3995,-5.10023,-3.71977
16.0181,-4.87529,-4.13753
17.7415,-5.93455,-4.68739
18.0986,-7.64247,-5.11943
16.9441,-7.98763,-6.10847
14.5601,-8.06499,-6.54408
12.0655,-8.55653,-6.03468
10.047,-8.15306,-4.80998
8.5985,-6.3047,-3.0616
9.25191,-5.75365,-2.40819
9.83629,-5.37993,-2.57838
10.1553,-5.01216,-2.47484
9.96959,-4.37303,-2.1761
9.97911,-4.26472,-1.97377
9.98982,-4.35518,-2.06303
9.72798,-4.29686,-1.97972
9.50304,-4.36827,-1.93449
9.31023,-4.13618,-1.80238
9.24477,-3.71724,-1.606
9.23644,-3.31734,-1.25728
9.23762,-3.1162,-1.07161
9.22215,-3.48634,-1.09541
9.46852,-4.10405,-1.40129
9.40782,-4.24568,-1.48341
9.31142,-4.47301,-1.22276
9.5197,-4.80031,-1.20253
9.72322,-4.72652,-1.04304
9.89223,-4.9467,-0.966873
9.86723,-5.28471,-1.26442
9.88747,-6.05476,-1.26323
9.89818,-6.44395,-0.787155
10.0184,-6.13213,-0.800247
10.1315,-6.29637,-0.444382
10.1755,-6.41301,0.348282
10.2112,-5.89766,1.02074
10.1457,-5.65248,1.5825
10.0291,-6.33327,1.45634
9.97911,-6.8022,2.13475
9.79939,-6.48442,2.71437
9.59349,-6.3535,2.61678
9.25905,-6.32256,3.41539
9.09956,-6.6082,3.90099
8.68062,-6.06548,4.22591
8.71037,-6.657,3.79387
8.17479,-6.25233,3.99739
7.78441,-5.45253,5.27565
7.15956,-4.32423,6.13496
6.66325,-3.74223,6.13853
5.87654,-3.6851,6.37538
5.03389,-3.5161,6.55629
4.49474,-3.38518,6.59795
3.70921,-3.21855,6.373
2.89513,-2.63298,6.77766
2.41548,-1.75581,7.46916
2.15483,-1.73082,7.38704
2.11794,-2.24736,7.343
1.5157,-1.32497,7.50725
1.1277,-0.181198,8.06545
0.449295,0.498398,8.27135
0.465958,-0.657272,8.31657
0.141037,-0.545395,8.14638
-0.0565338,-0.526352,8.21779
-0.195786,-0.0252838,8.28206
-0.534988,0.18895,8.507
-0.784927,-0.309738,8.47368
-0.494522,-1.10359,8.5558
-0.465958,-0.872696,8.83907
-0.300522,-0.63942,9.20326
-0.217209,-0.520401,9.37584
-0.706375,-0.363297,9.30324
-0.846817,-0.731064,9.19493
-0.634964,-0.933395,9.29372
-0.587357,-1.03099,9.51509
-0.746841,-0.806046,9.56389
-0.731369,-0.951248,9.67815
-0.519516,-1.11549,9.86382
-0.468338,-1.32735,9.89119
-0.427872,-1.44994,9.9626
-0.48262,-1.47731,10.0257
-0.41478,-1.50111,10.1399
-0.398117,-1.59395,9.99355
-0.556412,-1.85222,9.77812
-0.558792,-2.01051,9.78764
-0.604019,-1.59157,9.92808
-0.658768,-1.54634,9.97688
-0.719467,-1.77605,9.84715
-0.626633,-1.88673,9.90666
-0.47905,-1.90221,9.91142
-0.452866,-1.83437,9.87096
-0.561172,-1.65227,9.94356
-0.564743,-1.55824,9.92333
-0.509995,-1.83913,9.76146
-0.501663,-1.93434,9.71742
-0.584976,-1.8903,9.65553
-0.538559,-1.7451,9.78169
-0.48024,-1.46303,9.9138
-0.427872,-1.48207,9.91975
-0.448105,-1.71535,9.77812
-0.511185,-1.96767,9.78526
-0.371933,-1.77248,9.84001
-0.460007,-1.51183,9.88048
-0.61235,-1.49992,9.91142
-0.54332,-1.66536,9.84834
-0.456436,-1.72963,9.74123
-0.436203,-1.80223,9.86977
-0.539749,-1.62251,9.87572
-0.448105,-1.61775,9.92333
-0.398117,-1.47969,9.95546
-0.395737,-1.6487,9.86382
-0.48262,-1.86412,9.77812
-0.517136,-1.84865,9.79716
-0.512375,-1.67131,9.89
-0.538559,-1.61656,9.90785
-0.513565,-1.94505,9.80788
-0.513565,-1.95338,9.73885
-0.54808,-1.65584,9.83168
-0.536179,-1.563,9.7567
-0.552841,-1.64632,9.78407
-0.60878,-1.76534,9.7317
-0.571884,-1.81889,9.79002
-0.465958,-1.6606,9.91142
-0.471909,-1.63441,9.92213
-0.506424,-1.69749,9.85191
-0.571884,-1.80342,9.84477
-0.477859,-1.91411,9.73527
-0.519516,-1.71297,9.83763
-0.61235,-1.55824,9.90547
-0.569504,-1.68797,9.80907
-0.493332,-1.77129,9.71028
-0.527847,-1.82722,9.77455
-0.565933,-1.60704,9.80669
-0.630203,-1.28688,9.89952
-0.561172,-1.4547,9.84953
-0.577835,-1.72725,9.72218
-0.626633,-1.85222,9.68886
-0.630203,-1.83675,9.75789
-0.532608,-1.62846,9.8662
-0.504044,-1.61418,9.89476
-0.596878,-1.77605,9.83644
-0.574264,-1.73439,9.83287
-0.517136,-1.70821,9.84358
-0.525467,-1.78557,9.75432
-0.629013,-1.77129,9.77693
-0.601639,-1.65584,9.84239
-0.593307,-1.58443,9.87929
-0.588547,-1.73201,9.7924
-0.644486,-1.91649,9.77098
-0.642105,-1.84627,9.82573
-0.623062,-1.62846,9.96617
-0.592117,-1.57491,9.89357
-0.581406,-1.76534,9.85548
-0.644486,-1.80699,9.89357
-0.60997,-1.84151,9.85667
-0.614731,-1.75819,9.88286
-0.625443,-1.72011,9.85191
-0.60997,-1.8427,9.86262
-0.555222,-1.74034,9.81978
-0.592117,-1.63679,9.84596
-0.743271,-1.61299,9.76979
-0.843246,-1.61537,9.73885
-0.664719,-1.6356,9.7567
-0.67662,-1.71773,9.68172
-0.769455,-1.68678,9.70909
-0.767075,-1.70702,9.79716
-0.667099,-1.7451,9.78526
-0.642105,-1.85579,9.79955
-0.720657,-1.74391,9.80669
-0.724228,-1.61418,9.86501
-0.633774,-1.58919,9.89
-0.575455,-1.7701,9.85191
-0.668289,-1.782,9.74361
-0.713516,-1.63322,9.77336
-0.744461,-1.62489,9.74004
-0.682571,-1.76295,9.84477
-0.659958,-1.82365,9.79478
-0.703995,-1.84984,9.76265
-0.694473,-1.75938,9.80312
-0.761124,-1.60347,9.86262
-0.750412,-1.64394,9.82216
-0.761124,-1.75938,9.77217
-0.67186,-1.73796,9.84953
-0.638535,-1.72963,9.80669
-0.658768,-1.79747,9.80073
-0.645676,-1.74748,9.90904
-0.648056,-1.6963,9.89238
-0.714706,-1.62846,9.82811
-0.713516,-1.72963,9.82692
-0.758743,-1.89626,9.7567
-0.706375,-1.84627,9.79716
-0.67186,-1.67845,9.78407
-0.715897,-1.71892,9.74599
-0.832535,-1.76414,9.75313
-0.756363,-1.78676,9.81502
-0.669479,-1.77724,9.77574
-0.669479,-1.82246,9.8174
-0.682571,-1.92006,9.75789
-0.715897,-1.87007,9.73766
-0.720657,-1.79747,9.82454
-0.717087,-1.83318,9.81502
-0.705185,-1.8427,9.78407
-0.701614,-1.73558,9.91975
-0.652817,-1.72844,9.84953
-0.694473,-1.88078,9.78407
-0.795639,-1.88911,9.78526
-0.755173,-1.757,9.8055
-0.67067,-1.70821,9.86144
-0.705185,-1.71892,9.86739
-0.787308,-1.81532,9.81026
-0.732559,-1.92244,9.84596
-0.743271,-1.80818,9.81264
-0.740891,-1.70583,9.83406
-0.777786,-1.74986,9.82811
-0.806351,-1.76414,9.76146
-0.724228,-1.75462,9.81145
-0.707565,-1.71178,9.82811
-0.707565,-1.70464,9.78288
-0.715897,-1.76772,9.8174
-0.693283,-1.92125,9.72099
-0.73851,-1.79152,9.71028
-0.782547,-1.71178,9.69838
-0.837296,-1.63322,9.74718
-0.781357,-1.70464,9.75789
-0.730179,-1.74272,9.7198
-0.757553,-1.74867,9.76979
-0.79921,-1.6963,9.77455
-0.728989,-1.6844,9.86262
-0.746841,-1.68678,9.75908
-0.80397,-1.64632,9.72813
-0.744461,-1.76772,9.77336
-0.677811,-1.88673,9.69838
-0.730179,-1.90102,9.71623
-0.775406,-1.72606,9.7924
-0.759934,-1.69154,9.80907
-0.731369,-1.71535,9.84834
-0.755173,-1.74153,9.85786
-0.781357,-1.82841,9.80788
-0.669479,-1.7332,9.90428
-0.724228,-1.84984,9.80907
-0.7397,-1.80818,9.84477
-0.776596,-1.7332,9.83763
-0.669479,-1.79866,9.93285
-0.750412,-1.7213,9.90666
-0.80516,-1.77486,9.83882
-0.786118,-1.76891,9.85072
-0.751602,-1.6725,9.87572
-0.67067,-1.66536,9.82216
-0.684952,-1.74034,9.80193
-0.67662,-1.76891,9.79836
-0.718277,-1.68083,9.79716
-0.7397,-1.6844,9.73409
-0.67543,-1.83913,9.7198
-0.644486,-1.87483,9.73885
-0.724228,-1.67131,9.77931
-0.683762,-1.64156,9.84001
-0.725418,-1.68202,9.74718
-0.746841,-1.77486,9.79598
-0.707565,-1.70464,9.8781
-0.687332,-1.71654,9.77455
-0.73732,-1.72368,9.74718
-0.714706,-1.82008,9.73052
-0.679001,-1.79628,9.86382
-0.629013,-1.79985,9.85667
-0.73732,-1.82008,9.84953
-0.80278,-1.74391,9.9019
-0.692093,-1.69392,9.91023
-0.649246,-1.79271,9.8293
-0.745651,-1.79509,9.81264
-0.687332,-1.92601,9.79836
-0.661148,-1.70464,9.8531
-0.655197,-1.62846,9.81621
-0.798019,-1.73796,9.74123
-0.787308,-1.72606,9.81978
-0.731369,-1.62846,9.80193
-0.637344,-1.65108,9.76503
-0.783737,-1.61537,9.76265
-0.849197,-1.62727,9.73527
-0.763504,-1.57491,9.73647
-0.763504,-1.65227,9.69481
-0.80159,-1.82246,9.76146
-0.717087,-1.84032,9.73289
-0.684952,-1.67012,9.86977
-0.764694,-1.69273,9.77098
-0.836105,-1.7451,9.74004
-0.80516,-1.68559,9.74599
-0.761124,-1.68797,9.78764
-0.73851,-1.73796,9.78407
-0.713516,-1.80818,9.81621
-0.731369,-1.79271,9.83763
-0.688522,-1.79033,9.86144
-0.746841,-1.72963,9.7805
-0.751602,-1.71059,9.78288
-0.784927,-1.77367,9.80193
-0.751602,-1.78557,9.78169
-0.758743,-1.72963,9.85667
-0.834915,-1.65584,9.8781
-0.751602,-1.7451,9.80669
-0.746841,-1.74272,9.83525
-0.784927,-1.7213,9.83644
-0.757553,-1.80818,9.7448
-0.798019,-1.79033,9.85191
-0.752792,-1.8177,9.78883
-0.773026,-1.83199,9.78169
-0.759934,-1.81651,9.79002
-0.769455,-1.78438,9.77812
-0.774216,-1.84627,9.75075
-0.823013,-1.757,9.78526
-0.851578,-1.71059,9.79955
-0.859909,-1.79866,9.70671
-0.856339,-1.77248,9.78883
-0.721848,-1.83675,9.77693
-0.744461,-1.72963,9.76146
-0.795639,-1.72606,9.80788
-0.789688,-1.82127,9.88405
-0.781357,-1.73796,9.83287
-0.768265,-1.72606,9.81978
-0.8004,-1.7332,9.80907
-0.819443,-1.68321,9.82335
-0.765884,-1.75581,9.78288
-0.715897,-1.81056,9.76265
-0.753983,-1.86174,9.80312
-0.73613,-1.74986,9.87691
-0.687332,-1.90102,9.76979
-0.770645,-1.85698,9.80193
-0.723038,-1.87364,9.80193
-0.830154,-1.78081,9.83287
-0.713516,-1.85817,9.83049
-0.712326,-1.86293,9.82335
-0.826584,-1.67012,9.76265
-0.850388,-1.64989,9.71028
-0.787308,-1.67964,9.70076
-0.792068,-1.62965,9.59602
-0.763504,-1.64513,9.51628
-0.7397,-1.5761,9.36156
-0.807541,-1.54515,9.24968
-0.876572,-1.2238,9.21754
-0.983688,-0.916733,9.07472
-1.00035,-0.70726,8.81645
-0.997971,-0.487076,8.7617
-0.861099,-0.247849,8.82954
-0.593307,-0.0621796,8.86406
-0.211258,0.0687408,9.00807
0.0815277,0.207993,8.98665
0.343369,0.354385,8.96999
0.496902,0.599564,8.92833
0.73732,0.375809,8.77599
1.06343,0.223465,8.89262
1.49071,0.281784,9.26515
2.13341,-0.114548,9.34489
2.32622,0.0651703,9.50795
2.56306,0.0854034,9.77931
3.12126,-0.38591,10.2994
3.89845,-1.02742,10.9516
4.53877,-1.55467,11.2635
4.79942,-1.32021,11.7027
5.05412,-1.43327,11.8705
5.09935,-1.75462,12.1418
5.06841,-1.83556,12.1906
4.84227,-1.86055,12.1347
4.64827,-2.39256,11.9454
4.53996,-2.35686,11.9478
4.30431,-2.06883,11.855
4.08293,-1.91173,11.8955
4.05199,-2.07954,11.7693
3.66042,-2.29616,11.511
3.28313,-2.38066,11.5955
3.2867,-2.70082,11.5848
3.39024,-3.19832,11.2944
3.21291,-3.45421,11.3111
3.06294,-3.55775,11.0766
2.75468,-3.73866,10.8374
2.57378,-3.77675,10.6886
2.07747,-3.77556,10.3066
1.61211,-3.94695,9.95308
1.38597,-3.89696,9.63411
1.32646,-3.67201,9.43416
0.914658,-3.50658,9.13185
0.511185,-3.43874,8.76765
0.310043,-3.22807,8.69624
0.185074,-3.58156,8.32253
-0.312424,-3.31258,8.06663
-0.708755,-2.69844,8.06663
-1.19792,-2.19618,7.98689
-1.81801,-1.9391,7.80598
-2.00368,-1.9641,7.66554
-2.05247,-2.21046,7.66554
-2.46547,-2.0974,7.44655
-2.7285,-2.09978,7.20375
-2.57259,-1.77962,7.21803
-2.84514,-1.56895,7.11092
-3.37477,-1.88911,6.7372
-3.39738,-1.65465,6.75862
-3.2141,-0.683456,7.00142
-3.55092,-0.585861,6.74672
-3.76158,-0.697739,6.52892
-3.31883,-0.312119,6.85622
-3.38429,-0.395432,6.90739
-3.60924,-0.916733,6.64555
-3.31645,-0.399002,7.0883
-2.52855,1.24464,8.19637
-2.43095,1.87187,8.05473
-3.22005,0.0961151,7.10854
-2.81419,-0.537064,7.36443
-2.3643,0.684067,8.06902
-2.7892,0.799515,7.86192
-2.88799,0.334152,8.0107
-2.07628,0.843552,8.81169
-1.52165,1.51244,9.40321
-1.81325,1.15657,8.93904
-2.02034,0.429367,8.93666
-1.51927,0.645981,9.33537
-1.39668,1.15538,9.47582
-1.36336,1.6386,9.64363
-0.982498,1.99208,10.0673
-0.680191,1.53029,9.95546
-0.781357,0.581711,9.41869
-0.498093,0.659073,9.86262
-0.67305,0.937576,10.3946
-1.05867,1.02446,10.2637
-0.730179,1.08397,10.4196
-0.188644,1.21846,10.8374
0.112473,0.938766,10.8433
0.264816,0.505539,10.81
0.345749,0.444839,10.7695
0.494522,0.504349,10.7279
0.587357,-0.0229034,10.6922
0.905136,-0.377579,10.8255
1.28838,-0.0383759,10.935
1.2372,-0.0812225,10.8636
0.894424,-0.523972,10.7243
1.02892,-0.691788,10.8588
1.29314,-0.518021,10.8433
1.15269,-0.89769,10.7279
1.12889,-0.8358,10.8874
1.23363,-0.396622,11.029
1.35622,-0.734634,11.0171
1.30861,-1.17262,11.0326
1.42168,-1.39281,11.1635
1.73589,-1.48802,11.3147
1.91441,-1.33806,11.0433
1.69661,-1.1393,10.96
1.57997,-1.19405,10.7934
1.51808,-1.4297,10.5982
1.45262,-1.58443,10.4149
1.33955,-1.52373,10.2244
1.16698,-1.51897,10.1316
1.16698,-1.55705,10.1399
1.13603,-1.73082,10.1197
1.09438,-1.88792,10.1614
1.2491,-2.42946,10.0054
1.29671,-2.58061,9.89
1.2253,-2.47826,9.78645
1.16341,-2.29735,9.7198
1.03606,-2.10335,9.71623
0.859909,-2.00694,9.45558
0.831345,-2.14262,9.23659
0.762314,-1.81056,9.24373
0.812302,-1.52373,9.32466
0.773026,-1.46779,9.19017
0.817062,-1.63679,9.26277
0.890854,-1.48683,9.39845
0.825394,-1.1881,9.57222
0.750412,-1.13454,9.62459
0.731369,-1.37733,9.60792
0.798019,-1.51064,9.71385
0.869431,-1.34163,9.90309
0.818253,-1.38686,9.82573
0.794449,-1.28569,9.90309
0.833725,-1.15596,9.99474
0.831345,-1.4416,9.82454
0.875381,-1.54634,9.80669
0.86586,-1.44399,9.76027
0.761124,-1.20833,9.82811
0.758743,-1.23808,9.76384
0.79921,-1.33568,9.77455
0.783737,-1.4297,9.75194
0.786118,-1.42732,9.84358
0.780167,-1.30592,9.77931
0.740891,-1.35353,9.75432
0.632584,-1.42732,9.74718
0.680191,-1.54991,9.74599
0.756363,-1.56657,9.80788
0.748032,-1.6237,9.83644
0.703995,-1.61656,9.74718
0.744461,-1.51302,9.88048
0.795639,-1.4785,9.89595
0.770645,-1.3083,9.92571
0.769455,-1.5023,9.86977
0.832535,-1.67369,9.73409
0.784927,-1.69392,9.71385
0.753983,-1.48445,9.71623
0.756363,-1.42256,9.72337
0.755173,-1.51778,9.74599
0.807541,-1.47136,9.77812
0.814682,-1.51659,9.75908
0.765884,-1.57014,9.75313
0.806351,-1.32854,9.92928
0.851578,-1.44637,9.85548
0.86586,-1.50706,9.8293
0.830154,-1.46541,9.77574
0.850388,-1.34996,9.84596
0.914658,-1.35353,9.87691
0.812302,-1.36424,9.84596
0.857529,-1.87007,9.69957
0.875381,-1.6237,9.7924
0.80516,-1.20833,9.88048
0.724228,-1.26427,9.83644
0.774216,-1.49873,9.73527
0.798019,-1.36781,9.80907
0.743271,-1.31187,9.75551
0.838486,-1.39995,9.74004
0.833725,-1.42018,9.78883
0.740891,-1.53682,9.77455
0.80159,-1.41899,9.81621
0.820633,-1.29045,9.84477
0.806351,-1.44279,9.86144
0.767075,-1.44637,9.79955
0.888474,-1.44399,9.79002
0.844437,-1.34401,9.79836
0.776596,-1.45351,9.79359
0.733749,-1.37852,9.79478
0.806351,-1.36543,9.77812
0.769455,-1.43208,9.73766
0.765884,-1.51302,9.7079
0.730179,-1.35829,9.76265
0.693283,-1.33806,9.77217
0.726608,-1.394,9.75551
0.80397,-1.4178,9.76741
0.848007,-1.43446,9.73885
0.759934,-1.29521,9.83168
0.808731,-1.13216,9.99712
0.824203,-1.2119,9.81621
0.859909,-1.4178,9.76384
0.815872,-1.08574,9.88048
0.907516,-1.16786,9.91737
0.884903,-1.21071,9.81145
0.826584,-1.30116,9.79121
0.781357,-1.27141,9.6841
0.789688,-1.35948,9.74361
0.831345,-1.24284,9.69005
0.857529,-1.2607,9.74956
0.873001,-1.20357,9.74718
0.836105,-1.43922,9.70552
0.906326,-1.43208,9.73409
0.877762,-1.12383,9.85191
0.808731,-1.11787,9.8055
0.859909,-1.30116,9.85429
0.906326,-1.41066,9.85191
0.877762,-1.35829,9.90547
0.875381,-1.29164,9.86382
0.862289,-1.19048,9.92094
0.818253,-1.21071,9.92333
0.831345,-1.27617,9.86382
0.846817,-1.37019,9.82097
0.877762,-1.19167,9.89714
0.896805,-1.23451,9.83644
0.827774,-1.32973,9.74599
0.699234,-1.28331,9.81502
0.661148,-1.24165,9.84715
0.733749,-1.18333,9.74599
0.755173,-1.26427,9.69124
0.721848,-1.29283,9.75075
0.764694,-1.22023,9.89357
0.830154,-1.18214,9.85548
0.790878,-1.21071,9.85905
0.788498,-1.30711,9.86025
0.781357,-1.22975,9.83525
0.768265,-1.1393,9.79478
0.770645,-1.23808,9.71504
0.705185,-1.24046,9.68291
0.782547,-1.17619,9.72218
0.777786,-1.12025,9.78764
0.744461,-1.22261,9.77098
0.782547,-1.18333,9.8293
0.819443,-1.0536,9.84596
0.877762,-1.17024,9.81145
0.877762,-1.25356,9.81264
0.793259,-1.20357,9.7317
0.746841,-1.14525,9.76146
0.731369,-1.13097,9.80193
0.773026,-1.18929,9.80669
0.751602,-1.19524,9.86977
0.845627,-1.18095,9.82097
0.796829,-1.18095,9.82692
0.793259,-1.17619,9.84953
0.813492,-1.19524,9.85667
0.874191,-1.22023,9.89476
0.86467,-1.16072,9.81145
0.827774,-1.18214,9.86382
0.745651,-1.10121,9.91737
0.7397,-1.09764,9.86382
0.733749,-1.19048,9.84001
0.73494,-1.21666,9.84715
0.843246,-1.12621,9.94118
0.757553,-1.16072,9.90666
0.730179,-1.1393,9.83049
0.728989,-1.19167,9.86858
0.699234,-1.10002,9.83049
0.765884,-1.2476,9.73409
0.721848,-1.20714,9.83287
0.731369,-1.09407,9.78169
0.721848,-1.09764,9.81264
0.726608,-1.17857,9.73527
0.723038,-1.04527,9.82692
0.756363,-1.09645,9.7448
0.758743,-1.20952,9.78288
0.677811,-1.09764,9.80431
0.782547,-1.2119,9.73647
0.788498,-1.18333,9.78764
0.748032,-1.17262,9.85429
0.661148,-1.01552,9.91023
0.713516,-0.933395,9.95665
0.715897,-0.953629,9.91618
0.746841,-1.20833,9.85905
0.761124,-1.23927,9.92928
0.730179,-1.15477,9.89238
0.726608,-1.07265,9.93642
0.719467,-0.959579,9.90904
0.684952,-1.05122,9.88286
0.759934,-1.11073,9.93047
0.767075,-0.929825,9.88881
0.746841,-1.05122,9.85191
0.758743,-0.984573,9.83882
0.743271,-0.827469,9.94951
0.784927,-0.996475,9.88048
0.745651,-1.07384,9.79955
0.73851,-0.932205,9.89238
0.708755,-0.973862,9.82097
0.700424,-0.910782,9.81026
0.654007,-0.841751,9.76741
0.705185,-0.932205,9.74361
0.590927,-0.867935,9.76027
0.627823,-1.05241,9.78645
0.696854,-1.01671,9.87453
0.708755,-0.875076,9.89595
0.614731,-1.03575,9.85905
0.67424,-1.08098,9.84715
0.637344,-0.928635,9.85905
0.634964,-1.04527,9.76741
0.644486,-0.994095,9.84477
0.613541,-0.929825,9.86739
0.583786,-0.816757,9.86382
0.613541,-0.861984,9.81026
0.6064,-0.96434,9.77217
0.569504,-0.886978,9.75313
0.579025,-0.851273,9.79955
0.633774,-0.96434,9.75789
0.581406,-0.907211,9.88286
0.527847,-0.934586,9.84477
0.562363,-0.891739,9.84715
0.534988,-0.96196,9.78764
0.506424,-0.90007,9.82692
0.494522,-0.881027,9.85667
0.598068,-0.932205,9.87096
0.646866,-0.710831,10.0102
0.595688,-0.815567,9.87215
0.488571,-0.915543,9.85786
0.524277,-0.717972,9.94594
0.563553,-0.709641,9.87215
0.584976,-0.83223,9.91023
0.590927,-0.811996,9.94356
0.586166,-0.785812,9.90071
0.519516,-0.919113,9.79716
0.468338,-0.659653,9.79359
0.512375,-0.70369,9.75908
0.462387,-0.825089,9.67934
0.389786,-0.984573,9.56746
0.312424,-0.64299,9.56032
0.180313,-0.953629,9.17113
-0.0827179,-2.04027,8.36418
-0.206497,-2.37233,7.86073
-0.256485,-2.46516,7.0038
-0.261246,-3.67796,5.33873
0.313614,-4.23973,5.09355
1.28481,-2.0974,5.93263
2.32622,-0.0431366,5.14592
2.90941,0.786423,3.32851
4.62209,0.650742,3.33565
6.83464,1.84688,3.43086
8.1617,4.98659,3.19759
10.7658,6.87541,4.45204
16.9274,9.9937,6.2028
12.0524,9.62712,6.53249
12.181,8.60713,6.24684
12.5404,7.95729,6.56462
12.8546,7.77519,6.73601
13.4271,7.35149,6.41585
12.7677,5.70427,5.75053
11.9608,3.95351,4.88289
11.3871,1.92067,4.55083
11.8501,0.605514,4.96382
11.6942,-1.07503,4.78172
11.0146,-1.72725,4.38777
10.4588,-3.62917,4.5544
10.7039,-4.79317,4.90788
11.0622,-5.26924,5.21495
10.3207,-5.42635,4.84123
9.10789,-5.08714,4.2021
7.15599,-4.93837,3.10475
5.47426,-4.76936,2.71437
4.26979,-4.61345,2.04311
3.22481,-4.34804,1.57179
2.06438,-3.54109,1.35875
0.768265,-3.31258,1.28377
-0.207687,-3.58275,0.917191
-0.67543,-3.56133,0.27211
-1.79778,-2.88649,-0.378922
-2.54164,-2.77223,-0.908554
-2.15364,-3.13524,-1.03233
-2.4369,-3.7458,-2.59386
-3.10341,-2.83293,-4.04112
-2.73445,-3.69701,-5.08134
-2.44048,-4.89195,-5.95137
-1.80016,-4.36946,-6.74284
-1.29076,-3.09715,-8.16273
-1.15508,-1.80818,-9.57787
-0.488571,-2.63298,-10.6026
0.16246,-4.44444,-11.6785
0.972977,-3.45183,-11.8987
0.275528,-2.04979,-11.2584
0.959885,-4.34804,-10.8585
2.71184,-5.30971,-12.0201
3.03557,-5.48466,-11.9749
2.97606,-6.09404,-11.0644
3.59258,-6.21663,-10.1825
3.49855,-6.11427,-9.59334
3.95201,-8.58153,-9.38863
4.72206,-9.77528,-9.24699
5.93248,-9.33372,-9.4529
6.85606,-10.9071,-9.46718
6.92152,-12.095,-7.4272
6.03841,-11.9985,-5.13371
5.13387,-12.9745,-2.34154
4.32692,-12.6674,0.577988
4.07222,-13.0173,1.01598
3.57591,-12.5044,2.45491
2.44405,-10.656,5.1114
2.00249,-9.54796,6.74434
2.0739,-9.73958,6.97642
2.30479,-8.74101,6.80028
3.09627,-9.86336,6.39204
2.51546,-8.87788,7.05498
1.92513,-6.6808,8.27849
0.972977,-3.94814,8.63554
0.320755,-3.71129,7.47749
0.0101166,-4.8622,6.39323
-0.401688,-4.17546,5.42085
-0.894424,-2.66512,5.73982
-1.7347,-0.981003,6.567
-1.67281,-1.22737,6.38371
-1.5883,-2.15096,5.74815
-1.82872,-0.827469,6.11235
-1.87038,0.262741,6.52415
-1.70613,0.102066,6.64912
-1.30623,0.323441,6.37419
-1.1277,0.5103,6.62889
-1.39906,1.67549,7.40013
-1.10985,2.57289,7.73695
-0.852768,2.14442,7.88692
-0.618301,1.26726,8.23207
-0.336227,1.41365,8.65578
-0.587357,3.47148,9.51985
-0.861099,3.50362,10.0102
-0.749222,2.40031,9.94237
-0.442154,1.96947,10.328
-0.275528,2.04921,11.0302
-0.0493927,1.62431,11.0457
0.251724,1.10182,10.9124
0.22673,1.25774,11.06
0.044632,0.96257,10.71
0.22197,0.169907,10.3113
0.367172,0.0128021,10.2542
0.211258,0.89473,10.691
0.335037,1.36485,10.9302
0.619492,0.745956,10.5779
0.682571,0.0211334,10.2411
0.574264,0.374619,10.2828
0.511185,0.857834,10.4006
0.411209,0.692398,10.3435
0.412399,0.236557,10.2042
0.471909,0.0877838,10.0757
0.54808,0.196091,10.0435
0.527847,-0.152634,9.99117
0.398117,-0.445419,9.89357
0.277908,-0.233566,9.9269
0.381454,-0.00862122,9.87929
0.438583,-0.234756,9.8412
0.343369,-0.369247,9.84239
0.360031,-0.397812,9.91975
0.389786,-0.310928,9.84715
0.363602,-0.300217,9.77693
0.375504,-0.601334,9.69719
0.399307,-0.684647,9.77098
0.394547,-0.306168,9.86739
0.376694,-0.362106,9.77574
0.321945,-0.70726,9.65791
0.345749,-0.895309,9.8412
0.401688,-0.684647,9.88405
0.268387,-0.25975,9.99474
0.16246,-0.288315,9.96379
0.260056,-0.620377,9.90071
0.327896,-0.559677,9.9388
0.299332,-0.401382,10.065
0.310043,-0.364487,10.0269
0.331467,-0.588242,9.91023
0.326706,-0.548965,9.95665
0.370743,-0.406143,10.0626
0.454056,-0.545395,9.97807
0.468338,-0.553726,10.0626
0.344559,-0.419235,9.97331
0.320755,-0.51445,9.87215
0.307663,-0.523972,9.90428
0.236252,-0.437088,9.96141
0.220779,-0.553726,9.91499
0.250534,-0.717972,9.8055
0.267197,-0.701309,9.81026
0.335037,-0.57515,9.96974
0.271957,-0.413284,9.93761
0.266006,-0.297836,9.93999
0.291,-0.463272,9.92928
0.252914,-0.593002,9.89595
0.179123,-0.5811,9.9388
0.231491,-0.588242,9.85191
0.282669,-0.679886,9.8055
0.249344,-0.606094,9.91618
0.192215,-0.623947,9.91975
0.273148,-0.744156,9.95427
0.299332,-0.628708,9.88167
0.22316,-0.532303,9.86977
0.206497,-0.51088,9.84596
0.216019,-0.729874,9.83763
0.16246,-0.798904,9.99474
0.124374,-0.684647,9.85429
0.123184,-0.702499,9.70433
0.132706,-0.677505,9.78407
0.101761,-0.673935,9.80907
0.038681,-0.5811,9.85667
0.102951,-0.523972,9.93166
0.102951,-0.490646,9.92451
0.192215,-0.51564,9.95308
0.193405,-0.666794,9.86739
0.170792,-0.621567,9.96974
0.237442,-0.606094,9.95189
0.281479,-0.691788,9.90428
0.269577,-0.823898,9.89357
0.291,-0.658462,9.94475
0.16008,-0.518021,9.85667
0.121994,-0.553726,9.73052
0.145798,-0.596573,9.72694
0.0470123,-0.396622,9.72932
0.0339203,-0.472794,9.77455
0.0731964,-0.497787,9.84477
0.155319,-0.698929,9.78883
0.124374,-0.790573,9.86739
0.202927,-0.673935,9.99831
0.205307,-0.625137,9.95665
0.0862885,-0.689407,9.91856
0.16127,-0.713211,9.94118
0.254105,-0.663223,9.86262
0.187454,-0.652512,9.85667
0.116043,-0.584671,9.81502
0.108902,-0.562057,9.75432
0.131516,-0.458511,9.79598
0.0291595,-0.475174,9.83287
0.0458221,-0.428757,9.9745
0.0993805,-0.51207,9.85191
0.188644,-0.791763,9.8412
0.22435,-0.846512,9.88167
0.235062,-0.70845,10.0412
0.22554,-0.789383,10.0078
0.193405,-0.875076,9.85667
0.137466,-0.765579,9.91737
0.168411,-0.947678,9.85667
0.133896,-0.820328,9.94118
0.0601044,-0.633469,10.0388
0.00297546,-0.757248,9.9507
-0.0458221,-0.861984,9.96141
0.0184479,-0.916733,9.9626
0.0434418,-0.942917,9.87929
0.118423,-1.0667,9.84953
0.0267792,-1.01314,9.97212
0.0815277,-1.03575,10.0114
0.0827179,-1.03694,9.98164
0.141037,-1.22737,9.94832
0.089859,-1.12978,9.89833
0.0946198,-0.801285,10.0507
0.112473,-0.742966,9.9864
0.0636749,-0.76796,9.83525
0.0779572,-0.928635,9.82573
0.0398712,-0.869125,9.73885
0.0160675,-0.867935,9.82097
0.00773621,-0.911972,9.77574
0.126755,-0.911972,9.88048
0.108902,-0.796524,9.88643
0.0553436,-0.715591,10.0054
0.057724,-0.753677,9.9138
0.110092,-0.797714,9.92808
0.126755,-0.765579,9.88048
0.114853,-0.8358,9.90904
0.141037,-0.906021,9.8781
0.116043,-0.807236,9.86977
0.121994,-0.8358,9.81026
0.116043,-0.861984,9.79121
0.0958099,-0.731064,9.96141
0.118423,-0.675125,9.93047
0.117233,-0.807236,9.82335
0.0743866,-0.694168,9.85429
0.0374908,-0.631088,9.84477
0.0529633,-0.823898,9.75313
0.0612946,-0.945297,9.72813
0.0874786,-0.902451,9.79359
0.136276,-0.839371,9.89119
0.131516,-0.721542,9.9626
0.182693,-0.766769,9.92808
0.150558,-0.823898,9.85786
0.106522,-0.737015,9.84596
0.154129,-0.751297,9.90428
0.181503,-0.853653,9.87215
0.166031,-0.881027,9.87096
0.235062,-0.83699,9.86025
0.233871,-0.741776,9.91975
0.217209,-0.938156,9.91737
0.211258,-0.872696,9.95546
0.206497,-0.658462,10.034
0.266006,-0.800095,9.90309
0.198166,-0.810806,9.90071
0.212448,-0.872696,9.81859
0.204117,-0.77153,9.87334
0.219589,-0.656082,9.96617
0.248154,-0.846512,9.79121
0.294571,-0.940536,9.66267
0.236252,-0.815567,9.696
0.394547,-0.895309,9.75194
0.330276,-0.688217,9.71385
0.35527,-0.801285,9.71028
0.246964,-0.802475,9.66981
0.267197,-0.76915,9.8531
0.356461,-0.692978,9.96022
0.486191,-0.8965,9.99593
0.504044,-1.0536,9.93642
0.375504,-0.838181,9.96974
0.451675,-0.814377,9.95665
0.420731,-0.792953,9.93047
0.413589,-0.910782,9.90309
0.474289,-0.895309,10.0281
0.452866,-0.70607,9.98283
0.423111,-0.741776,9.87096
0.48262,-0.985764,9.86501
0.636154,-0.90007,9.84596
0.698044,-0.77153,9.87453
0.662338,-0.848892,9.90785
0.620682,-0.942917,9.82811
0.583786,-0.853653,9.8531
0.598068,-0.90126,9.88167
0.60878,-0.739395,9.92928
0.575455,-0.813187,9.84834
0.48143,-0.873886,9.91023
0.388596,-0.948868,9.88643
0.477859,-1.0536,9.87334
0.404068,-0.863174,9.95784
0.374313,-0.752487,9.96855
0.435013,-0.806046,9.99117
0.490952,-0.929825,9.8531
0.54689,-1.09883,9.84477
0.494522,-1.04051,9.77693
0.48024,-0.983383,9.72694
0.388596,-0.785812,9.82692
0.340988,-0.867935,9.74837
0.431442,-1.05717,9.79359
0.496902,-1.0786,9.73052
0.517136,-0.958389,9.75908
0.449295,-0.910782,9.82573
0.577835,-0.814377,9.96617
0.756363,-0.983383,10.0412
0.793259,-0.916733,10.2506
0.809921,-0.662033,10.5244
0.977737,-0.648941,10.8231
1.31337,-0.922684,11.6241
1.62996,-1.53563,12.2858
1.56688,-1.49873,13.1987
1.78706,-1.3083,13.8462
1.66447,-0.820328,13.9354
1.6133,-1.04884,14.0342
1.1884,-1.40114,13.5701
0.60997,-1.85103,13.0273
0.220779,-2.10097,12.6215
0.141037,-1.81651,12.2025
-0.231491,-1.47493,11.1266
-0.751602,-1.83794,10.5982
-1.08128,-2.00813,9.83644
-1.40739,-1.94981,9.45439
-2.30003,-1.39162,8.29753
-2.97249,-0.822708,7.48106
-3.29741,-0.954819,6.97166
-4.15077,-0.77034,5.98857
-4.71611,-0.828659,5.7672
-5.08626,-0.547775,4.79005
-5.78133,-0.473984,4.5663
-6.01936,-0.358536,4.47466
-6.39308,-1.21785,3.76888
-6.75966,-0.562057,3.36659
-7.33214,-0.456131,2.71318
-7.4214,-0.914352,2.7953
-8.01769,-0.351395,2.86433
-8.29976,-0.0764618,2.82506
-8.60921,0.692398,2.30852
-8.80202,1.2018,1.7289
-8.74132,1.87187,1.62178
-9.45067,2.10753,1.56584
-9.95412,2.06706,1.07549
-10.4457,2.42888,-0.224197
-10.4635,3.01921,-2.02138
-10.7051,3.42149,-2.57243
-10.8182,2.87877,-2.06899
-10.7254,1.92662,-0.699081
-10.3266,1.40651,-0.453903
-9.91722,1.57433,-0.192062
-9.75178,0.930435,0.0495453
-9.85176,0.901871,0.344711
-9.95055,0.947098,0.388748
-9.98744,1.05778,0.435165
-9.78511,1.03041,0.52681
-9.40425,1.09944,0.329239
-9.13051,0.837601,0.731522
-9.14122,0.941147,1.53609
-9.10313,0.759048,2.3228
-8.79488,0.155624,2.69533
-8.58064,0.298447,2.87743
-8.32832,0.615036,3.19878
-8.17003,0.423416,3.7058
-7.99269,-0.209763,4.28661
-8.00102,-0.145493,5.01143
-7.42735,-0.147873,5.48631
-6.68349,-0.593002,5.88384
-6.23836,-1.27141,5.9493
-6.26811,-0.866745,6.67888
-6.14195,-0.425186,7.72386
-5.78014,-0.45256,8.14162
-5.46236,-0.776291,7.95357
-5.06722,-1.37614,7.81908
-5.03151,-1.30116,8.62007
-4.73277,-1.74034,9.06877
-4.53758,-1.73796,9.11043
-4.61137,-1.18214,8.40941
-4.26384,-1.14406,8.3499
-3.6259,-1.65465,9.28657
-3.01415,-1.84508,9.90309
-2.91655,-1.56181,9.99712
-2.75111,-1.38448,10.2625
-2.3643,-1.57014,10.378
-2.43095,-1.60942,9.94713
-2.80229,-1.31068,9.54008
-2.63329,-1.14644,9.55199
-2.39168,-1.56657,9.90547
-2.19411,-1.83556,9.74123
-2.11436,-1.54872,9.79598
-1.80135,-1.33806,10.0233
-1.56688,-1.12621,10.4375
-1.36336,-1.44875,10.4827
-1.2122,-1.87602,10.2173
-0.9944,-1.92006,10.2709
-0.751602,-2.13072,10.1554
-0.809921,-2.00575,10.134
-0.784927,-1.89268,10.0816
-0.629013,-1.52968,10.0328
-0.506424,-1.39043,10.1459
-0.450485,-1.25594,10.2221
-0.185074,-1.62132,10.1495
-0.0303497,-1.66774,10.0852
0.133896,-1.62489,10.159
0.186264,-1.61299,10.0043
0.145798,-1.42732,10.1245
0.239822,-1.38567,10.0661
0.47905,-1.47612,10.1245
0.60997,-1.43565,10.3673
0.834915,-1.60466,10.6458
0.951553,-1.6725,10.8719
1.01939,-1.8308,10.8326
0.99202,-1.79509,10.7112
0.913467,-1.79866,10.7588
0.837296,-1.72487,10.4839
0.652817,-1.5999,10.3792
0.580215,-1.59871,10.2744
0.564743,-1.59514,10.059
0.532608,-1.49397,9.93999
0.455246,-1.6487,9.84358
0.400497,-1.70702,9.77931
0.490952,-1.73796,9.81621
0.684952,-1.88078,9.71028
0.681381,-1.80937,9.7448
0.562363,-1.69035,9.70195
0.593307,-1.77724,9.76741
0.584976,-1.78557,9.82692
0.568314,-1.74986,9.79836
0.499283,-1.79271,9.71385
0.492142,-1.58919,9.70195
0.507614,-1.52611,9.76265
0.530228,-1.63203,9.79955
0.552841,-1.68797,9.7567
0.551651,-1.66893,9.72575
0.620682,-1.68321,9.80788
0.629013,-1.62846,9.7567
0.644486,-1.71297,9.83644
0.586166,-1.64394,9.75313
0.54689,-1.74391,9.73527
0.540939,-1.62251,9.75313
0.592117,-1.70464,9.72932
0.48381,-1.74867,9.76979
0.476669,-1.86531,9.79836
0.465958,-1.81651,9.79836
0.390976,-1.70464,9.8055
0.377884,-1.77605,9.82692
0.410019,-1.83556,9.87096
0.430252,-1.86769,9.87334
0.431442,-1.93553,9.85072
0.385025,-1.82127,9.78645
0.407639,-1.76891,9.74123
0.452866,-1.78557,9.81978
0.438583,-1.782,9.79598
0.398117,-1.75819,9.85905
0.357651,-1.54515,9.90666
0.362411,-1.65941,9.76979
0.28981,-1.8058,9.74004
0.200546,-1.74748,9.74956
0.133896,-1.61894,9.78764
0.176743,-1.62489,9.69124
0.238632,-1.69511,9.73409
0.28743,-1.70345,9.88286
0.374313,-1.79866,9.91856
0.348129,-1.8784,9.87929
0.41954,-2.13429,9.73527
0.346939,-1.86174,9.8174
0.28624,-1.79152,9.76027
0.230301,-1.88197,9.72694
0.245773,-1.68083,9.8662
0.248154,-1.49159,9.82454
0.229111,-1.63799,9.73766
0.16246,-1.8427,9.74123
0.179123,-1.79509,9.84358
0.149368,-1.62965,9.84358
0.105331,-1.72368,9.88167
0.107712,-1.63679,9.87572
0.218399,-1.56419,9.9995
0.323135,-1.76176,9.96379
0.242203,-1.951,9.83525
0.0565338,-1.81294,9.94356
0.0874786,-1.782,10.0185
0.117233,-1.88078,10.0626
-0.00892639,-1.70464,10.1328
-0.0101166,-2.00813,9.96617
-0.076767,-2.24379,9.65791
-0.187454,-2.20094,9.64363
-0.274338,-1.99861,9.64839
-0.325516,-1.86531,9.57817
-0.404068,-1.80461,9.671
-0.317184,-1.83318,9.68648
-0.188644,-2.10097,9.63054
-0.155319,-2.11763,9.66981
-0.194595,-1.8427,9.58055
-0.180313,-1.70464,9.68648
-0.100571,-1.57372,9.65077
-0.127945,-1.56181,9.71266
-0.281479,-1.66179,9.57222
-0.399307,-1.55229,9.671
-0.41478,-1.60704,9.87929
-0.327896,-1.51183,9.91499
-0.22554,-1.43803,9.92808
-0.195786,-1.33687,9.99355
-0.152939,-1.42732,9.89238
-0.145798,-1.50468,9.86144
-0.249344,-1.53206,9.81264
-0.345749,-1.563,9.61983
-0.318375,-1.52849,9.66148
-0.298141,-1.41542,9.6722
-0.304092,-1.50945,9.64958
-0.386215,-1.71654,9.61745
-0.471909,-1.71892,9.71861
-0.473099,-1.50706,9.78407
-0.298141,-1.50587,9.81859
-0.277908,-1.5999,9.82454
-0.385025,-1.6118,9.87453
-0.340988,-1.49516,9.90428
-0.208878,-1.57729,9.80907
-0.230301,-1.4059,9.67696
-0.471909,-1.28688,9.62459
-0.537369,-1.2607,9.63649
-0.369553,-0.952438,9.64839
-0.335037,-0.778671,9.71385
-0.448105,-1.07979,9.44963
-0.495712,-1.37972,9.31871
-0.575455,-1.2238,9.47224
-0.435013,-0.853653,9.76384
-0.194595,-0.875076,9.99474
-0.0363007,-1.11787,9.94356
-0.0946198,-0.988144,10.0316
-0.0684357,-0.51326,10.2661
0.0315399,-0.393051,10.403
0.121994,-0.541824,10.3577
0.191025,-0.795334,9.99593
0.202927,-0.765579,9.85548
0.201736,-0.57872,9.78883
0.28743,-0.670364,9.67339
0.16246,-0.752487,9.65196
0.102951,-0.873886,9.58293
0.104141,-1.02623,9.62816
0.0493927,-1.04646,9.696
0.038681,-0.96077,9.77098
0.0208282,-1.10478,9.81859
0.107712,-0.936966,9.86501
0.171982,-0.864365,10.0447
0.273148,-0.891739,10.1328
0.28981,-0.948868,10.1518
0.241013,-0.886978,10.1007
