1.03844,0.507919,9.72575
1.0551,0.498398,9.80193
1.0789,0.560288,9.79002
1.08366,0.541245,9.82335
1.08128,0.51268,9.7567
1.07414,0.607895,9.80431
1.10747,0.610275,9.79716
1.08604,0.565048,9.72813
1.05748,0.588852,9.73052
1.08604,0.57695,9.73052
1.30266,0.698349,9.48534
1.35741,0.700729,9.43297
1.36693,0.881638,9.37346
1.53593,0.70311,9.58293
1.53355,0.812607,9.40202
1.48595,0.857834,9.41393
1.47166,0.824509,9.45677
1.46452,0.745956,9.52342
1.54308,0.681686,9.54961
1.62877,0.686447,9.66386
1.60973,0.757858,9.57103
1.68352,0.736435,9.64006
1.63829,0.762619,9.64958
1.4669,0.876877,9.70433
1.44548,0.803085,9.77574
1.4431,0.734055,9.84001
1.45738,0.805466,9.88048
1.50975,0.879257,9.96855
1.51213,0.881638,9.98045
1.44072,0.907822,9.84477
0.909897,1.07683,9.7686
0.874191,1.17918,9.57341
0.843246,1.20775,9.48772
0.752792,1.15062,9.16875
0.633774,1.09111,8.99498
0.590927,1.08159,9.04973
0.564743,0.986374,8.97118
0.521896,0.924484,8.93785
0.564743,0.755478,9.11638
0.702805,0.681686,9.28777
0.917038,0.662643,9.38774
1.0432,0.538864,9.39012
1.09081,0.5103,9.30681
1.03606,0.588852,9.21159
1.00987,0.619797,9.14256
1.07176,0.553146,9.24492
1.14793,0.455551,9.40916
1.3217,0.44841,9.57579
1.53831,0.231796,9.89714
1.88585,-0.039566,9.98283
1.79301,0.541245,10.5993
1.85252,0.51506,10.497
1.80254,0.569809,10.3732
1.80492,0.581711,10.6232
1.93346,0.700729,10.6969
2.07628,0.76976,10.7398
2.0739,0.750717,10.8279
2.00011,0.736435,10.6565
1.80254,0.719772,10.5398
1.61211,0.605514,10.478
1.48833,0.593613,10.3256
1.27647,0.650742,10.1518
1.19316,0.586472,10.0828
1.19792,0.546005,10.0162
1.2122,0.469833,9.87096
1.19554,0.51506,9.77336
1.21458,0.500778,9.68529
1.11699,0.465073,9.70909
1.09081,0.348434,9.70195
1.06938,0.250839,9.57103
1.17174,0.134201,9.90666
1.2979,0.288925,9.8662
1.24791,0.284164,9.91142
1.26457,0.238937,9.89476
1.15031,0.241318,9.81145
1.12175,0.196091,9.71861
0.99321,0.250839,9.61388
0.943222,0.234177,9.46153
0.776596,0.303207,9.51628
0.778976,0.327011,9.72337
0.781357,0.38652,9.62816
0.721848,0.312729,9.59245
0.681381,0.360336,9.52818
0.624252,0.362717,9.43773
0.569504,0.262741,9.44249
0.471909,0.150864,9.41869
0.283859,0.069931,9.31633
0.193405,0.0485077,9.37346
0.148178,0.00566101,9.35442
0.155319,0.0270844,9.52104
0.186264,0.0794525,9.64482
0.264816,0.0437469,9.78526
0.243393,0.18895,9.81383
0.243393,0.2556,9.82811
0.202927,0.353195,9.8781
0.174362,0.376999,9.83763
0.279099,0.436508,9.87572
0.388596,0.536484,9.95189
0.379074,0.660263,9.95903
0.340988,0.676926,10.0138
0.148178,0.0461273,9.99712
0.0363007,0.0437469,9.89714
0.0196381,-0.0562286,9.86144
0.0624847,0.0318451,9.90666
0.0981903,0.0913544,9.95189
0.195786,0.160385,10.0281
0.22673,0.100876,10.0209
0.336227,0.024704,10.0019
0.519516,-0.0324249,9.94475
0.624252,-0.0205231,9.99474
0.812302,-0.0443268,10.0233
0.793259,-0.096695,9.94475
0.659958,-0.0300446,9.8781
0.629013,-0.151443,9.84001
0.617111,-0.189529,9.89
0.505234,-0.141922,9.7924
0.376694,0.024704,9.77336
0.402878,-0.013382,9.88286
0.48381,-0.039566,9.93761
0.562363,-0.0562286,9.93047
0.517136,0.388901,9.92808
0.579025,0.288925,9.85429
0.567123,0.169907,9.85905
0.588547,0.0842133,9.83287
0.450485,0.150864,9.84001
0.407639,0.115158,9.85905
0.312424,0.219894,9.92571
0.198166,0.241318,9.99235
0.219589,0.260361,10.1352
0.22673,0.243698,10.0828
0.0601044,0.138962,9.92808
0.0648651,0.0485077,9.9019
-0.0113068,-0.0205231,9.70433
0.0434418,-0.0348053,9.68767
0.0553436,-0.118118,9.72575
0.1577,-0.0800324,9.7686
0.183884,0.143723,9.87572
0.305283,0.238937,10.0138
0.386215,0.346054,10.1257
0.390976,0.38414,10.1399
0.338608,0.38652,10.1019
0.360031,0.215134,10.0447
0.512375,0.112778,9.96617
0.562363,0.315109,9.93285
0.524277,0.45079,10.1828
0.579025,0.562668,10.1542
0.5457,0.593613,10.1352
0.450485,0.51268,10.178
0.369553,0.436508,10.1138
0.324326,0.348434,10.0185
0.269577,0.31987,9.96855
0.186264,0.19133,9.85667
0.181503,0.0389862,9.75432
0.102951,0.112778,9.63292
0.124374,0.246078,9.69005
0.155319,0.38652,9.72099
0.181503,0.465073,9.66863
0.252914,0.362717,9.82335
0.300522,0.327011,9.79002
0.314804,0.286545,9.84953
0.176743,0.562668,9.6472
0.167221,0.524582,9.58531
0.231491,0.610275,9.6472
0.252914,0.672165,9.6234
0.200546,0.695969,9.671
0.0791473,0.665024,9.6472
0.105331,0.517441,9.65434
0.183884,0.436508,9.63054
0.22673,0.31987,9.56627
0.250534,0.181808,9.58293
0.233871,0.138962,9.64958
0.248154,0.234177,9.71623
0.310043,0.150864,9.83525
0.298141,0.150864,9.83049
0.252914,0.172287,9.76384
0.207687,0.184189,9.83525
0.174362,0.224655,9.86858
0.22197,0.269882,9.91618
0.129135,0.288925,9.92094
0.0862885,0.25798,9.89
0.174362,0.324631,9.97331
0.210068,0.441269,9.93047
0.181503,0.572189,9.95665
0.124374,0.612656,10.0114
0.126755,0.57457,9.93523
0.143417,0.388901,9.92094
0.148178,0.284164,9.90904
0.169601,0.181808,9.97807
0.22197,0.155624,9.99235
0.193405,0.165146,9.93047
0.283859,0.0627899,9.89714
0.338608,0.088974,9.95427
0.35051,0.138962,9.97807
0.302902,0.155624,9.9876
0.298141,0.167526,9.88524
0.186264,0.231796,9.92808
0.236252,0.219894,9.85191
0.124374,0.291306,9.7686
0.0958099,0.269882,9.69957
0.131516,0.312729,9.71385
0.176743,0.25322,9.77336
0.193405,0.238937,9.76146
0.198166,0.238937,9.78526
0.236252,0.305588,9.8781
0.283859,0.274643,9.99235
0.331467,0.212753,9.93047
0.295761,0.181808,9.91856
0.298141,0.177048,9.86382
0.333847,0.165146,9.91856
0.336227,0.184189,9.9019
0.343369,0.267502,9.90666
0.35289,0.277023,9.84001
0.329086,0.324631,9.84477
0.333847,0.398422,9.88048
0.398117,0.336533,9.89714
0.460007,0.355576,9.7805
0.452866,0.31987,9.63768
0.357651,0.236557,9.66863
0.386215,0.19133,9.71385
0.383835,0.300827,9.67815
0.367172,0.419846,9.76146
0.452866,0.38176,9.72575
0.371933,0.353195,9.76622
0.41716,0.31987,9.94237
0.462387,0.324631,9.98283
0.498093,0.262741,10.0376
0.343369,0.19133,10.0971
0.248154,0.174667,10.0447
0.279099,0.174667,10.0542
0.28862,0.212753,10.0757
0.314804,0.248459,10.1376
0.252914,0.279404,10.0995
0.250534,0.286545,10.1994
0.35527,0.327011,10.1257
0.398117,0.291306,10.0685
0.22435,0.267502,9.83525
0.255295,0.248459,9.84239
0.236252,0.141342,9.7924
0.269577,0.146103,9.89238
0.307663,0.136581,9.88286
0.307663,0.217514,9.86382
0.35289,0.248459,9.89238
0.28624,0.334152,9.93761
0.283859,0.348434,9.82811
0.202927,0.158005,9.91618
0.274338,0.0818329,9.87096
0.269577,0.0556488,9.91618
0.236252,0.0223236,9.86382
0.171982,0.0556488,9.85905
0.150558,0.0461273,9.85191
0.0624847,0.00328064,9.76146
0.0505829,0.0437469,9.76622
0.0886688,0.115158,9.80431
0.0672455,0.169907,9.79002
0.119614,0.222275,9.88286
0.107712,0.265121,9.97807
0.191025,0.312729,9.93761
0.126755,0.210373,9.82335
0.179123,0.150864,9.83049
0.195786,0.160385,9.86144
0.248154,0.215134,9.83049
0.133896,0.238937,9.82573
0.117233,0.207993,9.84001
0.16008,0.165146,9.9138
0.219589,0.227036,9.85429
0.0196381,0.267502,9.88762
0.0529633,0.200851,9.87334
0.112473,0.12468,9.85429
0.183884,0.150864,9.8662
0.179123,0.205612,9.84953
0.214828,0.250839,9.84953
0.124374,0.288925,9.86858
0.121994,0.303207,9.86144
0.0886688,0.2556,9.82335
0.0410614,0.298447,9.69243
0.100571,0.207993,9.6591
0.0696259,0.0794525,9.73052
0.0815277,0.122299,9.6591
0.141037,0.108017,9.67577
0.100571,0.0818329,9.56865
0.00297546,0.024704,9.63768
0.0410614,0.00328064,9.71147
0.0910492,0.0342255,9.83525
0.124374,0.0223236,9.7805
0.167221,0.0223236,9.73527
0.136276,0.234177,9.52104
0.195786,0.31749,9.58531
0.1577,0.538864,9.502
0.100571,0.536484,9.38774
0.0958099,0.51506,9.29729
0.152939,0.505539,9.26158
0.236252,0.400803,9.12828
0.305283,0.355576,8.96641
0.312424,0.174667,8.96166
0.421921,0.108017,8.89738
0.586166,0.0865936,8.72838
0.700424,0.148483,8.72838
0.778976,0.172287,8.6046
0.855148,0.222275,8.47368
0.976547,0.155624,8.338
1.13127,0.219894,8.23326
1.26219,0.100876,7.96428
1.37645,0.0199432,7.82622
1.36217,0.0580292,7.63817
1.37883,-0.0681305,7.54771
3.37358,0.505539,8.10948
3.65685,0.629318,8.23326
3.82823,0.636459,8.22374
3.91393,0.679306,8.23088
3.97343,0.610275,8.09996
3.93059,0.160385,7.93333
3.783,-0.25856,7.6953
3.84013,-0.70845,7.52391
4.19719,-0.884598,7.74528
4.74229,-0.632278,7.89287
5.23741,-0.0633698,8.03093
5.51115,0.393661,8.08806
5.61589,0.691208,7.96904
5.73491,0.719772,7.81908
5.9063,0.462692,7.61674
6.05864,0.200851,7.41441
6.34905,0.160385,7.54057
6.79179,-0.0728912,7.76195
7.31071,-0.272842,7.82384
7.64159,-0.456131,7.79289
7.86534,1.22917,6.29326
7.80345,1.42436,6.04332
7.97722,1.41008,5.791
8.17479,1.13634,5.5363
8.51756,0.719772,5.21733
8.85796,0.250839,4.95549
9.17693,0.0128021,4.7603
9.38402,-0.0800324,4.62938
9.56969,-0.180008,4.55083
9.86723,-0.282364,4.53892
10.1053,-0.153824,4.60796
10.2148,0.0961151,4.63652
10.2862,0.229416,4.49608
10.3243,0.277023,4.41753
10.4647,0.476975,4.33421
10.4814,0.555527,4.1533
10.5575,0.493637,4.18663
10.7004,0.343674,4.08665
10.6742,0.110397,3.9962
10.6409,-0.163345,3.90099
9.67918,0.886398,2.10619
9.60539,1.10539,1.68486
9.36497,1.07683,1.39446
9.18645,0.967331,1.19212
9.16264,0.929245,1.20879
9.2888,0.83641,1.30876
9.34831,0.753098,1.50157
9.2888,0.653122,1.54442
9.36021,0.569809,1.50633
9.36497,0.598373,1.32542
9.50066,0.70787,1.4373
9.68156,0.736435,1.45396
9.82677,0.757858,1.47063
9.89104,0.762619,1.4135
9.85771,0.817368,1.55156
9.80772,0.879257,1.61107
9.80534,0.860214,1.78484
9.85771,0.814987,1.83958
9.96007,0.710251,1.88719
9.96721,0.669785,1.90862
9.94817,1.01494,2.15379
9.86009,1.04588,2.2014
9.89104,1.03398,2.30614
9.99577,0.826889,2.36803
9.96007,0.655502,2.41563
9.93864,0.529343,2.62511
9.96245,0.465073,2.65843
10.0315,0.538864,2.66795
10.1077,0.586472,2.89647
10.1505,0.612656,3.0988
10.2457,0.610275,3.28923
10.2529,0.672165,3.30827
10.2505,0.784042,3.39397
10.2576,0.786423,3.3773
10.2314,0.750717,3.52489
10.2433,0.536484,3.69627
10.279,0.348434,3.72246
10.279,0.329391,3.63915
10.241,0.393661,3.61772
10.1029,0.44603,3.91765
9.2769,0.0604095,4.80077
9.28642,-0.058609,4.88646
9.18645,-0.0443268,4.94597
9.08409,-0.103836,5.10545
8.99126,-0.296646,5.15544
8.96507,-0.310928,5.16734
8.82463,-0.210953,5.18401
8.69133,-0.208572,5.18877
8.56517,-0.246658,5.31017
8.52708,-0.313309,5.40776
8.38426,-0.370438,5.41728
8.23906,-0.601334,5.42918
8.00102,-0.682266,5.61247
7.78679,-0.627518,5.791
7.64873,-0.529922,5.96001
7.53685,-0.458511,6.2028
7.49638,-0.406143,6.34325
7.41069,-0.539444,6.26707
7.30595,-0.670364,6.26707
7.23216,-0.663223,6.41228
5.79918,-1.03218,7.76433
5.59447,-0.825089,7.8524
5.45879,-0.822708,7.87859
5.30882,-0.925064,7.81908
5.1422,-0.982193,7.95
4.83751,-1.01076,8.03331
4.64708,-1.10121,8.37846
4.52806,-1.11549,8.57841
4.46855,-0.977432,8.44749
4.2448,-0.787003,8.56651
4.01152,-0.665604,8.54747
3.68779,-0.441849,8.44273
3.36882,-0.508499,8.60936
3.14507,-0.629898,8.55223
2.8737,-0.717972,8.49986
2.68565,-0.77272,8.82121
2.64995,-0.794144,8.9807
2.60948,-0.741776,9.06877
2.51903,-0.667984,9.30919
2.38097,-0.568008,8.99022
0.171982,-0.775101,8.30229
0.152939,-0.496597,8.38084
0.0672455,-0.284744,8.35942
0.0196381,-0.294266,8.37846
-0.0232086,-0.463272,8.42607
0.00773621,-0.691788,8.46416
0.0243988,-0.841751,8.41655
-0.0113068,-0.825089,8.46178
-0.0470123,-0.763199,8.67363
-0.025589,-0.677505,8.77122
-0.108902,-0.601334,9.05925
-0.0374908,-0.713211,9.16637
-0.0303497,-0.841751,9.16399
-0.00416565,-0.984573,9.14732
0.0196381,-1.00124,9.22588
0.057724,-0.863174,9.1497
-0.0208282,-0.57991,9.18779
-0.130325,-0.444229,9.283
-0.101761,-0.475174,9.43535
0.00297546,-0.70845,9.41869
0.312424,-1.27974,9.89476
0.338608,-1.27022,10.0376
0.369553,-1.20357,10.09
0.333847,-1.14406,10.0804
0.383835,-1.23451,10.1233
0.509995,-1.17262,10.0542
0.452866,-1.11073,10.0209
0.360031,-1.09169,10.0114
0.271957,-0.944107,10.0066
0.219589,-0.858414,10.0423
0.22197,-0.808426,9.9876
0.136276,-0.839371,9.90666
0.114853,-0.784622,9.86144
0.171982,-0.813187,9.88286
0.22673,-0.839371,10.0281
0.267197,-0.846512,9.97569
0.28862,-0.886978,9.87096
0.276718,-0.920303,9.85667
0.317184,-0.8965,9.79478
0.367172,-0.953629,9.81859
0.35289,-1.00838,9.81621
0.450485,-0.998856,9.91618
0.502853,-1.09169,9.94237
0.48381,-1.10121,9.88524
0.533798,-1.02742,9.95903
0.486191,-1.07265,9.87334
0.438583,-1.04646,9.93761
0.41478,-1.15596,9.9019
0.488571,-1.30592,9.83049
0.521896,-1.35829,9.83049
0.381454,-0.882217,9.89714
0.357651,-0.83223,9.92094
0.405258,-0.870316,9.91142
0.402878,-0.951248,9.90428
0.48143,-1.04646,9.85905
0.559982,-1.12978,9.95665
0.533798,-1.17976,9.93523
0.500473,-1.22975,9.84477
0.495712,-1.13216,9.89714
0.47905,-1.11549,9.9138
0.498093,-1.06313,9.89714
0.379074,-0.975052,9.86144
0.298141,-0.958389,9.78526
0.262436,-0.984573,9.83525
0.348129,-1.06551,9.9019
0.421921,-1.00838,9.86144
0.440964,-0.925064,9.85905
0.429062,-0.903641,9.77812
0.412399,-0.941727,9.75194
0.362411,-0.906021,9.73766
0.381454,-0.908401,9.83049
0.47905,-0.936966,9.83763
0.48381,-0.951248,9.80669
0.517136,-0.977432,9.9138
0.626633,-1.01314,9.96617
0.686142,-1.09645,9.89476
0.683762,-1.20833,9.89952
0.614731,-1.21785,9.7924
0.593307,-1.16548,9.80907
0.550461,-1.15358,9.86382
0.564743,-1.1631,9.82335
0.54808,-1.18214,9.92571
0.569504,-1.10835,9.84953
0.529038,-1.08455,9.99474
0.469528,-1.06789,9.95189
0.47905,-1.10597,9.85429
0.410019,-1.08217,9.91618
0.514755,-1.12263,9.97331
0.595688,-1.07265,9.94237
0.602829,-0.958389,9.89714
0.41954,-1.01314,9.80193
0.298141,-1.09883,9.84715
0.312424,-1.09407,9.9019
0.369553,-1.07027,9.83763
0.326706,-0.986954,9.81621
0.321945,-0.941727,9.81145
0.305283,-1.08931,9.7686
0.336227,-1.09883,9.74242
0.410019,-0.989334,9.81145
0.383835,-1.03694,9.85429
0.41478,-1.03694,9.89952
0.488571,-1.05598,9.8662
0.462387,-1.12502,9.86382
0.500473,-1.15358,9.85667
0.519516,-1.1631,9.82811
0.569504,-1.15596,9.95189
0.529038,-1.16548,9.8781
0.486191,-1.09169,9.87572
0.426682,-1.07265,9.95903
0.490952,-0.944107,9.90904
0.410019,-0.927444,9.87096
0.340988,-0.939346,9.83763
0.35051,-1.03694,9.79478
0.381454,-1.10359,9.7924
0.41478,-1.13216,9.75432
0.445725,-1.0417,9.73052
0.47905,-0.96553,9.8662
0.490952,-0.906021,9.92333
0.440964,-1.16072,9.79478
0.393356,-1.10835,9.86382
0.443344,-0.994095,9.88762
0.421921,-0.922684,9.8662
0.438583,-0.975052,9.83763
0.452866,-1.10597,9.71385
0.48381,-1.11073,9.76622
0.493332,-1.10121,9.83763
0.555222,-1.1869,9.74242
0.567123,-1.20119,9.85667
0.605209,-1.13692,9.89238
0.614731,-1.04408,9.89476
0.550461,-0.979813,9.91142
0.486191,-0.991715,9.91856
0.509995,-1.06075,9.82335
0.519516,-1.07741,9.84715
0.54332,-1.13692,9.82811
0.512375,-1.17262,9.87096
0.574264,-1.16786,9.88048
0.569504,-1.08693,9.90904
0.429062,-1.04646,9.95903
0.348129,-1.06313,9.83049
0.438583,-1.10597,9.81859
0.436203,-1.2607,9.85191
0.531418,-1.29402,9.85429
0.569504,-1.22023,10.0019
0.669479,-1.16072,10.0185
0.669479,-1.16548,10.0328
0.614731,-1.13216,10.0257
0.605209,-1.01076,9.9995
0.605209,-0.889359,9.99474
0.521896,-0.910782,10.1518
0.600449,-1.0417,10.0971
0.664719,-1.12978,10.0138
0.626633,-1.14644,9.87334
0.586166,-1.14406,9.77574
0.514755,-1.08455,9.7686
0.567123,-0.989334,9.8662
0.61235,-0.96077,9.92333
0.574264,-0.979813,9.82573
0.552841,-1.04884,9.80907
0.517136,-1.12978,9.80669
0.440964,-1.05598,9.78526
0.505234,-0.998856,9.83049
0.54332,-0.953629,9.76384
0.498093,-0.991715,9.78764
0.474289,-1.04646,9.72337
0.502853,-1.07265,9.83287
0.574264,-1.03694,9.84001
0.60759,-0.984573,9.88762
0.636154,-0.984573,9.76622
0.54808,-1.03456,9.76146
0.567123,-0.946487,9.74242
0.598068,-0.991715,9.77098
0.557602,-1.14406,9.69005
0.54808,-1.19167,9.6234
0.54808,-1.28212,9.74004
0.600449,-1.14406,9.77098
0.598068,-1.07741,9.85191
0.574264,-1.00124,9.82097
0.552841,-1.02028,9.85905
0.60759,-1.06789,9.79002
0.5457,-1.06789,9.84001
0.571884,-1.11787,9.80669
0.555222,-1.14882,9.83049
0.514755,-1.14644,9.84715
0.559982,-1.00362,9.85905
0.54808,-0.972672,9.80431
0.509995,-0.875076,9.92333
0.538559,-0.908401,9.87334
0.488571,-0.915543,9.84239
0.48381,-0.906021,9.79955
0.533798,-0.96077,9.84953
0.540939,-0.8965,9.83525
0.61235,-0.994095,9.91856
0.659958,-1.0179,10.0542
0.788498,-0.96077,10.1328
0.745651,-0.867935,10.178
0.693283,-0.808426,10.2471
0.662338,-0.908401,10.2613
0.657578,-0.96315,10.3661
0.771835,-1.05122,10.4565
0.812302,-1.07741,10.4922
0.86705,-1.0536,10.7374
0.909897,-1.09883,10.9826
0.997971,-1.09883,11.1302
0.952744,-0.975052,11.3111
0.971786,-0.936966,11.6205
1.0313,-0.858414,11.8371
1.02415,-0.717972,11.8728
0.888474,-0.601334,11.9371
0.771835,-0.582291,12.049
0.807541,-0.83699,12.3061
0.986069,-1.07027,12.3822
1.16936,-1.15834,12.4441
1.1646,-1.19167,12.4822
1.12889,-1.20833,12.3561
0.959885,-1.13454,12.2918
0.926559,-1.28212,12.5394
0.950363,-1.35591,12.3775
-1.47524,-1.15834,9.69957
-1.82753,-0.948868,9.46391
-2.21553,-0.829849,9.33061
-2.58211,-0.677505,9.02354
-2.94154,-0.458511,8.64269
-3.39143,-0.410904,8.3856
-3.68422,-0.501358,8.14281
-3.97224,-0.694168,8.02855
-4.06746,-0.817947,7.4763
-4.3412,-0.867935,7.58104
-4.36977,-0.827469,7.16685
-4.4626,-0.501358,6.68602
-4.82204,-0.358536,6.70744
-5.05769,-0.0609894,6.23851
-5.42903,-0.182388,6.45036
-5.55995,-0.19191,6.00761
-5.7599,-0.108597,5.82433
-5.98604,-0.315689,5.84337
-6.07173,-0.38472,5.403
-6.32643,-0.315689,5.33397
-7.9427,0.141342,4.20567
-8.04744,0.200851,4.27708
-8.23787,0.25322,4.23186
-8.29262,0.2556,4.34373
-8.26405,0.210373,4.19615
-8.32594,0.217514,4.16997
-8.32356,0.32225,4.13426
-8.37831,0.560288,4.16997
-8.44734,0.750717,4.12236
-8.5497,0.914963,4.00096
-8.69014,0.945908,3.91051
-8.75679,1.0554,3.56773
-8.91865,1.04826,3.463
-9.02577,1.1649,3.30113
-9.06148,1.29344,3.05357
-9.21382,1.42912,2.78935
-9.37569,1.45531,2.49895
-9.47328,1.38628,2.47038
-9.61848,1.46483,2.23473
-9.80891,1.49815,2.17998
-9.47328,0.624557,3.08214
-9.54707,0.712631,3.07738
-9.49232,0.650742,3.10594
-9.38997,0.619797,2.9893
-9.30428,0.591232,2.78459
-9.37093,0.598373,2.75127
-9.33998,0.63884,2.87028
-9.26857,0.719772,3.08214
-9.28285,0.619797,3.28923
-9.24239,0.560288,3.41301
-9.1924,0.331772,3.58916
-9.08528,0.279404,3.6082
-8.99245,0.167526,3.57249
-8.9139,0.231796,3.46538
-8.89485,0.272263,3.16545
-8.94722,0.379379,3.27019
-8.84724,0.536484,3.3535
-8.78297,0.586472,3.57964
-8.66396,0.524582,3.83434
-8.5616,0.546005,4.01048
-7.6404,0.617416,5.64818
-7.50472,0.698349,5.81242
-7.39522,0.660263,5.99095
-7.25716,0.593613,5.96953
-7.25716,0.481735,6.00285
-7.24049,0.303207,6.36229
-7.11195,0.112778,6.51701
-6.92152,0.119919,6.61699
-6.77156,-0.00386047,6.66936
-6.68825,-0.0324249,6.98357
-6.52638,-0.0847931,7.03355
-6.33357,-0.156204,7.32634
-6.18123,-0.260941,7.27397
-6.17171,-0.222855,7.41679
-6.1003,-0.265701,7.67625
-5.99556,-0.291885,7.55009
-5.94795,-0.365677,7.76909
-5.72182,-0.51088,7.78813
-5.56709,-0.537064,8.01665
-5.36,-0.463272,7.91429
-3.63185,-0.587051,9.31395
-3.54378,-0.518021,8.88072
-3.49141,-0.453751,9.03307
-3.39143,-0.496597,9.15685
-3.37239,-0.413284,9.42107
-3.17244,-0.456131,9.72575
-2.85823,-0.756058,9.7567
-2.73445,-0.925064,9.6115
-2.6916,-0.972672,9.72337
-2.66304,-1.006,9.96379
-2.53212,-1.01076,10.078
-2.45119,-0.858414,10.1257
-2.28456,-0.729874,10.5327
-1.95131,-0.70607,10.6041
-1.69185,-0.57515,10.3899
-1.56093,-0.498978,10.2185
-1.68471,-0.539444,9.92808
-1.9894,-0.651321,9.6115
-2.15602,-0.765579,9.65672
-2.09413,-0.875076,9.82335
-1.76564,-1.07741,10.1637
-1.40382,-1.14644,10.278
-1.07771,-1.08455,10.2352
-0.934891,-0.775101,10.3327
-0.877762,-0.606094,10.7327
-0.661148,-0.629898,10.6946
-0.506424,-0.534683,10.4089
-0.513565,-0.596573,10.2256
-0.54689,-0.684647,10.1685
-0.668289,-0.734634,10.0852
-0.711136,-0.751297,10.2256
-0.561172,-0.696548,10.1971
-0.48262,-0.694168,10.3542
-0.330276,-0.77034,10.5541
-0.113663,-0.70369,10.6089
0.0696259,-0.620377,10.6041
0.219589,-0.548965,10.5398
0.257675,-0.463272,10.6303
0.22673,-0.370438,10.5184
0.0862885,-0.260941,10.3208
-0.00178528,-0.203812,10.209
0.0267792,-0.253799,10.447
0.191025,-0.420425,10.5327
0.35051,-0.610855,10.5589
0.505234,-0.777481,10.5993
0.683762,-0.8965,10.5184
0.745651,-0.89888,10.2709
0.650436,-0.739395,10.1304
0.567123,-0.418045,10.2709
0.448105,-0.253799,10.3518
0.524277,-0.265701,10.4922
0.624252,-0.475174,10.4708
0.679001,-0.637039,10.6493
0.86467,-0.756058,10.616
1.05034,-0.710831,10.6708
1.01225,-0.608475,10.6279
1.05034,-0.627518,10.616
1.03368,-0.556107,10.5089
0.924179,-0.465652,10.447
0.874191,-0.584671,10.3566
0.631393,-0.403763,9.77336
0.621872,-0.460892,9.65434
0.679001,-0.587051,9.68053
0.771835,-0.684647,9.73289
0.769455,-0.677505,9.7686
0.850388,-0.687027,9.73527
0.836105,-0.725113,9.70909
0.8004,-0.813187,9.7567
0.883713,-0.696548,9.74004
0.869431,-0.498978,9.78288
0.757553,-0.415665,9.76384
0.745651,-0.51326,9.82335
0.790878,-0.629898,9.85905
0.859909,-0.594193,9.88286
0.840866,-0.522781,9.85667
0.8004,-0.568008,9.89
0.783737,-0.620377,9.89
0.786118,-0.658462,9.90428
0.871811,-0.64418,9.98997
0.886093,-0.587051,9.97331
0.700424,-0.615616,9.69481
0.740891,-0.753677,9.70195
0.748032,-0.64418,9.73052
0.717087,-0.544205,9.7448
0.659958,-0.51326,9.75432
0.652817,-0.656082,9.70195
0.669479,-0.83223,9.7567
0.8004,-0.756058,9.80431
0.767075,-0.570389,9.82573
0.700424,-0.598953,9.85905
0.619492,-0.675125,9.7805
0.683762,-0.751297,9.74718
0.750412,-0.744156,9.88524
0.80516,-0.660843,9.92571
0.814682,-0.629898,9.87572
0.757553,-0.679886,9.89
0.633774,-0.698929,9.84953
0.648056,-0.76796,9.85667
0.590927,-0.765579,9.84001
0.605209,-0.689407,9.85905
0.657578,-0.722733,9.81621
0.67662,-0.717972,9.83287
0.698044,-0.698929,9.84953
0.709946,-0.63942,9.88524
0.73613,-0.627518,9.99235
0.755173,-0.722733,9.88286
0.712326,-0.725113,9.98283
0.771835,-0.727493,9.94237
0.778976,-0.689407,9.99474
0.717087,-0.696548,9.95665
0.719467,-0.751297,9.85429
0.700424,-0.698929,9.95427
0.657578,-0.620377,9.88286
0.67186,-0.617996,9.9019
0.667099,-0.615616,9.92808
0.679001,-0.667984,9.89238
0.712326,-0.720352,9.80193
0.73851,-0.77272,9.80431
0.690903,-0.806046,9.76146
0.707565,-0.860794,9.85191
0.700424,-0.689407,9.8781
0.67424,-0.610855,9.83525
0.614731,-0.637039,9.83763
0.581406,-0.751297,9.76622
0.643295,-0.70369,9.80669
0.659958,-0.677505,9.80669
0.681381,-0.691788,9.77098
0.650436,-0.672745,9.76146
0.648056,-0.6418,9.85667
0.702805,-0.698929,9.84239
0.728989,-0.798904,9.9019
0.719467,-0.808426,9.92094
0.767075,-0.751297,9.85905
0.717087,-0.777481,9.98283
0.762314,-0.737015,9.93761
0.776596,-0.70607,9.89238
0.73851,-0.746536,9.93047
0.752792,-0.848892,9.87096
0.67424,-0.83699,9.90904
0.728989,-0.827469,9.89476
0.709946,-0.860794,9.77574
0.640915,-0.820328,9.86144
0.598068,-0.777481,9.94951
0.626633,-0.775101,9.93047
0.629013,-0.758438,9.86858
0.593307,-0.696548,9.83525
0.586166,-0.737015,9.7805
0.617111,-0.791763,9.74004
0.686142,-0.758438,9.78526
0.695663,-0.725113,9.78764
0.705185,-0.687027,9.89714
0.688522,-0.715591,9.85429
0.67424,-0.698929,9.83763
0.605209,-0.70845,9.85191
0.643295,-0.83461,9.95427
0.743271,-0.910782,9.93047
0.731369,-0.891739,9.90904
0.686142,-0.841751,9.92333
0.645676,-0.815567,9.91618
0.700424,-0.77272,9.85191
0.662338,-0.710831,9.83763
0.664719,-0.70607,9.90904
0.669479,-0.856033,9.87334
0.667099,-0.903641,9.75908
0.686142,-0.879837,9.7567
0.709946,-0.763199,9.81383
0.705185,-0.646561,9.81383
0.638535,-0.622757,9.82811
0.669479,-0.725113,9.84715
0.640915,-0.758438,9.79002
0.643295,-0.696548,9.89952
0.679001,-0.758438,9.85905
0.731369,-0.908401,9.85667
0.764694,-0.996475,9.86382
0.750412,-0.996475,9.7686
0.764694,-0.956009,9.72813
0.617111,-0.83461,9.82573
0.614731,-0.760818,9.79716
0.626633,-0.777481,9.76622
0.507614,-0.76796,9.73766
0.486191,-0.746536,9.69481
0.536179,-0.727493,9.7448
0.555222,-0.789383,9.68529
0.557602,-0.777481,9.76384
0.61235,-0.660843,9.80431
0.679001,-0.637039,9.79002
0.67424,-0.663223,9.82097
0.681381,-0.77034,9.85191
0.700424,-0.753677,9.84953
0.686142,-0.710831,9.84239
0.755173,-0.751297,9.68053
0.73851,-0.796524,9.66148
0.726608,-0.810806,9.58293
0.655197,-0.670364,9.60674
0.681381,-0.672745,9.49962
0.688522,-0.717972,9.38536
0.669479,-0.751297,9.18065
0.714706,-0.753677,9.21397
0.743271,-0.698929,9.08781
0.795639,-0.682266,8.91167
0.721848,-0.646561,8.69981
0.724228,-0.582291,8.48796
0.657578,-0.51564,8.33086
0.636154,-0.494217,8.09758
0.600449,-0.318069,7.80955
0.557602,-0.134781,7.70244
0.707565,-0.156204,7.55248
0.876572,-0.337112,7.41917
0.974167,-0.3871,7.26445
1.20268,-0.3871,7.22874
3.66399,-0.646561,7.88335
3.8687,-0.522781,8.09996
4.1234,-0.568008,8.14995
4.32811,-0.629898,8.10472
4.43047,-0.729874,8.1071
4.68278,-1.04646,8.29515
4.89702,-1.16548,8.40227
5.28502,-1.2726,8.26421
5.67302,-1.43446,8.08806
5.83488,-1.45827,7.82146
5.9182,-1.31306,7.80955
6.00865,-1.1631,7.98808
6.12291,-0.660843,8.39513
6.35857,-0.427567,8.3737
6.52281,-0.410904,8.34752
6.67754,-0.656082,8.15947
6.86082,-0.994095,8.06902
7.04173,-1.00362,7.83098
7.2155,-0.972672,7.82622
7.27025,-0.856033,7.77861
8.36522,-0.00624084,6.80742
8.40569,-0.058609,6.60747
8.41759,-0.249039,6.37419
8.35332,-0.498978,6.23375
8.41759,-0.822708,6.01237
8.63658,-0.889359,5.77434
8.69609,-0.694168,5.42204
8.60802,-0.506119,5.25542
8.68657,-0.156204,5.24113
8.70561,0.417465,5.25066
8.63896,0.665024,5.15544
8.74846,0.462692,5.02214
8.98412,0.119919,5.01262
9.22929,-0.206192,4.81981
9.4102,-0.346634,4.74364
9.50542,-0.487076,4.62938
9.55541,-0.196671,4.41277
9.54826,-0.0728912,4.36754
9.52446,0.0294647,4.25328
9.40068,0.298447,3.91289
9.58159,1.17204,1.6682
9.43401,1.11253,1.76579
9.34117,0.779282,1.6563
9.36974,0.531723,1.60393
9.46971,0.460312,1.50157
9.47685,0.560288,1.37541
9.43163,0.83641,1.34447
9.40306,1.01018,1.37065
9.38164,0.972092,1.43254
9.42686,0.774521,1.39446
9.43877,0.479355,1.34923
9.47685,0.31749,1.37779
9.51256,0.327011,1.68962
9.56255,0.64122,1.73009
9.51018,0.838791,1.74675
9.51494,0.791184,1.82768
9.63396,0.626938,1.67058
9.62682,0.507919,1.47301
9.67918,0.469833,1.57298
9.70299,0.588852,1.49443
9.65538,0.734055,1.64677
9.60777,0.953049,1.69438
9.54826,0.988754,1.77055
9.45543,0.89592,1.77769
9.45067,0.660263,1.91576
9.42924,0.538864,1.72771
9.49113,0.365097,1.8253
9.55541,0.398422,1.94432
9.59825,0.660263,2.07762
9.54826,0.798325,2.12285
9.67918,0.63884,2.62035
9.60301,0.629318,2.8203
9.62205,0.546005,2.78697
9.60777,0.565048,2.91789
9.60301,0.660263,3.07024
9.56255,0.800705,3.20116
9.59349,0.684067,3.42967
9.67442,0.505539,3.42967
9.73155,0.353195,3.55107
9.82677,0.069931,3.68199
9.81249,0.0842133,3.82957
9.76964,0.246078,3.94859
9.71489,0.246078,4.13188
9.66966,0.200851,4.14378
9.6292,0.148483,4.21758
9.55779,0.0937347,4.41515
9.55541,0.0223236,4.51512
9.49113,-0.0800324,4.55797
9.48399,-0.0229034,4.55321
9.29594,0.0389862,4.61034
8.51042,-0.527542,5.83385
8.44377,-0.675125,5.90764
8.34856,-0.622757,6.10997
8.18669,-0.532303,6.17186
7.97722,-0.410904,6.35991
7.81297,-0.394241,6.41942
7.70586,-0.51326,6.4099
7.61778,-0.722733,6.38609
7.51781,-0.784622,6.35277
7.38689,-0.789383,6.57652
7.29167,-0.629898,6.84312
7.17979,-0.546585,6.95738
7.05125,-0.520401,7.13591
6.98936,-0.651321,7.07402
6.89177,-0.848892,7.14543
6.86559,-1.00124,7.25017
6.76561,-1.03218,7.21922
6.56804,-0.941727,7.36205
6.37761,-0.856033,7.5858
6.28239,-0.83461,7.77861
6.30858,-0.972672,7.93095
6.42046,-1.18452,7.79527
6.32286,-1.27022,7.70006
6.09673,-1.1274,7.6953
5.70396,-0.929825,7.63817
5.32072,-0.803665,7.80955
5.12077,-0.77272,7.88097
4.99461,-0.863174,7.92857
4.96605,-0.8965,8.12138
4.95177,-0.934586,8.09758
4.76372,-0.939346,8.02141
4.5471,-0.879837,7.95714
4.2924,-0.744156,8.04521
4.00914,-0.601334,8.26659
3.8568,-0.6418,8.34038
3.75206,-0.813187,8.35942
3.69731,-1.0298,8.42131
3.67351,-1.19881,8.31181
3.49022,-1.25832,8.19041
3.15221,-1.11311,8.21422
2.83324,-0.927444,8.29039
2.59758,-0.782242,8.44988
2.49998,-0.753677,8.69743
2.62376,-0.917923,8.65459
2.64519,-0.956009,8.58556
2.50951,-0.884598,8.40941
2.27147,-0.934586,8.16185
1.89537,-0.934586,8.03331
1.5645,-0.920303,8.02379
1.3336,-0.913162,7.9857
1.69304,-1.12263,9.69719
1.7097,-1.30116,9.71385
1.66209,-1.39162,9.75908
1.53593,-1.30592,9.69005
1.52165,-1.09883,9.71861
1.38835,-0.870316,9.76146
1.27409,-0.791763,9.64482
1.19792,-0.83461,9.59721
1.16222,-1.09169,9.6591
1.35741,-1.29878,9.67815
1.47404,-1.32973,9.70433
1.37407,-1.16548,9.62578
1.29552,-1.10121,9.74242
1.34789,-1.04646,9.7448
1.32408,-0.889359,9.74956
1.28838,-0.858414,9.75908
1.37407,-0.872696,9.96141
1.49071,-1.07503,10.0304
1.5764,-1.25356,9.91856
1.5526,-1.22499,9.91856
1.50737,-1.13454,9.98997
1.52165,-1.02504,9.95189
1.44786,-0.894119,9.84239
1.37169,-1.05122,9.84239
1.30028,-1.11549,9.7924
1.36693,-1.09883,9.89476
1.37645,-1.11073,9.84477
1.30504,-1.1393,9.77336
1.26695,-1.1631,9.73766
1.22173,-1.1869,9.67577
1.40977,-1.13216,9.77812
1.38359,-1.00362,9.7686
1.35979,-0.941727,9.71623
1.3098,-1.05598,9.69481
1.26219,-1.21071,9.67815
1.37407,-1.36305,9.60674
1.39073,-1.34877,9.73289
1.32408,-1.36543,9.73766
1.29076,-1.26546,9.70909
1.25267,-1.22737,9.66863
1.25267,-1.23213,9.70671
1.32408,-1.17976,9.82573
1.3455,-1.23451,9.76384
1.33598,-1.32259,9.7567
1.286,-1.2845,9.64244
1.28838,-1.37019,9.77336
1.22411,-1.33687,9.78764
1.30742,-1.26784,9.83287
1.3217,-1.26546,9.82335
1.38121,-1.33687,9.80669
1.40739,-1.30354,9.71623
1.33122,-1.31544,9.78764
1.31456,-1.32021,9.7686
1.27171,-1.31783,9.79002
1.30266,-1.36305,9.78764
1.34074,-1.35353,9.75908
1.31218,-1.23689,9.68529
1.26457,-1.21071,9.65434
1.27171,-1.1631,9.60912
1.27885,-1.15834,9.7805
1.26933,-1.14168,9.82573
1.3217,-1.12502,9.75432
1.33598,-1.11787,9.81859
1.32646,-1.11311,9.76622
1.30028,-1.15834,9.73289
1.30742,-1.28688,9.77574
1.37169,-1.28688,9.69719
1.34074,-1.33449,9.71861
1.35503,-1.15834,9.76622
1.3098,-1.11073,9.79955
1.3217,-1.19167,9.77812
1.31694,-1.21309,9.70195
1.28123,-1.20833,9.71385
1.26933,-1.23213,9.76146
1.32408,-1.30592,9.74004
1.32646,-1.24403,9.69957
1.34312,-1.24879,9.7805
1.36455,-1.19643,9.78764
1.37883,-1.23451,9.79002
1.3455,-1.23451,9.79478
1.34789,-1.394,9.73289
1.3336,-1.41066,9.73766
1.30266,-1.2726,9.63054
1.29076,-1.2607,9.68291
1.30266,-1.22975,9.66624
1.27647,-1.27974,9.68053
1.27647,-1.29402,9.77812
1.31694,-1.27498,9.79716
1.37169,-1.25594,9.79716
1.35265,-1.25356,9.71385
1.27171,-1.30116,9.66386
1.24553,-1.31068,9.59483
1.24077,-1.32973,9.55437
1.26457,-1.37495,9.60674
1.22649,-1.29164,9.64482
1.25981,-1.18452,9.77098
1.21458,-1.17738,9.77812
1.17412,-1.33925,9.72099
1.25743,-1.45589,9.71861
1.32884,-1.46303,9.75194
1.1646,-1.34877,9.65672
1.21696,-1.23927,9.69005
1.19316,-1.18452,9.71147
1.16936,-1.1512,9.81145
1.25029,-1.20119,9.80431
1.31218,-1.28212,9.77336
1.27171,-1.27974,9.6472
1.23839,-1.21547,9.73766
1.22173,-1.20119,9.87572
1.26695,-1.28688,9.76384
1.30028,-1.40828,9.84715
1.31456,-1.39162,9.78288
1.32408,-1.28688,9.75194
1.26219,-1.25117,9.82573
1.23839,-1.30592,9.71623
1.20506,-1.22737,9.79955
1.23363,-1.21785,9.85667
1.3098,-1.175,9.85429
1.24315,-1.2845,9.85191
1.27885,-1.38448,9.73052
1.28123,-1.54872,9.69957
1.286,-1.47493,9.71861
1.27171,-1.4178,9.75194
1.29314,-1.22737,9.70909
1.20744,-1.18214,9.70433
1.15984,-1.15358,9.71147
1.14079,-1.10597,9.73527
1.14079,-1.21071,9.70909
1.16936,-1.2607,9.68529
1.17888,-1.39162,9.70671
1.19554,-1.45113,9.71861
1.11699,-1.38448,9.67815
1.15984,-1.27022,9.73052
1.22649,-1.21547,9.75908
1.19078,-1.24403,9.71623
1.15269,-1.22261,9.77574
1.19554,-1.39876,9.7924
1.23601,-1.31306,9.79716
1.20268,-1.25832,9.81621
1.2122,-1.31544,9.85905
1.49785,-1.27498,10.5041
1.53593,-1.38924,10.8136
1.63829,-1.45589,11.1564
1.6859,-1.43208,11.3873
1.69542,-1.29878,11.5158
1.68352,-1.38686,11.7848
1.78825,-1.44637,11.761
1.73827,-1.33449,11.8276
1.61687,-1.1869,11.8657
1.53117,-0.977432,11.6062
1.41216,-0.979813,11.6919
1.35979,-1.16786,11.711
1.35027,-1.33211,11.8133
1.31694,-1.52016,11.9633
1.29314,-1.89626,12.0752
1.21696,-2.05098,11.6443
0.812302,-2.0605,11.3563
0.457626,-1.96529,11.2563
0.138657,-1.72011,11.2873
0.0196381,-1.63679,11.5134
0.100571,-1.65822,11.2611
0.105331,-1.76534,11.0611
0.0196381,-1.96053,10.8064
-0.239822,-1.88911,10.5279
-0.458817,-1.68916,10.297
-0.67305,-1.59157,10.2494
-1.04439,-1.54158,10.1376
-1.29671,-1.38924,9.91142
-1.66804,-1.32735,9.76146
-1.95845,-1.31783,9.49486
-3.78896,-0.982193,8.0714
-4.09364,-0.846512,7.67863
-4.4269,-0.713211,7.55486
-4.71016,-0.594193,7.37871
-4.97914,-0.560867,7.39061
-5.11244,-0.446609,7.03355
-5.38142,-0.441849,7.06926
-5.44093,-0.551346,7.23589
-5.53615,-0.460892,6.90739
-5.70515,-0.446609,6.66222
-5.84322,-0.408524,6.30278
-6.06697,-0.403763,6.15996
-6.26216,-0.401382,6.4099
-6.32881,-0.246658,6.10759
-6.57875,-0.118118,6.4575
-6.56923,-0.239517,6.46703
-6.59779,-0.344254,6.25279
-6.68111,-0.522781,6.22185
-6.74062,-0.582291,6.2028
-6.8763,-0.496597,5.98619
-8.00935,0.162766,5.44347
-8.1498,0.498398,5.11736
-8.32594,0.719772,4.85075
-8.45924,0.910202,4.81505
-8.52351,1.09587,4.44133
-8.69728,1.07445,4.2628
-8.75679,0.953049,4.04857
-8.84962,0.812607,3.66533
-9.00435,0.83403,3.55821
-9.0472,0.857834,3.36778
-9.13289,1.03874,3.2083
-9.28523,1.11015,3.17259
-9.27333,1.09349,3.00597
-9.30666,1.23155,2.81316
-9.30666,1.41484,2.72746
-9.32332,1.28868,2.72984
-9.3376,1.31963,2.50371
-9.38521,1.30058,2.54894
-9.36855,1.15538,2.66557
-9.3019,0.938766,2.9417
-9.21144,0.850693,3.17259
-9.13527,0.805466,3.29875
-9.08766,0.798325,3.28447
-9.16145,0.755478,3.32494
-9.20192,0.667404,3.35112
-9.11385,0.557907,3.41301
-9.07814,0.710251,3.26305
-9.05434,0.76738,3.35826
-9.06624,0.719772,3.35826
-9.13765,0.610275,3.44395
-9.12337,0.562668,3.69389
-9.11147,0.550766,3.88194
-9.05434,0.503159,4.02477
-9.13527,0.517441,3.77721
-9.2162,0.505539,3.79387
-9.12575,0.653122,3.72246
-9.15431,0.814987,3.39159
-9.14717,0.936386,3.26781
-9.22572,0.914963,3.13213
-9.25905,0.83165,3.48442
-9.04005,0.750717,3.68437
-8.99483,0.679306,3.68437
-8.9139,0.64122,3.73674
-8.94008,0.617416,3.61534
-8.93294,0.615036,3.81767
-8.84248,0.710251,3.84148
-8.86867,0.879257,3.96288
-8.78059,0.876877,4.04619
-8.64253,0.955429,3.99382
-8.68062,1.03636,3.9843
-8.62349,0.929245,4.14854
-8.51399,0.824509,4.15569
-8.50923,0.722153,4.36754
-8.29976,0.626938,4.69603
-8.11171,0.572189,4.94359
-7.96889,0.534103,5.48631
-7.75227,0.631699,5.67674
-7.68562,0.562668,5.64818
-7.73323,0.376999,5.52202
-7.7618,0.272263,5.40062
-7.77608,0.272263,5.62199
-7.54756,0.229416,5.97191
-7.35951,0.0651703,6.43608
-7.18813,-0.139542,6.66222
-6.98579,-0.470413,6.65031
-6.912,-0.534683,6.59795
-6.92152,-0.382339,6.48845
-6.86916,-0.077652,6.5313
-6.80965,0.115158,6.567
-6.65968,0.267502,6.93358
-6.49544,0.284164,6.98595
-6.35976,0.138962,7.24541
-6.25026,0.0913544,7.44774
-6.21931,-0.0919342,7.41917
-6.17885,-0.482315,7.4882
-6.18599,-0.653702,7.70244
-5.94081,-0.525162,8.07378
-5.71944,-0.279984,7.99522
-5.60994,-0.12764,8.35704
-5.50044,-0.0752716,8.3737
-5.46474,-0.101456,8.2404
-5.50044,-0.268082,8.26183
-5.54091,-0.287125,8.15947
-5.50044,-0.413284,8.53557
-5.33144,-0.408524,8.7141
-5.2505,-0.401382,8.5808
-5.21004,-0.508499,8.4832
-5.18147,-0.613236,8.55699
-4.98628,-0.687027,8.89738
-4.68636,-0.525162,8.99974
-3.80086,-0.77034,9.21159
-3.80086,-0.83223,8.90929
-3.7961,-0.956009,9.15447
-3.54378,-1.13692,9.47343
-3.10579,-1.22261,9.68529
-2.91298,-1.20833,9.76384
-2.79396,-1.03218,9.51152
-2.83443,-0.936966,9.34966
-2.99867,-0.806046,9.24016
-3.13673,-0.584671,9.32585
-2.99391,-0.560867,9.45201
-2.7892,-0.584671,9.57579
-2.52736,-0.83461,10.0566
-2.1465,-1.03218,10.1899
-1.86086,-1.07027,10.2161
-1.75612,-0.956009,10.1614
-1.85847,-0.796524,9.98521
-2.21315,-0.632278,9.8781
-2.4012,-0.587051,9.80907
-2.42976,-0.698929,9.62102
-0.715897,-0.696548,9.87334
-0.554031,-0.741776,9.88762
-0.525467,-0.760818,9.7448
-0.582596,-0.744156,9.60197
-0.649246,-0.760818,9.6115
-0.67305,-0.729874,9.82335
-0.48262,-0.651321,9.93999
-0.218399,-0.64418,9.9019
0.00773621,-0.83461,9.87334
0.16246,-0.96553,9.78764
0.276718,-1.0417,9.80431
0.343369,-0.941727,9.84715
0.312424,-0.844131,9.83763
0.274338,-0.891739,10.0138
0.271957,-1.01552,10.0185
0.295761,-1.1631,9.84953
0.495712,-1.07979,9.74718
0.657578,-1.0298,9.95903
0.857529,-0.817947,10.159
1.08366,-0.76796,10.1923
2.49522,-0.96315,10.9754
2.51427,-0.820328,11.0231
2.54759,-0.886978,10.9564
2.51903,-1.15834,10.6922
2.4976,-1.37733,10.5517
2.39763,-1.2964,10.4089
2.29051,-1.09169,10.2542
2.1953,-0.939346,10.1376
2.062,-0.844131,10.1852
2.05962,-0.76796,10.3708
2.17625,-0.739395,10.4351
2.21672,-0.83223,10.2352
2.15959,-0.925064,10.1661
2.06914,-0.984573,10.0447
2.02629,-0.96553,9.93999
1.92393,-0.803665,9.98283
1.88109,-0.717972,9.97807
1.86443,-0.696548,9.9019
1.86681,-0.70607,9.85905
1.78111,-0.684647,9.93761
1.91917,-0.817947,9.93761
1.91203,-0.925064,9.93285
1.90489,-0.970291,9.77574
1.91203,-1.00362,9.6234
1.91441,-0.989334,9.61626
1.99297,-0.929825,9.57341
1.95488,-0.839371,9.61388
1.94774,-0.791763,9.67577
2.01439,-0.879837,9.6591
2.02153,-1.00124,9.7805
2.03105,-1.13454,9.78288
1.99059,-1.26308,9.671
1.87157,-1.32497,9.69957
1.76207,-1.3083,9.69719
1.69304,-1.15596,9.88048
1.7216,-0.922684,9.81145
1.74541,-0.83461,9.81859
1.83348,-0.894119,9.7448
1.85014,-0.829849,9.70671
1.83348,-0.801285,9.61864
1.77159,-0.651321,9.6115
1.74065,-0.701309,9.54008
1.77635,-0.83699,9.50676
2.09294,-0.741776,9.6353
2.03819,-0.656082,9.56389
1.93108,-0.663223,9.49724
1.9525,-0.817947,9.49486
2.00011,-0.829849,9.43773
2.06676,-0.889359,9.59721
2.13103,-0.946487,9.67815
2.12627,-0.970291,9.60674
1.98821,-0.994095,9.53532
1.87871,-0.956009,9.46629
1.88347,-0.829849,9.38298
1.86205,-0.625137,9.5258
1.99297,-0.38472,9.54246
2.10484,-0.299026,9.69243
2.11436,-0.356155,9.79955
2.01439,-0.327591,9.84001
1.87157,-0.358536,9.85667
1.83586,-0.315689,9.78288
1.78111,-0.446609,9.73289
2.03343,-0.596573,9.83287
2.18578,-0.265701,9.6115
1.98582,-0.303787,9.57103
1.86205,-0.353775,9.50676
1.74303,-0.32045,9.44249
1.68352,-0.213333,9.51152
1.59782,-0.137161,9.59245
1.46928,-0.168106,9.55437
1.39787,-0.158585,9.53532
1.41692,-0.275223,9.47343
1.5407,-0.260941,9.49248
1.79539,-0.172867,9.60197
1.98344,-0.234756,9.66386
1.95964,-0.339493,9.69719
2.01915,-0.446609,9.79002
2.19768,-0.672745,9.83287
2.26195,-0.720352,9.83049
2.30241,-0.679886,9.81145
2.17625,-0.565628,9.72575
2.14055,-0.548965,9.69719
2.10246,-0.544205,9.68767
2.20244,-0.415665,9.69957
2.24052,-0.32283,9.79002
2.18816,-0.325211,9.7924
2.09294,-0.353775,9.77336
2.03343,-0.444229,9.7686
2.06676,-0.534683,9.66386
1.9525,-0.494217,9.50914
1.80968,-0.38472,9.33775
1.60497,-0.360916,9.39488
1.41216,-0.358536,9.29729
2.59996,-0.172867,9.69481
2.6071,-0.313309,9.75432
2.7166,-0.463272,9.80431
2.77135,-0.589432,9.69243
2.79277,-0.64418,9.71147
2.72612,-0.563248,9.72575
2.56664,-0.622757,9.72337
2.39049,-0.582291,9.71623
2.26909,-0.527542,9.67577
2.15483,-0.620377,9.62102
2.06438,-0.777481,9.49962
1.96202,-0.817947,9.43297
1.90489,-0.934586,9.30681
1.81444,-1.05598,9.24254
1.77397,-0.944107,9.19969
1.80016,-0.806046,9.27586
1.75255,-0.867935,9.39488
1.75493,-0.939346,9.46629
1.71922,-0.860794,9.42583
1.70018,-0.696548,9.44249
2.24052,-0.722733,9.3568
2.37621,-0.83461,9.39964
2.42143,-0.746536,9.48534
2.42381,-0.710831,9.56389
2.27623,-0.64418,9.49486
2.15007,-0.57991,9.56627
2.10246,-0.620377,9.57579
2.09294,-0.701309,9.57579
2.08342,-0.525162,9.58769
2.03105,-0.420425,9.6234
1.9763,-0.503738,9.62102
1.88109,-0.522781,9.60197
1.9406,-0.558487,9.63292
2.15483,-0.613236,9.66624
2.26195,-0.475174,9.58293
2.25481,-0.375198,9.54961
2.15721,-0.358536,9.5377
2.06438,-0.351395,9.57579
2.12865,-0.351395,9.50914
2.15483,-0.422806,9.55675
2.30956,-0.0633698,9.15922
2.37383,0.00566101,9.12828
2.36906,0.334152,9.17351
2.49284,0.44841,9.22826
2.4857,0.70549,9.25206
2.53331,0.814987,9.28062
2.66661,0.676926,9.26396
2.66899,0.657883,9.18541
2.61662,0.948288,9.2235
2.58568,1.35057,9.26158
2.62376,1.64098,9.29729
2.65471,1.7957,9.34966
2.72374,1.6505,9.4044
2.84514,1.24821,9.41869
3.06651,0.653122,9.49962
3.395,0.457932,9.60912
3.64256,0.631699,9.65196
3.7473,0.953049,9.84715
3.70207,1.12682,10.1542
3.62828,1.01494,10.3137
5.09935,-0.694168,11.8943
5.00175,-0.777481,11.8943
4.78038,-0.851273,12.1323
4.73515,-0.956009,12.1418
4.72325,-1.08693,12.1347
4.64232,-1.28926,12.149
4.47807,-1.66536,12.2656
4.33049,-1.92006,12.3037
4.28526,-1.98195,12.3561
4.2329,-1.88911,12.4346
4.38762,-2.06526,12.4941
4.97557,-1.88435,12.6893
4.98271,-2.05574,12.5155
4.43047,-2.35091,12.3037
3.80205,-2.5461,12.2799
3.58781,-2.52943,12.2989
3.57591,-2.48659,12.3227
3.54973,-2.50563,12.0918
3.45927,-2.6794,11.9395
3.28551,-2.80318,11.8229
1.29552,-3.10786,9.34489
1.12889,-2.94838,9.24492
1.05272,-2.53658,9.17351
1.01701,-2.12953,9.12352
0.92894,-1.90816,8.98784
0.667099,-1.87959,8.81883
0.438583,-1.91768,8.62602
0.171982,-2.15096,8.49986
-0.0922394,-2.2057,8.18565
-0.301712,-2.25331,7.93571
-0.432632,-2.06288,7.8524
-0.508804,-1.80818,7.88573
-0.632584,-1.48207,7.74767
-0.93013,-1.17262,7.63103
-1.28004,-0.939346,7.48106
-1.43239,-0.879837,7.4287
-1.45619,-0.739395,7.174
-1.47762,-0.6418,6.9669
-1.66566,-0.746536,6.73125
-1.97749,-0.956009,6.44084
-2.68446,-1.36781,5.67912
-2.58687,-0.956009,5.78386
-2.4369,-0.279984,6.12901
-2.23457,0.350815,6.3123
-2.21315,0.6436,6.43608
-2.39882,0.617416,6.2766
-2.57497,0.231796,5.98381
-2.83205,-0.013382,5.86479
-3.02486,-0.172867,5.94572
-2.89156,0.0366058,6.10045
-2.55116,0.481735,6.52415
-2.21553,0.953049,6.70982
-2.2679,1.21251,6.80266
-2.59401,1.42436,6.80742
-2.68922,1.46721,6.70268
-2.68446,1.52434,6.74553
-2.49879,1.97423,6.97642
-2.31789,2.30034,7.17162
-2.26552,2.09087,7.2216
-2.33455,1.36723,7.10496
-1.33717,2.69072,10.0019
-1.44905,1.99565,9.94475
-1.14674,1.65288,10.1328
-0.580215,1.86949,10.4303
-0.137466,1.98137,10.6422
0.057724,2.00041,10.954
-0.15889,1.9528,10.9516
-0.399307,1.85759,10.8541
-0.565933,1.76237,10.7398
-0.582596,1.57671,10.6898
-0.356461,1.4315,10.8707
-0.139847,1.22441,11.0064
-0.00654602,0.972092,11.0397
-0.0184479,0.972092,11.0278
-0.0136871,0.955429,11.054
0.0791473,0.957809,10.9516
0.183884,0.812607,10.8636
0.436203,0.807846,10.8064
0.629013,0.867355,10.7707
0.817062,0.922104,10.7446
0.793259,0.912582,10.8445
0.728989,0.760239,11.0707
0.579025,0.764999,11.2349
0.624252,0.879257,11.4372
0.798019,0.795944,11.4039
1.16698,0.536484,11.2349
1.31694,0.25798,11.0421
1.35741,0.0175629,10.9516
1.32646,0.0151825,11.0683
1.19792,0.00566101,11.0159
1.17174,0.0865936,11.2016
1.26219,0.134201,11.4015
1.49071,-0.00624084,11.5682
1.69304,-0.172867,11.6539
1.85014,-0.249039,11.6919
1.9406,-0.501358,11.6372
1.89061,-0.646561,11.4706
1.6978,-0.863174,11.2444
1.68114,-1.03218,11.2159
1.76445,-1.04408,11.1278
1.85252,-0.775101,11.1492
1.91917,-0.472794,11.2063
1.81444,-0.551346,11.2206
1.79778,-0.741776,11.1254
1.87157,-0.96315,11.173
1.98106,-0.977432,11.0159
2.10484,-0.977432,10.9017
2.10008,-1.04884,10.7707
1.99535,-1.03694,10.547
1.8073,-1.0536,10.3613
1.65019,-1.01552,10.3208
1.62877,-0.870316,10.3566
1.7097,-0.76796,10.466
1.86443,-0.875076,10.4137
1.9406,-1.006,10.2947
1.9525,-1.09883,10.159
1.79539,-1.25117,10.1447
1.65019,-1.41542,10.0352
1.5764,-1.40352,9.9138
1.55498,-1.55824,9.82335
1.55022,-1.02028,9.56389
1.49309,-0.975052,9.45915
1.54308,-0.970291,9.35918
1.64305,-0.917923,9.37584
1.65733,-0.917923,9.41155
1.61449,-0.822708,9.41393
1.53593,-0.803665,9.34013
1.45738,-0.927444,9.31871
1.42644,-1.07503,9.27586
1.51213,-1.1631,9.34251
1.64543,-0.920303,9.46153
1.61925,-0.51326,9.50914
1.57402,-0.184769,9.61864
1.54546,-0.210953,9.66624
1.52641,-0.313309,9.54723
1.59068,-0.520401,9.63768
1.68352,-0.51088,9.69957
1.6978,-0.529922,9.7448
1.63829,-0.529922,9.72575
1.66209,-0.532303,9.7686
1.70018,-0.375198,9.75908
1.64781,-0.315689,9.85667
1.62639,-0.339493,9.82335
1.65257,-0.365677,9.71385
1.79778,-0.418045,9.671
1.82872,-0.251419,9.68529
1.78349,-0.168106,9.7567
1.6978,-0.203812,9.69243
1.61449,-0.301407,9.6115
1.64067,-0.553726,9.55199
1.59068,-0.632278,9.54246
1.68352,-0.70845,9.55199
1.75255,-0.572769,9.55913
1.80254,-0.527542,9.60912
1.67876,-0.425186,9.59007
1.64067,-0.308548,9.68767
1.67162,-0.201431,9.60674
1.6978,-0.170486,9.73289
1.72874,-0.422806,9.70909
1.8192,-0.734634,9.62816
1.65019,-0.667984,9.73052
1.57878,-0.615616,9.65672
1.50261,-0.548965,9.74718
1.48595,-0.501358,9.69481
1.48595,-0.453751,9.82335
1.50737,-0.446609,9.8781
1.55974,-0.479935,9.79955
1.5883,-0.532303,9.71861
1.56926,-0.658462,9.7567
1.68352,-0.789383,9.73289
1.71922,-0.76796,9.75908
1.76445,-0.560867,9.7448
1.72398,-0.360916,9.80431
1.63591,-0.344254,9.79002
1.5645,-0.389481,9.72813
1.57402,-0.434708,9.7567
1.56926,-0.520401,9.72337
1.61449,-0.608475,9.65672
1.59544,-0.610855,9.73052
1.59068,-0.496597,9.63054
1.53117,-0.282364,9.81145
1.60973,-0.308548,9.82335
1.6002,-0.446609,9.71385
1.63591,-0.603714,9.64006
1.63115,-0.646561,9.69005
1.65257,-0.637039,9.71861
1.52403,-0.539444,9.64482
1.53593,-0.487076,9.58531
1.48357,-0.415665,9.65672
1.52403,-0.356155,9.74718
1.62877,-0.377579,9.73289
1.60258,-0.446609,9.66386
1.63115,-0.539444,9.66624
1.57402,-0.653702,9.71147
1.6002,-0.689407,9.77098
1.63829,-0.653702,9.69957
1.60735,-0.672745,9.66863
1.64067,-0.689407,9.59483
1.62639,-0.556107,9.68767
1.5883,-0.372818,9.72575
1.674,-0.594193,9.79478
1.68114,-0.646561,9.86382
1.63353,-0.617996,9.84477
1.60258,-0.682266,9.72575
1.5407,-0.694168,9.73527
1.50975,-0.627518,9.68053
1.47404,-0.63942,9.69719
1.44786,-0.589432,9.60435
1.46452,-0.501358,9.66148
1.49785,-0.475174,9.74718
1.58592,-0.525162,9.69005
1.59068,-0.627518,9.68053
1.71208,-0.64418,9.72575
1.72874,-0.544205,9.83763
1.71446,-0.494217,9.82335
1.6002,-0.439468,9.7448
1.59068,-0.496597,9.6591
1.57878,-0.558487,9.71385
1.56926,-0.520401,9.69243
1.52641,-0.491837,9.66624
1.48357,-0.427567,9.73766
1.45738,-0.489456,9.69957
1.48833,-0.615616,9.69719
1.56926,-0.70607,9.56389
1.6002,-0.651321,9.63054
1.63591,-0.532303,9.70195
1.63353,-0.506119,9.66624
1.53355,-0.458511,9.63054
1.58116,-0.496597,9.65672
1.61211,-0.418045,9.72813
1.54784,-0.653702,9.72575
1.5526,-0.722733,9.69005
1.56926,-0.651321,9.70433
1.59782,-0.525162,9.80431
1.68114,-0.541824,9.7686
1.6859,-0.672745,9.79002
1.60735,-0.820328,9.68529
1.61687,-0.815567,9.59245
1.50975,-0.715591,9.62816
1.5407,-0.537064,9.74956
1.61925,-0.57991,9.76622
1.51927,-0.591812,9.59007
1.52879,-0.646561,9.67339
1.53117,-0.584671,9.7448
1.50023,-0.582291,9.65434
1.43358,-0.541824,9.73289
1.53355,-0.45137,9.72337
1.59544,-0.420425,9.73766
1.64305,-0.44899,9.71147
1.6002,-0.589432,9.58769
1.65971,-0.413284,9.79002
1.67876,-0.418045,9.79002
1.63829,-0.420425,9.72813
1.65733,-0.410904,9.7805
1.66209,-0.299026,9.80193
1.75017,-0.287125,9.79716
1.69304,-0.3871,9.67815
1.59068,-0.429947,9.56627
1.50023,-0.506119,9.69005
1.47881,-0.537064,9.66386
1.55736,-0.434708,9.71623
1.59544,-0.339493,9.64244
1.5526,-0.270462,9.73766
1.5645,-0.25856,9.73289
1.47881,-0.356155,9.68291
1.42406,-0.525162,9.57817
1.39787,-0.546585,9.66386
1.50023,-0.468033,9.62102
1.54308,-0.375198,9.65434
1.56926,-0.287125,9.66386
1.53593,-0.637039,8.90453
1.48119,-0.894119,8.81645
1.49309,-1.06551,8.64507
1.49309,-1.09883,8.4951
1.49309,-0.934586,8.56651
1.43596,-0.984573,8.40465
1.33122,-1.30116,8.23564
1.286,-1.65822,8.00475
1.36693,-2.19142,7.89049
1.53355,-2.6913,7.87144
1.68352,-3.2126,7.7072
1.98582,-3.75771,7.61198
2.31194,-4.44087,7.48344
2.71898,-4.93123,7.44298
3.19743,-3.88149,8.12852
3.58305,-2.65321,8.82359
3.48784,-1.0536,9.43059
3.12602,-0.377579,9.72575
2.84752,-0.734634,9.90904
3.1534,-2.6425,10.0602
3.9413,-2.44493,10.7374
4.36977,-1.44399,11.2908
4.58638,-0.992905,11.292
4.64946,-1.9153,10.8874
5.24098,-1.7332,11.0909
5.36238,0.133011,11.4848
4.91844,0.244888,10.8207
5.06364,-1.26903,10.3006
5.67064,-0.589432,10.7386
5.35405,0.939957,10.7327
5.00175,0.625748,10.3839
5.37785,0.0366058,10.5636
5.69206,0.96138,11.2266
5.57423,2.2206,11.1861
5.14577,2.23131,10.6969
4.84108,1.6624,10.8112
5.06722,2.22179,11.1516
5.01842,2.89781,10.9945
4.54234,2.97041,10.6184
3.99367,2.65501,10.4375
3.89845,2.511,10.3685
3.80443,2.50386,10.3375
3.47475,2.26463,10.1185
3.17839,2.30153,9.75075
3.08199,2.46815,9.48177
2.71779,2.48125,9.43416
2.12746,2.38484,9.32228
1.74184,2.59431,9.22111
1.65257,3.11919,9.1866
1.26814,3.20964,8.80217
0.565933,3.10252,8.71291
0.179123,3.15727,8.53557
0.0970001,3.09776,8.04283
-0.325516,2.74071,7.72981
-0.958694,2.54909,7.35371
-1.27885,2.7169,7.16685
-1.34312,2.93471,7.16447
-1.58354,2.65858,7.00023
-1.90013,2.35866,6.95143
-2.04652,2.15157,6.90501
-2.39168,1.87544,6.78362
-2.9106,1.52434,6.92287
-2.78444,1.75285,7.02284
-2.11198,2.17061,7.32634
-2.4369,2.10396,7.46797
-2.88084,1.75523,7.55248
-2.50356,1.63979,7.45369
-2.57378,1.19942,7.1002
-3.07603,0.668594,7.17162
-2.8856,1.06136,7.51677
-2.75706,1.33391,7.60484
-3.24742,0.861404,7.58342
-3.09032,0.243698,7.40727
-3.04152,-0.013382,7.47392
-3.395,0.434128,7.94524
-3.0927,0.529343,8.09758
-2.75587,0.115158,7.98213
-2.8011,-1.08455,7.71672
-2.65352,-1.58205,7.92262
-2.21434,-0.865555,8.38442
-2.30122,-0.521591,8.30705
-2.60472,-0.913162,8.2166
-2.31075,-1.15596,8.40465
-2.01677,-1.68202,8.60579
-2.02034,-1.69392,8.76765
-2.09651,-0.846512,9.25444
-1.89656,-0.988144,9.502
-1.37169,-1.53444,9.66981
-1.23244,-2.1581,9.49248
-1.32408,-2.33186,9.9876
-0.86467,-1.39162,10.6612
-0.436203,-1.10716,10.6458
-0.659958,-1.9153,10.2078
-0.650436,-2.2664,10.478
-0.148178,-1.59276,11.0397
0.0374908,-1.55824,11.0088
-0.00535583,-2.12001,10.8517
0.0220184,-2.38899,10.7517
0.292191,-1.99028,11.0123
0.550461,-1.17976,11.2778
0.498093,-1.30116,11.1683
0.470718,-1.72249,11.098
1.02415,-1.6963,11.2147
1.47881,-1.29402,11.4325
1.49904,-1.07265,11.5241
1.52284,-0.926254,11.4182
1.69185,-0.826279,11.1349
1.52284,-1.21428,10.7112
1.29195,-1.82603,10.4303
1.75493,-1.21904,10.7553
1.82753,-0.1931,10.841
1.4312,-0.177628,10.497
1.33955,-0.948868,10.1875
1.59068,-0.83699,10.2113
1.63115,-0.38829,10.3113
1.65376,-0.124069,10.2709
1.80254,-0.360916,10.3078
1.91441,-0.695358,10.1923
1.85847,-0.719162,10.0959
1.81444,-0.462082,10.0638
1.87157,-0.473984,9.96141
1.86919,-0.635849,9.9019
1.86086,-0.552536,9.84239
1.82872,-0.637039,9.73409
1.85728,-0.653702,9.7198
1.82753,-0.934586,9.61626
1.83586,-0.842941,9.66743
1.78706,-0.528732,9.81502
1.7585,-0.745346,9.64006
1.79539,-1.00481,9.61388
1.79659,-0.96077,9.61983
1.81801,-0.70726,9.70195
1.79659,-0.570389,9.73766
1.73827,-0.904831,9.67339
1.674,-1.12263,9.62697
1.70494,-1.01552,9.63292
1.66924,-0.828659,9.671
1.67281,-1.00719,9.60674
1.70137,-1.10954,9.59364
1.51451,-1.19167,9.5865
1.57045,-1.13454,9.64006
1.58473,-0.752487,9.7079
1.52879,-0.967911,9.68172
1.63829,-1.30711,9.63411
1.69185,-1.40709,9.64244
1.52879,-1.25117,9.69243
1.45024,-1.00243,9.73052
1.51451,-1.24046,9.77336
1.63472,-1.14406,9.78645
1.62282,-1.11787,9.90071
1.53236,-1.15596,9.82811
1.50856,-1.22499,9.76027
1.55855,-1.32854,9.71028
1.57045,-1.28212,9.74242
1.5157,-1.20833,9.72456
1.56569,-1.26665,9.75908
1.56331,-1.16667,9.70552
1.60258,-1.23332,9.70909
1.63948,-1.24998,9.68053
1.56688,-1.3333,9.54246
1.50618,-1.29878,9.59483
1.53236,-1.10002,9.64244
1.59068,-1.12621,9.67458
1.60139,-1.19405,9.52937
1.52165,-1.1881,9.59721
1.48595,-1.04051,9.64958
1.60139,-1.14882,9.69243
1.68471,-1.09764,9.69957
1.62877,-1.17381,9.71742
1.58711,-1.0905,9.71266
1.60973,-1.22975,9.74718
1.68828,-1.22975,9.74123
1.66328,-1.03099,9.78764
1.61568,-0.96077,9.87453
1.58116,-1.17976,9.70433
1.62877,-1.31902,9.73289
1.6133,-1.05122,9.75551
1.49785,-0.984573,9.76384
1.54903,-1.10716,9.66267
1.64067,-1.17262,9.63292
1.56807,-1.23689,9.59602
1.5526,-1.20833,9.65553
1.60377,-1.03218,9.75789
1.59068,-1.04051,9.71623
1.53117,-1.19048,9.62816
1.54665,-1.09764,9.66624
1.6133,-1.08693,9.62697
1.60854,-1.18333,9.64958
1.6371,-1.31902,9.61626
1.5395,-1.29045,9.60078
1.48714,-1.02385,9.75551
1.55141,-0.951248,9.7079
1.56926,-1.15715,9.66505
1.53593,-1.16548,9.68886
1.54189,-1.006,9.77693
1.62044,-0.998856,9.70076
1.54784,-1.11311,9.79121
1.53355,-1.08574,9.7448
1.5764,-1.15834,9.75194
1.5764,-1.1024,9.82097
1.51451,-1.07503,9.77574
1.5395,-1.19762,9.72456
1.59544,-1.12502,9.76384
1.58592,-1.16667,9.65672
1.49547,-1.19167,9.61983
1.42763,-1.03337,9.63173
1.54784,-1.05241,9.61745
1.5395,-1.13573,9.63411
1.59068,-1.07146,9.74123
1.61806,-1.10478,9.73527
1.57521,-1.17738,9.67815
1.51094,-1.16548,9.62221
1.56093,-1.04527,9.66743
1.60854,-1.07265,9.70076
1.6002,-1.25594,9.64482
1.56569,-1.31306,9.6841
1.52879,-1.09526,9.71028
1.55617,-0.866745,9.79121
1.48238,-1.05241,9.71266
1.56807,-1.17262,9.72694
1.48833,-1.11311,9.79478
1.55498,-1.09407,9.8055
1.57402,-1.15596,9.77931
1.54308,-1.14049,9.79359
1.48952,-1.16072,9.7448
1.59782,-1.0905,9.76979
1.56093,-1.08336,9.68648
1.54665,-1.0905,9.71028
1.52046,-1.08098,9.69005
1.51094,-0.969101,9.72813
1.5395,-0.804855,9.78883
1.52879,-1.03456,9.6353
1.48,-1.2119,9.59602
1.5157,-0.989334,9.65077
1.5157,-0.776291,9.72456
1.44667,-0.791763,9.7079
1.52522,-0.992905,9.67577
1.55022,-1.02861,9.65196
1.48595,-0.920303,9.63054
1.43953,-0.83461,9.51985
1.4312,-1.11073,9.44844
1.51689,-1.47612,9.30443
1.59068,-1.71178,9.22111
1.61925,-1.84151,9.13185
1.58235,-2.1581,9.01521
1.62163,-2.57942,8.88905
1.62996,-2.8734,8.82716
1.55617,-3.03288,8.97237
1.62639,-3.01622,9.1628
1.71089,-2.88649,9.34132
1.6609,-3.29353,9.47701
1.83348,-3.74104,9.80312
2.07152,-3.2364,10.2875
2.33574,-3.3221,10.3042
2.56544,-3.91957,10.1828
2.99867,-3.52919,10.8326
3.36882,-2.558,11.3039
3.34621,-2.65083,10.8767
3.37596,-2.84007,10.879
3.57948,-1.98314,11.3408
3.53545,-0.885788,11.4979
3.25694,-0.967911,11.2778
3.12483,-1.76891,11.0326
3.16649,-1.4059,11.2468
3.41048,-0.359726,11.6622
3.27837,0.217514,11.5777
3.07842,0.271072,11.6312
3.21172,0.332962,11.6241
3.37239,0.997086,11.7003
3.17482,1.51958,11.6515
2.7404,1.32201,11.4432
2.65471,1.18394,11.0123
2.53331,0.89592,10.6362
2.19054,0.711441,10.2911
1.94774,0.882828,10.347
2.09056,1.65407,10.3613
1.98463,2.31105,10.2018
1.40977,2.37175,9.88167
0.783737,1.90401,9.54128
0.686142,1.13396,9.1985
0.857529,1.45055,9.0164
0.657578,2.28249,8.84145
-0.0434418,2.91566,8.49629
-0.778976,3.11085,8.41655
-1.03963,2.66454,8.04759
-1.30623,1.61122,7.60008
-1.82158,0.955429,7.3799
-2.14412,1.58385,7.40727
-2.26195,2.56575,7.56676
-2.39882,2.78951,7.59056
-2.44167,2.35866,7.4406
-2.54402,1.88972,7.3549
-2.66304,1.58028,7.12282
-2.80705,1.44698,7.13829
-2.67494,1.50887,7.34062
-2.61781,1.39699,7.45964
-2.55235,1.00066,7.47868
-2.66066,0.917343,7.60484
-3.03081,0.882828,7.70601
-3.08199,0.980423,7.92262
-2.90346,0.939957,8.15233
-2.88918,0.667404,8.2654
-2.64043,0.275833,8.15828
-2.17506,-0.185959,7.925
-2.61781,-0.489456,7.79408
-3.12245,-0.1931,7.77028
-2.77611,-0.0383759,7.90358
-2.56664,-0.532303,8.06902
-2.78682,-0.689407,8.08806
-2.94987,-0.828659,7.9857
-3.06056,-1.31544,7.79527
-2.63091,-1.72963,7.85954
-1.99773,-1.58681,8.22136
-2.59877,-1.22618,8.41417
-2.80348,-1.36424,8.26659
-1.98106,-1.60347,8.27611
-1.92155,-2.27116,8.48915
-2.4131,-2.34019,8.81407
-2.51665,-1.60942,9.14018
-1.86919,-1.89149,9.13066
-1.28957,-2.58775,9.38774
-0.926559,-2.36162,9.74837
-1.27528,-2.14976,9.99831
-1.39787,-2.29021,10.0483
-0.850388,-2.41161,10.0685
-0.449295,-2.70796,10.0697
-0.326706,-2.90077,10.3982
-0.390976,-2.73653,10.7636
-0.150558,-2.39732,11.1004
0.230301,-2.27831,10.9838
0.514755,-2.84959,10.9362
0.781357,-3.01622,11.3016
0.922989,-2.91267,11.1933
1.0789,-2.51277,11.2004
1.14436,-2.0117,11.2456
1.18483,-2.38661,10.7576
1.39073,-3.05312,10.4637
1.77754,-2.57109,10.9207
1.69899,-1.21428,11.2385
1.24553,-0.909592,10.8445
1.30623,-1.70821,10.5886
1.67876,-1.54515,10.6839
1.66447,-1.24641,10.6065
1.47166,-1.45351,10.5506
1.66804,-1.64275,10.6589
2.1096,-1.25951,10.7136
2.11436,-0.701309,10.8767
1.92632,-1.00124,10.5458
1.89775,-1.72606,10.234
2.11555,-1.85698,10.2197
1.8073,-1.06194,9.5865
1.53593,-0.984573,9.60078
1.649,-1.1869,9.63173
1.77397,-1.33925,9.68172
1.79063,-1.42613,9.67577
1.75374,-1.52968,9.72099
1.72517,-1.54277,9.6841
1.69661,-1.71773,9.62221
1.61092,-1.59871,9.6115
1.57878,-1.70107,9.61388
1.68947,-1.70226,9.70076
1.66804,-1.51897,9.70671
1.56569,-1.60942,9.65315
1.59425,-1.80104,9.6472
1.69542,-1.73439,9.71028
1.52284,-1.63084,9.63292
1.38002,-1.65941,9.71742
1.51689,-1.6725,9.7198
1.67043,-1.61299,9.76265
1.59187,-1.68559,9.72932
1.60616,-1.79747,9.80431
1.70018,-1.7939,9.73766
1.61925,-1.69035,9.6472
1.58711,-1.69868,9.59483
1.58354,-1.74391,9.42821
1.52165,-1.86769,9.38179
1.58235,-1.67726,9.51747
1.49904,-1.48802,9.4413
1.39311,-1.55705,9.4044
1.4669,-1.64989,9.41631
1.39787,-1.67488,9.50081
1.52403,-1.68797,9.48653
1.60616,-1.64037,9.65553
1.49904,-1.57133,9.68648
1.4669,-1.56776,9.72694
1.4919,-1.71297,9.72218
1.62877,-1.84627,9.82335
1.62401,-1.71773,9.8781
1.61925,-1.79985,9.76027
1.5645,-1.76653,9.75075
1.55974,-1.70107,9.7686
1.47166,-1.56419,9.73527
1.43477,-1.79866,9.61507
1.55974,-1.92006,9.5746
1.50618,-1.90102,9.48058
1.37883,-1.67012,9.5508
1.39549,-1.61418,9.59007
1.4919,-1.76176,9.52937
1.45024,-1.81294,9.62221
1.48357,-1.87245,9.59007
1.5276,-1.69273,9.76741
1.51094,-1.64394,9.77455
1.44072,-1.68321,9.82692
1.54427,-1.79271,9.7686
1.58949,-1.83675,9.66624
1.43715,-1.79271,9.6115
1.44429,-1.60585,9.67458
1.45262,-1.53444,9.69719
1.50142,-1.71892,9.68886
1.47047,-1.81889,9.65434
1.4669,-1.73915,9.69719
1.51094,-1.42375,9.84239
1.42049,-1.33092,9.7686
1.47762,-1.59038,9.79716
1.47524,-1.70821,9.66863
1.46928,-1.78319,9.59245
1.48833,-1.78081,9.60078
1.42525,-1.56895,9.67696
1.34312,-1.46898,9.68886
1.40263,-1.60585,9.69005
1.35265,-1.71535,9.63054
1.35384,-1.73201,9.5627
1.36574,-1.72844,9.59126
1.3824,-1.4666,9.696
1.32408,-1.57967,9.58174
1.29552,-1.77962,9.56151
1.3824,-1.78914,9.6234
1.39787,-1.79866,9.59245
1.32051,-1.70464,9.70314
1.43001,-1.60228,9.70076
1.35146,-1.67369,9.66863
1.31932,-1.74867,9.65315
1.38716,-1.76176,9.59721
1.42287,-1.68559,9.6472
1.41692,-1.67488,9.63887
1.33598,-1.70583,9.69243
1.35146,-1.62013,9.6591
1.31575,-1.49754,9.69719
1.29909,-1.56181,9.74123
1.39311,-1.56181,9.7924
1.42049,-1.66179,9.72813
1.42644,-1.74034,9.7079
1.38359,-1.59395,9.76384
1.35741,-1.4785,9.77455
1.31575,-1.54515,9.77217
1.36812,-1.67964,9.69243
1.40501,-1.73201,9.73052
1.40382,-1.66655,9.696
1.34312,-1.64632,9.68767
1.3824,-1.67845,9.67934
1.29195,-1.61537,9.65434
1.32646,-1.66179,9.69362
1.33003,-1.73439,9.57698
1.21696,-1.65703,9.502
1.25981,-1.60466,9.5984
1.28957,-1.49516,9.69719
1.32051,-1.61775,9.64958
1.32051,-1.76772,9.69362
1.31813,-1.57372,9.74123
1.34074,-1.44518,9.87215
1.33836,-1.65346,9.78645
1.37883,-1.87721,9.64482
1.32408,-1.62965,9.71623
1.25267,-1.40828,9.72218
1.29314,-1.54991,9.71504
1.33836,-1.76891,9.61745
1.35384,-1.7451,9.64482
1.31218,-1.49635,9.73527
1.22411,-1.54872,9.68648
1.33122,-1.73082,9.67577
1.31575,-1.72368,9.69838
1.31456,-1.70226,9.7079
1.28957,-1.61061,9.76146
1.25148,-1.65822,9.7198
1.27528,-1.65346,9.70671
1.3217,-1.66774,9.77217
1.31575,-1.71297,9.67815
1.21935,-1.69511,9.74361
1.26219,-1.59276,9.75075
1.26576,-1.61537,9.75313
1.26219,-1.77724,9.6234
1.3217,-1.77367,9.58293
1.19554,-1.75581,9.62221
1.18245,-1.65227,9.66863
1.2729,-1.62489,9.77455
1.21577,-1.69749,9.69957
1.13484,-1.7451,9.66863
1.2491,-1.75462,9.71385
1.31456,-1.73796,9.66505
1.23839,-1.73558,9.66386
1.286,-1.6356,9.69838
1.26457,-1.81056,9.68529
1.18126,-1.71535,9.69362
1.22173,-1.62727,9.74599
1.24553,-1.60585,9.77812
1.13008,-1.71178,9.68886
1.15388,-1.75343,9.68767
1.20863,-1.46541,9.75313
1.27766,-1.55943,9.74004
1.23244,-1.8177,9.69362
1.22292,-1.74391,9.76741
1.2729,-1.56062,9.73409
1.26933,-1.56419,9.68886
1.29552,-1.76176,9.7079
1.27885,-1.67488,9.66981
1.2372,-1.55824,9.72575
1.25743,-1.55824,9.7198
1.23958,-1.68797,9.61269
1.17888,-1.73677,9.61983
1.15984,-1.64275,9.58888
-1.32408,2.90138,9.15803
-1.49785,2.27534,8.82002
-1.99535,1.36961,9.09615
-1.19197,1.95399,10.178
-0.655197,3.43101,10.8398
-0.850388,3.22392,10.5327
-0.790878,2.02065,10.128
-0.315994,1.61003,10.466
0.0601044,1.81355,10.6255
0.276718,2.26463,10.9362
1.4312,-0.608475,9.79836
1.37645,-0.663223,9.80907
1.37645,-0.503738,9.88167
1.40263,-0.245468,9.9019
1.36217,-0.295456,9.82692
1.38835,-0.663223,9.79836
1.48357,-0.795334,9.72456
1.51094,-0.626328,9.77812
1.42644,-0.416855,9.80073
1.39311,-0.543014,9.69124
1.49547,-0.656082,9.68767
1.38478,-0.610855,9.62935
1.37169,-0.540634,9.63411
1.43834,-0.507309,9.62697
1.48357,-0.559677,9.66267
1.4193,-0.495407,9.77098
1.3586,-0.391861,9.71623
1.40858,-0.485886,9.81502
1.5157,-0.571579,9.70314
1.38716,-0.518021,9.80788
1.4312,-0.554916,9.85191
1.48238,-0.539444,9.76979
1.49666,-0.603714,9.7317
1.40382,-0.626328,9.76027
1.39549,-0.620377,9.6353
1.43953,-0.51683,9.72575
1.38597,-0.337112,9.74718
1.29195,-0.456131,9.75789
1.44786,-0.635849,9.74837
1.49428,-0.669174,9.72218
1.43834,-0.534683,9.76146
1.40263,-0.540634,9.74361
1.2979,-0.57634,9.69719
1.35384,-0.572769,9.72099
1.45381,-0.565628,9.76503
1.51689,-0.562057,9.77574
1.46571,-0.547775,9.73289
1.41216,-0.691788,9.64958
1.41811,-0.587051,9.6722
1.32408,-0.506119,9.65791
1.43239,-0.652512,9.78288
1.35622,-0.57753,9.75313
1.37169,-0.584671,9.7805
1.44191,-0.741776,9.78883
1.5526,-0.715591,9.79836
1.48952,-0.57753,9.76146
1.32289,-0.6418,9.68767
1.34193,-0.690598,9.76741
1.50499,-0.64299,9.76622
1.49666,-0.582291,9.71266
1.57759,-0.623947,9.83882
1.69542,-0.535873,10.134
1.67995,-0.402573,10.1626
1.87871,-0.745346,10.5482
2.05605,-0.57634,10.7612
1.84538,-0.464462,11.0742
1.96678,-0.610855,11.4444
2.01201,-0.911972,11.3884
1.85014,-1.00362,11.4182
1.71922,-0.928635,11.7288
-2.1346,-0.96434,9.47462
-2.70827,-0.690598,8.90929
-3.27718,-0.458511,8.24397
-3.76991,-0.546585,7.87263
-4.04961,-0.669174,7.4406
-4.35548,-0.465652,6.90263
-4.94939,-0.271652,6.34325
-5.70515,-0.272842,6.10878
-6.00389,-0.293076,5.69817
-6.21574,-0.197861,5.55296
-9.1924,0.764999,2.51323
-9.34831,0.869736,2.17998
-9.4959,0.817368,1.52419
-9.75178,0.947098,1.15523
-9.95055,1.12086,0.900528
-10.0148,1.2137,0.213791
-10.2183,1.47435,-0.631241
-10.4671,1.83379,-0.925217
-10.7753,1.88972,-1.36916
-10.8527,1.64336,-1.42867
1.59425,-0.882217,10.372
1.68947,-0.716782,10.4565
1.66566,-0.884598,10.328
1.62044,-0.967911,10.1447
1.58116,-0.948868,10.1161
1.61092,-1.00362,9.99235
1.69542,-0.96077,9.95189
1.59068,-0.944107,9.78526
1.5526,-0.941727,9.73052
1.48476,-0.562057,9.75551
1.66328,-0.622757,9.75432
1.68352,-0.562057,9.79955
1.5883,-0.789383,9.80431
1.61806,-0.954819,9.81383
1.60139,-0.922684,9.81026
1.54308,-0.840561,9.7448
1.60973,-0.882217,9.69481
1.53712,-0.778671,9.71861
1.50618,-0.70726,9.75313
1.54546,-0.844131,9.77455
1.45381,-0.840561,9.7198
1.52998,-0.884598,9.75789
1.52046,-0.959579,9.74361
1.45024,-0.788193,9.7805
1.43239,-0.673935,9.83049
1.53474,-0.864365,9.73289
1.50142,-1.01076,9.70909
1.46214,-0.969101,9.69957
1.4669,-0.847702,9.76503
1.47881,-0.70845,9.83049
1.42168,-0.762009,9.76503
1.41454,-0.858414,9.7079
1.45143,-0.975052,9.61507
1.36098,-1.00243,9.60792
1.33122,-0.881027,9.67696
1.3824,-0.702499,9.71266
1.37407,-0.727493,9.78645
1.37645,-0.779861,9.81502
1.45976,-0.801285,9.86501
1.51808,-0.870316,9.8293
0.936081,-0.751297,9.79121
0.915848,-0.721542,9.77931
0.890854,-0.701309,9.81621
0.913467,-0.828659,9.80073
0.888474,-0.70726,9.7805
0.952744,-0.779861,9.83763
0.9944,-0.879837,9.8055
0.965836,-0.744156,9.86858
0.999161,-0.77153,9.88286
0.99678,-0.725113,9.92808
1.22887,-0.691788,9.62459
1.18483,-0.820328,9.502
1.15865,-0.665604,9.52461
1.01582,-0.543014,9.58055
1.16698,-0.5811,9.54604
1.2122,-0.811996,9.61626
1.14555,-0.810806,9.67696
1.10747,-0.662033,9.69957
1.067,-0.553726,9.7567
0.897995,-0.409714,9.76027
0.825394,-0.51683,9.75313
1.05986,-0.523972,9.81621
1.1277,-0.602524,9.75789
1.15865,-0.865555,9.72099
1.1646,-0.753677,9.71147
1.16341,-0.563248,9.68886
1.08961,-0.606094,9.66505
0.969406,-0.589432,9.65553
1.0063,-0.394241,9.66863
1.14079,-0.371628,9.72099
2.0013,-1.72844,10.0995
2.03224,-1.37852,10.4827
2.0858,-1.6356,10.6017
2.47618,-2.1938,11.1016
2.78563,-2.02003,11.6741
2.98677,-1.57133,11.9597
3.76039,-1.17738,12.0252
3.94844,-1.09169,11.9871
4.30312,-0.756058,12.2656
4.25432,-0.720352,11.905
1.30742,-1.06908,9.50438
1.07533,-0.804855,9.58888
0.881332,-0.683456,9.64244
0.925369,-0.995285,9.66863
1.10866,-1.19167,9.67339
1.23839,-0.869125,9.81502
1.17174,-0.801285,9.88762
1.1515,-1.08217,9.91261
1.18483,-1.38329,9.86025
1.2491,-1.31783,9.91142
-0.141037,-1.27855,9.72337
-0.370743,-1.37138,9.84953
-0.634964,-1.19762,9.86501
-0.536179,-0.996475,9.80312
-0.246964,-0.656082,9.90547
-0.138657,-0.621567,9.81145
-0.293381,-0.811996,9.81026
-0.199356,-1.17738,9.93761
-0.0660553,-1.25713,9.83644
-0.337418,-0.959579,9.68648
