1.03844,0.355576,9.78764
1.03844,0.336533,9.77098
1.00035,0.310349,9.70909
1.02177,0.346054,9.65434
1.0432,0.336533,9.70195
1.07176,0.312729,9.59007
1.06224,0.303207,9.81383
1.05986,0.405563,9.76146
1.0789,0.365097,9.73527
1.12651,0.32225,9.77098
1.1884,0.236557,9.96617
1.19792,0.179428,9.93285
1.20506,0.196091,9.9995
1.23125,0.19371,9.95427
1.27647,0.269882,9.96379
1.27885,0.353195,9.96141
1.25267,0.469833,9.89714
1.20744,0.365097,9.96379
1.23839,0.374619,9.89952
1.30266,0.355576,9.95427
1.27885,0.486496,9.93047
1.24791,0.555527,9.83763
1.17888,0.486496,9.7448
1.13603,0.457932,9.72337
1.07176,0.493637,9.74956
1.05748,0.543625,9.69481
1.03368,0.550766,9.61864
0.917038,0.546005,9.63292
0.990829,0.500778,9.60197
1.03368,0.393661,9.52818
1.11699,0.2556,9.67577
1.07176,0.369858,9.75194
1.07176,0.438889,9.79955
1.00749,0.429367,9.70433
1.03606,0.291306,9.72337
1.05748,0.327011,9.63054
1.08604,0.360336,9.60435
0.997971,0.403183,9.57341
0.957504,0.231796,9.65434
1.04558,0.0223236,9.74718
1.20982,0.0437469,9.62102
1.06462,0.172287,9.52342
0.912277,0.250839,9.45201
0.693283,0.357956,9.46391
0.650436,0.25798,9.46391
0.595688,0.212753,9.41393
0.686142,0.162766,9.41869
0.67424,0.19371,9.41631
0.664719,0.310349,9.3687
0.719467,0.398422,9.39964
0.817062,0.293686,9.60674
1.07176,0.167526,9.86858
1.45738,0.0627899,9.96617
1.64543,0.0485077,9.87572
1.674,0.0651703,9.83049
1.52403,0.136581,9.67339
1.41692,0.100876,9.74718
1.32884,0.000900269,9.7924
1.25505,-0.0419464,9.84239
1.24315,-0.0895538,9.88048
1.22173,-0.180008,9.87334
1.27409,-0.137161,9.85667
1.30028,-0.0800324,9.91142
1.31456,-0.00624084,10.1495
1.54784,0.153244,10.1066
1.73589,0.234177,9.9995
1.7097,0.293686,9.91618
1.59544,0.434128,9.95665
1.59544,0.479355,10.1304
1.72874,0.405563,10.1161
1.24077,0.00804138,9.58055
1.17174,0.117538,9.6353
1.30028,0.160385,9.62816
1.33836,0.210373,9.63768
1.25981,0.238937,9.5139
1.08604,0.0842133,9.53532
0.990829,-0.115738,9.48296
0.888474,-0.208572,9.56865
0.850388,-0.32045,9.60912
0.981308,-0.44899,9.91142
1.24315,-0.613236,10.0852
1.43358,-0.558487,10.1804
1.60973,-0.496597,10.1352
1.64543,-0.377579,10.178
1.38597,-0.289505,10.0566
1.07414,-0.213333,10.0043
0.812302,-0.146683,9.95427
0.750412,-0.187149,10.1566
0.912277,-0.377579,10.1447
1.0432,-0.420425,10.1042
2.15245,-0.679886,10.2494
1.9763,-0.656082,10.1923
1.80492,-0.529922,10.1947
1.81206,-0.439468,10.3113
1.80968,-0.337112,10.159
1.74779,-0.401382,10.1614
1.65733,-0.70369,9.94951
1.49071,-0.853653,9.76384
1.24791,-0.825089,9.65434
1.24791,-1.00838,9.65196
1.23839,-0.96077,9.52342
1.30504,-0.851273,9.5377
1.50499,-0.751297,9.59245
1.54546,-0.679886,9.48534
1.60735,-0.689407,9.38774
1.54784,-0.587051,9.44725
1.46452,-0.548965,9.4044
1.34789,-0.425186,9.34013
1.32408,-0.368057,9.34727
1.23601,-0.299026,9.33061
0.871811,-0.468033,9.87334
0.950363,-0.518021,9.93047
0.981308,-0.346634,9.89952
1.0789,-0.234756,9.85191
1.01463,-0.282364,9.84001
0.962265,-0.234756,9.95189
1.07176,-0.206192,10.1114
1.15031,-0.125259,10.2066
1.22411,-0.115738,10.159
1.20506,-0.222855,10.1376
1.15269,-0.294266,10.0114
1.08842,-0.346634,10.0233
1.03606,-0.184769,10.0423
1.08842,-0.218094,9.98997
0.997971,-0.303787,9.96379
0.838486,-0.3871,9.88762
0.721848,-0.498978,9.72575
0.581406,-0.548965,9.68529
0.559982,-0.551346,9.64958
0.619492,-0.441849,9.69957
0.390976,-0.353775,9.54485
0.41478,-0.270462,9.54008
0.438583,-0.251419,9.56389
0.443344,-0.244278,9.4901
0.469528,-0.32045,9.35918
0.462387,-0.344254,9.39726
0.393356,-0.334732,9.34013
0.379074,-0.291885,9.39488
0.443344,-0.263321,9.48296
0.471909,-0.196671,9.502
0.467148,-0.180008,9.59721
0.48143,-0.156204,9.57341
0.455246,-0.210953,9.53532
0.467148,-0.301407,9.55913
0.598068,-0.401382,9.60674
0.657578,-0.460892,9.60435
0.645676,-0.432327,9.65672
0.667099,-0.325211,9.72813
0.690903,-0.389481,9.78526
0.73613,-0.427567,9.7686
0.80278,0.0580292,10.0423
0.748032,0.0746918,9.98045
0.681381,0.146103,10.0281
0.652817,0.0746918,9.9995
0.707565,-0.0300446,9.93523
0.712326,-0.0824127,9.88762
0.629013,0.0199432,9.89
0.61235,-0.0110016,9.77812
0.598068,-0.0490875,9.84715
0.638535,-0.0419464,9.78764
0.638535,-0.0467072,9.71861
0.567123,-0.122879,9.70909
0.588547,-0.218094,9.72337
0.595688,-0.260941,9.69005
0.695663,-0.289505,9.73527
0.698044,-0.237137,9.73766
0.769455,-0.234756,9.72575
0.788498,-0.277603,9.82573
0.798019,-0.303787,9.77336
0.757553,-0.444229,9.74956
0.848007,-0.203812,9.84001
0.745651,-0.210953,9.87334
0.771835,-0.113358,9.91142
0.817062,-0.0633698,10.0281
0.862289,-0.0467072,9.98997
0.862289,-0.168106,9.89238
0.905136,-0.25856,9.80907
0.888474,-0.275223,9.72099
0.807541,-0.201431,9.66624
0.852768,-0.12764,9.76384
0.821823,-0.215714,9.69005
0.831345,-0.201431,9.63054
0.790878,-0.180008,9.7567
0.778976,-0.141922,9.74956
0.728989,-0.199051,9.66624
0.790878,-0.296646,9.69719
0.850388,-0.306168,9.6353
0.828964,-0.199051,9.56627
0.80516,-0.199051,9.49248
0.8004,-0.265701,9.56865
1.07176,-0.218094,9.24968
1.09557,-0.215714,9.20921
1.08604,-0.277603,9.14256
1.08842,-0.263321,9.08781
1.08128,-0.249039,8.99498
1.10985,-0.182388,8.94975
1.11699,-0.115738,8.92119
1.10271,-0.137161,8.88072
1.13603,-0.106216,8.71886
1.14555,-0.0681305,8.64507
1.17888,-0.0919342,8.53795
1.22887,-0.165726,8.55461
1.35979,-0.301407,8.27849
1.38121,-0.334732,8.28087
1.48357,-0.368057,8.18803
1.5645,-0.299026,8.13805
1.59306,-0.222855,7.97618
1.68114,-0.229996,7.94762
1.81206,-0.315689,8.14043
2.08818,-0.425186,8.1928
2.32622,-0.520401,8.30705
2.57616,-0.551346,8.31181
2.82133,-0.379959,8.37846
2.91893,-0.160965,8.3856
3.03319,-0.163345,8.34752
3.06651,-0.213333,8.4832
3.24504,-0.306168,8.44035
3.33311,-0.282364,8.37608
3.395,-0.299026,8.35704
3.48308,-0.353775,8.46416
3.70445,-0.591812,8.50224
3.96153,-0.658462,8.46892
4.07341,-0.722733,8.30467
4.04961,-0.670364,8.09996
3.99486,-0.670364,8.13805
4.1591,-0.534683,8.15709
4.40666,-0.25856,8.34276
4.76134,-0.144302,8.26421
4.96843,-0.0110016,8.23326
5.1422,-0.00624084,8.07616
6.01103,-0.156204,6.23613
6.0872,0.0461273,6.17662
6.21812,0.0842133,6.4337
6.63945,-0.165726,6.88597
7.17503,-0.241898,6.89549
7.50114,-0.19429,6.5432
7.67253,-0.139542,6.26707
7.81773,-0.299026,6.0695
7.91771,-0.282364,5.88145
8.24144,-0.232376,5.86717
8.35094,0.150864,5.78862
8.27238,0.519821,5.65532
8.3676,0.650742,5.57439
8.53185,0.338913,5.31255
8.74132,-0.0252838,5.00786
8.94365,-0.232376,4.71031
9.18645,-0.149063,4.67937
9.37926,0.0104218,4.69603
9.3626,0.312729,4.61034
9.5078,0.38176,4.50798
10.6575,0.18895,3.75578
10.6171,0.207993,3.53679
10.4695,0.360336,3.29161
10.2624,0.679306,3.02977
9.94341,1.1649,2.73698
9.93388,1.23155,2.69652
9.97673,1.0435,2.64177
10.0077,0.817368,2.56322
10.0196,0.488876,2.54894
10.0362,0.224655,2.50133
9.99577,0.372238,2.46562
9.93626,0.731674,2.24425
10.0101,1.06731,2.02525
9.98863,1.34819,1.96098
10.0315,1.19585,1.88957
10.091,0.96257,1.96098
10.041,0.660263,1.80626
10.0386,0.312729,1.54442
10.0362,0.146103,1.38017
9.92436,0.607895,1.38017
9.82915,0.874496,1.88005
9.95531,0.584091,1.69438
10.1648,0.336533,1.64915
10.2219,0.353195,1.65868
10.191,0.57933,1.82768
10.0838,0.83165,1.79436
10.0434,0.934006,1.87053
10.0005,1.07207,1.97289
10.0529,1.0435,1.99669
10.0719,0.929245,2.02049
9.95293,0.367477,3.41301
9.91484,0.474594,3.56535
9.86485,0.500778,3.63438
9.84105,0.250839,3.84624
9.80772,0.0318451,3.81529
9.68633,-0.125259,3.87242
9.69347,-0.115738,4.02477
9.61729,-0.00862122,4.12712
9.46971,-0.013382,4.13902
9.35069,-0.00862122,4.29613
9.29594,-0.00862122,4.64366
9.31737,-0.013382,4.80077
9.18645,-0.101456,4.83647
9.02696,-0.308548,4.76744
8.8889,-0.587051,4.81029
8.77226,-0.689407,4.9055
8.69371,-0.858414,5.19591
8.57469,-0.70845,5.43633
8.44615,-0.370438,5.61723
8.35332,-0.308548,5.84813
7.3726,-0.620377,6.46703
7.08458,-0.553726,6.61699
6.77513,-0.441849,6.60509
6.50615,-0.479935,6.7003
6.25145,-0.413284,6.83598
6.0872,-0.518021,6.80028
5.86821,-0.496597,6.97166
5.79442,-0.427567,7.11211
5.6754,-0.334732,6.96214
5.41356,-0.308548,7.13353
5.32072,-0.434708,7.20494
5.1779,-0.534683,7.32872
5.01604,-0.598953,7.51439
4.99223,-0.748917,7.54533
4.97795,-0.825089,7.6096
4.84703,-0.663223,7.83098
4.62804,-0.506119,7.97856
4.5114,-0.477554,8.119
4.29955,-0.329971,7.97618
3.98772,-0.289505,8.0714
2.66185,-0.584671,8.64745
2.55473,-0.758438,8.66649
2.46666,-0.929825,8.75456
2.52617,-1.07979,8.96641
2.69279,-1.1512,8.89024
2.63329,-1.07741,8.89024
2.47618,-0.910782,8.99736
2.20482,-0.684647,9.09734
2.05724,-0.541824,9.24968
1.91441,-0.51326,9.29253
1.86443,-0.70369,9.23778
1.80492,-0.848892,9.12828
1.66209,-0.856033,9.04497
1.48119,-0.725113,8.96404
1.23125,-0.70607,9.13066
1.15269,-0.741776,9.05449
1.06938,-0.817947,8.85454
0.859909,-0.825089,8.78075
0.679001,-0.83223,8.80217
0.486191,-0.684647,8.83311
0.212448,-0.908401,9.02116
0.448105,-0.998856,9.34727
0.714706,-0.96553,9.46867
0.767075,-0.910782,9.3925
0.698044,-0.727493,9.2354
0.588547,-0.715591,9.33775
0.626633,-0.810806,9.57103
0.812302,-0.841751,9.53294
0.80278,-0.83461,9.71147
0.912277,-0.925064,9.86144
0.950363,-1.11073,9.80669
0.883713,-1.15834,9.84477
0.869431,-1.08931,9.73766
0.686142,-1.00362,9.74242
0.626633,-0.994095,9.84001
0.712326,-0.922684,9.87572
0.895615,-0.982193,9.84477
0.986069,-1.05598,9.88762
0.967026,-1.00124,9.82573
0.807541,-0.913162,9.78764
0.957504,-0.875076,9.84715
0.997971,-0.986954,9.8662
1.08604,-1.06075,9.94237
1.0789,-1.07741,9.92094
1.04082,-1.10835,9.92333
0.952744,-1.10597,9.89714
0.933701,-1.00362,9.85191
0.940842,-0.939346,9.89476
0.893234,-0.972672,9.78288
0.907516,-1.06789,9.81859
0.955124,-1.03218,9.80669
1.02415,-1.09645,9.82573
1.01939,-1.02742,9.82335
1.01701,-1.03218,9.81145
1.08366,-1.00838,9.96855
1.10271,-1.06313,9.94951
1.11223,-1.02266,9.86382
0.99321,-1.02266,9.83049
0.938461,-1.01552,9.89238
0.947983,-1.07265,9.8662
0.997971,-1.01552,9.8662
1.09081,-1.14406,9.76146
1.08842,-1.14644,9.69719
1.03368,-1.07503,9.61388
0.967026,-1.06075,9.71385
1.01463,-1.0298,9.74718
1.01225,-1.12263,9.71861
1.05748,-1.22499,9.76384
1.10747,-1.20833,9.82811
1.10985,-1.17024,9.77098
1.02177,-1.07503,9.7805
0.909897,-0.996475,9.81621
0.93132,-0.932205,9.87096
0.978928,-1.05836,9.84715
1.02653,-1.22023,9.7924
1.067,-1.22499,9.79955
1.04796,-1.05836,9.84953
0.974167,-0.936966,9.82335
0.907516,-0.89888,9.80193
0.833725,-0.989334,9.68053
0.852768,-1.11549,9.73289
0.919418,-1.15834,9.82097
1.13365,-1.16072,9.91142
1.15031,-1.14406,9.9019
1.05748,-1.11549,9.86858
0.950363,-1.16548,9.76622
0.936081,-1.19881,9.69957
0.921799,-1.17024,9.68053
0.978928,-1.11549,9.71623
1.01225,-0.951248,9.72337
0.981308,-0.989334,9.58531
0.955124,-1.11311,9.60435
0.986069,-1.20119,9.58531
1.05034,-1.21547,9.60435
0.990829,-1.08931,9.6115
0.988449,-0.989334,9.77574
1.02415,-1.01314,9.7924
1.0789,-1.10359,9.70909
1.10509,-1.09169,9.63054
1.05034,-1.10359,9.63292
1.05986,-1.07027,9.63054
1.05272,-1.11549,9.61388
1.0789,-1.19643,9.83763
1.14317,-1.22023,9.86382
1.11461,-1.21785,9.7924
1.10985,-1.175,9.84715
1.02177,-1.06313,9.92808
1.09319,-0.998856,10.0828
1.17174,-1.02742,10.059
1.1884,-1.1274,10.0352
1.20744,-1.09883,10.0542
1.21696,-1.01076,10.1328
1.22411,-0.977432,10.128
1.16222,-1.0179,10.0376
1.13603,-1.11549,9.91142
1.09795,-1.08217,9.85429
1.08366,-1.05836,9.95189
1.09319,-1.01076,9.93047
1.08366,-1.00362,9.95665
1.12175,-1.08931,9.95665
1.06224,-0.984573,9.97569
1.09081,-0.946487,9.95665
1.3336,-1.05836,10.6232
1.42882,-1.12502,10.8707
1.50023,-1.12978,10.904
1.62401,-1.1274,10.9112
1.55736,-1.0298,11.0516
1.49785,-1.02028,11.1635
1.48833,-1.04884,11.2873
1.51689,-1.11073,11.5348
1.4312,-1.17024,11.6634
1.26695,-1.22499,11.6967
1.11461,-1.30116,11.9181
1.10033,-1.2964,11.8157
1.04082,-1.17262,11.5563
0.798019,-1.08693,11.492
0.683762,-1.10597,11.5063
0.648056,-1.06313,11.4563
0.598068,-1.12502,11.5801
0.702805,-1.25832,11.68
0.814682,-1.30592,11.6015
0.67186,-1.2845,11.423
-1.48476,-1.06075,9.85191
-1.7704,-0.848892,9.40202
-2.24171,-0.694168,9.22826
-2.6916,-0.632278,9.02116
-3.06056,-0.57753,8.82359
-3.19386,-0.698929,8.56651
-3.4081,-0.789383,8.45464
-3.52235,-0.691788,8.06902
-3.67946,-0.698929,8.31181
-3.71278,-0.787003,8.34752
-5.14101,-0.587051,7.24541
-5.42189,-0.594193,7.19542
-5.5909,-0.420425,6.86693
-5.82417,-0.370438,7.04308
-6.02174,-0.351395,6.99309
-6.19551,-0.539444,7.21684
-6.15504,-0.51326,6.84312
-6.17409,-0.51564,6.74077
-6.23598,-0.591812,6.73125
-6.27406,-0.482315,6.37895
-6.46925,-0.456131,6.50035
-6.58827,-0.25618,5.96715
-6.88582,-0.137161,6.01714
-7.05006,-0.168106,6.0457
-7.16194,-0.0657501,5.78624
-7.29762,-0.270462,5.82909
-7.30952,-0.313309,5.75291
-7.51186,-0.25856,5.46965
-7.68086,-0.160965,5.24113
-7.93556,-0.106216,5.08879
-9.16859,0.557907,3.18925
-9.31142,0.803085,2.91313
-9.47328,1.0316,2.80125
-9.47566,0.922104,2.72984
-9.4947,0.8983,2.47514
-9.48994,0.738815,2.70128
-9.4352,0.688828,2.69176
-9.43043,0.779282,2.70604
-9.52089,0.781662,2.59416
-9.68275,0.657883,2.62035
-9.79701,0.57457,2.46562
-9.7375,0.610275,2.30852
-9.82082,0.419846,2.28471
-9.82082,0.534103,1.78722
-9.89461,0.57695,1.67058
-9.89461,0.324631,1.73961
-9.86604,0.0723114,1.79912
-9.78035,-0.0300446,1.88719
-9.67561,0.0175629,2.14427
-9.52327,0.198471,2.26567
-8.93532,-0.0157623,4.26042
-8.82106,0.0104218,4.32469
-8.8044,0.0627899,4.32231
-8.90199,0.136581,4.09142
-8.95198,0.0580292,4.12236
-8.89009,0.162766,4.33659
-8.82344,0.210373,4.56273
-8.62349,0.117538,5.06499
-8.36879,-0.0895538,5.07451
-8.20931,-0.368057,5.32207
-7.49519,-0.315689,6.29326
-7.2881,-0.239517,6.76219
-6.95247,-0.296646,6.80266
-6.8644,-0.463272,6.63603
-6.70729,-0.756058,6.63841
-6.59541,-0.894119,6.72411
-6.4883,-0.920303,6.74791
-6.45735,-0.910782,6.79076
-6.4026,-0.825089,6.78362
-6.44545,-0.665604,6.786
-6.47639,-0.465652,7.03355
-6.44069,-0.3871,7.28349
-6.23836,-0.568008,7.88097
-5.87892,-0.803665,8.09044
-5.53615,-1.07979,8.06902
-5.30287,-1.19167,8.03093
-5.31239,-0.758438,7.69054
-5.44331,-0.596573,7.55962
-5.38856,-0.741776,7.86668
-5.21956,-0.83461,7.86906
-5.0815,-0.910782,7.82384
-4.99104,-1.03694,7.87144
-4.94106,-1.24165,8.37846
-4.5721,-1.37972,8.81407
-4.22218,-1.42256,8.92833
-3.97701,-1.33925,8.96404
-3.85323,-0.984573,8.89024
-3.77943,-0.648941,9.09019
-3.53902,-0.722733,9.41869
-3.14864,-0.846512,9.12828
-2.5107,-0.479935,9.59245
-2.85109,-0.372818,9.5377
-2.89394,-0.251419,9.31633
-2.79396,-0.475174,9.29015
-2.62733,-0.682266,9.33061
-2.41072,-0.753677,9.47582
-2.11079,-0.789383,9.73766
-1.72517,-0.915543,10.2018
-1.40144,-1.03932,10.3446
-1.12294,-1.19643,10.1447
-0.254105,-0.594193,9.77812
-0.556412,-0.532303,9.6472
-0.706375,-0.610855,9.44249
-0.677811,-0.810806,9.26396
-0.663528,-0.936966,9.10448
-0.639725,-0.913162,9.21874
-0.515945,-0.813187,9.79478
-0.0636749,-0.670364,10.2851
0.467148,-0.720352,10.6184
0.890854,-0.910782,10.7803
1.24077,-1.26784,10.7279
1.38597,-1.2726,10.4708
1.42406,-1.22975,10.2875
1.30266,-1.01314,10.2899
1.17888,-0.844131,10.3566
1.07176,-0.763199,10.447
1.15984,-0.813187,10.7612
1.41216,-0.648941,10.8041
1.674,-0.741776,10.9159
1.74065,-0.844131,10.9897
2.13579,-0.57515,10.4922
2.20006,-0.64418,10.2423
2.12389,-0.475174,10.0614
2.08104,-0.327591,10.1518
2.16435,-0.494217,10.128
2.22624,-0.589432,9.94951
2.23814,-0.51564,10.1066
2.26195,-0.470413,10.0804
2.22386,-0.489456,9.89714
2.14769,-0.570389,9.62816
2.07152,-0.653702,9.54246
2.15721,-0.634659,9.5377
2.24767,-0.508499,9.6115
2.37621,-0.570389,9.59959
2.56664,-0.882217,9.58531
2.60948,-0.967911,9.47343
2.47856,-0.734634,9.54723
2.3286,-0.491837,9.69243
2.28575,-0.260941,9.88286
2.26671,-0.180008,9.88762
2.35002,-0.25856,9.73766
2.62138,-0.622757,9.81621
2.64519,-0.760818,9.66386
2.53807,-0.694168,9.62578
2.45476,-0.587051,9.60674
2.33336,-0.584671,9.5258
2.37859,-0.582291,9.60197
2.40001,-0.441849,9.68767
2.40953,-0.401382,9.79002
2.37859,-0.391861,9.75194
2.26671,-0.382339,9.53532
2.18578,-0.444229,9.57341
2.12627,-0.482315,9.59721
2.05724,-0.410904,9.47343
1.99535,-0.327591,9.46391
2.00725,-0.425186,9.41155
2.01677,-0.563248,9.28777
1.96678,-0.529922,9.29015
2.03105,-0.541824,9.35442
2.03819,-0.482315,9.46629
2.0739,-0.475174,9.55675
2.57378,-0.787003,9.56627
2.5833,-0.90126,9.60674
2.46666,-0.939346,9.61626
2.33336,-0.984573,9.61626
2.27147,-0.722733,9.58293
2.25005,-0.570389,9.59959
2.29289,-0.522781,9.52104
2.36906,-0.584671,9.49962
2.33336,-0.472794,9.46153
2.27623,-0.477554,9.46629
2.20244,-0.498978,9.43535
2.17387,-0.51564,9.55437
2.20482,-0.427567,9.59007
2.3167,-0.472794,9.70909
2.30003,-0.475174,9.72813
2.3524,-0.525162,9.74004
2.26909,-0.57991,9.56389
2.231,-0.560867,9.45915
2.26433,-0.610855,9.52342
2.3405,-0.556107,9.6234
2.27147,-0.568008,9.39964
2.3405,-0.539444,9.40916
2.36192,-0.410904,9.57817
2.30241,-0.337112,9.49248
2.20244,-0.308548,9.4901
2.18578,-0.418045,9.43297
2.20006,-0.565628,9.46391
2.26195,-0.587051,9.54961
2.29289,-0.603714,9.54961
2.29051,-0.453751,9.57817
2.38097,-0.415665,9.66148
2.36192,-0.456131,9.69005
2.34526,-0.38472,9.7567
2.47142,-0.456131,9.84239
2.48094,-0.520401,9.83763
2.45714,-0.525162,9.77336
2.35954,-0.403763,9.74718
2.41905,-0.456131,9.68053
2.41191,-0.432327,9.76384
2.43095,-0.441849,9.71861
2.31432,-0.487076,9.32347
2.27385,-0.463272,9.27348
2.26195,-0.38472,9.22111
2.3286,-0.420425,9.16875
2.36192,-0.446609,9.24254
2.33098,-0.389481,9.19493
2.3405,-0.472794,9.2592
2.31432,-0.396622,9.31395
2.34526,-0.403763,9.45677
2.40239,-0.406143,9.50676
2.52855,-0.598953,9.56151
2.57378,-0.565628,9.50438
2.48808,-0.534683,9.51628
2.42381,-0.401382,9.45915
2.37383,-0.341873,9.54961
2.40715,-0.413284,9.48534
2.52855,-0.57753,9.4901
2.63329,-0.698929,9.46867
2.619,-0.627518,9.53532
2.619,-0.498978,9.56627
2.62852,-0.529922,9.55199
2.62138,-0.518021,9.5139
2.60472,-0.587051,9.52104
2.64757,-0.653702,9.42107
2.66423,-0.83223,9.32347
2.58568,-0.970291,9.2473
2.63805,-1.12263,9.20207
2.63567,-1.21309,9.04735
2.62376,-1.17976,8.97356
2.66185,-1.18452,9.01164
2.77135,-1.88435,8.54509
2.79515,-2.01527,8.63316
2.97844,-2.22475,8.54033
3.1403,-2.43184,8.68077
3.35692,-2.45088,8.63792
3.44975,-2.1581,8.79741
3.43785,-1.57252,9.34251
3.42833,-1.17738,9.60912
3.37358,-0.784622,9.6472
3.34502,-0.613236,9.73766
3.41167,-0.882217,9.75432
3.50926,-1.39876,9.83525
3.65208,-2.04146,10.0566
3.88298,-2.60323,10.2233
4.09007,-3.13881,10.0923
4.24242,-3.30067,10.2161
4.55186,-3.02217,10.5089
4.90892,-2.84364,10.5089
4.92796,-1.98433,10.5755
4.77324,-1.13692,10.6755
4.81847,-0.318069,10.9064
4.67564,0.272263,10.8017
4.37334,0.681686,10.6136
4.08055,0.45079,10.6232
4.03056,0.0556488,10.7136
4.16148,-0.013382,10.8112
4.40428,0.291306,11.1278
4.53758,0.955429,11.4539
4.50426,1.20299,11.4539
4.33049,1.37199,11.1706
4.19957,1.24345,10.8588
4.12578,0.900681,10.6922
4.15672,1.02208,10.5922
4.28526,1.0078,10.5922
4.29478,1.20299,10.8755
4.26146,1.65764,11.0992
4.21623,1.9052,11.2182
4.07817,2.14085,11.1326
3.90916,2.21941,11.035
3.64256,2.317,10.9136
1.05986,2.22179,9.32823
1.13841,2.54552,9.54485
1.22411,2.84068,9.60197
1.18364,3.03587,9.4901
0.888474,2.9478,9.33299
0.486191,2.90971,9.23778
0.174362,2.76689,9.10686
-0.00178528,2.68596,8.94737
-0.0922394,2.39555,8.72362
-0.146988,1.90758,8.52843
-0.235062,1.50291,8.3856
-0.518326,1.38152,8.33562
-0.792068,1.51006,8.56175
-0.86824,1.94804,8.82359
-0.839676,2.29082,9.26158
-0.770645,2.53838,9.30205
-0.684952,2.64549,9.24968
-0.67067,2.50505,9.16399
-0.794449,2.13847,8.895
-0.846817,1.51244,8.75694
-0.889664,1.07445,8.51177
-0.953934,0.884018,8.69267
-0.99678,1.11729,8.79503
-0.93013,1.49815,8.9807
-1.0182,1.95995,9.08781
-1.05629,2.19798,9.04735
-1.11342,2.2813,8.91167
-1.14912,2.33842,8.73552
-1.17055,2.2813,8.6284
-1.25386,2.07896,8.40227
-1.45857,1.80998,8.15471
-1.66566,1.53148,7.64531
-1.89418,1.23155,7.40727
-1.99654,1.07445,7.30492
-2.05367,1.24107,7.43346
-2.09413,1.54576,7.56438
-2.23219,1.60527,7.60246
-2.44881,1.68858,7.7429
-2.64876,1.95757,7.6953
-2.72731,2.23131,7.63103
-2.83205,2.40269,7.69292
-2.90584,2.31462,7.53581
-3.20576,1.8933,7.41203
-3.589,1.51244,7.24779
-3.85323,1.17442,7.20256
-3.96986,1.02922,7.00261
-3.87465,1.11967,6.93596
-3.64851,1.01494,7.18352
-3.43428,0.934006,7.37871
-3.37953,0.976852,7.4644
-3.39857,0.165146,7.35966
-3.41286,0.0770721,7.12639
-3.9294,-0.677505,6.81456
-4.02223,-0.829849,6.92882
-3.83418,-0.675125,7.23589
-3.31526,-0.713211,7.59532
-2.82967,-0.653702,7.65245
-2.46785,-0.848892,7.87859
-2.4012,-1.19405,8.22612
-2.38216,-1.16786,8.07854
-2.31551,-1.32973,8.16423
-2.31075,-1.32259,8.11424
-2.2679,-1.26784,8.0714
-2.3893,-1.32497,7.99046
-2.60353,-1.39638,8.06663
-1.17531,-1.70107,9.11162
-1.08961,-1.74629,9.03545
-1.30623,-1.82008,8.80931
-1.58235,-1.85579,8.79503
-1.69423,-1.90816,8.84264
-1.45619,-1.92244,9.0045
-1.03963,-1.93196,9.29729
-0.663528,-1.84151,9.70433
-0.473099,-2.0605,9.94951
-0.558792,-2.39137,9.72337
2.30479,-0.879837,11.3063
2.4976,-1.04646,11.2873
2.64757,-1.32259,11.073
2.61186,-1.82722,10.8088
2.53331,-2.13905,10.6113
2.5833,-1.59633,10.8183
2.68565,-0.829849,10.9707
2.59044,-0.334732,11.035
2.42857,-0.170486,10.816
2.32622,-0.389481,10.3685
2.21672,-0.0657501,9.89
2.26195,-0.318069,9.83287
2.33336,-0.410904,9.80193
2.42857,-0.396622,9.74956
2.49284,-0.491837,9.65672
2.54521,-0.484695,9.79478
2.62138,-0.51088,9.82573
2.7404,-0.737015,9.88286
2.82848,-0.913162,9.80669
2.84514,-0.982193,9.7805
2.91893,-1.12263,9.71147
2.75468,-1.19881,9.6591
2.73564,-1.12978,9.74956
2.62852,-1.21547,9.69481
2.53331,-1.51064,9.56865
2.4738,-1.54158,9.49962
2.52141,-1.53206,9.5139
2.54045,-1.46779,9.65434
2.48808,-1.30116,9.58531
2.36668,-1.28688,9.44011
2.24767,-1.92482,9.44249
2.23576,-1.99147,9.34966
2.18816,-2.0605,9.43297
2.13103,-2.06288,9.44487
2.13103,-2.03908,9.39488
2.15959,-1.92482,9.37346
2.27861,-1.85341,9.43773
2.29051,-1.93196,9.45201
2.26433,-1.83437,9.41393
2.29527,-1.86293,9.48772
2.33574,-2.0486,9.50438
2.30479,-2.13429,9.42821
2.31432,-2.24617,9.46629
2.28099,-2.32948,9.33061
2.2429,-2.39137,9.39012
2.25957,-2.40565,9.42107
2.17149,-2.3271,9.37822
2.20958,-2.30092,9.37346
2.24528,-2.26759,9.33299
2.29289,-2.10573,9.4044
2.15007,-2.16286,9.32347
2.07152,-2.15096,9.37108
2.14293,-2.1819,9.39726
2.17625,-2.22713,9.38774
2.22386,-2.17476,9.47582
2.24052,-2.14619,9.53056
2.27861,-2.10573,9.54961
2.12865,-2.09383,9.54723
2.15721,-2.11525,9.5258
2.16673,-2.13667,9.54246
2.14293,-2.20094,9.54723
2.08818,-2.3033,9.51866
2.11674,-2.43422,9.48296
2.17625,-2.48183,9.46629
2.22386,-2.46278,9.44011
2.13579,-2.32472,9.42107
2.01201,-2.18666,9.44249
1.99535,-2.0367,9.45439
1.95964,-1.9272,9.44963
1.96916,-1.98671,9.47819
2.10008,-2.20332,9.27586
2.03819,-2.4247,9.21635
1.97154,-2.42946,9.14494
1.99535,-2.30092,9.23778
2.11198,-2.17,9.3687
2.24052,-2.07954,9.45915
2.22148,-2.05336,9.37822
2.231,-2.13429,9.48534
2.22862,-2.19856,9.49724
2.25481,-2.4247,9.51628
2.29051,-2.2795,9.59007
2.21672,-2.14381,9.58293
2.17149,-2.01527,9.48534
2.06676,-2.07954,9.44011
2.0858,-2.18666,9.3806
2.15721,-2.16762,9.25682
2.18101,-2.21761,9.25682
2.14293,-2.07954,9.283
2.11436,-1.94386,9.283
2.09294,-2.10573,9.23778
2.11913,-2.21046,9.33061
2.15007,-2.25569,9.32109
2.13103,-2.11287,9.35918
2.13103,-2.00337,9.34727
2.15483,-2.00099,9.41869
2.19768,-2.10811,9.34489
2.27385,-2.24855,9.19969
2.22862,-2.40565,9.30681
2.27861,-2.39851,9.27348
2.27147,-2.40327,9.36394
2.26433,-2.14143,9.36156
2.24767,-1.90578,9.53532
2.231,-1.68678,9.51866
2.12627,-1.64156,9.51866
2.02867,-1.87959,9.34966
2.01201,-2.22713,9.16637
2.11674,-2.48421,9.14256
2.15721,-2.39851,9.08067
2.25243,-2.13429,9.1259
2.24528,-1.80818,9.18065
2.1834,-1.82484,9.17827
2.2072,-1.88197,9.11638
2.26195,-1.97957,9.06639
2.27147,-1.94624,9.04021
2.27623,-1.82008,8.98308
2.18816,-1.83437,8.91881
2.16435,-1.89149,8.93785
2.17625,-1.99147,8.82835
2.27623,-2.07002,8.78789
2.30956,-1.91292,8.86406
2.38335,-1.60585,8.84502
2.3286,-1.26308,8.94261
2.32622,-1.12263,8.91167
2.30003,-1.18214,8.74266
2.49046,-1.33211,8.78551
2.54997,-1.20833,8.81169
2.69518,-1.1631,8.87358
2.80229,-1.1512,8.84502
2.85466,-1.006,8.92595
2.94987,-0.760818,8.91167
3.47594,-0.556107,9.46153
3.55925,-0.44899,9.58531
3.59496,-0.115738,9.66148
3.67827,-0.0490875,9.69719
3.79967,-0.0467072,9.65672
3.84013,-0.0014801,9.64244
3.86156,0.112778,9.63768
3.74968,0.303207,9.64958
3.64256,0.417465,9.64482
3.66399,0.357956,9.8781
3.81395,0.241318,10.109
4.03294,0.174667,10.1495
4.09721,0.25322,10.1994
4.06151,0.227036,10.2447
4.002,0.360336,10.3827
3.9782,0.469833,10.6612
4.04246,0.441269,10.8088
4.10435,0.417465,10.8969
4.24718,0.00566101,11.0016
4.40904,-0.437088,11.1611
5.06602,-1.82008,12.5036
5.12553,-2.02242,12.487
5.09697,-2.05098,12.6584
5.00413,-2.09145,12.6822
4.76848,-2.10811,12.5822
4.46855,-2.39137,12.4251
4.26146,-2.62703,12.237
4.06865,-2.57704,12.0466
3.98534,-2.59847,11.9419
3.8687,-2.28188,12.0419
3.81157,-2.05812,11.9443
3.7473,-1.93672,11.8681
3.53307,-2.00099,11.8348
3.28551,-2.09621,11.6277
3.20219,-2.36043,11.3968
3.01176,-2.29616,11.2063
2.88084,-2.09383,11.0611
2.64043,-1.89149,10.9421
2.30956,-1.85341,10.8493
1.98582,-1.84627,10.6898
-1.16341,-1.83675,8.29277
-1.37526,-1.94386,8.11186
-1.58473,-1.87959,7.89525
-1.77516,-1.71773,7.7429
-1.90608,-1.58443,7.75005
-2.1584,-1.46303,7.66911
-2.39644,-1.15596,7.55724
-2.61543,-0.903641,7.54771
-2.68208,-0.889359,7.48344
-2.72731,-0.934586,7.46678
-4.06508,-0.220474,6.77409
-4.09126,-0.413284,6.81932
-4.14363,-0.572769,6.67888
-4.12697,-0.456131,6.66936
-4.15791,-0.410904,6.86455
-4.16981,-0.337112,6.74315
-4.30074,-0.358536,6.70506
-4.41737,-0.213333,6.78123
-4.46022,-0.0728912,6.78838
-4.44832,-0.0895538,6.83122
-4.44118,0.134201,6.8455
-4.28645,0.0580292,6.7979
-4.18172,-0.096695,6.56938
-4.10793,-0.275223,6.36229
-4.33644,-0.479935,6.21709
-4.65303,-0.0705109,6.15996
-4.68636,0.505539,6.39799
-4.74587,0.886398,6.46703
-4.79109,1.03398,6.50273
-4.87917,1.08873,6.49083
-4.63637,2.14799,6.8455
-4.48879,2.24083,6.97166
-4.49831,2.20274,6.955
-4.71254,1.95995,7.0407
-4.7173,1.62907,6.89073
-4.66255,1.85521,7.05974
-4.28645,2.16228,7.10735
-4.12221,2.4622,7.23589
-4.30074,2.94304,7.43822
-4.50783,3.10252,7.23112
-4.73158,2.88591,7.18828
-4.6197,2.42888,7.07164
-4.18886,2.13133,7.06688
-3.8437,1.96471,7.25493
-3.73183,2.26701,7.72148
-3.57472,2.72404,8.16661
-3.64375,3.04063,8.35228
-4.03889,3.05968,8.2404
-4.23409,2.84544,7.86668
-4.22932,2.40031,7.63579
-2.92964,3.81187,9.56865
-2.92012,3.46196,9.30205
-2.99391,2.64549,8.81883
-2.96059,1.80284,8.3618
-2.78444,1.23631,8.32371
-2.67494,1.36247,8.66411
-2.62495,1.99803,9.29253
-2.68684,2.69072,9.71623
-2.80824,3.22868,10.0566
-2.80348,3.2144,9.98045
-2.55116,2.73357,9.72813
-2.42262,2.06944,9.44249
-2.40834,1.66478,9.40202
-2.3893,1.52672,9.65672
-2.3036,1.55052,9.97807
-2.16078,1.83141,10.3685
-2.00606,2.15038,10.6398
-1.88704,2.23845,10.8731
-1.75612,2.0623,10.7112
-1.79897,1.6743,10.466
-1.8799,1.38628,10.3946
-1.90132,1.59099,10.6279
-1.51808,1.84807,10.9945
-1.20149,2.01231,10.9326
-1.01106,1.9052,10.6589
-1.03249,1.48863,10.4256
-1.05391,0.886398,10.0328
-1.14198,0.460312,9.81859
-1.1277,0.158005,9.85429
-1.07533,0.174667,10.0043
-1.08009,0.274643,10.2685
-1.18007,0.465073,10.4303
-1.07295,0.660263,10.4732
-0.884903,0.757858,10.3589
-0.713516,0.665024,10.2304
-0.642105,0.648361,10.2042
-0.54689,0.526962,10.0923
-0.442154,0.581711,10.1138
-0.301712,0.505539,10.1804
-0.230301,0.272263,10.2375
0.705185,-0.520401,9.96379
0.467148,-0.727493,10.2185
1.00273,-0.927444,10.6065
1.28838,-0.917923,10.497
1.46928,-0.908401,10.3256
1.55022,-1.02028,10.2018
1.60258,-1.03218,9.90904
1.56688,-1.23213,9.74956
1.49547,-1.16072,9.68053
1.49785,-0.848892,9.80907
2.45238,-1.6963,9.94713
2.45,-1.80818,9.72813
2.4619,-1.84865,9.60912
2.35002,-1.89388,9.82335
2.28337,-1.99623,10.109
2.32622,-1.91054,10.2518
2.47142,-1.82246,10.3113
2.57854,-1.70821,10.3256
2.6071,-1.6606,10.2732
2.61662,-1.63679,10.1994
2.59282,-1.58919,10.0614
2.54997,-1.69392,10.1138
2.54759,-1.99147,10.0447
2.52617,-2.02242,10.1328
2.63567,-1.97719,10.1328
2.62852,-1.95576,10.3137
2.77135,-2.06526,10.2804
2.73802,-2.07954,10.1804
2.72374,-2.08669,10.09
2.58806,-1.99385,10.0852
2.4738,-2.13191,10.0542
2.39049,-2.36281,10.0043
2.34526,-2.45088,9.89952
2.37859,-2.42946,9.85905
2.39525,-2.17476,9.90904
2.4738,-2.10573,9.87096
2.45476,-2.15572,9.66624
2.39525,-2.19618,9.51152
2.33098,-2.23903,9.40678
2.26671,-2.2795,9.46153
2.24767,-1.99861,9.46867
2.32384,-1.89388,9.56389
2.30956,-1.74629,9.64006
2.25957,-1.65346,9.59721
2.22862,-1.563,9.65196
2.21672,-1.53206,9.53294
2.20006,-1.60109,9.47343
2.21672,-1.53682,9.48058
2.13103,-1.38448,9.41869
2.10722,-1.3083,9.45915
2.16911,-1.34877,9.5139
2.17625,-1.47255,9.48772
2.24052,-1.57729,9.43773
2.27385,-1.5392,9.44725
2.27861,-1.50349,9.41393
2.19054,-1.52016,9.42345
2.27147,-1.5511,9.40678
2.22148,-1.60347,9.32109
2.18101,-1.65346,9.28538
2.23814,-1.70107,9.39726
2.25957,-1.72963,9.43535
2.29289,-1.69154,9.37584
2.25481,-1.60347,9.44249
2.25243,-1.61775,9.44725
2.21672,-1.57729,9.39964
2.19292,-1.47017,9.49486
2.19292,-1.46065,9.60435
2.16197,-1.47255,9.59245
2.21196,-1.49159,9.67577
2.15721,-1.59871,9.60912
2.13817,-1.71059,9.65196
2.18578,-1.68678,9.53532
2.1834,-1.6606,9.56865
2.14769,-1.63203,9.61626
2.10722,-1.60823,9.502
2.04057,-1.59633,9.58769
2.08818,-1.73915,9.54246
2.13103,-1.74867,9.55437
2.07628,-1.61537,9.56627
2.13103,-1.54872,9.52818
2.10008,-1.69868,9.51628
2.04057,-1.65108,9.5139
2.04771,-1.6725,9.56389
2.08104,-1.66298,9.58055
2.03819,-1.60109,9.53532
2.00249,-1.58443,9.54485
2.05962,-1.58681,9.48296
2.12151,-1.66298,9.57341
2.1227,-1.56538,9.53294
2.10603,-1.5392,9.62459
2.10484,-1.71654,9.5746
2.02867,-1.78557,9.48177
1.99178,-1.66536,9.39012
1.98225,-1.63679,9.38774
1.99059,-1.67964,9.37822
2.05009,-1.62489,9.50676
1.99535,-1.74748,9.42464
1.99654,-1.81294,9.502
2.01915,-1.77962,9.54365
1.9894,-1.68202,9.52818
2.0013,-1.60109,9.53651
2.1096,-1.81651,9.51152
2.15483,-1.76772,9.59602
2.0977,-1.60942,9.67696
2.04176,-1.45827,9.70195
2.0858,-1.53087,9.65434
2.0858,-1.63441,9.61269
1.99535,-1.69749,9.60197
2.06438,-1.74748,9.54008
2.14174,-1.60109,9.53651
2.09413,-1.5761,9.54365
2.03462,-1.4666,9.58531
2.03462,-1.42256,9.57936
2.037,-1.5761,9.47701
2.05128,-1.56895,9.41631
2.10008,-1.65822,9.4044
2.10722,-1.58562,9.43059
2.10484,-1.42851,9.56151
2.14293,-1.37495,9.63887
2.17744,-1.52968,9.60674
2.10841,-1.65941,9.60317
2.1346,-1.75819,9.63649
2.14888,-1.74867,9.55437
2.2072,-1.56895,9.67934
2.19768,-1.67964,9.52223
2.12865,-1.75343,9.55437
2.17149,-1.69392,9.53413
2.18459,-1.5511,9.47343
2.03224,-1.41185,9.44963
2.01082,-1.51064,9.46986
2.10365,-1.57252,9.47105
2.3167,-1.84151,9.40678
2.24409,-1.76653,9.31038
2.07509,-1.49397,9.48058
2.07152,-1.36662,9.49367
2.09532,-1.41542,9.46867
2.14888,-1.65822,9.4413
2.16673,-1.62727,9.48415
2.13936,-1.57848,9.44963
2.15245,-1.52373,9.57579
2.11794,-1.42732,9.59245
2.13341,-1.5154,9.56627
2.1096,-1.60823,9.58055
2.23933,-1.60228,9.75789
2.16911,-1.563,9.68886
2.15007,-1.5392,9.71147
2.16078,-1.47255,9.70314
2.1703,-1.48921,9.64125
2.09889,-1.52135,9.58293
2.10484,-1.563,9.42464
2.11794,-1.55705,9.46391
2.17982,-1.58443,9.3568
2.14531,-1.67131,9.32704
2.11674,-1.55467,9.38893
2.0977,-1.54753,9.38417
2.12984,-1.4547,9.43535
2.08342,-1.44279,9.40678
2.14174,-1.53682,9.46867
2.20125,-1.57967,9.49248
2.16673,-1.63679,9.45915
2.07985,-1.57372,9.51747
2.08223,-1.41304,9.54246
2.04176,-1.39995,9.54604
2.05247,-1.49278,9.61388
2.16673,-1.56419,9.54723
2.19173,-1.63799,9.58769
2.18935,-1.56062,9.60792
2.14293,-1.58324,9.59602
2.12746,-1.50468,9.61864
2.08818,-1.43803,9.57579
2.09294,-1.51064,9.53175
2.08937,-1.57848,9.46153
2.1465,-1.63203,9.33775
2.11436,-1.58919,9.26515
2.01082,-1.43089,9.32823
2.06676,-1.51064,9.26396
2.1584,-1.44041,9.1259
2.05962,-1.39162,9.16994
2.07866,-1.38805,9.114
2.17744,-1.54158,9.05687
2.29884,-1.48088,8.99736
2.21077,-1.30592,8.94499
2.24886,-1.29759,8.726
2.24171,-1.26784,8.53081
2.19411,-1.16191,8.19637
2.11674,-1.11549,7.9012
2.27861,-1.17857,7.73933
2.67613,-1.0786,7.64412
3.10103,-0.988144,7.70006
3.57234,-1.37376,7.85597
3.89012,-1.55229,7.87859
3.99962,-1.2476,8.11543
4.2805,-1.29402,8.15709
4.39833,-1.17738,8.08806
4.37572,-0.83461,8.21065
4.62804,-0.859604,8.27968
4.83037,-1.18214,8.19994
5.33739,-1.82365,8.09401
5.48973,-1.36305,7.86787
5.53734,-0.745346,8.06068
6.03008,-0.775101,7.97737
6.27049,-0.751297,7.58104
6.42998,-0.859604,7.4156
6.62636,-0.789383,7.174
6.87749,-0.794144,6.94786
7.11314,-0.70726,6.76457
7.35832,-0.349014,6.86574
7.79155,-0.571579,6.99785
8.10576,-0.848892,6.71339
8.12123,-0.83699,6.58962
8.13789,-0.682266,6.4944
8.15099,-0.521591,6.31944
8.17717,-0.459702,6.0338
8.11409,-0.234756,5.72673
8.38307,-0.393051,5.3542
8.71037,-0.489456,5.03642
8.97578,-0.485886,4.8091
9.18169,-0.337112,4.77696
9.29475,-0.235947,4.74126
9.40187,-0.358536,4.56035
9.41377,-0.57634,4.3354
9.37093,-0.604904,4.23424
9.3495,-0.337112,4.17949
9.27095,-0.180008,4.14616
9.30428,-0.228806,3.95692
9.34355,-0.346634,3.68675
9.31023,-0.284744,3.50108
9.27571,-0.0383759,3.24281
9.14241,0.227036,2.95955
8.98769,0.366287,2.71437
9.07338,0.463882,2.7227
9.18407,0.498398,2.66319
9.40187,0.347244,2.493
9.51494,0.327011,2.08238
9.4959,0.454361,2.17403
9.43401,0.618607,1.98479
9.42567,0.57457,2.01811
9.41853,0.303207,2.02882
9.50066,0.12468,2.08238
9.52684,0.418655,2.03835
9.43758,0.531723,1.89433
9.41615,0.275833,1.91219
9.44829,0.366287,1.96931
9.44472,0.650742,1.90266
9.49352,0.418655,1.90981
9.53874,0.287735,1.82649
9.50304,0.666214,1.88362
9.46971,0.729294,1.70509
9.51851,0.347244,1.64796
9.47923,0.494827,1.65392
9.43996,0.628128,1.80507
9.44829,0.546005,1.70985
9.41139,0.518631,1.61226
9.40425,0.353195,1.61226
9.3495,0.45079,1.65034
9.33284,0.617416,1.84196
9.35188,0.497208,1.89671
9.54945,0.180618,1.74913
9.6161,0.248459,1.9586
9.47328,0.784042,2.31209
9.44353,0.555527,2.38112
9.49709,0.149673,2.3835
9.54112,0.388901,2.48347
9.40782,0.782852,2.52513
9.45662,0.779282,2.59178
9.57326,0.325821,2.90004
9.69466,0.105637,3.40587
9.73274,0.268692,3.40944
9.70894,0.426987,3.60463
9.5804,0.246078,3.70818
9.37569,0.0830231,3.90575
9.30785,0.184189,4.16283
9.41377,0.000900269,4.22829
9.44353,-0.133591,4.30446
9.43639,-0.110977,4.56035
9.31499,-0.278793,4.70912
9.16978,-0.526352,4.86147
9.0948,-0.625137,5.06261
9.07695,-0.776291,5.20781
8.91985,-0.650131,5.4518
8.84248,-0.504929,5.7184
8.77821,-0.744156,5.89693
8.72704,-1.10002,6.10402
8.44972,-0.976242,6.17781
8.16289,-0.888168,6.61104
7.97603,-0.70607,6.75862
7.75941,-0.841751,6.95262
7.58327,-1.0417,7.09187
7.28929,-1.10716,7.18828
6.85844,-1.06908,7.27397
6.41093,-1.1024,7.44774
6.26692,-1.21428,7.76552
6.13005,-1.15358,7.79051
5.65398,-0.947678,7.85835
5.22789,-0.831039,8.01308
5.06245,-1.16191,8.38799
5.01485,-1.32735,8.28682
4.58519,-1.0179,8.27968
4.03651,-0.806046,8.18089
3.48546,-0.503738,8.01427
2.76064,-0.32402,7.75005
2.32622,-0.737015,7.7679
2.09651,-0.765579,7.55962
1.55141,-0.381149,7.49297
1.1515,-0.382339,7.58223
1.1515,-0.735825,7.43465
0.971786,-0.953629,7.2942
0.896805,-0.909592,7.59056
0.980118,-0.759628,8.00951
1.10866,-1.00362,8.24873
1.17769,-0.914352,8.3856
1.16936,-0.895309,8.68791
1.60854,-1.07503,9.15922
1.8549,-1.08455,9.51628
1.99059,-1.0905,9.62816
1.98106,-1.24641,9.72218
1.92513,-1.37852,9.91618
2.07985,-1.5761,10.065
1.9287,-1.44875,10.0995
1.90608,-1.40471,10.0888
1.77278,-1.35472,10.0078
1.73589,-1.26546,9.87096
1.67995,-1.20476,9.86501
1.66924,-1.19167,9.87215
1.843,-1.26189,9.89119
1.76802,-1.2726,9.71861
1.60377,-1.42732,9.52699
1.61925,-1.47136,9.55556
1.72874,-1.25594,9.54008
1.64662,-1.1631,9.50795
1.51927,-1.18333,9.37108
1.65733,-1.20119,9.43416
1.82991,-1.15953,9.48653
1.73232,-1.08574,9.54604
1.60497,-1.16072,9.61031
1.67757,-1.21904,9.55675
1.7216,-1.27022,9.57579
1.77754,-1.33925,9.68886
1.81801,-1.31902,9.7924
1.94179,-1.35591,9.74837
1.90727,-1.37614,9.69481
1.81206,-1.27974,9.72337
1.78587,-1.14406,9.79598
1.80492,-1.18214,9.85429
1.77635,-1.20119,9.78764
1.78944,-1.22499,9.82811
1.73827,-1.17976,9.97688
1.76326,-1.26903,10.059
1.8311,-1.25594,10.2066
1.84895,-1.15834,10.378
1.18483,-1.62965,11.3039
1.0182,-1.76414,11.2206
0.457626,-1.88316,11.0171
0.0827179,-1.83199,10.9159
-0.380264,-1.57133,10.3851
-0.877762,-1.6118,10.178
-1.17769,-1.51659,9.74361
-1.78111,-1.08217,9.34966
-2.21315,-1.00243,9.37822
-2.27861,-1.09645,9.18898
-5.88487,-0.716782,6.65388
-6.17409,-0.625137,6.6884
-6.26573,-0.760818,6.71934
-6.4752,-0.838181,6.45036
-6.8763,-0.431137,6.25517
-7.26549,-0.315689,5.9731
-7.36665,-0.482315,5.93977
-7.43092,-0.334732,5.72792
-7.68205,-0.300217,5.95048
-7.88915,-0.19191,5.29945
-8.25334,0.00209045,4.65556
-8.40926,0.240128,4.68294
-8.41402,0.207993,5.07332
-8.48186,0.134201,5.0638
-8.70442,0.298447,4.66627
-8.89961,0.516251,4.45323
-8.92104,0.462692,4.30208
-8.91628,0.227036,4.45442
-8.91628,0.200851,4.31279
-9.06386,0.505539,3.93074
-9.19835,0.628128,3.65819
-9.24834,0.441269,3.39159
-9.25667,0.302017,3.50584
-9.35664,0.419846,3.44276
-9.43401,0.607895,3.39397
-9.3864,0.64003,3.18806
-9.38997,0.503159,2.65129
-9.53517,0.559097,2.49776
-9.5685,0.51387,2.35136
-9.66847,0.371048,2.37279
-9.73988,0.440079,2.20973
-9.92555,0.685257,1.80388
-10.0708,0.785233,1.59917
-9.95055,0.57576,1.65749
-9.75297,0.394852,1.90862
-9.77321,0.481735,2.17522
-9.88271,0.562668,2.17403
-9.69585,0.263931,2.13475
-9.58873,0.423416,2.12166
-9.64824,0.407944,2.14546
-9.7018,0.232986,2.36446
-9.88032,0.349625,2.23473
-9.94341,0.473404,1.85863
-9.97316,0.670975,1.68724
-9.87437,0.623367,1.72652
-9.86485,0.366287,1.96455
-9.86009,0.362717,2.299
-9.91603,0.379379,1.94313
-9.92079,0.279404,1.8622
-9.91246,0.32106,1.98122
-9.72798,0.249649,2.01811
-9.77797,0.430557,2.23711
-9.77559,0.410324,2.2383
-9.76964,0.198471,2.02168
-9.7982,0.325821,2.03835
-9.8351,0.475784,2.28114
-9.78035,0.460312,2.16331
-9.84343,0.336533,1.81578
-9.85295,0.484116,1.45873
-10.0362,0.409134,1.34566
-9.88032,0.348434,1.37541
-9.7625,0.590042,1.54204
-9.72798,0.394852,1.68843
-9.46019,0.19371,2.01454
-9.47328,0.304398,2.48467
-9.57683,0.31868,2.59773
-9.46971,0.505539,2.81078
-9.50542,0.462692,3.00002
-9.48042,0.0532684,3.09523
-9.52803,0.152054,3.3654
-9.44829,0.519821,3.50465
-9.50066,0.324631,3.3773
-9.39592,-0.00267029,3.37611
-9.30785,0.0663605,3.56059
-9.0472,0.147293,4.12593
-9.07219,-0.250229,4.05333
-8.9734,-0.352585,3.77959
-8.81749,-0.108597,3.63081
-8.55208,-0.170486,3.8022
-8.19502,-0.631088,4.21877
-8.02126,-0.587051,4.41753
-8.01411,-0.200241,4.32707
-7.69276,0.00447083,4.45918
-7.44997,0.108017,4.79362
-7.29762,-0.0943146,5.30421
-7.07625,-0.250229,5.48869
-6.72633,-0.282364,5.75172
-6.13243,-0.12645,6.16115
-5.65279,-0.525162,6.58723
-5.66112,-0.470413,6.59438
-5.76347,0.0128021,6.81218
-5.23146,-0.212143,7.31087
-4.14958,-0.51326,7.9619
-3.38191,-0.716782,8.33443
-3.79848,-0.615616,7.90834
-4.05318,-0.602524,8.41774
-3.20815,-0.626328,9.53294
-1.94655,-0.981003,10.4803
-1.17293,-1.25117,10.3815
-1.17888,-1.1024,10.4125
-1.58235,-1.24403,10.2161
-1.22768,-2.03432,10.9005
-0.116043,-2.12001,11.3158
0.120804,-1.4904,11.1837
-0.584976,-0.944107,10.3542
-0.642105,-0.798904,10.1804
0.107712,-1.47017,10.5172
0.840866,-1.54039,10.8779
0.965836,-1.22142,11.0873
0.92894,-1.09764,10.6493
0.942032,-0.977432,10.3113
0.940842,-1.03456,10.3625
1.16817,-1.25832,10.6969
1.43239,-1.40947,10.4649
1.60377,-1.38567,10.3339
1.74065,-1.15596,9.9864
1.7216,-1.10954,10.3078
2.23338,-1.16191,10.5041
2.64162,-1.49635,10.5137
2.61067,-1.37614,10.2137
2.42738,-0.935776,10.1935
2.63805,-1.27974,10.1149
2.79039,-1.44637,9.9626
2.79872,-1.22023,9.98879
3.12721,-1.2119,10.3066
3.47356,-1.11549,10.4018
3.49498,-1.33687,10.0304
3.27956,-1.07979,10.084
2.83205,-0.926254,9.90904
2.64757,-0.864365,9.70076
2.4857,-0.932205,9.54365
2.47975,-0.994095,9.36275
2.62852,-1.07384,9.48534
2.60472,-1.1512,9.44011
2.56664,-1.05122,9.30086
2.5107,-1.01909,9.32228
2.43929,-0.867935,9.31157
2.33574,-0.969101,9.32347
2.45952,-0.997665,9.26277
2.38216,-0.891739,9.32466
2.46785,-1.0667,9.22469
2.47975,-0.956009,9.28896
2.45476,-0.978622,9.18779
2.40358,-0.969101,9.21278
2.39287,-0.911972,9.27229
2.37144,-0.865555,9.27824
2.36311,-0.829849,9.45201
2.50594,-1.02028,9.28657
2.47737,-0.8965,9.43416
2.49522,-1.02861,9.48653
2.53926,-1.05122,9.46391
2.49284,-0.979813,9.50676
2.4976,-1.08812,9.57103
2.52141,-1.07027,9.53413
2.46785,-1.01671,9.54842
2.52141,-1.05122,9.58174
2.61067,-1.06908,9.61388
2.50475,-1.09288,9.54961
2.50832,-1.15001,9.44011
2.5833,-1.0905,9.51033
2.56068,-1.11668,9.45796
2.53093,-1.20357,9.35084
2.59282,-1.12978,9.23421
2.50356,-1.16072,9.11995
2.53093,-1.35115,9.08186
2.59044,-1.29402,9.06877
2.64162,-1.40709,9.07948
2.81538,-1.68678,9.12233
2.79991,-1.77129,9.02116
2.79277,-1.8665,9.0533
2.63924,-1.7213,9.02235
2.62257,-1.94029,9.13066
2.79277,-2.25093,9.29015
2.98558,-2.50206,9.36394
2.92607,-2.76866,9.2711
2.68208,-2.64845,9.31633
2.72374,-2.44612,9.3806
3.1165,-2.81746,9.30919
3.69612,-3.07573,9.40559
4.03532,-2.93648,9.59602
3.95439,-2.43541,9.78645
4.16862,-2.57942,9.7686
4.32573,-3.01503,9.47105
4.27098,-2.86745,9.44249
4.38048,-2.27235,9.89238
4.63161,-1.66893,10.1054
4.62923,-1.53087,9.99831
4.62566,-1.52016,10.4387
4.778,-1.46779,10.7648
4.89464,-1.49397,10.8017
4.93987,-1.37972,10.9219
4.87917,-1.00957,10.9374
4.54948,-1.26427,10.9754
4.68517,-1.63322,10.8636
4.33525,-1.36662,10.7374
3.9044,-0.603714,10.7779
3.64613,0.404373,10.6731
3.14864,0.419846,10.4541
2.76421,0.0151825,10.5315
2.96892,0.261551,10.6839
2.88799,0.473404,10.7624
2.52974,0.466263,10.2613
2.17982,0.632889,10.1149
2.20839,0.635269,10.0923
2.26552,0.559097,10.1947
1.87752,0.570999,9.95308
1.68233,0.443649,9.82097
1.74065,0.19371,9.52699
1.57402,0.309158,9.19374
1.15508,0.824509,9.45677
0.937271,1.40651,9.58888
0.623062,1.53624,9.1021
0.267197,0.503159,8.47844
-0.195786,0.678116,8.39989
-0.792068,1.64812,8.85097
-1.02415,2.01945,9.06401
-1.10866,1.77785,8.71053
-1.12413,0.147293,7.70363
-1.31813,-0.595383,7.51796
-1.3586,1.09349,8.32133
-1.16341,1.66954,8.66292
-1.13127,1.20299,8.43916
-1.40263,0.922104,8.1916
-1.67638,0.0865936,7.45607
-1.82515,0.19371,7.40132
-2.08223,1.29344,7.8524
-2.24648,1.30772,7.85121
-2.33217,0.715012,7.71434
-2.07866,0.19371,7.42155
-2.23695,-0.13002,7.3799
-2.46904,0.140152,7.67625
-2.35359,0.403183,8.15114
-2.0251,0.0258942,8.20113
-1.80016,-0.359726,7.97975
-1.96083,-0.371628,7.86311
-1.87514,-0.70607,7.91191
-1.39192,-1.14406,8.13924
-1.55498,-1.61656,8.24278
-1.7942,-1.22023,8.02022
-1.32408,-0.810806,8.15233
-0.712326,-1.37019,8.34038
-0.5457,-2.22475,8.25468
-0.326706,-2.47112,8.62602
-0.0743866,-2.7282,8.67006
-0.461197,-2.83174,8.41536
-0.881332,-2.43779,8.50938
-0.746841,-1.76295,9.24135
-0.139847,-1.21428,9.92571
-0.276718,-2.12001,9.28657
-0.258865,-3.17332,9.0771
0.427872,-2.70796,9.94475
0.901566,-1.64513,10.7291
0.895615,-2.09026,10.4434
0.905136,-3.03407,10.1673
1.79659,-3.2495,10.5339
1.71684,-2.83412,10.6708
1.03963,-2.55681,10.8243
1.44786,-2.20332,11.0564
1.9287,-1.83199,11.2789
1.83229,-1.90221,11.2099
1.50975,-2.80199,10.7731
2.07866,-2.91148,11.1147
2.50237,-1.61299,11.536
2.01082,-0.70845,11.2301
1.81682,-1.16667,10.7398
2.13579,-2.36876,10.6362
2.29765,-1.94743,10.929
1.98225,-0.916733,10.9505
1.85728,-0.268082,10.791
2.02272,-0.64299,10.5684
2.29051,-1.40709,10.5006
2.40596,-1.27498,10.6017
2.25362,-1.20952,10.5625
2.42857,-1.38567,10.1899
2.55949,-1.05241,10.209
2.14769,-0.996475,10.0138
2.09294,-1.02028,9.89119
2.19292,-1.09407,9.82097
2.32741,-1.14644,9.70195
2.22624,-0.967911,9.65553
2.36192,-0.916733,9.66743
2.45,-1.03099,9.63887
2.47142,-1.19643,9.69005
2.44167,-1.15239,9.66981
2.48808,-1.38448,9.55794
2.39406,-1.66893,9.47224
2.23814,-1.70702,9.5627
2.22386,-1.75462,9.61507
2.23338,-1.64513,9.66267
2.17863,-1.82841,9.62459
2.35121,-2.12953,9.65672
2.56306,-2.36876,9.54246
2.44881,-2.34853,9.44606
2.28932,-2.13548,9.52699
2.26076,-2.13548,9.41512
2.32741,-2.24022,9.42345
2.12865,-2.1581,9.28896
1.98701,-1.90102,9.2473
2.02748,-1.99742,9.22826
2.02272,-2.1819,9.14137
2.02272,-2.08549,9.28181
2.12865,-1.98433,9.36156
2.25838,-2.18904,9.3568
2.28456,-2.33781,9.46272
2.29408,-2.05693,9.57103
2.26671,-2.05217,9.63768
2.36787,-2.34019,9.52461
2.29646,-2.28545,9.4901
2.16316,-2.06288,9.44844
2.14531,-2.12001,9.42821
1.99892,-2.14738,9.31871
2.10841,-2.21523,9.33537
2.22624,-2.26164,9.26396
2.06438,-2.13072,9.35204
2.21434,-2.02718,9.52461
2.33217,-2.08669,9.51033
2.2679,-2.19261,9.52699
2.231,-2.16643,9.45677
2.14531,-2.03432,9.4044
2.04295,-2.05098,9.38774
2.09413,-2.10573,9.32109
2.11555,-1.83318,9.43773
2.13698,-1.80342,9.35084
2.20482,-2.11763,9.14375
2.17982,-2.11049,9.10805
2.20601,-1.8177,9.19136
2.3036,-1.80223,9.12352
2.28694,-1.91768,9.17589
2.29289,-2.07835,9.2592
2.3524,-2.02361,9.31752
2.26195,-2.15929,9.34727
2.31432,-2.41518,9.49129
2.50594,-2.45564,9.71385
2.50237,-2.23308,9.79836
2.35954,-2.4604,9.75313
2.23338,-2.4604,9.56865
2.26671,-2.38542,9.56032
2.26671,-2.2188,9.46748
2.17982,-2.26878,9.37346
2.14055,-2.27473,9.34727
2.28337,-2.11644,9.38655
2.19887,-2.10097,9.35323
2.19173,-2.09264,9.37227
2.28932,-1.94624,9.34966
2.36668,-1.83913,9.47462
2.31908,-2.0367,9.36989
2.36192,-2.16286,9.26634
2.35597,-1.98909,9.15685
2.32622,-1.87126,9.25206
2.33574,-1.84151,9.19374
2.38573,-1.94981,9.15328
2.42976,-1.54396,9.20564
2.39168,-1.39043,9.2711
2.61305,-1.46065,9.26515
2.7047,-1.07265,9.2592
2.65709,-1.00005,9.14732
2.68803,-0.775101,9.15803
2.54521,-0.479935,9.21992
2.60353,-0.660843,9.14494
2.76897,-0.988144,9.12352
2.75945,-0.369247,9.51271
2.838,-0.0419464,9.66981
2.94987,0.12468,9.70433
3.08437,0.173477,9.80193
3.32835,0.416275,9.99712
3.41286,0.5103,10.1209
3.30812,0.336533,10.153
3.35335,-0.432327,10.1447
3.42119,-0.488266,10.5244
3.61519,-0.546585,10.8814
3.77824,-0.744156,11.0266
3.79967,-0.791763,11.5467
4.01152,-1.75938,11.73
3.99605,-2.33186,11.9466
4.05199,-1.99147,12.3573
4.05794,-1.94029,12.2608
4.04009,-2.18666,12.2168
3.94487,-2.57585,11.9395
3.68422,-2.49373,11.8776
3.27242,-2.28664,11.6122
2.91893,-2.01765,11.2932
2.57021,-1.93196,11.048
2.38573,-2.37471,10.6589
2.31432,-2.54967,10.522
1.84062,-2.558,10.3863
1.25386,-2.76866,10.0661
0.919418,-2.52586,9.79716
0.869431,-2.56395,9.49486
0.601639,-2.69249,9.35799
0.130325,-2.94005,9.23778
0.124374,-2.89482,9.11995
0.219589,-2.42113,9.19255
-0.232681,-2.45326,8.79384
-0.665909,-2.33305,8.47725
-0.913467,-2.06526,8.24873
-1.25148,-1.93553,7.92024
-1.71089,-1.52492,7.77385
-1.95131,-0.840561,7.80955
-2.19887,-0.853653,7.74648
-2.42738,-1.15834,7.42513
-2.53331,-1.10597,7.49059
-2.51665,-0.787003,7.79051
-2.72731,-0.885788,7.69411
-2.77849,-0.782242,7.71434
-2.51903,-0.138351,7.93929
-2.79872,0.0615997,7.76314
-3.05818,-0.0229034,7.52153
-2.95821,-0.0788422,7.45369
-2.96416,-0.32164,7.49297
-3.24861,-0.503738,7.56795
-2.74873,0.460312,8.02379
-2.24767,1.18633,8.37013
-2.64757,0.584091,7.94643
-2.81895,0.237747,7.731
-2.46428,0.822128,8.07616
-2.89394,0.888779,7.731
-3.33073,0.168716,7.41679
-2.76778,0.757858,8.10115
-2.40001,1.76118,8.41298
-2.8261,1.8326,8.07497
-2.69756,1.4803,8.16423
-2.45238,1.51363,8.39037
-2.27266,0.880447,8.39632
-1.96678,0.417465,8.57246
-1.45143,1.78856,9.34966
-1.3336,3.06563,9.34966
-1.87038,2.1349,8.29991
-2.26552,0.0877838,7.71077
-1.67757,0.557907,9.11876
-1.30028,2.33366,9.90309
-1.59544,2.46101,9.3199
-1.3943,1.97185,9.27586
-1.22649,1.81831,9.7448
-1.31694,1.42198,9.92451
-1.10628,1.52672,10.0685
-0.745651,1.95757,10.2923
-0.695663,1.84926,10.1614
-0.344559,1.29106,10.1745
-0.070816,0.904251,10.3054
-0.365982,0.615036,10.4446
-0.133896,1.39461,10.9017
0.371933,2.04683,10.9516
0.106522,1.42674,10.6541
-0.168411,0.279404,10.3589
0.464767,0.203232,10.6981
0.900375,0.44722,10.716
0.853958,0.656693,10.7969
0.837296,0.528152,10.7695
0.811111,0.516251,11.0302
1.0063,0.303207,11.0552
1.19792,-0.553726,10.4506
1.35622,-0.727493,10.209
1.25267,0.117538,10.4494
1.05272,0.428177,10.6315
1.26695,0.0580292,10.5458
1.49428,-0.595383,10.2863
1.59544,-1.02147,10.159
1.65495,-0.679886,10.1554
1.5883,-0.435898,10.1019
1.32646,-0.481125,9.96736
1.1765,-0.656082,10.1078
1.45976,-1.03099,10.1304
1.70732,-1.29521,9.89476
1.49666,-1.25832,9.88762
1.49071,-0.775101,9.98402
1.58711,-0.391861,10.228
1.65495,-0.859604,10.1447
1.70851,-1.44875,9.88405
1.74541,-1.62727,9.82454
1.78944,-1.1631,10.0257
1.7585,-0.789383,10.0031
1.65376,-0.751297,10.0197
1.69423,-0.959579,10.078
1.86681,-1.46303,9.81383
1.7823,-1.33806,9.88286
1.65257,-0.956009,9.93999
1.81801,-1.09764,9.69362
1.70732,-1.1881,9.671
1.48357,-1.34639,9.74123
1.53593,-1.35472,9.8781
1.52403,-1.54991,9.73647
1.56093,-1.87245,9.57698
1.60735,-1.64989,9.65196
1.52879,-1.3083,9.7448
1.37764,-1.02504,9.9388
1.41335,-0.96434,9.83644
1.35146,-1.01076,9.72218
1.35503,-1.13811,9.6591
1.49666,-1.03575,9.74361
1.51927,-1.06908,9.79121
1.46333,-1.22737,9.76622
1.64305,-1.08336,9.8055
1.69423,-0.925064,9.89595
1.70256,-0.945297,9.96855
1.62996,-1.16191,9.84239
1.67757,-1.3452,9.85429
1.72755,-1.25475,9.7805
1.64424,-1.12263,9.78883
1.59901,-0.826279,9.8412
1.61687,-0.798904,9.77693
1.65733,-0.879837,9.70195
1.52522,-0.967911,9.59364
1.5645,-0.894119,9.61507
1.56093,-0.727493,9.61388
1.63234,-0.739395,9.59483
1.59901,-0.690598,9.59483
1.57283,-0.876266,9.57936
1.72279,-1.09883,9.61626
1.75374,-0.954819,9.6472
1.57402,-0.856033,9.67815
1.46571,-0.646561,9.70433
1.58116,-0.679886,9.76979
1.69304,-0.951248,9.77098
1.68947,-0.927444,9.75551
1.63591,-0.966721,9.82692
1.66566,-1.00362,9.77574
1.60377,-1.11668,9.74956
1.55617,-1.00124,9.79359
1.44548,-0.845322,9.77098
1.41216,-0.913162,9.71623
1.45976,-0.940536,9.66981
1.46214,-1.07741,9.60674
1.5276,-1.06313,9.59959
1.61211,-1.04765,9.64006
1.66447,-0.908401,9.69481
1.59901,-1.00362,9.64601
1.56926,-1.09764,9.65077
1.49428,-0.919113,9.70195
1.54546,-0.923874,9.68648
1.53831,-0.906021,9.60792
1.63472,-1.17262,9.59483
1.65852,-1.09645,9.72337
1.53236,-0.894119,9.75551
1.52403,-1.05122,9.67696
1.58116,-1.31783,9.57936
1.5395,-1.09407,9.67815
1.55379,-0.879837,9.75432
1.52046,-0.851273,9.82335
1.57283,-0.977432,9.82454
1.56331,-1.15239,9.76622
1.64424,-1.29878,9.77455
1.65376,-1.15239,9.80431
1.62877,-1.1631,9.70909
1.64424,-1.1869,9.62935
1.60258,-1.11549,9.63649
1.60258,-1.37019,9.54128
1.5764,-1.36662,9.60197
1.5395,-1.175,9.65791
1.49309,-1.03694,9.68053
1.61449,-1.19524,9.71861
1.67995,-1.2476,9.67577
1.62163,-1.24998,9.71385
1.59187,-1.39281,9.65434
1.63829,-1.40233,9.66505
1.6002,-1.29045,9.6841
1.62163,-1.3821,9.70909
1.71446,-1.64156,9.56151
1.73112,-1.86888,9.57579
1.70375,-1.92839,9.62221
1.71684,-2.07121,9.43892
1.66566,-2.01884,9.42107
1.67162,-2.00099,9.56984
1.59187,-2.80794,9.05806
1.66924,-4.5218,8.27968
1.60735,-5.7227,7.756
1.53593,-6.14641,7.65721
1.44072,-6.00954,7.88216
1.27528,-5.97621,7.75481
1.16579,-6.68556,7.06331
1.04558,-7.29613,6.37895
0.975357,-7.64723,6.18733
0.953934,-7.83885,6.0695
0.771835,-8.37682,5.60295
0.696854,-8.94334,5.11021
0.686142,-8.92311,4.99596
0.686142,-8.82076,4.821
0.694473,-8.98143,4.28661
0.60759,-9.05165,3.62605
0.499283,-9.42656,2.99883
0.433823,-9.9062,2.57036
0.426682,-10.0895,2.3109
0.180313,-9.78838,1.72533
0.164841,-9.77052,1.16951
0.0410614,-10.1621,0.414932
-0.0672455,-10.631,-0.171829
-0.0803375,-10.712,-0.480087
-0.129135,-10.2014,-0.364639
-0.0148773,-9.92287,-0.442001
-0.0374908,-9.70149,-1.05852
-0.142227,-9.76814,-1.44295
-0.175552,-10.0288,-1.91545
-0.108902,-10.3763,-2.20229
-0.181503,-10.4239,-2.76048
-0.256485,-9.98595,-2.92354
-0.180313,-9.72649,-2.81285
-0.155319,-9.64436,-2.87355
-0.175552,-9.65031,-3.11159
-0.211258,-9.61461,-3.41151
-0.219589,-9.5551,-3.4008
-0.231491,-9.36943,-3.54124
-0.380264,-9.24803,-3.74596
-0.425491,-9.41466,-4.16252
-0.338608,-9.56938,-4.22084
-0.243393,-9.38847,-4.27916
-0.281479,-9.23494,-4.32439
-0.274338,-8.96953,-4.01018
-0.208878,-8.72197,-3.88164
-0.329086,-8.82076,-4.21846
-0.367172,-9.44203,-4.73262
-0.344559,-9.31111,-4.89091
-0.393356,-9.14211,-4.82426
-0.387405,-8.93263,-4.50291
-0.142227,-8.72673,-4.4565
-0.205307,-8.78743,-4.60527
-0.41716,-9.11592,-4.85045
-0.392166,-9.26588,-5.01469
-0.374313,-9.04689,-4.70168
-0.376694,-8.78862,-4.51482
-0.269577,-8.7303,-4.44579
-0.183884,-9.15401,-4.58861
-0.276718,-9.26231,-4.76237
-0.41716,-9.17067,-4.82188
-0.295761,-8.76125,-4.5291
-0.218399,-8.63866,-4.3839
-0.270767,-9.02666,-4.46602
-0.273148,-9.12306,-4.55528
-0.383835,-9.01118,-4.64812
-0.374313,-8.82314,-4.54219
-0.292191,-8.79219,-4.35057
-0.258865,-9.0219,-4.39937
-0.199356,-9.05046,-4.53743
-0.305283,-9.24922,-4.80284
-0.382645,-9.29564,-4.75523
-0.367172,-9.26469,-4.59694
-0.305283,-9.22304,-4.36128
-0.300522,-9.36943,-4.21013
-0.218399,-9.54201,-3.90425
-0.151749,-9.38371,-3.48531
-0.132706,-9.03618,-3.21394
-0.230301,-9.18138,-3.28893
-0.246964,-9.53487,-3.36748
-0.169601,-9.82884,-3.39128
-0.179123,-10.0585,-3.49483
-0.170792,-10.1407,-3.31749
-0.0886688,-9.87645,-2.87474
0.0493927,-9.72768,-2.40581
0.00654602,-9.86812,-2.12135
0.0303497,-10.4501,-2.21419
0.0743866,-11.0214,-2.18086
0.136276,-10.856,-1.46675
0.136276,-9.65508,-0.265854
0.186264,-9.18495,0.289963
0.179123,-9.75505,0.294724
0.182693,-10.587,0.203079
0.390976,-11.2559,0.488724
0.41597,-10.512,1.41588
0.439774,-8.8755,2.59773
0.474289,-8.72078,3.19283
0.602829,-9.41704,3.12498
0.705185,-9.592,3.35469
0.877762,-9.52177,4.07356
0.882523,-7.93764,5.24709
1.36217,-3.41017,9.12233
0.986069,-1.27617,10.1078
0.876572,-1.5511,9.74123
1.24672,-2.77461,8.94856
1.24553,-2.23427,8.86406
1.07652,-0.496597,9.76622
1.07771,0.491257,10.034
1.3455,0.413895,10.0162
1.5645,0.0508881,9.92094
1.58711,-0.12645,9.91142
1.62877,-0.294266,9.88881
1.53355,-0.115738,10.0507
1.51094,0.315109,10.2554
1.50499,0.0068512,9.99712
1.5157,-0.658462,9.70076
1.455,-0.544205,9.76027
1.51689,-0.352585,9.87215
1.55855,-0.469223,9.79121
1.37526,-0.260941,9.91975
1.35503,-0.187149,9.89595
1.42287,-0.429947,9.82454
1.44786,-0.689407,9.77931
1.55617,-0.679886,9.79955
1.56807,-0.359726,9.97093
1.46928,-0.335922,9.84596
1.52284,-0.756058,9.62816
1.51213,-0.637039,9.61507
1.41097,-0.458511,9.66148
1.38716,-0.290695,9.63411
1.43477,-0.479935,9.63887
1.41692,-0.539444,9.6841
1.43477,-0.413284,9.74242
1.49547,-0.478745,9.74956
1.58711,-0.570389,9.81978
1.49785,-0.485886,9.7924
1.58473,-0.595383,9.74123
1.51094,-0.573959,9.73409
1.39906,-0.433517,9.86739
1.43239,-0.476364,9.83525
1.47166,-0.557297,9.71385
1.46928,-0.375198,9.78169
1.44667,-0.421616,9.84596
1.36455,-0.485886,9.74718
1.36693,-0.508499,9.62935
1.32289,-0.493027,9.56151
1.31218,-0.519211,9.64125
1.33717,-0.547775,9.63768
1.45143,-0.532303,9.75908
1.51689,-0.735825,9.66386
1.47285,-0.658462,9.75075
1.37288,-0.464462,9.76503
1.45024,-0.559677,9.79359
1.49547,-0.613236,9.7805
1.53831,-0.64061,9.77098
1.41335,-0.70607,9.69124
1.31694,-0.647751,9.66981
1.25029,-0.612045,9.74123
1.03011,-0.597763,9.70195
1.04677,-0.750107,9.59007
1.10271,-0.675125,9.58174
1.22292,0.141342,9.84953
1.28719,0.820938,9.96141
1.52046,0.560288,9.67934
1.7347,0.889969,9.54008
1.89061,1.84093,9.74718
1.71327,2.50029,9.41869
1.70375,3.01683,9.23659
1.69304,3.19298,8.84145
1.44191,3.36079,8.35228
1.6978,3.75832,8.35585
1.97987,3.9178,8.26421
2.01201,4.66048,7.92738
1.97154,5.29246,7.65483
2.3405,5.57692,7.80479
2.60829,5.45076,7.79289
2.84752,5.44243,8.01903
3.24266,4.75093,7.58818
3.28908,5.28175,7.18828
3.13197,6.20415,7.2216
2.90108,6.62547,6.89073
2.64281,6.25175,6.43489
2.6559,6.18748,6.08379
2.55592,6.6945,5.71483
2.60234,6.89207,5.5601
2.71422,7.00633,5.32683
2.85704,7.64189,5.36015
3.10698,7.77043,5.10426
3.14507,7.72759,4.70793
3.24028,7.87993,4.67461
3.38429,7.62642,4.36397
3.35335,7.59309,3.92479
3.27122,7.8109,3.77959
3.30098,7.89778,3.48561
3.26527,7.80019,3.13451
3.02367,7.96681,2.79054
3.15221,7.87279,2.55251
3.24861,7.98824,2.40254
3.04747,8.27983,2.23235
3.10341,8.6595,2.07762
2.95345,9.19508,1.97289
2.96059,9.17485,1.54204
2.99034,8.8416,1.0612
2.91536,8.46431,0.560135
3.05699,8.24056,0.423264
2.90346,8.55595,0.375656
2.8856,8.9261,0.21022
2.83086,8.80589,0.109055
3.03438,8.76186,0.20546
3.09151,9.00108,0.366135
3.09151,9.14629,0.450638
3.10698,8.93443,0.119766
3.24504,9.06535,0.172134
3.27599,9.32958,0.412552
3.26646,9.45692,0.453018
3.32597,9.23555,0.492294
3.25218,9.4117,0.610123
3.21172,9.2784,0.862442
3.20934,9.02965,0.750565
3.04747,9.63902,1.03502
2.92131,10.1389,1.30638
2.96416,9.01537,1.19093
3.02843,8.26912,1.34566
3.03319,8.90111,1.97884
3.11769,9.70805,2.45729
3.11888,9.74733,2.50133
2.97844,8.7202,2.68224
2.94154,7.97157,2.9048
2.99629,8.43098,3.91884
2.9106,8.6357,4.32231
2.92845,7.31816,4.33421
2.98915,6.95277,4.81743
2.86775,7.77638,5.78029
2.7523,7.55263,5.90764
2.66066,5.54955,5.36967
2.49998,5.06752,6.20399
2.619,6.07561,7.37752
2.69518,6.34935,7.46678
2.73564,5.15202,7.16923
2.61424,4.3308,7.44298
2.52498,4.53194,8.05116
2.34169,4.12608,8.1559
2.31551,3.41673,8.08568
2.15007,3.24178,8.33681
2.08104,3.56432,8.65935
1.88466,3.30724,8.57603
1.50023,2.54909,8.6653
1.55498,1.93138,8.91405
1.89537,1.6255,8.92119
1.7585,0.810226,8.41417
1.45024,0.594803,8.82597
1.56807,1.30534,9.88286
1.73112,1.87425,10.0661
1.57402,1.41246,9.5865
1.48476,0.562668,9.34489
1.61806,0.0877838,9.56151
1.67638,-0.107407,9.47462
1.27409,0.0116119,9.54604
1.38597,0.0687408,10.0126
1.69423,0.352005,10.3066
1.38002,-0.439468,9.3806
1.17293,-1.8665,8.85692
1.24553,-1.951,9.35918
1.22292,-0.96196,9.86501
1.33836,-0.560867,9.95308
1.38597,-0.64537,9.9019
1.29671,-0.89769,9.49486
1.21696,-2.41518,8.80336
1.31218,-2.69844,9.09853
1.17412,-1.33925,9.96141
1.25624,-0.720352,10.1661
1.31694,-0.908401,9.84358
1.14674,-1.03456,9.96617
1.23482,-1.36186,10.009
1.43834,-1.46779,9.9269
1.55379,-1.50825,9.82335
1.54308,-1.32497,9.97093
1.55855,-1.18095,9.98402
1.56569,-1.3083,9.79955
1.45024,-1.78795,9.52461
1.36693,-1.87602,9.61626
1.38835,-1.55705,9.83406
1.3824,-1.25832,9.88643
1.38002,-1.18095,9.9269
1.38716,-1.30592,9.69838
1.52641,-1.66655,9.6115
1.49071,-1.49873,9.67458
1.38954,-1.38091,9.77217
1.44667,-1.41542,9.77098
1.40263,-1.43208,9.61745
1.35146,-1.43922,9.61269
1.39549,-1.5999,9.502
1.47881,-1.72844,9.57579
1.50618,-1.56181,9.77336
1.49309,-1.40352,9.79359
1.45738,-1.57252,9.68648
1.38002,-1.67607,9.72218
1.36098,-1.53444,9.73766
1.30861,-1.43922,9.80431
1.3336,-1.42494,9.71266
1.26933,-1.48802,9.63292
1.22054,-1.69511,9.54365
1.35384,-1.73915,9.6234
1.26576,-1.33925,9.83287
1.26219,-1.27141,9.81264
1.27647,-1.50825,9.69838
1.30147,-1.78795,9.62459
1.34074,-1.69273,9.671
1.33003,-1.60347,9.58531
1.34669,-1.60704,9.66386
1.33479,-1.65584,9.69362
1.32884,-1.58681,9.65434
1.27409,-1.57133,9.65791
1.24315,-1.67131,9.61388
1.37407,-1.57372,9.76027
1.46571,-1.4785,9.73766
1.43715,-1.60585,9.69243
1.36455,-1.77129,9.61983
1.32765,-1.79271,9.59364
1.30861,-1.45589,9.76503
1.28838,-1.27379,9.87453
1.26814,-1.37495,9.66863
1.3098,-1.70464,9.60912
1.3824,-1.7701,9.66267
1.32051,-1.5273,9.79121
1.28719,-1.54991,9.81026
1.32646,-1.66179,9.61269
1.25505,-1.8427,9.64839
1.25505,-1.69154,9.79955
1.27409,-1.50111,9.8531
1.28957,-1.49873,9.7448
1.2253,-1.61061,9.72099
1.29671,-1.71654,9.78764
1.30742,-1.77248,9.69362
1.27052,-1.78438,9.62935
1.26219,-1.74272,9.62816
1.10747,-1.72963,9.65315
1.10628,-1.57372,9.8055
1.08842,-1.61894,9.66505
1.14317,-1.85341,9.4901
0.946793,-1.86174,9.53532
0.922989,-1.8308,9.57698
0.982498,-1.60942,9.68886
1.067,-1.54753,9.49605
0.874191,-1.79152,9.40083
0.73494,-1.69035,9.65077
0.819443,-1.50825,9.81264
0.938461,-1.6237,9.70552
0.821823,-1.76295,9.69838
0.665909,-2.0248,9.64839
0.719467,-1.9879,9.56508
0.778976,-1.9034,9.71266
0.677811,-1.71416,9.77098
0.767075,-1.68559,9.7924
0.892044,-1.86055,9.84596
0.972977,-1.82603,9.92928
0.836105,-1.71535,10.1007
0.949173,-1.58919,10.1673
0.871811,-1.42375,10.1078
0.787308,-1.64037,9.99235
0.776596,-1.81294,9.91142
0.646866,-1.6487,9.91023
0.579025,-1.64037,9.85905
0.576645,-1.64156,9.89119
0.567123,-1.44399,9.83406
0.627823,-1.37733,9.83763
0.454056,-1.37376,9.8055
0.407639,-1.66774,9.77812
0.533798,-1.93315,9.59126
0.589737,-1.76414,9.77336
0.624252,-1.62013,9.9019
0.644486,-1.65584,9.82097
0.724228,-1.55467,9.65315
0.725418,-1.60109,9.62221
0.60878,-1.83675,9.53294
0.625443,-1.81651,9.46153
0.718277,-1.71892,9.39845
0.830154,-1.68916,9.49843
0.8004,-1.59276,9.40083
0.815872,-1.54158,9.45201
0.861099,-1.64394,9.58531
0.976547,-1.45946,9.59483
0.794449,-1.22499,9.35323
0.649246,-1.17619,9.35918
0.838486,-1.19286,9.66863
1.05986,-1.09288,9.75789
1.25267,-0.945297,9.79955
1.15508,-0.792953,9.76622
1.20863,-0.845322,9.81264
1.2003,-0.763199,9.80193
1.38716,-0.76915,9.88048
