0.959885,1.13158,9.63768
1.02415,1.15776,9.68767
0.986069,1.11253,9.68053
1.02892,1.08397,9.68767
0.974167,1.11967,9.67339
0.959885,1.11015,9.73289
0.926559,1.07921,9.62816
0.912277,1.08873,9.61626
0.93132,1.08635,9.66148
0.933701,1.1292,9.66863
0.814682,1.08873,9.80669
0.912277,1.21727,9.91142
0.99559,1.18394,9.86382
0.964645,1.21727,9.93761
1.00511,1.19823,9.98521
1.03606,1.21727,10.128
1.067,1.18633,10.2066
1.09557,1.19823,10.1423
1.12651,1.31963,10.0495
1.06938,1.33629,9.90428
0.945602,1.23393,9.83525
0.907516,1.23155,9.73289
0.862289,1.31963,9.70909
0.757553,1.30296,9.70909
0.698044,1.33629,9.60912
0.764694,1.30534,9.56151
0.695663,1.2625,9.47582
0.707565,1.23393,9.51866
0.733749,1.17442,9.44249
0.752792,1.21489,9.48534
0.786118,1.15538,9.60197
0.821823,1.16728,9.59245
0.824203,1.04588,9.6353
0.843246,0.922104,9.67815
0.878952,0.926865,9.83763
1.02653,0.888779,9.76384
1.00511,0.96019,9.70909
0.943222,0.993515,9.64244
0.945602,1.05064,9.59959
0.888474,1.0316,9.67577
0.890854,0.981613,9.74956
0.878952,0.995895,9.77574
0.933701,1.00066,9.98521
1.09557,0.983994,9.89238
1.10271,1.04588,9.91618
1.11461,1.05778,9.76384
1.10033,1.01256,9.74004
0.978928,1.08159,9.6234
0.938461,1.06731,9.56151
0.881332,1.04588,9.56151
1.20506,1.1411,9.69719
1.13603,1.15062,9.51866
1.00749,1.11015,9.51152
0.869431,1.11015,9.45439
0.855148,0.950668,9.56627
0.878952,0.924484,9.68529
0.93132,0.96257,9.6472
0.902756,1.02446,9.56627
0.86467,1.15538,9.55913
0.833725,1.09587,9.69481
0.814682,1.08397,9.73527
0.836105,1.11015,9.69957
0.793259,1.13158,9.79955
0.795639,1.11729,9.7686
0.848007,1.12682,9.73289
0.862289,1.11729,9.75194
0.926559,1.20299,9.80907
1.0313,1.2506,9.85429
1.10985,1.30058,9.84001
1.18364,1.34105,9.87334
1.24077,1.28392,9.84001
1.24791,1.21727,9.82335
1.22411,1.11967,9.85905
1.22411,1.00542,9.84239
1.14793,1.09111,9.77574
0.969406,1.1292,9.64958
0.843246,1.09825,9.56389
0.717087,1.08397,9.57341
0.719467,1.03874,9.66624
0.757553,1.08635,9.61388
0.909897,1.153,9.89952
0.962265,1.1649,9.80669
0.962265,1.10539,9.97331
0.878952,1.10301,10.0281
0.900375,1.22441,9.88286
0.859909,1.11729,9.71623
0.778976,1.14824,9.81859
0.798019,1.13634,9.78288
0.874191,1.04112,9.79002
0.86467,1.05302,9.75194
0.41478,0.893539,9.55675
0.383835,0.924484,9.81383
0.374313,0.853073,9.88762
0.248154,0.793564,9.7924
0.193405,0.841171,9.76622
0.124374,0.864975,9.77336
-0.0327301,0.974472,9.66386
-0.0922394,1.05064,9.7924
-0.125565,1.09587,9.75908
-0.118423,1.15062,9.76146
-0.0493927,1.14348,9.81383
0.0839081,1.06731,10.0495
0.279099,0.948288,10.1804
0.424301,0.867355,10.2137
0.464767,0.760239,10.178
0.464767,0.726913,10.0257
0.324326,0.807846,9.9876
0.243393,0.748337,9.87096
0.155319,0.750717,9.76146
0.076767,0.64122,9.74718
0.0696259,0.562668,9.73052
0.181503,0.63884,9.82097
0.191025,0.822128,9.88524
0.231491,0.96019,9.86858
0.241013,1.03874,9.85191
0.274338,1.09587,9.83525
0.362411,0.974472,9.9876
0.412399,0.824509,9.90666
0.476669,0.695969,9.90428
0.474289,0.757858,9.81621
0.460007,0.843552,9.78526
0.505234,0.979233,9.72099
0.505234,1.07683,9.71385
0.433823,0.988754,9.7448
0.433823,0.76976,9.71147
0.405258,0.762619,9.71623
0.471909,0.788803,9.80669
0.590927,0.89592,9.96379
0.581406,0.96257,9.80907
0.41954,0.929245,9.70671
0.262436,1.04588,9.93761
0.357651,0.998276,9.9876
0.443344,0.929245,10.0947
0.502853,1.0197,10.0352
0.517136,1.16728,9.96855
0.448105,1.19585,9.88048
0.41954,1.1649,9.7924
0.340988,1.09349,9.81383
0.276718,0.912582,9.75432
0.262436,0.843552,9.72099
0.243393,0.817368,9.78526
0.238632,0.96257,9.83049
0.195786,1.09111,9.74718
0.110092,1.09111,9.671
0.0553436,0.931625,9.63768
-0.0208282,0.779282,9.65196
-0.00178528,0.760239,9.52104
-0.0303497,0.717392,9.49962
-0.130325,0.710251,9.55437
-0.0589142,0.681686,9.59245
0.0196381,0.738815,9.72813
0.0720062,0.70787,9.7924
0.171982,0.755478,9.86382
0.100571,0.698349,9.84001
0.0910492,0.688828,9.82335
0.112473,0.715012,9.91856
0.200546,0.738815,9.93523
0.262436,0.738815,9.84953
0.255295,0.83165,9.82573
0.22435,0.750717,9.8662
0.298141,0.688828,9.9019
0.386215,0.762619,9.88524
0.302902,0.788803,9.90666
0.250534,0.812607,9.83049
0.124374,0.807846,9.75194
0.0482025,0.826889,9.8662
-0.0636749,0.876877,9.87096
-0.116043,0.945908,9.88524
-0.0779572,0.805466,9.88762
0.0410614,0.757858,9.84715
0.0886688,0.814987,9.7686
-0.0398712,0.948288,9.73766
-0.0327301,0.948288,9.86144
-0.00416565,0.857834,9.9138
0.0220184,0.929245,9.7924
0.0315399,0.953049,9.85191
0.0124969,0.945908,9.83525
0.0196381,0.931625,9.78526
0.057724,0.938766,9.74718
0.0291595,0.943527,9.74956
0.0220184,0.900681,9.77812
0.000595093,0.912582,9.83525
0.0124969,0.900681,9.7448
0.0648651,0.869736,9.71385
0.0648651,0.838791,9.73766
0.0720062,0.860214,9.63292
0.0815277,0.848312,9.80669
0.0815277,0.845932,9.85429
0.0482025,0.874496,9.80669
-0.0803375,0.826889,9.81145
-0.101761,0.791184,9.73527
-0.0660553,0.784042,9.78764
0.038681,0.803085,9.86144
0.112473,0.886398,9.7924
0.133896,0.955429,9.74956
0.102951,0.89592,9.67577
0.0672455,0.807846,9.72099
0.0815277,0.786423,9.72099
0.102951,0.722153,9.7805
0.131516,0.622177,9.92333
0.16008,0.662643,9.88048
0.0529633,0.698349,9.87096
0.0791473,0.636459,9.85667
0.0434418,0.734055,9.84001
0.0124969,0.793564,9.84953
0.0601044,0.786423,9.89238
0.0196381,0.786423,10.0114
0.0339203,0.738815,10.0043
-0.0374908,0.700729,10.0304
-0.0827179,0.693588,10.0709
-0.135086,0.70787,9.91856
-0.192215,0.729294,9.84239
-0.16127,0.581711,9.78764
-0.146988,0.500778,9.72337
-0.0874786,0.469833,9.66863
-0.113663,0.405563,9.671
-0.116043,0.465073,9.57817
-0.120804,0.531723,9.63054
-0.127945,0.617416,9.55675
-0.146988,0.695969,9.55913
-0.177933,0.617416,9.56151
-0.242203,0.550766,9.44963
-0.282669,0.531723,9.44963
-0.263626,0.600754,9.55199
-0.235062,0.691208,9.55437
-0.201736,0.719772,9.62578
-0.130325,0.805466,9.60912
-0.16127,0.867355,9.61626
-0.258865,0.843552,9.52342
-0.296951,0.8983,9.56389
-0.0208282,0.710251,8.92119
-0.089859,0.629318,8.79265
-0.0303497,0.507919,8.62602
-0.0113068,0.626938,8.39989
0.038681,0.686447,8.39275
0.0981903,0.722153,8.24754
0.1577,0.748337,8.35228
0.374313,0.653122,8.43321
0.602829,0.529343,8.26659
0.67424,0.636459,8.04283
0.721848,0.822128,8.11186
0.831345,0.888779,8.04521
0.957504,0.96019,7.91667
1.03606,0.957809,7.80003
1.16222,0.83165,7.7191
1.10271,0.731674,7.5858
1.15031,0.505539,7.46916
1.31456,0.246078,7.43584
1.63353,0.0723114,7.67149
1.88585,-0.0657501,7.8524
2.28337,-0.277603,7.9738
2.66899,-0.344254,7.80955
2.85466,-0.349014,7.64531
2.88322,-0.19429,7.48582
2.97606,0.0746918,7.26207
3.01176,0.422226,7.05498
3.06175,0.893539,7.1002
3.14269,1.27202,7.15971
3.37596,1.33629,7.44536
3.73302,1.09587,7.73576
4.26384,0.653122,8.00951
4.85655,0.524582,7.91429
5.28502,0.560288,7.80955
5.55638,0.83403,7.80479
5.61351,0.881638,7.92619
5.59685,0.57695,7.96904
5.58971,0.167526,7.99046
5.75633,-0.25856,8.09758
6.09434,-0.660843,7.90953
6.84654,-0.946487,7.5739
7.20122,-0.806046,7.50487
7.48924,-0.563248,7.343
7.71538,-0.13002,7.29778
7.75346,0.355576,7.30016
7.55827,0.907822,7.23827
7.5678,1.26488,7.2097
7.7487,1.41008,7.15019
7.98912,1.2625,6.82646
8.23668,0.922104,6.44084
8.36998,0.686447,5.96001
8.51994,0.531723,5.79814
8.54851,0.438889,5.73387
8.60564,0.286545,5.39824
8.72466,0.215134,5.00786
8.8889,0.12944,4.60558
9.46495,0.172287,4.59843
9.93388,0.443649,4.74126
10.2291,0.795944,4.76744
10.2814,0.884018,4.75554
10.2338,0.876877,4.49608
10.2148,0.800705,4.38896
10.31,0.741196,3.86766
10.4123,0.581711,3.65343
10.767,0.467453,3.44633
10.9455,0.634079,3.21068
10.9265,0.876877,3.13451
10.7313,1.23869,2.95836
10.5956,1.41008,2.91075
10.6361,1.15776,2.91789
10.3528,1.29106,2.18236
10.26,1.26012,2.09666
10.1005,1.27916,2.11333
10.0196,1.2506,1.88243
10.21,1.23393,1.85149
10.2671,1.19823,1.79912
10.1124,1.1768,1.6563
10.0148,1.23869,1.67296
10.0101,1.29106,1.64201
9.95531,1.29582,1.65153
9.84105,1.25774,1.64439
9.85533,1.16728,1.55156
9.87437,0.998276,1.47777
9.87913,0.917343,1.42064
9.88628,1.04826,1.35399
9.83867,1.12682,1.43968
9.86961,1.23155,1.58726
9.84581,1.22679,1.72057
9.94102,1.08635,1.84911
9.97197,1.0316,1.91576
10.6028,1.0078,3.04167
10.7599,1.1649,3.05595
10.9551,1.16966,3.03453
11.017,1.06255,3.2083
10.9527,1.06731,3.36302
10.9336,1.02684,3.56773
10.9551,0.917343,3.64867
10.886,0.762619,3.67485
10.7313,0.734055,3.632
10.6385,0.717392,3.6082
10.5314,0.686447,3.63676
10.4861,0.779282,3.78435
10.4504,0.688828,4.01524
10.4504,0.57695,4.26756
10.3719,0.503159,4.20805
10.2124,0.250839,4.20805
10.0148,0.0508881,4.42467
9.87913,0.0961151,4.51036
9.8101,0.0984955,4.61034
9.81249,0.260361,4.78648
8.48186,-0.077652,6.07903
8.22478,-0.0181427,6.24803
7.99626,-0.00862122,6.43846
7.81535,-0.0467072,6.69792
7.68681,-0.215714,6.85979
7.52495,-0.299026,6.79552
7.25597,-0.341873,6.71458
6.87511,-0.368057,7.02403
6.57756,-0.327591,7.20018
6.28001,-0.239517,7.49297
6.24431,-0.272842,7.67863
6.15385,-0.270462,7.66435
5.86583,-0.237137,7.60484
5.61351,-0.208572,7.53581
5.18742,-0.096695,7.57152
4.79466,-0.144302,7.62151
4.46855,-0.139542,7.32872
4.00676,-0.0276642,7.39299
3.6259,0.0294647,7.49535
3.34502,-0.0205231,7.45012
0.786118,-0.160965,7.31206
0.783737,-0.232376,7.64531
0.86705,-0.265701,7.86906
0.976547,-0.406143,8.17851
1.09557,-0.45137,8.43321
1.15269,-0.468033,8.68553
1.19554,-0.346634,8.75218
1.09319,-0.0324249,8.75932
0.888474,0.267502,8.68315
0.648056,0.434128,8.63316
0.486191,0.331772,8.80217
0.371933,0.227036,8.59984
0.257675,0.0294647,8.65935
0.169601,-0.0490875,8.82359
0.0743866,-0.0348053,8.78551
-0.0517731,0.12944,9.09734
-0.113663,0.219894,9.18779
-0.127945,0.286545,9.11162
-0.244583,0.355576,9.01164
-0.28743,0.2556,8.90453
0.295761,-0.177628,10.0447
0.307663,-0.325211,10.0304
0.264816,-0.313309,9.81383
0.179123,-0.25856,9.84477
0.16246,-0.220474,9.73766
0.038681,-0.215714,9.71861
-0.0136871,-0.163345,9.74004
-0.00654602,-0.187149,9.68529
-0.044632,-0.220474,9.7448
0.0910492,-0.370438,9.90904
0.295761,-0.3871,9.93761
0.338608,-0.315689,10.0304
0.271957,-0.315689,10.0162
0.262436,-0.270462,10.04
0.317184,-0.279984,10.0257
0.319565,-0.296646,10.0019
0.321945,-0.346634,10.0233
0.317184,-0.410904,10.0614
0.295761,-0.453751,10.0519
0.22673,-0.396622,10.0328
0.212448,-0.213333,10.078
0.317184,-0.244278,10.0876
0.262436,-0.284744,10.0185
0.181503,-0.263321,9.94237
0.136276,-0.201431,9.88762
0.124374,-0.201431,9.99474
0.124374,-0.13002,9.90666
0.126755,-0.225235,9.94237
0.252914,-0.358536,9.93523
0.229111,-0.477554,9.93047
0.338608,-0.496597,9.92808
0.267197,-0.484695,9.9138
0.174362,-0.401382,9.89
0.152939,-0.251419,9.86858
0.1577,-0.132401,9.77098
0.1577,-0.13002,9.75432
0.243393,-0.203812,9.81383
0.293381,-0.377579,9.7924
0.329086,-0.484695,9.84953
0.321945,-0.45137,9.85191
0.331467,-0.389481,9.82573
0.319565,-0.268082,9.84477
0.22435,-0.19191,9.84239
0.193405,-0.146683,9.75908
0.136276,-0.160965,9.68767
0.119614,-0.237137,9.74242
0.143417,-0.282364,9.67339
0.141037,-0.365677,9.70671
0.164841,-0.396622,9.7448
0.174362,-0.363297,9.7686
0.169601,-0.301407,9.9019
0.267197,-0.182388,9.91142
0.245773,-0.182388,9.84953
0.16008,-0.19191,9.7805
0.110092,-0.196671,9.75908
0.16008,-0.275223,9.86858
0.164841,-0.337112,9.84477
0.214828,-0.344254,9.97093
0.248154,-0.315689,9.97807
0.243393,-0.360916,9.97331
0.238632,-0.363297,9.9995
0.195786,-0.272842,9.96141
0.195786,-0.303787,9.90666
0.200546,-0.289505,10.009
0.293381,-0.310928,10.0304
0.260056,-0.25618,9.90666
0.186264,-0.32045,9.8781
0.22673,-0.406143,9.88524
0.243393,-0.422806,9.92094
0.241013,-0.306168,10.0281
0.112473,-0.206192,9.83287
0.100571,-0.279984,9.83287
0.0839081,-0.294266,9.87096
0.126755,-0.277603,9.87572
0.195786,-0.289505,9.8781
0.243393,-0.325211,9.88524
0.274338,-0.32283,9.95903
0.238632,-0.351395,9.87096
0.28862,-0.377579,9.88762
0.267197,-0.420425,9.82335
0.271957,-0.446609,9.82811
0.279099,-0.444229,9.86144
0.236252,-0.472794,9.83287
0.229111,-0.396622,9.89952
0.210068,-0.368057,9.8781
0.191025,-0.399002,9.80907
0.16008,-0.353775,9.7805
0.195786,-0.368057,9.79478
0.245773,-0.368057,9.79002
0.293381,-0.32283,9.85667
0.310043,-0.289505,9.91142
0.293381,-0.227615,9.94713
0.236252,-0.229996,9.84715
0.229111,-0.199051,9.78526
0.143417,-0.163345,9.80193
0.202927,-0.225235,9.84953
0.205307,-0.334732,9.83049
0.229111,-0.465652,9.85429
0.28862,-0.456131,9.84715
0.238632,-0.372818,9.84239
0.210068,-0.222855,9.8781
0.16008,-0.180008,9.82573
0.145798,-0.222855,9.81859
0.126755,-0.313309,9.86144
0.16008,-0.477554,9.83049
0.200546,-0.548965,9.86144
0.167221,-0.51088,9.92808
0.243393,-0.418045,9.99712
0.233871,-0.325211,10.0043
0.210068,-0.213333,9.93999
0.22673,-0.19191,10.0685
0.143417,-0.187149,9.95903
0.126755,-0.32283,9.94713
0.200546,-0.441849,9.88762
0.22435,-0.522781,9.90428
0.243393,-0.51564,9.99474
0.28862,-0.446609,9.99235
0.291,-0.375198,10.0495
0.307663,-0.25856,10.0328
0.274338,-0.229996,9.89476
0.231491,-0.239517,9.83287
0.241013,-0.337112,9.79955
0.214828,-0.372818,9.75908
0.257675,-0.396622,9.73766
0.281479,-0.38472,9.84001
0.300522,-0.279984,9.94475
0.283859,-0.253799,9.9019
0.281479,-0.265701,9.84953
0.193405,-0.337112,9.77336
0.181503,-0.410904,9.73289
0.174362,-0.508499,9.8781
0.193405,-0.470413,9.90428
0.22673,-0.465652,9.91142
0.176743,-0.427567,9.87096
0.186264,-0.427567,9.90428
0.188644,-0.396622,9.95665
0.22673,-0.415665,10.0376
0.22197,-0.420425,9.97093
0.217209,-0.475174,9.96855
0.114853,-0.437088,9.95903
0.150558,-0.441849,9.96141
0.114853,-0.420425,9.8781
0.119614,-0.391861,9.99712
0.117233,-0.453751,9.98283
0.141037,-0.456131,9.93761
0.198166,-0.472794,9.95903
0.241013,-0.439468,9.95665
0.248154,-0.368057,9.98283
0.245773,-0.32283,9.95903
0.219589,-0.291885,9.97093
0.105331,-0.339493,9.88524
0.171982,-0.477554,9.89476
0.150558,-0.45137,9.89238
0.183884,-0.415665,9.84715
0.16246,-0.301407,9.83049
0.148178,-0.277603,9.92094
0.205307,-0.310928,9.8781
0.16246,-0.370438,9.7924
0.152939,-0.418045,9.82573
0.16246,-0.415665,9.81621
0.212448,-0.429947,9.76622
0.16246,-0.327591,9.81145
0.164841,-0.329971,9.79716
0.0839081,-0.356155,9.78764
0.117233,-0.339493,9.74004
0.038681,-0.368057,9.74242
0.121994,-0.446609,9.72575
0.117233,-0.508499,9.73289
0.176743,-0.44899,9.84477
0.131516,-0.365677,9.83525
0.152939,-0.3871,9.93523
0.164841,-0.368057,9.98521
0.22673,-0.325211,10.0328
0.212448,-0.237137,9.98045
0.131516,-0.249039,10.0162
0.148178,-0.232376,9.95427
0.112473,-0.203812,9.97331
0.16246,-0.299026,9.93999
0.16246,-0.351395,9.93761
0.179123,-0.32283,9.94713
0.171982,-0.344254,9.88286
0.141037,-0.382339,9.91856
0.0601044,-0.325211,9.92094
0.0505829,-0.244278,9.89714
0.0791473,-0.263321,9.98997
0.0886688,-0.282364,9.88524
0.136276,-0.313309,9.85429
0.114853,-0.349014,9.93761
0.138657,-0.318069,9.88762
0.124374,-0.420425,9.85667
0.076767,-0.237137,9.85905
0.105331,-0.220474,9.87572
0.0434418,-0.232376,9.81621
0.057724,-0.329971,9.80907
0.0196381,-0.368057,9.83525
0.148178,-0.408524,9.84953
0.198166,-0.460892,9.90666
0.179123,-0.358536,9.87572
0.133896,-0.325211,9.9138
0.076767,-0.279984,9.84715
0.0291595,-0.329971,9.81621
0.057724,-0.422806,9.86144
0.152939,-0.377579,9.93999
0.131516,-0.339493,9.90666
0.0910492,-0.358536,9.82097
0.0458221,-0.38472,9.82335
0.0196381,-0.399002,9.96141
0.0458221,-0.337112,9.94951
0.076767,-0.368057,9.94237
0.0981903,-0.429947,10.0185
0.114853,-0.434708,10.0066
0.136276,-0.339493,10.0066
0.164841,-0.277603,9.93999
0.0553436,-0.282364,9.92571
0.0243988,-0.265701,9.96379
0.0886688,-0.296646,9.90428
0.076767,-0.306168,9.99235
0.0648651,-0.329971,9.88286
0.0720062,-0.318069,9.89476
0.000595093,-0.234756,9.83525
0.0291595,-0.172867,9.7805
0.00297546,-0.184769,9.83525
-0.0113068,-0.263321,9.77336
-0.0136871,-0.272842,9.83049
-0.00416565,-0.32283,9.84477
-0.00178528,-0.301407,9.78764
-0.0208282,-0.244278,9.81383
0.0148773,-0.234756,9.87572
0.0148773,-0.222855,9.94475
0.00297546,-0.318069,9.78764
-0.0779572,-0.337112,9.80669
-0.0803375,-0.308548,9.82335
-0.00892639,-0.282364,9.85667
-0.044632,-0.265701,9.81383
-0.0874786,-0.249039,9.73766
-0.044632,-0.246658,9.80907
-0.0589142,-0.253799,9.76384
0.0981903,-0.329971,9.52342
0.119614,-0.246658,9.46153
0.0743866,-0.19191,9.41155
0.0434418,-0.263321,9.24016
0.0220184,-0.272842,9.04497
-0.0303497,-0.299026,8.79503
-0.0374908,-0.308548,8.71172
-0.127945,-0.277603,8.37132
-0.192215,-0.232376,8.2166
-0.237442,-0.19191,8.15709
1.47643,-0.0990753,8.03569
1.79778,-0.434708,8.55223
2.27385,-0.744156,8.84026
2.65947,-0.796524,8.94023
2.89037,-0.613236,9.00212
2.93321,-0.479935,8.79027
2.79991,-0.375198,8.63316
2.69518,-0.401382,8.56889
2.74516,-0.503738,8.53795
2.78325,-0.603714,8.35942
2.86656,-0.682266,8.60222
3.30217,-0.808426,9.1021
3.78777,-0.951248,9.18541
4.1234,-0.90126,8.92595
4.31859,-0.853653,8.74028
4.30669,-0.544205,8.39275
4.18767,-0.0895538,8.06902
4.0139,0.198471,7.8524
3.8925,0.229416,7.73338
3.92583,0.150864,7.7191
4.20671,-0.146683,8.04759
4.80894,-0.396622,8.11186
5.31834,-0.425186,7.95476
5.60399,-0.289505,7.76671
5.73729,-0.151443,7.50963
5.71349,0.19371,7.31444
5.74443,0.607895,7.20732
5.74205,0.791184,6.98119
5.81108,0.776901,6.94072
6.11577,0.493637,7.03117
8.45091,-0.0419464,6.31944
8.37236,0.000900269,6.35991
8.50328,0.00328064,6.1552
8.58183,0.0913544,6.02428
8.70561,0.436508,5.86003
8.71989,0.536484,5.63866
8.66515,0.472214,5.55534
8.70085,0.324631,5.33873
8.81749,0.0318451,5.01262
8.95793,0.00566101,4.79839
9.0103,0.150864,4.45323
9.16264,0.172287,4.43181
9.33641,0.200851,4.59605
9.6768,0.0437469,4.76268
9.98625,-0.220474,4.78886
10.1315,-0.344254,4.52702
10.1005,-0.0467072,4.09618
9.88628,0.272263,3.78911
9.85771,0.481735,3.71294
10.0148,0.429367,3.74864
9.64348,0.886398,2.19426
9.68394,0.857834,2.16808
9.67918,0.764999,1.96574
9.62682,0.655502,1.77531
9.76488,0.686447,1.68962
9.75536,0.691208,1.62535
10.0672,0.791184,1.68724
10.2933,0.874496,1.75151
10.2529,0.941147,1.69438
10.1053,0.872116,1.5825
9.97435,0.879257,1.62297
10.0339,0.874496,1.64439
10.0243,1.00066,1.37065
9.91484,0.998276,1.42778
10.06,1.153,1.31114
9.99101,1.13158,1.40398
9.82677,1.02922,1.48729
9.77678,0.917343,1.34447
9.87675,0.829269,1.38731
9.85771,0.805466,1.27068
9.83391,0.876877,1.12785
9.70775,0.853073,1.0255
9.62444,0.907822,0.816025
9.62682,1.0197,0.744614
9.63158,1.09111,0.685104
9.66014,1.16966,0.756516
9.6649,1.26012,0.632736
9.63872,1.28392,0.7827
9.5435,1.08397,0.751755
9.47685,0.817368,0.568466
9.52208,0.784042,0.473251
9.48399,0.803085,0.451828
9.41496,0.89592,0.449448
9.46495,1.00066,0.558945
9.49828,0.924484,0.480392
9.52922,0.893539,0.566086
9.46971,0.993515,0.65654
9.49352,1.10301,0.716049
9.45781,1.1411,0.880295
9.52446,0.957809,0.870773
9.91246,0.743576,1.71581
9.96007,0.848312,1.89195
10.1148,0.955429,1.96098
10.1434,0.938766,1.8015
10.11,0.83641,1.89195
10.06,0.76976,1.93242
9.95055,0.76738,2.13713
9.82439,0.817368,2.23949
9.7982,0.784042,2.44896
9.80058,0.760239,2.46562
9.83391,0.648361,2.55132
9.91484,0.519821,2.71318
9.97673,0.588852,2.72032
10.0315,0.712631,2.79649
10.0386,0.693588,2.89647
10.0172,0.657883,3.03453
9.95531,0.588852,3.0988
9.82677,0.422226,3.18211
9.61729,0.298447,3.26067
9.61491,0.12468,3.39159
8.98412,-0.184769,4.67699
8.92223,-0.0300446,4.84837
8.88652,0.0508881,4.99596
8.81511,0.143723,5.02928
8.66753,-0.0229034,5.02928
8.55089,-0.25618,5.02214
8.39616,-0.318069,5.06975
8.27715,-0.394241,5.16258
8.1367,-0.268082,5.403
8.03435,-0.118118,5.59819
7.95818,-0.013382,5.75767
7.94627,-0.0229034,5.8886
7.85582,-0.0348053,5.83861
7.73204,-0.229996,5.88145
7.59636,-0.279984,5.85051
7.43925,-0.337112,5.91478
7.30595,-0.446609,6.12425
7.25597,-0.496597,6.20757
7.19408,-0.434708,6.39085
7.21788,-0.291885,6.60747
7.17503,-0.270462,6.54082
7.11076,-0.232376,6.63365
6.93938,-0.356155,6.62651
6.79179,-0.491837,6.75267
6.72038,-0.518021,6.94072
6.7061,-0.498978,7.09068
6.67516,-0.370438,7.2097
6.58232,-0.341873,7.36205
6.42522,-0.222855,7.56438
6.37999,-0.329971,7.77861
6.33476,-0.475174,7.84526
6.19908,-0.696548,7.82622
6.05626,-0.83461,7.87859
5.9539,-0.894119,8.05473
5.89439,-0.782242,8.2523
5.9539,-0.637039,8.50224
6.04674,-0.617996,8.54509
5.94438,-0.677505,8.68553
5.7849,-0.679886,8.66173
5.27788,-0.753677,8.7736
4.99937,-0.746536,8.70696
4.67802,-0.637039,8.52605
4.35905,-0.508499,8.64983
4.14482,-0.541824,8.54509
3.88774,-0.601334,8.41179
3.68065,-0.660843,8.34276
3.48784,-0.617996,8.39513
3.38548,-0.487076,8.61174
3.395,-0.346634,8.79979
1.89537,-0.594193,8.39037
1.60973,-0.558487,8.36894
1.36455,-0.368057,8.39751
1.19316,-0.422806,8.44273
1.19792,-0.625137,8.52367
1.24553,-0.787003,8.55461
1.3098,-0.870316,8.72838
1.37169,-0.908401,8.78551
1.26457,-0.806046,8.80931
1.17174,-0.722733,8.95689
1.08366,-0.70845,9.02116
1.03844,-0.646561,8.98308
0.902756,-0.551346,8.90453
0.888474,-0.439468,8.94499
0.786118,-0.329971,8.97594
0.702805,-0.32045,9.13304
0.714706,-0.420425,9.34727
0.740891,-0.51564,9.44725
0.817062,-0.582291,9.43297
0.705185,-0.563248,9.35442
0.136276,-0.689407,9.39964
0.364792,-0.748917,9.49962
0.593307,-0.696548,9.51866
0.569504,-0.601334,9.48534
0.521896,-0.45137,9.32347
0.424301,-0.389481,9.44011
0.48143,-0.413284,9.47343
0.498093,-0.518021,9.46391
0.48381,-0.620377,9.48296
0.517136,-0.808426,9.60912
0.521896,-0.83699,9.66863
0.588547,-0.96077,9.77098
0.645676,-0.839371,9.86382
0.712326,-0.720352,9.83763
0.80516,-0.539444,9.94237
0.919418,-0.518021,10.0519
0.921799,-0.525162,9.90904
0.790878,-0.660843,9.8662
0.769455,-0.841751,10.04
0.855148,-0.917923,10.0138
0.693283,-0.76796,9.84001
0.705185,-0.83461,9.9019
0.795639,-0.806046,9.95189
0.850388,-0.827469,10.0138
0.828964,-0.746536,9.9138
0.909897,-0.691788,9.89238
0.986069,-0.570389,9.91856
0.959885,-0.598953,9.9876
0.921799,-0.646561,9.93999
0.933701,-0.665604,9.9995
0.974167,-0.634659,10.0138
0.997971,-0.646561,10.0423
1.03368,-0.727493,10.1518
1.14317,-0.756058,10.1185
1.1765,-0.827469,10.0709
1.13841,-0.76796,9.95665
1.07176,-0.710831,9.92094
1.10747,-0.789383,9.96855
1.09795,-0.710831,9.93047
1.05748,-0.667984,9.95189
0.976547,-0.629898,9.72337
0.983688,-0.615616,9.69243
1.02177,-0.637039,9.70909
0.997971,-0.637039,9.68291
1.00273,-0.64418,9.66624
0.971786,-0.713211,9.72337
0.912277,-0.701309,9.77812
0.93132,-0.670364,9.83049
0.983688,-0.617996,9.83049
1.03606,-0.587051,9.81145
1.08842,-0.698929,9.82811
1.10033,-0.763199,9.75908
1.067,-0.713211,9.70195
1.01225,-0.620377,9.70433
1.01225,-0.57515,9.7686
1.02892,-0.556107,9.75908
1.10747,-0.64418,9.77574
1.21458,-0.765579,9.72337
1.24077,-0.77034,9.66624
1.18602,-0.722733,9.72813
0.976547,-0.694168,9.70909
0.99559,-0.675125,9.72813
0.988449,-0.589432,9.70671
0.967026,-0.529922,9.70671
0.933701,-0.63942,9.70433
1.0432,-0.70369,9.80669
1.11461,-0.765579,9.64958
1.11461,-0.722733,9.62816
1.18126,-0.606094,9.75432
1.22411,-0.568008,9.72337
1.33122,-0.501358,9.84239
1.39549,-0.51564,9.88762
1.46214,-0.537064,9.73052
1.42168,-0.456131,9.71861
1.52165,-0.529922,9.69719
1.43834,-0.491837,9.67577
1.42644,-0.494217,9.71385
1.42168,-0.556107,9.57341
1.35265,-0.520401,9.53532
1.30742,-0.551346,9.72337
1.20744,-0.532303,9.55199
1.24077,-0.503738,9.50438
1.31932,-0.506119,9.72099
1.48833,-0.553726,9.84477
1.674,-0.651321,9.78288
1.64305,-0.632278,9.86858
1.73351,-0.691788,9.89952
1.82158,-0.522781,9.88048
1.85014,-0.544205,9.82573
1.85014,-0.568008,9.94237
1.84062,-0.546585,9.93999
1.92393,-0.558487,9.94237
2.00487,-0.713211,9.88048
1.9406,-0.684647,9.88524
1.9287,-0.694168,9.93285
1.98106,-0.684647,9.78526
1.89537,-0.57753,9.69005
1.78111,-0.415665,9.61864
1.70256,-0.389481,9.54008
1.66685,-0.372818,9.60674
1.73112,-0.484695,9.57579
1.8073,-0.568008,9.59007
1.76683,-0.508499,9.64006
1.81206,-0.591812,9.74242
1.87633,-0.741776,9.72813
1.96202,-0.863174,9.66863
1.91917,-0.744156,9.70671
1.94774,-0.782242,9.76146
1.92632,-0.870316,9.76622
1.89299,-0.83461,9.57817
1.81682,-0.76796,9.57341
1.75493,-0.64418,9.64482
1.74065,-0.651321,9.70909
1.80968,-0.70607,9.62816
1.78349,-0.682266,9.57817
2.23576,-0.83461,9.7924
2.1953,-0.739395,9.83763
2.12389,-0.672745,9.74242
2.0858,-0.734634,9.77812
2.05009,-0.739395,9.81859
2.08342,-0.787003,9.81383
2.10722,-0.894119,9.81145
2.03343,-0.813187,9.83525
2.03581,-0.77272,9.76622
2.06438,-0.739395,9.81383
2.03819,-0.670364,9.75194
1.98821,-0.625137,9.74956
1.96916,-0.670364,9.69719
1.95488,-0.694168,9.73527
2.04295,-0.765579,9.77336
2.08342,-0.746536,9.77098
2.04533,-0.670364,9.75908
2.06914,-0.689407,9.73289
2.11674,-0.744156,9.69957
2.10246,-0.737015,9.73766
2.09056,-0.794144,9.66863
2.05962,-0.856033,9.73766
2.10246,-0.734634,9.79716
2.09056,-0.684647,9.86382
2.08818,-0.687027,9.94713
2.14531,-0.872696,10.1828
2.27861,-1.03694,10.3708
2.35478,-1.09407,10.6089
2.47856,-1.05598,11.0588
2.63805,-1.01552,11.3658
2.87846,-1.10597,11.6062
2.9951,-1.13216,11.7562
3.01176,-1.17262,11.8657
2.98796,-1.02266,12.0133
3.05937,-0.932205,12.1918
3.14269,-1.01552,12.1656
3.03319,-1.18929,12.1156
2.75468,-1.13454,12.0609
2.39287,-0.917923,12.2037
2.21434,-0.920303,12.5917
2.19054,-0.977432,12.6084
2.18578,-0.975052,12.3418
2.06438,-0.970291,11.8871
1.75731,-0.860794,11.642
1.41454,-0.782242,11.8419
1.31218,-0.851273,11.8848
1.25029,-1.08693,11.9347
1.28123,-1.19405,11.561
1.08128,-1.09645,11.2206
0.752792,-0.872696,11.0968
0.521896,-0.70607,10.8207
-2.3036,-0.301407,8.11186
-2.57497,-0.418045,8.15233
-2.83919,-0.484695,8.21184
-2.97487,-0.377579,7.85002
-3.3343,-0.265701,7.88097
-3.55568,-0.313309,7.62627
-3.81038,-0.356155,7.2097
-4.14125,-0.422806,6.92168
-4.50307,-0.51564,6.9431
-4.82204,-0.496597,6.80266
-6.43831,-0.268082,6.17186
-6.46211,-0.25856,6.19328
-6.56209,-0.187149,6.35753
-6.67397,-0.210953,6.22661
-6.7549,-0.103836,5.94572
-6.92629,-0.0419464,6.15282
-6.95009,0.103256,5.92906
-7.11909,0.343674,5.8029
-7.32143,0.479355,5.73863
-7.51424,0.400803,5.44585
-7.72847,0.131821,5.58867
-7.71895,0.0651703,5.00548
-8.05458,0.212753,5.04594
-8.11647,0.412704,4.60081
-8.25215,0.51506,4.65556
-8.32356,0.469833,4.54131
-8.32594,0.593613,4.00334
-8.56874,0.63884,4.10332
-8.70204,0.665024,3.88432
-8.82106,0.812607,3.82005
-8.89485,1.08397,3.50346
-9.10909,1.28868,3.41777
-9.22334,1.38866,3.23448
-9.19954,1.46483,2.90599
-9.32332,1.53386,2.78459
-9.32094,1.51482,2.78697
-9.4352,1.541,2.65129
-9.51137,1.63383,2.62987
-9.53755,1.45769,2.69414
-9.46614,1.49101,2.76079
-9.44234,1.55528,2.76079
-9.39949,1.51006,3.03691
-9.35426,1.26488,3.075
-9.37807,1.11491,2.93217
-9.37807,1.06493,2.71318
-9.43282,1.08397,2.41325
-9.35902,1.1411,2.55846
-9.27333,0.979233,2.52751
-9.39949,0.917343,2.64177
-9.42329,0.931625,2.70842
-9.41615,0.893539,2.78221
-9.42806,0.810226,2.80125
-9.42091,0.817368,2.8084
-9.46852,0.826889,2.66795
-9.45662,0.807846,2.51323
-9.43282,0.979233,2.47514
-9.22572,1.10301,2.36089
-9.35664,1.15062,2.3109
-9.29475,1.06731,2.25853
-9.40425,0.867355,2.41087
-7.5428,0.691208,5.00072
-7.35237,0.588852,5.3911
-6.77156,0.0865936,5.46965
-6.48354,-0.108597,5.57439
-6.30739,-0.215714,5.90764
-6.17409,-0.263321,6.35991
-5.89558,-0.182388,6.88359
-5.58376,-0.125259,7.36681
-5.23384,-0.00862122,8.2285
-4.80061,0.0437469,8.57841
-3.06532,-0.375198,9.46153
-2.80348,-0.408524,9.13304
-2.70827,-0.377579,8.91405
-2.87013,-0.275223,8.36656
-3.10341,-0.115738,8.28325
-3.06532,-0.0633698,8.55223
-2.72493,-0.0157623,8.78313
-2.33931,-0.146683,9.21874
-1.8799,-0.410904,9.57103
-1.55141,-0.444229,9.98521
-1.16817,-0.520401,10.3137
-0.834915,-0.51326,10.3208
-0.696854,-0.541824,10.1257
-0.67543,-0.406143,9.87334
-0.80397,-0.0919342,9.70195
-0.908707,0.160385,9.63768
-0.889664,0.141342,10.228
-0.496902,-0.215714,10.7469
-0.194595,-0.268082,10.6303
-0.00892639,-0.275223,10.5922
0.745651,-0.756058,10.9635
0.957504,-0.756058,10.9945
1.10985,-0.51088,10.8683
1.14793,-0.370438,10.8279
1.30028,-0.299026,11.292
1.55022,-0.272842,11.423
1.75493,-0.491837,11.3111
1.86443,-0.665604,11.0897
1.9644,-0.789383,10.9707
2.02867,-0.83223,10.8921
2.02153,-0.637039,10.904
1.98106,-0.529922,10.8564
1.95964,-0.460892,10.8779
2.03105,-0.468033,10.8517
2.18578,-0.410904,10.7588
2.25719,-0.408524,10.7255
2.19054,-0.301407,10.5565
2.11198,-0.303787,10.3899
2.03581,-0.394241,10.2613
2.01201,-0.396622,10.3066
2.10484,-0.482315,10.328
2.2072,-0.353775,10.2899
2.26671,-0.272842,10.1066
2.46666,-0.57753,9.95903
2.54283,-0.598953,9.91856
2.49998,-0.496597,9.82097
2.46428,-0.356155,9.70195
2.41667,-0.299026,9.55437
2.33574,-0.19429,9.5258
2.39049,-0.284744,9.54723
2.44286,-0.413284,9.52818
2.4619,-0.432327,9.48058
2.49046,-0.546585,9.45677
2.52379,-0.532303,9.46629
2.49998,-0.494217,9.53532
2.4738,-0.503738,9.54723
2.48808,-0.57515,9.54246
2.50713,-0.675125,9.55437
2.53807,-0.634659,9.6115
2.60948,-0.584671,9.64006
2.63091,-0.477554,9.57579
2.59758,-0.410904,9.65434
2.60234,-0.472794,9.64482
2.5833,-0.489456,9.62816
2.56664,-0.468033,9.70671
2.4976,-0.558487,9.56627
2.51665,-0.710831,9.49486
2.50237,-0.727493,9.48772
2.49522,-0.544205,9.45201
2.46666,-0.484695,9.52342
2.43571,-0.529922,9.48534
2.46666,-0.665604,9.43535
2.49046,-0.675125,9.44487
2.69279,-0.591812,9.49724
2.67851,-0.594193,9.39964
2.67851,-0.670364,9.43059
2.62614,-0.756058,9.42345
2.56425,-0.722733,9.42583
2.63329,-0.70607,9.49962
2.67613,-0.634659,9.38298
2.63091,-0.572769,9.42583
2.58806,-0.525162,9.39964
2.59758,-0.456131,9.52342
2.56425,-0.441849,9.50438
2.56664,-0.518021,9.4901
2.50475,-0.622757,9.45201
2.53807,-0.672745,9.49962
2.57616,-0.568008,9.52342
2.61662,-0.544205,9.63054
2.63805,-0.637039,9.56151
2.65471,-0.656082,9.52104
2.66185,-0.696548,9.56151
2.67613,-0.748917,9.62578
2.66423,-0.696548,9.36632
2.62138,-0.729874,9.36156
2.59758,-0.689407,9.30919
2.59282,-0.679886,9.34727
2.57378,-0.672745,9.34251
2.5952,-0.6418,9.35442
2.62852,-0.613236,9.37584
2.62376,-0.541824,9.39012
2.68565,-0.472794,9.39964
2.61424,-0.541824,9.30919
2.65471,-0.627518,9.29729
2.60948,-0.660843,9.37108
2.73326,-0.591812,9.45439
2.77135,-0.57515,9.39726
2.70946,-0.675125,9.32109
2.70708,-0.679886,9.37822
2.7285,-0.689407,9.40916
2.78087,-0.691788,9.3925
2.80229,-0.637039,9.35918
2.80705,-0.682266,9.32347
2.66185,-0.506119,9.54008
2.69756,-0.491837,9.502
2.70232,-0.587051,9.55437
2.69994,-0.57991,9.42583
2.70232,-0.689407,9.47343
2.77849,-0.70845,9.47343
2.75468,-0.729874,9.38536
2.78325,-0.713211,9.43297
2.77373,-0.660843,9.36394
2.7523,-0.698929,9.40916
2.77611,-0.732254,9.44487
2.80467,-0.744156,9.40202
2.87608,-0.727493,9.49486
2.88322,-0.679886,9.50676
2.84276,-0.663223,9.44487
2.84276,-0.591812,9.40916
2.87608,-0.57991,9.502
2.83562,-0.57991,9.46391
2.79039,-0.637039,9.45201
2.80467,-0.665604,9.43297
2.73326,-0.691788,9.41155
2.74992,-0.727493,9.42345
2.78801,-0.670364,9.3568
2.71184,-0.687027,9.40202
2.75468,-0.663223,9.43297
2.76183,-0.670364,9.43297
2.77849,-0.648941,9.44487
2.77611,-0.601334,9.46629
2.7404,-0.582291,9.40678
2.67137,-0.548965,9.36394
2.62376,-0.568008,9.3568
2.68327,-0.629898,9.39726
2.80229,-0.710831,9.42583
2.89989,-0.744156,9.49962
2.89989,-0.725113,9.41631
2.8618,-0.741776,9.47819
2.81657,-0.70845,9.48772
2.74992,-0.672745,9.49962
2.78801,-0.546585,9.46867
2.84276,-0.475174,9.38774
2.84038,-0.468033,9.40678
2.83562,-0.532303,9.35442
2.83562,-0.603714,9.502
2.86656,-0.70845,9.41869
2.81181,-0.737015,9.40916
2.84038,-0.70845,9.37584
2.79991,-0.670364,9.52818
2.83562,-0.670364,9.41155
2.80943,-0.656082,9.4901
2.86894,-0.753677,9.46391
2.78325,-0.675125,9.29491
2.77849,-0.634659,9.29491
2.72374,-0.675125,9.31633
2.74516,-0.625137,9.40678
2.82848,-0.658462,9.43297
2.79753,-0.625137,9.35918
2.7523,-0.601334,9.39488
2.76421,-0.601334,9.3925
2.77373,-0.610855,9.35204
2.79753,-0.582291,9.39012
2.8499,-0.637039,9.3806
2.838,-0.684647,9.32347
2.84038,-0.70607,9.38774
2.82372,-0.713211,9.41869
2.79039,-0.698929,9.33537
2.77611,-0.670364,9.38536
2.80705,-0.677505,9.37108
2.81181,-0.734634,9.35918
2.79277,-0.70607,9.35204
2.75945,-0.682266,9.30205
2.75945,-0.648941,9.34727
2.78087,-0.601334,9.38774
2.86656,-0.689407,9.41869
2.8737,-0.665604,9.39726
2.83324,-0.691788,9.43773
2.83324,-0.698929,9.42107
2.73326,-0.656082,9.45201
2.78563,-0.687027,9.43297
2.78563,-0.698929,9.44011
2.8737,-0.64418,9.50914
2.89513,-0.594193,9.51152
2.91655,-0.598953,9.53056
2.8499,-0.601334,9.43297
2.8618,-0.629898,9.39488
2.83086,-0.620377,9.43059
2.86418,-0.6418,9.49962
2.86418,-0.698929,9.42345
2.8618,-0.763199,9.40916
2.84276,-0.70845,9.33775
2.80943,-0.656082,9.30919
2.88084,-0.396622,9.53532
2.93083,-0.537064,9.69957
2.94511,-0.717972,9.85905
2.94749,-0.867935,10.0423
3.01891,-0.794144,10.4018
3.1165,-0.601334,10.8041
3.27837,-0.463272,11.1111
3.31169,-0.425186,11.2135
3.27361,-0.496597,11.3968
3.42119,-0.57991,11.7181
2.91179,-0.83699,11.8943
2.8499,-0.83223,11.8252
2.74754,-0.798904,11.6324
2.53807,-0.756058,11.5372
2.38335,-0.648941,11.511
2.26195,-0.596573,11.6848
2.24528,-0.568008,11.511
2.20244,-0.715591,11.2706
2.11913,-0.920303,11.2325
1.99297,-1.0536,11.1111
-1.0182,-0.744156,9.09258
-1.32765,-0.77272,8.92357
-1.57759,-0.765579,8.65697
-1.92036,-0.727493,8.29277
-2.22981,-0.720352,8.08568
-2.5464,-0.6418,7.77861
-2.83919,-0.556107,7.60722
-3.10103,-0.460892,7.50487
-3.28194,-0.429947,7.38109
-3.49855,-0.353775,7.34538
-5.32191,-0.146683,6.56224
-5.44093,-0.0276642,6.23851
-5.69563,0.0199432,6.50273
-5.82179,0.0199432,6.46941
-6.02412,0.0318451,6.42418
-6.05507,0.000900269,6.11473
-6.31691,0.18895,5.81242
-6.52162,0.0865936,6.25517
-6.50972,0.117538,5.86717
-6.65016,0.136581,6.13853
-8.2831,0.581711,4.28423
-8.44258,0.750717,4.30803
-8.45924,0.919724,4.239
-8.46876,1.08397,4.5056
-8.46639,1.23155,4.30089
-8.56636,1.23155,4.36516
-8.62825,1.13396,4.30327
-8.74251,1.26964,4.09618
-8.86867,1.32439,4.04619
-8.92104,1.34581,4.30327
-9.37807,1.99565,2.27995
-9.36855,2.13371,2.01573
-9.49709,2.15038,1.88719
-9.71132,1.98613,1.89909
-9.78511,1.80046,1.79912
-9.9684,1.541,1.60393
-10.0327,1.44579,1.73961
-10.0112,1.41008,1.86101
-9.94221,1.47911,2.05382
-9.73988,1.55528,2.20854
-9.28047,1.06017,3.51775
-9.3257,1.0197,3.29399
-9.37569,1.11253,3.07262
-9.46614,1.16014,3.02739
-9.47566,1.26964,2.87505
-9.53279,1.25774,2.9417
-9.50423,1.23631,3.03691
-9.4709,1.17442,3.12022
-9.40901,1.24345,3.15355
-9.4352,1.38152,3.00359
-9.17098,1.20299,3.70818
-9.0948,1.07921,3.62486
-9.05672,1.09825,3.66533
-8.86391,0.96019,4.06047
-8.57112,0.976852,4.239
-8.49019,1.03398,4.50798
-8.38545,0.903061,4.74602
-8.38307,0.83641,4.71031
-8.34261,0.70311,4.85313
-8.21407,0.631699,4.69127
-7.63326,0.379379,5.68388
-7.58803,0.434128,5.5244
-7.53804,0.415085,5.68388
-7.27144,0.307968,6.20757
-7.01198,0.331772,6.76457
-6.81441,0.400803,7.35252
-6.61684,0.343674,7.39775
-6.56685,0.110397,7.46678
-6.61446,-0.0348053,7.23351
-6.73347,-0.0538483,6.95024
-5.42903,0.0865936,7.67863
-5.42427,0.419846,7.6953
-5.25288,0.6436,7.7191
-5.04579,0.429367,7.80955
-4.92201,0.119919,7.90001
-4.72206,-0.101456,8.06663
-4.4626,-0.0490875,8.25707
-4.20076,0.0223236,8.53319
-3.96034,0.184189,8.69029
-3.77943,0.248459,8.75218
-2.52498,0.262741,9.5258
-2.3893,0.12468,9.54008
-2.20125,-0.120499,9.66148
-2.01796,-0.137161,9.66386
-1.97749,0.12468,9.56865
-1.91798,0.286545,9.55675
-1.87276,0.262741,9.73766
-1.74184,0.0532684,10.0852
-1.53712,0.0532684,10.0257
-1.36812,0.0318451,9.93047
0.124374,0.00804138,10.6065
0.281479,-0.0919342,10.5732
0.402878,-0.118118,10.397
0.457626,0.0627899,10.3042
0.41716,0.45079,10.2661
0.41954,0.531723,10.3256
0.443344,0.38176,10.3232
0.5457,0.348434,10.3542
0.740891,0.210373,10.4446
0.988449,-0.0014801,10.5708
1.91203,0.134201,10.766
1.90251,0.12468,10.7231
1.79539,0.177048,10.666
1.60973,0.279404,10.6017
1.69066,0.160385,10.5589
1.78349,0.172287,10.4613
1.91441,0.250839,10.4089
1.92393,0.307968,10.4351
1.99535,0.324631,10.5303
1.98344,0.405563,10.566
1.71922,0.19371,9.88524
1.7097,0.0770721,9.86858
1.66924,0.0294647,9.89
1.57878,0.153244,9.72813
1.5883,0.312729,9.82573
1.63353,0.376999,9.76622
1.60258,0.315109,9.61864
1.68352,0.0604095,9.64244
1.82396,-0.172867,9.70433
1.87633,-0.110977,9.73289
1.64305,0.584091,9.57341
1.63115,0.484116,9.5139
1.66209,0.336533,9.59483
1.76207,0.238937,9.59721
1.8192,0.198471,9.51152
1.71446,0.305588,9.45677
1.53593,0.426987,9.48296
1.47166,0.467453,9.54246
1.49547,0.426987,9.45915
1.5526,0.281784,9.43297
1.49547,0.593613,9.671
1.49309,0.57695,9.6234
1.50261,0.462692,9.64958
1.45024,0.391281,9.64006
1.47166,0.396042,9.56627
1.44786,0.443649,9.671
1.49547,0.526962,9.72813
1.5407,0.519821,9.74004
1.48119,0.622177,9.68291
1.39549,0.731674,9.66863
1.83348,0.522202,10.0043
1.7216,0.63884,9.98997
1.72874,0.595993,9.96855
1.69304,0.462692,9.9138
1.84538,0.417465,9.76622
1.86205,0.481735,9.73289
1.80016,0.567429,9.72337
1.70256,0.572189,9.74004
1.65257,0.557907,9.72813
1.67638,0.507919,9.69481
1.56926,0.586472,9.33061
1.56212,0.557907,9.31871
1.61449,0.557907,9.45201
1.71208,0.562668,9.34489
1.76445,0.484116,9.41631
1.64543,0.467453,9.31157
1.60973,0.493637,9.32109
1.75493,0.491257,9.32823
1.91203,0.555527,9.43059
2.09294,0.70787,9.59007
1.91203,0.636459,9.35442
1.80968,0.588852,9.35204
1.73827,0.617416,9.36156
1.62163,0.586472,9.31871
1.62639,0.438889,9.32109
1.64305,0.436508,9.27348
1.76207,0.462692,9.40678
1.83824,0.538864,9.4901
1.80492,0.522202,9.47819
1.79778,0.522202,9.47105
1.79778,0.0913544,9.65434
1.72636,0.103256,9.73527
1.73112,-0.0110016,9.79002
1.73589,-0.0800324,9.86382
1.62639,-0.182388,9.78526
1.59068,-0.106216,9.82097
1.52165,0.0865936,9.96379
1.47643,0.196091,9.92571
1.42406,0.0604095,9.95427
1.99059,0.131821,9.59007
2.13817,0.100876,9.55675
2.07866,0.231796,9.53056
1.96678,0.329391,9.58531
1.84062,0.272263,9.49486
1.74779,0.231796,9.42821
1.84776,0.198471,9.44963
2.02153,0.134201,9.49724
2.0739,0.155624,9.48296
1.94536,0.167526,9.58055
1.86205,0.131821,9.69243
1.99297,0.286545,9.67577
2.03581,0.267502,9.70909
1.97154,0.288925,9.74242
1.87871,0.236557,9.79955
1.86919,0.0842133,9.79716
1.94298,-0.0633698,9.81621
1.95726,-0.0609894,9.71385
1.93584,0.0556488,9.85905
1.91441,0.222275,9.78526
2.00963,0.224655,9.63768
1.99773,0.248459,9.65672
1.96916,0.162766,9.54961
1.94298,0.0604095,9.59007
1.88347,0.177048,9.60674
1.83824,0.272263,9.50676
1.84062,0.277023,9.58769
1.81682,0.215134,9.45677
1.79301,0.376999,9.44249
1.91441,0.465073,9.49486
1.98821,0.234177,9.6353
2.00249,0.0842133,9.62102
2.05009,-0.0252838,9.57341
2.04771,0.0770721,9.55199
2.04295,0.241318,9.58055
1.89894,0.492447,9.58174
1.95488,0.228226,9.54485
1.97749,0.119919,9.4294
1.97868,0.396042,9.47462
1.83348,0.280594,9.46391
1.92036,0.209183,9.53056
1.97511,0.419846,9.48415
1.97035,0.5103,9.47582
2.03938,0.549576,9.46748
2.03462,0.634079,9.38417
2.0739,0.848312,9.34609
2.10127,1.23988,9.36394
2.0251,1.39699,9.24968
2.01915,1.66478,9.24849
2.1584,2.03731,9.33061
2.18697,2.34795,9.37941
2.13103,2.63835,9.44368
2.26433,2.24559,9.3806
2.48689,1.80046,9.42226
2.63448,2.20155,9.51152
2.80229,2.38246,9.87096
3.12602,2.50624,10.3625
3.34859,1.96352,10.7517
3.64256,1.20418,11.2456
3.81633,1.49339,11.6205
3.73659,1.24345,12.2216
3.77824,0.136581,12.7679
3.92821,-0.623947,13.1559
3.52354,-0.727493,13.4653
3.04509,-1.12144,13.6224
3.21767,-1.28331,13.4237
3.37239,-1.32973,12.95
2.91536,-1.48088,12.5489
2.50713,-1.68202,12.3227
2.42857,-1.95219,11.7479
2.20006,-1.99742,11.098
1.70137,-1.70464,10.9136
1.18602,-1.61418,10.4946
0.843246,-1.7451,10.3446
0.845627,-2.10216,9.99355
0.331467,-1.95815,9.7448
-0.171982,-1.84151,9.54246
-0.113663,-2.14976,9.30086
0.0410614,-2.4485,8.80455
-0.310043,-2.59847,8.35347
-0.702805,-2.43065,7.82265
-0.952744,-1.94148,7.23946
-1.37288,-1.54039,6.7122
-1.85609,-0.825089,6.38371
-1.96916,-0.0800324,6.19685
-2.30717,-0.262131,5.78862
-3.15459,-0.673935,5.35301
-3.71992,-0.158585,5.30183
-3.97462,0.687637,5.52321
-3.96034,0.532913,5.7422
-3.68184,0.599564,5.78505
-3.4438,0.725723,5.85646
-3.39619,0.853073,5.9612
-3.13435,1.10301,6.13496
-2.78563,1.31487,6.53368
-3.12364,1.02684,6.43846
-3.3831,1.03636,6.27541
-2.60234,2.05278,6.75148
-2.10603,3.47267,7.41322
-2.36549,3.32628,7.15257
-2.91774,2.33604,6.80742
-2.18935,2.93114,7.40489
-1.72993,3.02278,7.66911
-1.88585,2.3289,7.48702
-2.10841,2.54552,7.9857
-2.03105,3.45839,8.63673
-1.46214,4.08919,8.95451
-1.31218,3.70476,8.87477
-1.55141,2.73714,9.07353
-0.907516,3.12276,9.81026
-0.770645,3.3727,10.178
-0.826584,2.76213,10.0947
-0.468338,2.9597,10.3744
0.121994,3.53932,10.7684
0.356461,3.05968,10.9397
-0.0910492,1.6862,10.7517
0.0672455,1.50529,11.1361
0.698044,2.06111,11.5753
1.14317,2.10396,11.4908
0.8004,1.74095,11.4182
0.456436,1.28035,11.4301
0.652817,1.2018,11.5729
0.945602,1.00304,11.9133
0.952744,0.532913,11.7764
0.833725,0.0461273,11.83
1.00868,-0.0324249,12.0371
1.19911,-0.0145721,12.1037
1.19554,-0.0252838,12.0907
1.19078,-0.519211,11.8705
1.26814,-0.991715,11.6622
1.43358,-1.12621,11.4194
1.35741,-1.18333,11.0361
1.20625,-0.978622,10.6839
1.14555,-0.664413,10.3815
0.942032,-0.928635,10.0412
0.883713,-1.11311,9.65196
0.949173,-0.664413,9.46391
0.751602,-0.445419,9.3199
0.613541,-0.357346,9.30324
0.756363,-0.434708,9.16994
0.940842,-0.460892,9.22945
0.925369,-0.347824,9.27229
0.912277,-0.0597992,9.40678
0.976547,0.203232,9.48653
0.774216,0.102066,9.47819
0.703995,0.0806427,9.64839
0.957504,0.25679,9.70433
0.880142,0.148483,9.64125
0.887283,0.0556488,9.6841
1.04558,0.19133,9.76384
0.968216,0.323441,9.84834
1.03487,0.338913,9.77812
1.0182,0.330582,9.83287
0.975357,0.294876,9.96022
1.08604,0.0782623,9.97926
1.16936,0.31749,9.97926
1.08366,0.530533,10.1138
1.01463,0.311539,10.0293
1.07771,0.100876,9.95546
0.99202,0.0318451,9.7686
0.852768,0.444839,9.86262
0.850388,0.482925,9.94832
0.969406,0.207993,9.91023
1.067,0.0996857,9.82811
0.944412,0.109207,9.74123
0.968216,0.161575,9.84239
0.99202,0.32225,9.7805
1.0313,0.237747,9.78288
0.978928,0.0413666,9.68886
0.911087,0.25322,9.7317
0.99321,0.365097,9.68291
0.990829,0.371048,9.73052
0.975357,0.32106,9.68172
0.986069,0.123489,9.696
0.934891,0.287735,9.72694
0.961075,0.38295,9.77455
1.01701,0.0961151,9.76622
0.99678,-0.0407562,9.83763
0.987259,0.261551,9.91856
1.02296,0.416275,9.94118
1.00273,0.366287,9.86262
0.884903,0.197281,9.85072
0.974167,0.0282745,9.77574
0.9944,0.178238,9.78526
0.793259,0.423416,9.81383
0.828964,0.307968,9.82692
1.0551,0.0508881,9.90904
1.05867,-0.00386047,9.81026
0.814682,0.116348,9.86382
0.93251,0.149673,9.83525
0.970596,0.263931,9.84001
0.844437,0.284164,9.81502
0.80159,0.197281,9.74004
0.880142,0.0651703,9.75075
1.02296,0.141342,9.7686
0.844437,0.306778,9.77217
0.811111,0.199661,9.8531
0.949173,0.0735016,9.83406
0.905136,0.116348,9.7805
0.907516,0.305588,9.87453
0.924179,0.298447,9.93166
0.834915,-0.0788422,9.80431
0.917038,-0.0324249,9.77217
0.914658,0.197281,9.80907
0.902756,0.180618,9.89119
0.93251,0.198471,9.88048
0.983688,0.0163727,9.79955
0.869431,0.0354156,9.78407
0.828964,0.0687408,9.82573
0.956314,0.0782623,9.83049
0.946793,0.140152,9.81145
0.771835,-0.00743103,9.84239
0.961075,-0.0919342,9.78883
0.990829,0.0675507,9.81383
0.840866,0.0116119,9.84001
0.812302,0.0663605,9.85786
0.837296,0.0663605,9.90428
0.957504,0.0187531,9.86739
0.877762,0.0199432,9.84239
0.795639,0.160385,9.93999
0.902756,0.202042,9.85786
0.773026,-0.0205231,9.83406
0.761124,0.12825,9.84715
0.881332,0.240128,9.88643
0.988449,0.169907,9.88524
0.853958,0.0675507,9.84358
0.821823,0.0865936,9.82692
0.86705,0.136581,9.72337
0.774216,0.0687408,9.66743
0.714706,0.0806427,9.65672
0.826584,-0.0276642,9.66148
0.846817,0.0675507,9.71861
0.793259,0.261551,9.79359
0.759934,0.205612,9.83287
0.893234,0.148483,9.88643
0.840866,0.0711212,9.89595
0.962265,0.0949249,9.92808
0.86467,-0.000289917,9.8662
0.652817,-0.0621796,9.77931
0.770645,0.0449371,9.8781
0.856339,0.206802,9.8662
0.777786,0.0842133,9.8055
0.762314,-0.0717011,9.85429
0.826584,-0.0383759,9.89119
0.837296,0.181808,9.87096
0.814682,0.232986,9.84596
0.80278,-0.0193329,9.71623
0.809921,-0.0419464,9.696
0.8004,0.211563,9.74718
0.786118,0.223465,9.7448
0.852768,0.160385,9.75194
0.840866,0.0627899,9.75432
0.86467,0.209183,9.78883
0.857529,0.248459,9.74956
0.833725,0.232986,9.69362
0.877762,0.159195,9.69243
0.901566,0.281784,9.5746
0.965836,0.481735,9.49129
1.00511,0.679306,9.35799
0.92894,0.798325,9.29491
0.964645,0.847122,9.28538
1.05867,0.987564,9.24135
1.24434,1.18037,9.29372
1.43715,1.33748,9.28062
1.42763,1.33629,9.39607
1.5276,1.37794,9.39607
1.67281,1.56599,9.49129
1.68114,1.85164,9.42702
1.58235,1.76237,9.51985
1.7097,1.65407,9.68886
1.91917,1.46959,9.9269
2.08818,1.36485,10.153
1.96321,1.33867,10.5863
2.15483,0.932816,10.9267
2.63567,0.516251,11.2801
2.71303,0.428177,11.5813
2.59639,0.424606,11.8431
2.60591,0.203232,11.9026
2.64162,0.0485077,11.9942
2.60234,0.174667,12.2597
2.46547,0.0723114,12.1145
2.35835,-0.222855,12.0121
2.23814,-0.409714,11.955
2.07985,-0.764389,11.9466
2.1465,-0.594193,11.9788
2.16197,-0.533493,11.9395
1.96916,-0.777481,11.9978
1.71208,-1.08574,11.7526
1.67162,-1.34282,11.3266
1.41454,-1.36781,11.0838
0.811111,-1.54872,10.8433
0.575455,-1.28926,10.7648
0.538559,-1.1393,10.5541
0.142227,-1.30354,10.2173
-0.211258,-1.22142,10.0804
-0.292191,-0.941727,9.91261
-0.593307,-0.998856,9.68529
-0.944412,-1.28093,9.34251
-1.04201,-0.851273,9.25801
-1.05391,-0.359726,9.10329
-1.26576,-0.437088,8.79503
-1.66566,-0.864365,8.4225
-2.0977,-0.785812,8.20232
-1.97511,-0.189529,8.0464
-1.96321,-0.0169525,7.76433
-2.3405,-0.406143,7.12996
-2.50475,-0.224045,6.90382
-2.78682,0.392471,6.91573
-3.26765,0.70787,6.5432
-3.59258,0.175858,5.99809
-3.41524,0.57457,6.05879
-3.04033,1.82426,6.14687
-3.60448,1.6386,5.62318
-3.75801,0.734055,5.33159
-3.58305,1.17323,5.66365
-3.63185,1.8802,5.64818
-3.48546,2.40031,5.6815
-3.37001,2.65025,6.10997
-3.53902,2.50862,6.31944
-3.39619,2.68596,6.52415
-3.32478,3.47981,6.94191
-3.01415,3.72975,7.3073
-2.82967,3.10728,7.44536
-2.75587,2.5717,7.64174
-2.12627,3.30009,8.29872
-2.01677,3.44292,8.26064
-2.40715,2.96089,8.01903
-1.97154,3.95351,8.55818
-1.63353,4.69737,8.96046
-1.80492,3.72975,8.78075
-2.43452,2.58003,8.91405
-1.95488,2.89186,9.44963
-1.13484,3.85591,9.60435
-0.918228,3.52504,9.9745
-1.25505,2.65977,10.0519
-0.646866,2.80736,10.2685
-0.148178,3.03587,10.4351
-0.412399,2.55028,10.4922
-0.382645,2.30748,10.5196
-0.0958099,2.28725,10.5934
-0.16127,2.0504,10.7088
-0.179123,1.84212,10.7148
0.245773,1.93257,10.7469
0.493332,1.61122,10.7672
0.570694,1.08873,10.8564
0.534988,0.959,11.1123
0.859909,1.2625,11.3004
1.36455,1.20418,11.0671
1.35265,0.939957,10.76
1.16698,0.672165,10.6886
1.25505,0.648361,10.7898
1.30385,0.536484,10.7303
1.06819,0.356766,10.453
0.826584,0.555527,10.466
0.922989,0.503159,10.3839
1.28719,0.232986,10.4899
1.28242,0.0735016,10.5541
1.10152,-0.000289917,10.691
1.31218,-0.0276642,10.9362
1.50142,-0.201431,10.7422
1.40739,-0.0847931,10.8005
1.39906,0.0615997,10.7315
1.36693,-0.0336151,10.5137
1.2979,-0.039566,10.4125
1.33955,-0.100265,10.3054
1.31813,-0.149063,10.0935
1.06581,-0.201431,9.92451
1.13008,-0.185959,9.82216
1.30504,0.0366058,9.89238
1.19792,-0.0514679,9.71385
1.08723,-0.437088,9.50438
1.19316,-0.437088,9.42345
1.19554,0.0330353,9.4532
1.03844,0.277023,9.38655
0.988449,-0.0717011,9.41988
1.08604,-0.0847931,9.64244
1.18483,0.349625,9.81383
1.09676,0.347244,9.7567
1.13127,0.211563,9.75432
1.14674,0.075882,9.78645
1.16817,0.228226,9.8055
1.21577,0.501968,9.93404
1.12056,0.412704,9.7686
1.10509,0.211563,9.75789
1.13246,0.316299,9.79121
1.05748,0.342484,9.72218
1.13246,0.460312,9.74599
1.25148,0.606705,9.86262
1.09319,0.405563,9.75789
1.09438,0.172287,9.67696
1.2372,0.180618,9.7198
1.261,0.397232,9.75194
1.1396,0.503159,9.78288
1.21696,0.393661,9.80907
1.24553,0.19014,9.78645
1.08723,0.31749,9.86382
1.08842,0.522202,9.85786
1.03606,0.496017,9.78407
1.08247,0.355576,9.79121
1.12056,0.0235138,9.71266
1.17293,0.116348,9.83168
1.12413,0.172287,9.83049
1.17412,0.342484,9.8781
1.08961,0.349625,9.85667
1.05153,0.261551,9.78407
1.09914,0.392471,9.82692
1.05748,0.324631,9.75075
1.06581,0.150864,9.67577
1.13246,0.219894,9.72099
1.092,0.25798,9.74361
1.03368,0.399612,9.76741
0.972977,0.287735,9.78883
1.08247,0.380569,9.90666
1.10033,0.306778,9.81145
1.07533,0.242508,9.86501
1.03487,0.323441,9.84596
0.955124,0.367477,9.84953
0.987259,0.398422,9.75194
1.04677,0.269882,9.69838
1.02058,0.178238,9.71861
0.959885,0.286545,9.70076
1.02534,0.509109,9.73409
1.06581,0.430557,9.68886
1.00273,0.161575,9.72694
1.02773,0.112778,9.84239
1.14436,0.337723,9.86977
1.02653,0.349625,9.72575
0.980118,0.247269,9.8412
1.03368,0.0544586,9.78645
1.0313,0.184189,9.87334
1.06105,0.44603,9.91142
0.952744,0.332962,9.84239
0.990829,0.136581,9.9019
1.04796,0.204422,9.87929
1.07414,0.365097,9.92451
1.01939,0.236557,9.7686
0.99321,0.230606,9.7198
0.986069,0.277023,9.74599
0.881332,0.25798,9.6115
0.806351,0.259171,9.68767
0.888474,0.186569,9.76384
1.03011,0.130631,9.76265
0.926559,0.250839,9.81264
0.870621,0.292496,9.76027
0.975357,0.198471,9.77931
1.00273,0.149673,9.7448
0.871811,0.102066,9.72337
0.933701,0.268692,9.84358
1.02892,0.352005,9.85786
0.967026,0.236557,9.83525
0.947983,0.133011,9.81859
1.05748,0.178238,9.84596
0.999161,0.244888,9.80431
0.925369,0.237747,9.85667
0.983688,0.357956,9.79478
0.915848,0.237747,9.7686
0.918228,0.213943,9.75551
0.984879,0.353195,9.75075
0.911087,0.266312,9.80788
0.878952,0.288925,9.76384
0.886093,0.331772,9.8174
1.0789,0.363907,9.9019
1.13722,0.249649,9.86977
1.12175,0.248459,9.89119
1.1515,0.160385,9.93761
1.13127,0.12825,9.89952
1.14555,0.268692,9.8662
1.092,0.249649,9.84715
1.03487,0.240128,9.77217
0.99321,0.263931,9.8055
1.02773,0.332962,9.81859
1.00511,0.373428,9.80669
0.988449,0.328201,9.84239
1.04082,0.356766,9.83168
1.04796,0.361526,9.77455
0.997971,0.272263,9.69957
0.988449,0.302017,9.71147
0.911087,0.343674,9.79716
1.01701,0.327011,9.69243
1.03844,0.357956,9.69124
0.908707,0.344864,9.70314
0.950363,0.396042,9.71742
1.02058,0.371048,9.76622
1.07771,0.407944,9.84477
1.08723,0.338913,9.77217
1.13603,0.431747,9.81026
1.05629,0.567429,9.88286
0.945602,0.278214,9.72932
1.09319,0.252029,9.77336
1.10271,0.497208,9.77455
0.933701,0.413895,9.77931
1.10509,0.347244,9.87691
1.0551,0.346054,9.76741
0.905136,0.378189,9.73885
1.06343,0.556717,9.8412
1.07771,0.442459,9.88167
1.067,0.412704,9.76384
0.989639,0.471024,9.78526
0.902756,0.390091,9.79955
1.00273,0.443649,9.79716
0.981308,0.569809,9.78645
0.813492,0.404373,9.77455
0.86586,0.394852,9.696
0.886093,0.411514,9.72456
0.827774,0.413895,9.68172
0.80516,0.277023,9.73647
0.969406,0.0913544,9.7448
0.956314,0.0389862,9.71861
0.744461,0.0366058,9.80193
0.795639,-0.0633698,9.90309
0.983688,-0.444229,9.79478
0.826584,-0.908401,9.6353
0.784927,-1.09526,9.45201
0.969406,-1.08455,9.5258
1.06581,-1.40709,9.38893
1.10509,-1.92839,9.26039
1.28719,-1.98314,9.41512
1.45381,-1.84746,9.74361
1.40025,-1.43208,10.09
1.2491,-1.0667,10.4601
1.35622,-1.4904,10.7196
1.56926,-2.5092,10.7243
1.80968,-2.51872,11.0873
1.96678,-1.3452,11.7038
1.96678,-0.552536,11.6265
1.66924,-1.4059,11.1028
1.65257,-2.09978,11.1421
2.32265,-0.802475,11.7431
2.49998,0.206802,11.7431
1.94893,-0.0205231,11.2837
2.05128,0.194901,11.5372
2.53093,0.903061,11.7181
2.15126,0.999466,11.4003
1.70375,0.612656,11.2682
1.87395,1.08516,11.467
1.55498,1.73143,11.5503
1.28957,1.929,11.3956
1.41216,2.2325,11.5003
1.39311,2.39793,11.0933
1.08009,2.16466,10.8898
1.09914,2.06944,10.7362
0.882523,2.16347,10.4958
0.433823,2.18608,10.3839
0.299332,2.29558,9.9745
0.22673,2.75142,9.66863
-0.0803375,3.08943,9.46153
-0.335037,3.25249,9.09139
-0.523087,3.13823,8.5201
-0.920609,3.09181,8.28206
-1.41216,3.18346,8.20232
-1.70613,3.15013,7.98927
-1.64781,2.7907,7.84169
-1.92393,2.53004,7.74171
-2.27623,2.49077,7.73814
-2.24171,2.38246,7.56438
-2.47618,2.14561,7.43227
-2.93202,1.95757,7.43584
-3.18791,2.06468,7.45012
-3.14864,2.10396,7.33348
-3.10341,1.72905,6.91811
-3.50688,1.71358,6.91335
-3.66875,1.85878,6.86931
-3.62709,2.03374,6.81456
-3.67113,1.78737,6.7491
-3.89726,1.29225,6.78481
-4.21028,1.2018,6.97523
-3.95796,1.08397,7.06926
-4.07936,1.01613,7.06093
-4.1722,0.892349,7.20137
-3.94249,0.371048,7.11687
-4.23409,-0.00386047,7.23708
-4.46736,-0.090744,7.33943
-3.88179,0.179428,7.44417
-3.85204,-0.0181427,7.53343
-4.4388,-0.57753,7.64412
-4.00319,-0.619186,7.85359
-3.55806,-0.697739,7.75957
-3.72112,-1.12502,7.70363
-3.98415,-1.01671,7.85359
-3.55925,-0.610855,8.20232
-3.26527,-0.628708,8.3856
-3.7354,-1.32497,8.20708
-3.44142,-1.75105,8.38203
-2.69756,-1.53206,8.6772
-2.68565,-1.43803,9.04854
-3.20695,-1.64989,9.05925
-2.69756,-1.27498,9.43654
-2.26195,-0.942917,9.48772
-2.2917,-1.31306,9.55199
-2.18935,-1.47493,9.73052
-1.83229,-1.15834,9.95427
-1.50499,-1.2238,10.0447
-1.51451,-1.68083,10.0352
-1.41097,-2.28902,9.97331
-0.894424,-1.9641,10.4089
-0.636154,-1.45827,10.7767
-0.644486,-1.66893,10.6077
-0.689712,-2.30092,10.4649
-0.0493927,-2.24855,10.7065
0.709946,-1.46303,11.035
0.210068,-1.55705,10.8981
-0.569504,-2.79247,10.4672
0.179123,-2.49849,10.7446
1.03606,-1.04051,11.4503
0.601639,-0.403763,11.3277
0.133896,-1.73201,10.8267
0.852768,-1.89864,10.9278
1.35622,-0.748917,11.3742
1.08604,-0.349014,11.2766
1.04796,-1.23451,10.7743
1.43834,-1.42613,10.8326
1.55855,-0.971481,10.8457
1.39549,-0.521591,10.6922
1.47643,-0.153824,10.8207
1.29671,-0.210953,10.7065
1.10509,-0.482315,10.4292
1.32408,-0.413284,10.322
1.4062,0.088974,10.5184
1.12413,-0.0443268,10.3851
0.99559,-0.0955048,10.2185
1.33598,0.204422,10.4208
1.45857,0.242508,10.3375
1.33241,-0.0300446,10.3137
1.45024,0.0556488,10.2768
1.54189,0.412704,10.2935
1.36455,0.356766,10.0126
1.21458,0.0520782,9.76622
1.32646,-0.0110016,9.73885
1.37407,0.12944,9.66624
1.18364,0.147293,9.60792
1.19911,0.108017,9.54723
1.30385,0.0639801,9.51866
1.05272,-0.0121918,9.48772
1.08009,-0.120499,9.64125
1.38002,-0.0526581,9.67815
1.28719,-0.107407,9.64006
1.11104,-0.412094,9.62697
1.21339,-0.656082,9.66743
1.20744,-0.682266,9.74004
1.07771,-0.412094,9.87096
1.01225,-0.353775,9.87929
1.22054,-0.45018,9.86739
1.32765,-0.694168,9.90071
1.22649,-0.713211,9.87929
1.19554,-0.692978,9.8293
1.27647,-0.569199,9.87572
1.21458,-0.650131,9.79955
1.15984,-0.676315,9.89476
1.12175,-0.614426,9.84834
1.08247,-0.692978,9.79121
1.1158,-0.685837,9.7686
1.06462,-0.571579,9.8293
1.04796,-0.752487,9.79002
1.03487,-0.764389,9.75075
1.06105,-0.627518,9.81026
1.09438,-0.677505,9.79002
1.02058,-0.988144,9.81264
0.99202,-0.913162,9.82454
1.10152,-0.51683,9.88762
1.04915,-0.548965,9.85429
0.981308,-0.790573,9.80312
1.04796,-0.763199,9.83525
1.04796,-0.539444,9.77693
0.968216,-0.726303,9.74956
1.05272,-0.757248,9.80431
0.99559,-0.647751,9.79478
1.00987,-0.559677,9.92213
0.99559,-0.698929,9.83882
1.12175,-0.727493,9.84358
1.16698,-0.520401,9.85548
0.897995,-0.493027,9.74123
0.951553,-0.788193,9.70671
1.08842,-0.647751,9.75075
1.04796,-0.507309,9.8055
0.900375,-0.666794,9.63649
1.02177,-0.764389,9.69719
1.04439,-0.571579,9.69838
0.831345,-0.687027,9.62935
0.843246,-0.848892,9.70433
1.00749,-0.689407,9.81621
1.0432,-0.439468,9.86262
0.970596,-0.562057,9.82454
0.950363,-0.750107,9.80193
0.983688,-0.841751,9.91499
1.09557,-0.621567,9.93285
1.00273,-0.414475,9.98164
0.876572,-0.588242,9.91856
0.947983,-0.677505,9.9019
1.05272,-0.77034,9.96736
0.984879,-0.583481,9.89714
0.876572,-0.537064,9.81621
0.93013,-0.635849,9.79716
1.01939,-0.856033,9.82573
1.0063,-0.679886,9.81026
0.92894,-0.745346,9.76384
0.961075,-0.731064,9.94713
0.978928,-0.623947,9.90428
1.00273,-0.653702,9.82454
1.03606,-0.57872,9.79598
1.00987,-0.662033,9.85191
0.982498,-0.890549,9.80073
1.10271,-0.70488,9.78407
1.0789,-0.520401,9.76979
1.08247,-0.657272,9.78169
1.11699,-0.621567,9.79598
0.974167,-0.606094,9.7198
0.947983,-0.566818,9.80907
1.03725,-0.397812,9.86144
1.02892,-0.358536,9.83287
1.00273,-0.382339,9.7686
0.980118,-0.535873,9.74361
1.01939,-0.560867,9.79598
1.067,-0.427567,9.83406
0.970596,-0.282364,9.79716
0.914658,-0.477554,9.81264
0.956314,-0.790573,9.72932
1.07057,-0.426376,9.86977
1.1039,-0.264511,9.84477
1.04558,-0.493027,9.6841
1.15865,-0.788193,9.63887
1.16698,-0.885788,9.55199
1.08128,-0.947678,9.40916
0.970596,-1.08455,9.40202
0.955124,-1.26427,9.27229
1.05272,-1.52611,9.26515
1.0313,-1.69273,9.31633
1.05153,-1.82603,9.46748
1.14912,-2.02242,9.4532
1.1765,-2.14381,9.59483
1.3824,-1.93434,9.81502
1.39549,-1.92839,9.83525
1.46333,-2.20094,9.87096
1.57164,-2.68892,9.89595
1.86443,-2.24141,10.3089
1.98344,-0.723923,10.9386
1.69542,-0.496597,10.7386
1.68947,-1.25594,10.6315
2.05605,-1.34282,10.9802
2.26552,-1.03099,11.1968
2.35002,-1.07979,11.0671
2.44524,-0.941727,11.0778
2.57378,-0.157394,11.4158
2.57973,0.517441,11.4848
2.59163,0.6436,11.2004
2.79753,0.612656,11.323
2.88918,1.22679,11.2147
2.54045,1.69334,10.8981
2.09175,1.80522,10.8612
2.25719,2.15514,11.0254
2.29289,2.56337,10.8767
1.90608,2.23845,10.6446
1.74541,2.28249,10.7029
1.73946,3.03944,10.9731
1.65138,3.6143,11.129
1.4669,3.58217,10.9278
1.24553,2.74666,10.5672
1.18959,2.48363,10.4696
0.990829,3.1787,10.3089
0.669479,3.52266,10.0233
0.302902,3.6274,9.65315
-0.106522,3.82259,9.51985
-0.489761,4.11537,9.27348
-0.911087,4.17131,8.68553
-1.649,3.77736,8.33324
-2.07747,3.37151,8.00475
-2.19649,3.14894,7.94048
-2.25005,3.093,7.97618
-2.10841,2.76213,8.12852
-2.06557,2.57289,8.0952
-2.37144,2.60741,8.08211
-2.67375,2.76927,7.90596
-2.6071,3.02635,7.80598
-2.85228,3.10371,7.53581
-3.35454,2.90495,7.37514
-3.51164,2.52052,7.37395
-3.46642,2.4265,7.25017
-3.82704,2.37175,7.02284
-3.93773,2.21941,6.58485
-4.13649,2.13728,6.29921
-4.46141,2.17894,6.22185
-4.29359,2.26106,6.27541
-4.26503,2.25392,6.15282
-4.6078,1.65288,5.96477
-4.95772,1.33629,6.12306
-5.02794,1.36723,6.50987
-4.53996,1.24821,6.8098
-4.39476,0.818558,6.88121
-4.47926,0.131821,7.06212
-4.58519,0.149673,7.12163
-4.25551,0.388901,7.11687
-4.81013,0.229416,7.16209
-4.93987,0.135391,7.33943
-4.46379,0.184189,7.36324
-4.6804,0.0556488,7.32634
-5.01366,-0.331161,7.42989
-4.97557,-0.357346,7.49654
-4.41142,0.0996857,8.09639
-4.42332,-0.0978851,7.94167
-4.7292,-0.919113,7.77385
-4.25908,-1.05122,8.17613
-3.68303,-0.906021,8.36299
-3.8687,-1.13573,8.12971
-4.33882,-1.82008,8.22374
-4.04009,-1.6356,8.65816
-3.62828,-0.714401,9.00093
-3.64375,-0.870316,8.9926
-3.62947,-1.69392,8.9688
-3.08556,-1.83794,9.35442
-3.14864,-1.68559,9.60792
-3.40453,-1.60228,9.72099
-2.74516,-1.5273,9.87691
-2.21672,-1.5511,10.0483
-2.53807,-1.72963,9.99831
-2.42619,-1.66536,10.1983
-1.81087,-1.27617,10.1864
-1.12175,-1.08574,10.3506
-1.39668,-1.31306,10.2316
-2.17863,-1.64275,9.86262
-1.90727,-1.37376,10.015
-1.10509,-0.606094,10.5279
-1.08485,-0.12645,10.6351
-1.51451,-0.789383,10.3756
-1.19911,-1.07146,10.5101
-0.720657,-0.495407,10.9433
-1.01225,-0.281174,11.1337
-0.974167,-0.482315,11.0504
-0.262436,-0.369247,11.2873
0.113663,0.0163727,11.4289
-0.000595093,0.421036,11.3539
-0.0553436,0.241318,11.2254
0.201736,0.0830231,11.0469
0.28743,0.284164,10.8993
-0.0184479,0.38295,10.7434
-0.166031,0.504349,10.691
-0.104141,0.672165,10.4744
-0.251724,0.83284,10.5922
-0.305283,0.842361,10.66
-0.339798,0.282974,10.4006
-0.089859,0.088974,10.4232
-0.00297546,0.390091,10.5339
-0.118423,0.594803,10.4256
-0.16008,0.432938,10.2744
-0.0696259,0.0187531,10.0995
-0.00892639,-0.403763,9.99355
0.0422516,-0.108597,10.0352
0.144608,0.0294647,10.0209
-0.0315399,-0.118118,9.80431
-0.0505829,-0.202621,9.81026
0.107712,-0.439468,9.70195
0.141037,-0.541824,9.76384
0.0874786,-0.327591,9.72575
0.00416565,-0.360916,9.71623
0.0434418,-0.57515,9.61864
0.0351105,-0.695358,9.60197
-0.0232086,-0.753677,9.71028
-0.0196381,-0.4478,9.81145
0.00654602,-0.364487,9.83763
0.0874786,-0.441849,9.86382
0.0458221,-0.425186,9.9019
-0.0101166,-0.702499,9.94118
0.125565,-0.77153,9.96736
0.0791473,-0.623947,9.87929
-0.116043,-0.504929,9.92928
-0.00178528,-0.622757,9.98402
0.110092,-0.671555,10.0495
0.141037,-0.625137,10.09
0.0886688,-0.57515,9.99474
0.0720062,-0.51683,9.98402
0.070816,-0.289505,10.04
0.133896,-0.358536,10.0888
0.271957,-0.621567,9.96498
0.285049,-0.625137,10.0995
0.16008,-0.663223,10.1054
-0.0505829,-0.621567,10.0638
0.0315399,-0.375198,10.034
0.0970001,-0.185959,10.0412
-0.0184479,-0.318069,10.1173
-0.179123,-0.602524,10.0852
0.0327301,-0.616806,10.0531
0.266006,-0.520401,10.015
0.452866,-0.462082,10.0019
0.508804,-0.338303,10.0471
0.407639,-0.488266,9.9388
0.365982,-0.612045,9.84596
0.405258,-0.568008,9.79955
0.439774,-0.488266,9.77574
0.435013,-0.415665,9.7448
0.382645,-0.434708,9.76027
0.300522,-0.494217,9.77217
0.244583,-0.485886,9.696
0.113663,-0.531113,9.64482
0.00773621,-0.381149,9.79002
0.114853,-0.197861,9.80788
0.0232086,-0.12883,9.87215
-0.181503,-0.125259,9.98521
-0.0720062,-0.19191,10.0388
0.0589142,-0.328781,9.93999
0.076767,-0.314499,9.80788
0.114853,-0.479935,9.85191
0.22197,-0.468033,9.93166
0.170792,-0.409714,9.97212
0.186264,-0.293076,9.90547
0.181503,-0.163345,9.88881
0.0755768,-0.32402,9.81264
-0.0303497,-0.369247,9.82454
0.0351105,-0.363297,9.96855
0.211258,-0.25975,10.0769
0.135086,-0.220474,10.0352
0.0850983,-0.240707,10.0995
0.177933,-0.153824,10.0542
0.169601,-0.263321,9.97807
0.132706,-0.38472,9.99235
0.0291595,-0.314499,9.89119
-0.0196381,-0.162155,9.89714
0.141037,-0.0645599,9.93166
0.124374,-0.134781,9.84834
0.0124969,-0.294266,9.74599
0.0493927,-0.25499,9.76741
0.0541534,-0.0621796,9.8055
-0.0684357,0.0639801,9.76503
-0.104141,0.2556,9.71623
-0.0934296,0.217514,9.64125
-0.0124969,0.0449371,9.6722
0.0993805,-0.0145721,9.71385
0.152939,0.024704,9.70195
0.0720062,0.155624,9.71385
0.0946198,0.0615997,9.72575
0.299332,-0.140732,9.81145
0.404068,-0.227615,9.73527
0.275528,-0.0205231,9.66029
0.00535583,0.205612,9.51033
0.0184479,-0.0240936,9.62459
0.0684357,-0.252609,9.60317
0.0327301,-0.265701,9.67458
0.177933,-0.0490875,9.88167
0.252914,-0.0467072,9.77217
0.336227,0.0556488,9.79478
0.390976,-0.000289917,9.91975
0.435013,-0.341873,9.89952
0.668289,-0.485886,10.09
0.773026,-0.331161,10.1578
0.651627,-0.289505,10.0638
0.652817,-0.162155,10.0209
0.745651,-0.184769,10.0745
0.80159,-0.300217,9.89714
0.680191,-0.358536,9.92571
0.626633,-0.264511,9.95784
0.771835,-0.0562286,9.89238
0.963455,0.138962,10.0173
1.1515,0.32106,10.2363
1.30623,0.266312,10.1923
1.21815,0.142532,10.209
1.11104,-0.000289917,10.1971
1.10866,-0.189529,10.0876
1.15031,-0.212143,9.94713
1.15746,-0.105026,10.0804
1.10628,0.0068512,10.0769
0.974167,-0.0645599,10.0173
0.92894,-0.152634,9.90666
0.869431,-0.0229034,9.83763
0.843246,0.156815,9.96498
0.997971,0.0961151,9.91499
1.14793,-0.039566,9.88643
1.22292,-0.178818,9.8662
1.05986,-0.19548,9.77693
1.05986,-0.339493,9.75551
1.10271,-0.434708,9.7198
1.03725,-0.287125,9.67339
0.980118,-0.108597,9.70433
0.976547,-0.039566,9.71504
0.990829,-0.0847931,9.77336
1.02177,-0.0098114,9.71385
1.13008,0.110397,9.87691
1.27885,0.0735016,9.96617
1.21339,-0.0467072,9.89357
0.990829,-0.160965,9.84477
0.962265,-0.199051,9.66863
1.02177,-0.13121,9.69719
0.901566,-0.150253,9.71861
0.839676,-0.149063,9.63411
0.909897,-0.0312347,9.76741
0.947983,0.00209045,9.70909
0.944412,0.0258942,9.85786
0.951553,-0.096695,9.84239
0.963455,-0.207382,9.8662
1.1158,-0.143112,10.084
1.08247,-0.137161,9.96736
0.975357,-0.174057,9.89238
0.99321,-0.180008,9.86144
1.06462,-0.205002,9.87334
0.944412,-0.0431366,9.79836
0.833725,-0.0014801,9.7567
0.874191,0.0520782,9.7448
1.01344,0.0449371,9.79121
0.968216,-0.0752716,9.76027
0.978928,-0.0883637,9.93642
0.981308,0.0401764,9.86739
0.917038,0.00923157,9.86025
0.917038,-0.0836029,9.90428
0.965836,-0.0943146,10.0019
1.00392,-0.0740814,10.065
1.04082,0.0413666,10.2828
1.14555,0.0211334,10.6493
1.20268,0.0711212,10.9933
1.22768,0.0842133,11.2135
1.261,-0.0276642,11.6848
1.58116,0.236557,12.3692
1.96321,0.0508881,12.7512
1.90846,-0.0157623,12.8452
1.92036,-0.538254,12.8786
2.0013,-0.845322,12.9178
1.90013,-0.670364,12.4739
1.28719,-0.443039,12.1597
0.825394,-0.527542,11.9395
0.16127,-0.657272,11.1028
-0.73851,-0.583481,10.3554
-1.40263,-0.460892,9.9138
-1.6371,-0.826279,9.36394
-2.12389,-0.634659,8.59984
-2.99629,-0.0383759,7.93929
-3.75206,0.169907,7.55009
-3.93297,-0.19429,7.16566
-4.13887,-0.235947,6.52177
-4.72801,0.410324,5.97429
-5.45165,0.473404,5.85408
-5.79561,0.0877838,5.2209
-6.15266,0.307968,4.66866
-6.71086,0.803085,4.41515
-7.08934,0.76857,4.30684
-7.27144,0.274643,4.08784
-7.47734,0.417465,4.00453
-7.69752,0.801895,4.06047
-7.91652,1.01732,3.78911
-8.18074,0.950668,4.02595
-8.38545,1.03398,4.14497
-8.50804,1.37794,4.15092
-8.58778,1.59932,3.1226
-8.92223,1.88972,1.41707
-9.40663,2.14442,-0.0682831
-10.1731,2.36699,-1.83214
-11.2966,2.73952,-2.19157
-11.6727,2.72762,-1.13469
-10.5135,2.35509,-0.125412
-9.62801,1.74333,0.539902
-9.98863,1.36961,0.893387
-9.98625,1.38747,1.37303
-9.67442,0.914963,1.89195
-9.63158,0.824509,1.83363
-9.89461,0.914963,1.58488
-9.95055,1.05064,1.29091
-9.82082,0.987564,1.2076
-9.59468,0.811417,1.2433
-9.40663,0.973282,1.56465
-9.3257,1.22441,1.84911
-9.19954,1.16133,2.16451
-8.85796,0.986374,2.75484
-8.66872,0.923294,3.20473
-8.60207,0.891159,3.26543
-8.31761,0.751907,3.83553
-7.83083,0.630508,4.95668
-7.53328,0.569809,5.33873
-7.69752,0.399612,4.70555
-7.49995,0.484116,5.21257
-6.7299,0.529343,6.5908
-6.46092,0.613846,7.36443
-6.72276,0.365097,6.70149
-6.63469,0.217514,6.68483
-6.01698,0.376999,7.13472
-5.52306,0.105637,7.51201
-5.44688,0.0139923,7.86787
-5.21123,-0.138351,8.08449
-4.96724,0.0794525,8.20827
-4.45784,0.407944,8.52605
-4.1472,0.290115,8.55937
-4.06746,0.0782623,8.75575
-3.83418,0.279404,9.23421
-3.38786,0.419846,9.57936
-3.07484,0.561478,9.49962
-2.66423,0.456741,9.80669
-2.18578,0.215134,9.78645
-1.77635,-0.164536,9.82097
-1.57997,0.187759,10.3161
-1.32408,0.63765,10.8469
-0.731369,0.7043,11.6586
-0.0934296,0.12825,11.3254
0.038681,0.0139923,10.9766
-0.408829,0.96019,11.1575
-0.640915,1.07564,11.373
-0.54213,0.493637,11.0326
-0.475479,0.353195,10.8802
-0.533798,0.748337,10.6886
-0.533798,0.891159,10.5077
-0.469528,0.553146,10.3637
-0.395737,0.57695,10.478
-0.214828,0.842361,10.5696
-0.171982,0.748337,10.3197
-0.405258,0.909012,10.1173
-0.549271,1.03874,10.1614
-0.526657,0.873306,10.1138
-0.506424,0.718582,10.0293
-0.590927,0.494827,9.89476
-0.579025,0.544815,9.94832
-0.590927,0.622177,9.88643
-0.577835,0.543625,9.84715
-0.486191,0.516251,9.86025
-0.451675,0.505539,9.91023
-0.423111,0.635269,9.95189
-0.410019,0.537674,9.91618
-0.401688,0.537674,9.90547
-0.489761,0.674545,9.88405
-0.477859,0.517441,9.81859
-0.405258,0.399612,9.77931
-0.35527,0.305588,9.75551
-0.454056,0.430557,9.6841
-0.473099,0.584091,9.61864
-0.445725,0.76738,9.83406
-0.425491,0.543625,9.84715
-0.534988,0.444839,9.85429
-0.48143,0.493637,9.8781
-0.430252,0.551956,9.90904
-0.473099,0.530533,9.97926
-0.467148,0.529343,9.95308
-0.492142,0.419846,10.0221
-0.540939,0.413895,10.0031
-0.475479,0.405563,9.95546
-0.515945,0.521011,10.0043
-0.550461,0.467453,9.96617
-0.524277,0.459122,9.92213
-0.474289,0.392471,9.93404
-0.445725,0.393661,9.98521
-0.448105,0.356766,9.96617
-0.539749,0.399612,9.81859
-0.563553,0.398422,9.72575
-0.592117,0.341293,9.70909
-0.593307,0.366287,9.82692
-0.488571,0.352005,9.82335
-0.568314,0.486496,9.79955
-0.638535,0.456741,9.71504
-0.582596,0.459122,9.85548
-0.534988,0.525772,9.90071
-0.538559,0.490067,9.8662
-0.565933,0.343674,9.83525
-0.493332,0.45079,9.86144
-0.490952,0.590042,9.91142
-0.576645,0.544815,9.89952
-0.601639,0.431747,9.85191
-0.538559,0.281784,9.79598
-0.502853,0.476975,9.84477
-0.505234,0.57814,9.87929
-0.571884,0.531723,9.94237
-0.47905,0.535294,9.93999
-0.427872,0.435318,9.98879
-0.47905,0.400803,9.88167
-0.564743,0.313919,9.85548
-0.531418,0.392471,9.91023
-0.530228,0.491257,9.86144
-0.467148,0.424606,9.83882
-0.513565,0.344864,9.80669
-0.531418,0.354385,9.83406
-0.569504,0.438889,9.74837
-0.555222,0.475784,9.74837
-0.576645,0.496017,9.77217
-0.532608,0.601944,9.77812
-0.505234,0.425797,9.8174
-0.54808,0.372238,9.84239
-0.631393,0.480545,9.83406
-0.714706,0.415085,9.80907
-0.651627,0.392471,9.95189
-0.552841,0.280594,9.89714
-0.488571,0.350815,9.9745
-0.476669,0.551956,9.98997
-0.505234,0.393661,9.98402
-0.576645,0.388901,9.9269
-0.539749,0.555527,10.0209
-0.499283,0.496017,9.93523
-0.509995,0.392471,9.86262
-0.54332,0.369858,9.86501
-0.662338,0.629318,9.86858
-0.659958,0.623367,9.95427
-0.618301,0.268692,9.87691
-0.584976,0.248459,9.79955
-0.652817,0.344864,9.84715
-0.619492,0.312729,9.84953
-0.645676,0.424606,9.8662
-0.649246,0.425797,9.80431
-0.759934,0.396042,9.71623
-0.769455,0.555527,9.74599
-0.719467,0.5103,9.64482
-0.749222,0.472214,9.58293
-0.746841,0.588852,9.5258
-0.755173,0.524582,9.31157
-0.711136,0.393661,9.10686
-0.661148,0.209183,8.87477
-0.711136,0.252029,8.4713
-0.790878,0.472214,7.96071
-0.844437,0.817368,7.27754
-0.817062,0.968521,6.80385
-0.506424,0.991135,6.29445
-0.0529633,0.986374,6.15163
0.60759,0.716202,6.64793
1.66685,0.207993,6.8824
2.59877,0.178238,6.85265
3.18553,0.165146,7.26445
3.47356,0.100876,7.78575
3.89369,0.194901,7.89882
4.58995,0.410324,7.8524
5.23027,0.494827,7.91072
5.76347,0.0389862,7.98451
6.22884,-0.25499,7.72743
6.84654,-0.226425,7.6465
7.20955,0.51387,7.62627
7.49162,1.58385,7.44536
7.91771,1.43864,7.3311
8.64372,0.750717,7.02522
9.31618,-0.000289917,6.58962
9.39235,-0.351395,6.21709
9.47447,0.179428,6.13734
9.69585,1.14943,6.17543
10.1207,1.43388,5.78624
10.1041,0.849503,5.18163
10.0577,0.269882,4.88646
10.1684,0.949478,4.85909
9.76012,1.67787,4.60081
9.76012,1.28749,3.91289
10.1838,0.937576,3.31541
10.0755,1.18156,3.08571
9.83867,1.69691,3.05476
9.78511,1.13991,2.87267
10.0148,0.443649,2.66914
10.2695,0.968521,1.91338
10.0303,1.48387,1.77769
9.5197,1.38985,1.72295
9.58754,1.36842,1.692
9.65657,1.81236,1.69319
9.62205,1.67073,1.75746
9.81129,1.153,1.6563
10.3695,1.28511,1.41469
9.86961,1.85402,1.58846
9.70656,1.78023,1.49324
9.76012,1.11848,1.36589
9.6161,1.53386,1.2314
9.57088,1.78737,1.32661
9.66728,1.55766,1.12428
9.65538,1.45174,1.26591
9.51256,1.22322,1.06358
9.46019,1.26726,1.10405
9.58278,1.66954,1.32899
9.71489,1.57909,1.59322
9.9922,0.953049,1.79912
10.1136,1.02684,2.24782
10.0041,1.42912,2.5537
10.06,1.33153,2.62511
9.99815,1.49577,2.48228
10.0422,1.75761,3.07976
10.1136,1.10182,3.33327
10.3017,0.7043,3.45348
10.4576,1.36604,3.86409
10.6516,1.70525,4.31517
10.6373,1.01613,4.29732
10.7087,0.620987,4.75554
10.6051,0.949478,5.10069
10.5766,1.08397,5.43275
10.3314,0.597183,5.50179
9.96602,0.265121,5.62199
9.48756,0.259171,5.95048
9.04481,0.246078,6.15877
8.50804,0.406754,6.13615
7.97841,0.361526,6.2516
7.72966,0.327011,6.51225
7.47496,0.371048,6.61461
6.68944,0.425797,6.54677
6.09911,0.12706,6.90382
5.73848,0.240128,6.8336
5.32668,0.560288,7.0883
4.97319,0.32106,7.53938
4.88393,0.232986,7.85359
4.35786,0.266312,7.41203
3.45451,0.00447083,7.76671
3.23314,-0.326401,8.0107
3.26051,-0.346634,8.27492
2.96535,0.0973053,8.64983
2.48213,0.367477,8.5677
1.92274,0.361526,8.52367
1.38716,0.0580292,8.56532
1.17531,-0.291885,8.86406
1.06224,0.278214,8.82716
0.562363,0.57576,8.60579
-0.191025,0.281784,8.45225
-0.794449,0.0961151,8.18327
-1.03368,-0.0621796,8.29753
-0.999161,-0.00505066,8.2892
-1.10866,0.280594,8.47249
-1.43596,0.210373,8.44154
-1.50618,0.18895,8.59627
-1.43715,0.285355,8.7986
-1.46571,0.215134,8.87477
-1.72993,0.398422,8.84859
-2.05247,0.355576,8.67839
-2.23576,0.297256,8.63911
-2.08699,0.2556,8.78075
-1.79182,0.131821,9.12471
-1.58354,0.212753,9.49129
-1.25148,0.200851,9.80669
-1.02653,0.0306549,10.0483
-1.07771,0.0473175,10.2113
-1.13841,0.000900269,10.0923
-1.18721,0.0116119,10.0352
-1.29195,0.18895,10.0673
-1.33836,0.0425568,9.94118
-1.2491,-0.175247,9.81502
-1.14079,0.0366058,9.86144
-1.25624,0.116348,9.81145
-1.30147,0.0294647,9.91142
-1.05867,-0.100265,10.1042
-1.00392,-0.222855,9.90904
-1.15984,0.100876,9.83049
-1.16698,0.160385,9.81264
-1.08485,0.088974,9.80669
-1.14912,0.0139923,9.78288
-1.23601,-0.077652,9.63768
-1.10271,0.204422,9.6722
-0.934891,0.240128,9.75313
-0.956314,0.110397,9.81383
-0.92775,-0.0943146,9.72694
-0.903946,-0.0800324,9.6353
-0.877762,0.131821,9.75908
-0.828964,0.160385,9.93999
-0.80516,-0.0252838,10.0388
-0.723038,-0.100265,10.1161
-0.684952,0.0318451,10.159
-0.636154,0.037796,10.3101
-0.601639,-0.0562286,10.2482
-0.719467,-0.1931,10.1423
-0.823013,0.00447083,10.0304
-0.908707,0.0770721,10.0769
-0.763504,-0.164536,10.1566
-0.659958,-0.226425,10.0388
-0.67543,-0.249039,9.99593
-0.699234,-0.110977,9.95308
-0.67543,-0.247849,9.97331
-0.748032,-0.240707,9.75313
-0.917038,0.0068512,9.83287
-0.981308,0.110397,9.79598
-1.00035,0.0437469,9.72813
-0.965836,-0.262131,9.67934
-1.0432,-0.338303,9.66267
-0.888474,-0.302597,9.671
-0.86586,-0.293076,9.61269
-1.04796,-0.32402,9.59602
-1.08604,-0.409714,9.80431
-0.884903,-0.496597,9.88405
-0.893234,-0.296646,9.91856
-0.982498,-0.122879,10.065
-0.92775,-0.164536,9.96855
-0.987259,0.0151825,9.74004
-1.01463,0.0937347,9.58531
-0.967026,0.0544586,9.62578
-0.971786,-0.0931244,9.86739
-0.795639,-0.25499,9.94118
-0.620682,0.0330353,9.94356
-0.518326,0.181808,9.9507
-0.728989,-0.112167,9.81859
-0.724228,-0.225235,9.86262
-0.67067,-0.141922,9.84001
-0.633774,-0.205002,9.60078
-0.727798,-0.013382,9.40797
-0.9944,0.148483,9.37465
-1.15031,0.0973053,9.65553
-0.761124,0.175858,9.82335
-0.300522,0.161575,9.87334
-0.306473,0.279404,9.91023
-0.35408,0.223465,9.94951
-0.349319,0.108017,9.93285
-0.387405,0.117538,9.9138
-0.512375,-0.0252838,9.79598
-0.679001,0.163956,9.81145
-0.451675,0.353195,10.0316
-0.176743,0.356766,10.1495
-0.210068,0.426987,10.1423
-0.380264,0.404373,10.0435
-0.257675,0.362717,10.178
-0.0541534,0.198471,10.0661
-0.0172577,0.501968,9.99117
-0.269577,0.674545,9.88167
-0.464767,0.362717,9.75789
-0.392166,0.182999,9.74718
-0.239822,0.260361,9.68767
-0.220779,0.38295,9.64125
-0.349319,0.478165,9.66267
-0.276718,0.471024,9.6722
-0.102951,0.559097,9.78645
-0.0351105,0.568619,9.83882
-0.112473,0.716202,9.84596
-0.285049,0.748337,9.78288
-0.207687,0.822128,9.87453
-0.104141,0.804276,9.92094
-0.0184479,0.618607,9.99831
-0.038681,0.488876,9.98283
0.0731964,0.586472,10.034
0.191025,0.544815,10.2732
