0.859909,0.443649,9.77812
0.881332,0.410324,9.81621
0.888474,0.45079,9.79955
0.883713,0.441269,9.89
0.855148,0.422226,9.8662
0.86467,0.438889,9.83525
0.836105,0.465073,9.86858
0.824203,0.438889,9.81383
0.852768,0.500778,9.79478
0.80516,0.486496,9.83763
0.817062,0.534103,9.91856
0.80516,0.526962,9.82573
0.862289,0.584091,9.88762
0.848007,0.57695,9.87096
0.824203,0.612656,9.83287
0.888474,0.555527,9.92094
0.857529,0.603134,9.88286
0.893234,0.667404,9.94951
0.914658,0.6436,9.89238
0.852768,0.648361,9.87096
0.817062,0.686447,9.94475
0.778976,0.631699,9.95903
0.824203,0.572189,9.9138
0.795639,0.598373,9.80193
0.798019,0.6436,9.6472
0.821823,0.557907,9.49486
0.788498,0.51506,9.47819
0.771835,0.44841,9.47582
0.745651,0.522202,9.58293
0.814682,0.6436,9.65434
1.10985,0.660263,9.72813
1.11699,0.634079,9.61388
1.0789,0.584091,9.69957
1.08842,0.465073,9.74956
1.20982,0.419846,9.88762
1.28838,0.391281,10.0328
1.47881,0.348434,10.0709
1.54784,0.341293,10.2375
1.62401,0.38414,10.1685
1.60735,0.496017,10.078
1.45976,0.655502,9.83763
1.32884,0.795944,9.5258
1.2979,0.814987,9.63054
1.35503,0.553146,9.6353
1.48595,0.367477,9.63292
1.53355,0.334152,9.69005
1.57164,0.365097,9.7448
1.52165,0.372238,9.76622
1.49309,0.350815,9.79002
1.54308,0.484116,9.84715
1.52641,0.526962,9.80193
1.51689,0.503159,9.70433
1.47166,0.548386,9.57817
1.455,0.479355,9.54008
1.38597,0.372238,9.5377
1.33598,0.250839,9.49248
1.35265,0.260361,9.59007
1.42644,0.329391,9.51628
1.38835,0.379379,9.48772
1.28123,0.453171,9.60912
1.674,0.481735,9.90428
1.49547,0.476975,9.92333
1.38359,0.353195,9.97807
1.30742,0.32225,9.93999
1.27647,0.374619,10.0114
1.32408,0.315109,10.0495
1.37883,0.315109,10.0495
1.45738,0.286545,10.0447
1.51213,0.327011,9.96141
1.45976,0.462692,9.88286
1.38597,0.610275,9.81621
1.39073,0.624557,9.7805
1.39073,0.610275,9.84239
1.47881,0.455551,9.88762
1.5764,0.379379,9.89238
1.55974,0.438889,9.89714
1.42644,0.517441,9.88286
1.37407,0.484116,9.94951
1.49071,0.550766,9.9876
1.51451,0.541245,9.90428
0.969406,0.462692,9.6353
0.80278,0.479355,9.47819
0.712326,0.455551,9.47105
0.690903,0.348434,9.53056
0.688522,0.436508,9.6353
0.728989,0.38176,9.60197
0.731369,0.365097,9.55437
0.707565,0.262741,9.7448
0.778976,0.279404,9.82573
0.8004,0.243698,9.74718
0.695663,0.219894,9.80193
0.681381,0.19133,9.68767
0.712326,0.119919,9.63292
0.731369,0.200851,9.67339
0.731369,0.336533,9.7805
0.783737,0.455551,9.81621
0.781357,0.45079,9.70909
0.781357,0.412704,9.74004
0.67424,0.410324,9.63054
0.60997,0.362717,9.76146
0.329086,0.407944,9.63768
0.243393,0.303207,9.62102
0.252914,0.246078,9.64006
0.28862,0.243698,9.60435
0.0958099,0.343674,9.77812
0.0148773,0.207993,9.86382
0.136276,0.0842133,9.86382
0.152939,0.155624,9.92571
0.236252,0.177048,10.0542
0.331467,0.150864,10.1828
0.312424,0.25322,10.2256
0.307663,0.369858,10.4565
0.324326,0.391281,10.4351
0.300522,0.462692,10.5422
0.283859,0.476975,10.4089
0.233871,0.415085,10.3446
0.238632,0.338913,10.3685
0.236252,0.360336,10.0661
0.207687,0.241318,10.0423
0.193405,0.148483,10.1066
-0.0160675,0.110397,9.68529
0.241013,-0.0110016,9.73052
0.371933,-0.108597,9.70671
0.48381,-0.184769,9.70909
0.333847,-0.0919342,9.64006
0.121994,0.00566101,9.42821
-0.0374908,-0.0419464,9.34251
-0.194595,-0.0205231,9.33061
-0.237442,0.00566101,9.26872
-0.213638,0.0270844,9.16399
-0.182693,0.0318451,9.34966
-0.118423,0.105637,9.37584
-0.0874786,0.260361,9.53532
0.0410614,0.443649,9.59483
0.131516,0.586472,9.59245
0.131516,0.619797,9.71385
0.281479,0.519821,9.75432
0.469528,0.393661,9.80193
0.555222,0.419846,9.91856
0.529038,0.329391,9.96141
0.455246,0.434128,10.0447
0.460007,0.474594,10.0971
0.433823,0.546005,10.0233
0.362411,0.569809,9.92333
0.229111,0.529343,9.85191
0.076767,0.493637,9.77098
0.0315399,0.424606,9.78526
0.133896,0.376999,9.7924
0.0815277,0.422226,9.7448
0.112473,0.441269,9.6472
0.0791473,0.44841,9.62816
0.124374,0.353195,9.65196
0.298141,0.38176,9.81145
0.183884,0.469833,9.71861
0.155319,0.422226,9.75432
0.179123,0.524582,9.88048
0.283859,0.569809,9.84239
0.338608,0.695969,9.86858
0.410019,0.760239,9.90428
0.400497,0.779282,9.86144
0.279099,0.779282,9.80431
0.212448,0.734055,9.78526
0.16008,0.593613,9.73527
0.148178,0.612656,9.69957
0.145798,0.679306,9.70671
0.112473,0.615036,9.69243
0.0410614,0.591232,9.75908
-0.00178528,0.536484,9.76384
-0.111282,0.424606,9.70195
-0.108902,0.186569,9.68529
-0.0755768,0.0723114,9.64006
-0.025589,0.108017,9.71861
0.0601044,0.227036,9.83763
0.100571,0.336533,9.89238
0.114853,0.369858,9.83049
0.110092,0.379379,9.71147
0.0553436,0.429367,9.73052
0.133896,0.412704,9.72813
0.186264,0.388901,9.80431
0.195786,0.400803,9.97331
0.191025,0.334152,9.98283
0.131516,0.310349,9.96855
0.110092,0.296066,10.0019
0.176743,0.348434,10.0638
0.186264,0.376999,9.97807
0.176743,0.355576,9.79716
0.150558,0.369858,9.77812
0.0624847,0.388901,9.69005
0.0339203,0.393661,9.59721
0.0196381,0.341293,9.58055
0.143417,0.412704,9.78526
0.150558,0.531723,9.87572
0.102951,0.615036,9.85429
0.0743866,0.491257,9.82811
0.136276,0.541245,9.87096
0.133896,0.51268,9.91618
0.110092,0.424606,9.98283
0.16246,0.465073,9.98045
0.205307,0.503159,9.97331
0.271957,0.486496,9.94951
0.276718,0.498398,9.93285
0.195786,0.469833,9.93523
0.248154,0.443649,9.92571
0.248154,0.396042,9.95665
0.329086,0.45079,9.99474
0.271957,0.496017,10.0209
0.238632,0.553146,10.0162
0.102951,0.567429,9.96379
0.136276,0.526962,10.0304
0.205307,0.462692,9.93285
0.1577,0.51506,9.88048
0.152939,0.584091,9.81621
0.186264,0.686447,9.90666
0.217209,0.736435,9.89238
0.281479,0.462692,9.671
0.267197,0.519821,9.68053
0.338608,0.476975,9.73766
0.340988,0.496017,9.71623
0.279099,0.534103,9.68291
0.262436,0.560288,9.54485
0.210068,0.553146,9.35442
0.22197,0.472214,9.39964
0.331467,0.581711,9.48296
0.369553,0.626938,9.5377
0.35051,0.51268,9.55675
0.379074,0.496017,9.51152
0.305283,0.476975,9.38536
0.319565,0.498398,9.38536
0.336227,0.543625,9.33537
0.369553,0.584091,9.26634
0.388596,0.522202,9.18303
0.345749,0.498398,9.01402
0.348129,0.412704,8.97118
0.371933,0.38652,8.82835
0.383835,0.484116,8.69029
0.426682,0.629318,8.62602
0.536179,0.665024,8.52367
0.562363,0.681686,8.24992
0.514755,0.691208,7.9619
0.531418,0.83165,7.78337
0.517136,0.876877,7.67387
0.60759,0.917343,7.65721
0.762314,0.979233,7.62151
0.897995,0.976852,7.56914
1.05986,1.02922,7.4763
1.1884,1.08397,7.53343
1.40501,0.888779,7.81432
1.72636,0.674545,7.75719
2.04295,0.631699,7.71434
2.3286,0.431747,8.22374
2.7166,0.267502,8.26421
2.9832,0.269882,8.31657
3.15697,0.269882,8.24516
3.30217,0.167526,8.01189
3.36882,-0.0300446,7.75243
3.33311,-0.279984,7.63103
3.31407,-0.418045,7.62627
3.42833,-0.463272,7.7072
3.68541,-0.3871,7.81432
3.95677,-0.203812,8.13091
4.19719,0.177048,8.11662
4.33287,0.600754,8.12852
4.63042,0.886398,7.95238
4.78276,1.25536,7.91191
4.82323,1.42436,7.6096
4.84465,1.42912,7.65959
4.90654,1.38866,7.66197
5.15886,1.15776,7.88573
5.4445,0.822128,8.02379
5.78966,0.588852,7.9619
6.11339,0.484116,7.99522
6.49187,0.472214,7.87621
6.81084,0.496017,7.48106
6.97984,0.45079,7.44774
8.07005,1.12682,5.95525
8.25096,1.17204,5.87907
8.52947,1.19347,5.63628
8.73656,1.09349,5.36729
8.97935,0.876877,5.36015
9.19835,0.786423,5.35063
9.43401,0.845932,5.09593
9.47923,1.23869,5.00072
9.56493,1.34343,4.85075
9.71727,1.48387,4.84599
9.90294,1.541,4.46751
10.06,1.36247,4.24138
10.2457,1.15062,4.17949
10.2695,0.857834,4.14854
10.3314,1.03398,4.1176
10.3052,1.11729,4.03667
10.3243,1.14824,4.02477
10.3195,1.27202,3.99382
10.3314,1.41722,3.81291
10.3362,1.35057,3.55107
9.84105,1.24107,2.00859
9.82201,1.07207,1.64439
9.84343,1.10063,1.83958
9.73631,1.47197,1.59203
9.52922,1.49577,1.40398
9.42686,1.41008,1.37303
9.44115,1.36247,1.34209
9.58159,1.17918,1.3278
9.65538,1.29582,1.14214
9.52684,1.53624,1.24211
9.48161,1.48625,1.4254
9.43401,1.48149,1.27068
9.50066,1.31963,0.982651
9.63396,1.21965,1.05882
9.70775,1.21013,0.996933
9.64348,1.22917,0.899338
9.60539,1.47435,1.00645
9.57921,1.71239,0.97789
9.50304,1.78618,1.09453
9.48161,1.66478,1.16356
10.1338,1.67192,2.25377
10.091,1.81712,2.32518
10.1172,1.97185,2.31566
10.16,1.91948,2.52037
10.191,1.75761,2.53941
10.1672,1.55766,2.68462
10.26,1.48149,2.75365
10.3695,1.47673,2.73222
10.4242,1.67192,2.88219
10.4004,1.87901,2.99644
10.3623,1.77904,3.01311
10.2029,1.52196,2.93217
10.1838,1.19823,2.84648
10.2148,1.07683,3.05119
10.2338,1.18156,3.08214
10.279,1.35295,3.1226
10.2576,1.45293,3.28685
10.2005,1.58861,3.41777
10.1719,1.53148,3.31065
10.0624,1.40532,3.31541
9.13646,0.610275,4.60558
9.03648,0.346054,4.74126
8.90318,0.25322,4.85313
8.79369,0.372238,4.83409
8.64848,0.557907,4.99358
8.5009,0.70549,5.24828
8.49614,0.581711,5.44347
8.42711,0.548386,5.37444
8.35808,0.560288,5.49107
8.27477,0.645981,5.60295
8.00816,0.57457,5.75291
7.9796,0.38176,6.03618
7.87248,0.362717,5.91002
7.7487,0.229416,5.76482
7.65111,0.0580292,6.05046
7.63445,-0.0419464,6.24803
7.5678,-0.0110016,6.34087
7.4583,0.0818329,6.49797
7.325,0.174667,6.59795
7.0703,0.227036,6.56462
5.74443,-0.137161,7.72624
5.63969,-0.115738,7.79051
5.47545,-0.0728912,8.03331
5.39928,-0.0443268,8.08568
5.29216,0.088974,8.14757
5.10173,0.262741,8.15233
4.86369,0.25322,8.26183
4.72801,0.12468,8.50224
4.53996,-0.0705109,8.69981
4.49236,-0.346634,8.72362
4.47331,-0.420425,8.65935
4.25908,-0.289505,8.53795
3.96391,-0.039566,8.55461
3.67113,0.19371,8.8474
3.52592,0.177048,9.09496
3.54021,0.150864,9.19493
3.51164,0.0128021,9.30919
3.42119,-0.165726,9.18065
3.22838,-0.246658,8.8712
2.74278,-0.120499,8.64269
0.488571,-0.537064,8.4832
0.421921,-0.379959,8.40703
0.276718,-0.203812,8.54747
0.217209,-0.189529,8.81645
0.179123,-0.156204,8.96166
0.233871,-0.180008,8.98546
0.181503,-0.182388,8.74742
0.124374,-0.158585,8.75932
-0.00654602,-0.132401,8.68077
-0.146988,-0.163345,8.64983
-0.246964,-0.246658,8.74266
-0.323135,-0.232376,8.67363
-0.458817,-0.141922,8.71886
-0.430252,-0.201431,8.8712
-0.504044,-0.106216,8.70219
-0.637344,0.0104218,8.63554
-0.749222,0.0580292,8.47368
-0.853958,0.122299,8.42607
-0.989639,0.160385,8.35466
-1.04915,0.100876,8.42369
0.126755,-0.375198,9.90904
0.181503,-0.45137,10.0328
0.0910492,-0.537064,10.0923
0.0601044,-0.57753,10.0257
0.0267792,-0.568008,10.1066
0.076767,-0.539444,10.2304
0.1577,-0.494217,10.0638
0.181503,-0.487076,10.1852
0.179123,-0.563248,10.0495
0.193405,-0.441849,10.0757
0.16246,-0.32283,10.1971
0.22435,-0.418045,10.1899
0.281479,-0.496597,10.1566
0.217209,-0.534683,10.1875
0.167221,-0.463272,10.1947
0.124374,-0.453751,10.209
0.0934296,-0.327591,10.3423
0.0910492,-0.287125,10.2018
-0.00416565,-0.234756,10.0209
-0.130325,-0.232376,9.98283
0.179123,-0.437088,9.9138
0.0839081,-0.425186,9.93761
0.1577,-0.3871,9.93523
0.243393,-0.363297,9.97569
0.186264,-0.337112,9.78526
0.112473,-0.25618,9.73052
0.112473,-0.244278,9.81621
0.124374,-0.349014,9.9138
0.131516,-0.406143,9.82097
0.038681,-0.491837,9.7924
0.0791473,-0.472794,9.88762
0.145798,-0.358536,9.98045
0.131516,-0.44899,9.78288
0.107712,-0.446609,9.69957
0.038681,-0.341873,9.66863
0.0624847,-0.358536,9.70909
0.0291595,-0.368057,9.66863
0.0553436,-0.399002,9.70909
0.0839081,-0.534683,9.82097
0.0981903,-0.589432,9.84477
0.129135,-0.558487,10.0257
0.200546,-0.482315,9.93761
0.057724,-0.434708,9.94951
0.0839081,-0.363297,9.95427
0.0410614,-0.415665,10.0019
0.076767,-0.420425,10.0257
0.143417,-0.558487,9.99235
0.16246,-0.560867,9.9019
0.143417,-0.501358,9.96141
0.205307,-0.434708,9.87334
0.131516,-0.629898,9.83525
0.150558,-0.546585,9.83287
0.126755,-0.489456,9.97807
0.214828,-0.522781,9.91856
0.143417,-0.456131,9.93523
0.0862885,-0.403763,9.92333
0.0410614,-0.425186,9.89
0.0720062,-0.539444,9.95189
0.117233,-0.532303,9.97807
0.141037,-0.57991,9.99235
0.129135,-0.546585,9.92571
0.100571,-0.51088,9.92571
0.112473,-0.434708,9.89714
0.0648651,-0.360916,9.94237
0.0910492,-0.389481,9.94713
0.0529633,-0.391861,9.93999
0.0934296,-0.475174,9.96141
0.112473,-0.529922,9.94237
0.126755,-0.508499,9.85667
0.1577,-0.625137,9.88524
0.0529633,-0.563248,9.89238
0.117233,-0.553726,9.94237
0.145798,-0.508499,9.98521
0.112473,-0.553726,9.95427
0.167221,-0.608475,9.93761
0.105331,-0.660843,9.86382
0.0458221,-0.646561,9.80907
0.0458221,-0.582291,9.80431
0.0862885,-0.51326,9.8662
0.0601044,-0.413284,9.88762
0.0934296,-0.494217,9.98997
0.0505829,-0.548965,9.90666
0.0720062,-0.689407,9.8662
0.0672455,-0.672745,9.83287
0.129135,-0.587051,9.90666
0.105331,-0.541824,9.83763
0.124374,-0.475174,9.86858
0.0410614,-0.439468,9.81621
-0.00178528,-0.487076,9.88524
0.00773621,-0.584671,9.93761
0.0886688,-0.532303,9.91618
0.110092,-0.456131,9.93523
0.0505829,-0.441849,9.8781
0.0291595,-0.408524,9.85905
-0.0374908,-0.425186,9.78288
-0.0208282,-0.444229,9.75194
0.0339203,-0.522781,9.85191
0.0434418,-0.608475,9.94951
0.0862885,-0.610855,10.0162
0.0934296,-0.596573,10.1138
0.143417,-0.572769,9.91618
0.126755,-0.51088,9.99474
0.131516,-0.529922,9.93761
0.114853,-0.437088,9.91856
0.0981903,-0.489456,9.96141
0.0434418,-0.491837,9.89476
0.0601044,-0.441849,9.89
0.00297546,-0.472794,9.94713
0.0101166,-0.482315,9.9138
-0.0755768,-0.556107,9.93047
-0.0160675,-0.608475,9.93047
0.0196381,-0.625137,9.99474
0.131516,-0.691788,9.98283
0.141037,-0.608475,9.90904
0.107712,-0.57515,9.89
-0.00654602,-0.617996,9.85429
-0.0398712,-0.582291,9.83525
-0.00178528,-0.589432,9.89476
0.0862885,-0.594193,9.95427
0.0815277,-0.622757,9.97093
0.0910492,-0.57515,9.95189
0.038681,-0.570389,9.98045
-0.00892639,-0.560867,9.83287
-0.044632,-0.534683,9.76146
-0.0184479,-0.57991,9.89476
-0.00654602,-0.670364,9.84001
0.000595093,-0.632278,9.85191
0.0363007,-0.613236,9.85191
0.0243988,-0.648941,9.87334
0.00535583,-0.57515,9.89
-0.00892639,-0.503738,9.86858
-0.0208282,-0.472794,9.84239
-0.0232086,-0.494217,9.94237
-0.0565338,-0.622757,9.92571
-0.0660553,-0.70369,9.84715
-0.0731964,-0.734634,9.92808
-0.0493927,-0.658462,9.93761
-0.0279694,-0.615616,9.89476
-0.0541534,-0.534683,9.90666
-0.0874786,-0.491837,9.83763
-0.0803375,-0.529922,9.89238
-0.0470123,-0.625137,9.89952
0.0505829,-0.663223,9.84001
0.0410614,-0.608475,9.93523
0.112473,-0.57515,9.94951
0.0720062,-0.560867,9.90904
-0.00416565,-0.534683,9.85905
-0.0660553,-0.472794,9.79478
-0.0493927,-0.625137,9.78526
-0.0589142,-0.672745,9.74004
-0.0517731,-0.613236,9.82097
-0.0470123,-0.627518,9.8662
-0.0279694,-0.551346,9.7686
-0.0827179,-0.522781,9.84477
-0.111282,-0.525162,9.8781
-0.0327301,-0.572769,9.85667
-0.0517731,-0.601334,9.90428
-0.123184,-0.560867,9.94475
-0.0374908,-0.598953,9.92808
0.114853,-0.6418,9.94951
0.0720062,-0.620377,9.96379
0.0267792,-0.522781,10.0209
-0.025589,-0.51326,10.0281
-0.0327301,-0.51564,9.95665
0.0172577,-0.6418,10.1399
0.102951,-0.672745,10.1114
0.114853,-0.70607,10.0923
0.0743866,-0.756058,9.93047
-0.0184479,-0.682266,9.89952
-0.108902,-0.546585,9.88286
-0.0351105,-0.57515,9.86382
-0.070816,-0.57515,9.93761
-0.108902,-0.546585,9.95903
-0.0541534,-0.601334,9.91142
-0.0612946,-0.70369,9.9019
0.0124969,-0.672745,9.98997
-0.0327301,-0.546585,9.95189
-0.113663,-0.501358,9.99712
-0.116043,-0.656082,9.96379
-0.139847,-0.677505,9.8781
-0.139847,-0.70607,9.87334
-0.123184,-0.751297,9.91856
-0.111282,-0.748917,9.94951
-0.0398712,-0.784622,9.92094
-0.0541534,-0.665604,9.83525
-0.101761,-0.615616,9.84239
-0.0970001,-0.572769,9.95665
-0.0541534,-0.553726,9.90904
-0.0660553,-0.601334,9.82335
-0.118423,-0.672745,9.91856
-0.044632,-0.77272,9.94237
-0.106522,-0.839371,9.93761
-0.0684357,-0.817947,9.94713
-0.0184479,-0.756058,9.86858
-0.123184,-0.63942,9.92571
-0.149368,-0.610855,9.90904
-0.120804,-0.689407,10.0185
-0.0827179,-0.715591,10.009
-0.0993805,-0.684647,9.84715
-0.106522,-0.794144,9.84477
-0.185074,-0.796524,9.85667
-0.113663,-0.791763,9.85667
-0.187454,-0.698929,9.86144
-0.15889,-0.608475,9.81859
-0.166031,-0.596573,9.85191
-0.168411,-0.606094,9.89952
-0.120804,-0.629898,9.96141
-0.149368,-0.6418,9.91856
-0.192215,-0.663223,9.87334
-0.192215,-0.787003,9.86382
-0.249344,-0.682266,9.78288
-0.201736,-0.615616,9.8781
-0.104141,-0.646561,9.81383
-0.16127,-0.584671,9.78526
-0.146988,-0.663223,9.84001
-0.0874786,-0.663223,9.8662
-0.0922394,-0.70607,9.76622
-0.0850983,-0.746536,9.7805
-0.0731964,-0.744156,9.76146
-0.127945,-0.64418,9.77574
-0.139847,-0.656082,9.82097
-0.196976,-0.620377,9.84001
-0.104141,-0.591812,9.89238
-0.0184479,-0.665604,9.89714
0.0124969,-0.667984,9.91856
0.0148773,-0.689407,9.95903
0.0315399,-0.751297,9.97807
0.076767,-0.756058,9.92808
0.0672455,-0.722733,9.95665
-0.0803375,-0.794144,9.93999
-0.132706,-0.751297,9.83287
-0.0636749,-0.634659,9.86382
-0.0160675,-0.591812,9.98045
-0.0612946,-0.608475,9.91856
-0.0874786,-0.632278,9.84953
-0.0970001,-0.70845,9.88762
-0.156509,-0.710831,9.82573
-0.0850983,-0.746536,9.73052
-0.0565338,-0.70845,9.62816
-0.0779572,-0.63942,9.57817
-0.118423,-0.589432,9.57817
-0.149368,-0.413284,9.63054
-0.156509,-0.425186,9.83525
-0.0422516,-0.437088,9.80193
-0.0113068,-0.551346,9.79002
-0.0470123,-0.672745,9.80907
-0.0374908,-0.70369,9.80431
0.0339203,-0.737015,9.83049
0.0291595,-0.70369,9.80193
-0.00178528,-0.534683,10.1423
0.0601044,-0.534683,10.0923
0.0315399,-0.541824,10.0542
0.0220184,-0.472794,10.0971
-0.00892639,-0.534683,10.1066
-0.025589,-0.651321,10.1233
-0.0541534,-0.629898,10.0423
-0.0517731,-0.51088,10.0638
-0.0827179,-0.541824,10.1304
-0.00178528,-0.622757,10.128
0.00535583,-0.568008,10.0352
0.0482025,-0.620377,10.0542
-0.104141,-0.737015,9.09019
-0.113663,-0.753677,8.92595
-0.116043,-0.856033,8.80693
-0.0303497,-0.936966,8.55937
-0.127945,-0.877457,8.36418
-0.182693,-0.803665,8.12138
-0.196976,-0.715591,7.74767
-0.382645,-0.484695,7.52629
-0.377884,-0.275223,7.40489
-0.280289,-0.196671,7.50011
0.0410614,-0.151443,7.60484
0.393356,-0.241898,7.54295
0.533798,-0.168106,7.38347
0.469528,-0.101456,7.18828
0.445725,-0.144302,7.20732
0.445725,-0.168106,7.14067
0.581406,-0.151443,7.49297
1.14793,-0.382339,7.63579
1.66685,-0.646561,7.9976
2.22862,-0.915543,8.18089
4.60899,-0.810806,8.89738
4.96367,-0.737015,8.89262
5.15648,-0.568008,8.83311
5.23979,-0.379959,8.6403
5.26121,-0.0514679,8.43321
5.10887,0.18895,8.119
5.01842,0.0318451,7.95238
5.166,-0.313309,7.99046
5.49211,-0.603714,8.12852
5.93724,-0.796524,7.90001
6.27525,-0.8965,7.85002
6.38713,-0.877457,7.62389
6.4395,-0.610855,7.35014
6.42284,-0.3871,7.33824
6.41808,0.110397,7.27397
6.56566,0.398422,7.3073
6.90843,0.424606,7.41679
7.04887,0.600754,7.21684
7.29643,0.453171,7.36681
7.55827,0.327011,7.14543
9.09837,-0.077652,6.04332
9.41496,-0.172867,5.78624
9.38878,-0.0824127,5.36967
9.45305,-0.0110016,5.23161
9.67204,0.177048,5.19591
9.6768,0.231796,4.96977
9.54588,0.246078,4.81981
9.59587,0.346054,4.78886
9.6411,0.51506,4.75554
9.6411,0.76738,4.68651
9.60539,0.926865,4.39134
9.61015,0.76976,4.17235
9.65538,0.810226,3.90099
9.66252,0.726913,3.80101
9.74345,0.629318,3.75102
9.71013,0.484116,3.68675
9.66252,0.38414,3.54869
9.67204,0.455551,3.25829
9.68156,0.410324,3.01787
9.6292,0.584091,2.80601
9.88866,0.988754,1.88243
9.84343,0.779282,1.78484
9.9315,0.864975,1.69438
10.0243,0.983994,1.73723
10.0458,1.09825,1.67058
9.89342,1.12444,1.5587
9.83391,1.09587,1.60155
9.79106,1.09111,1.46587
9.68871,1.15538,1.34685
9.62444,1.30534,1.14452
9.62444,1.37914,1.01836
9.67918,1.39818,1.06358
9.61253,1.29106,1.11595
9.59111,1.15062,0.873154
9.56016,1.08635,0.775559
9.54826,1.23869,0.777939
9.49828,1.40294,0.582748
9.58873,1.26726,0.575607
9.56731,1.10063,0.454208
9.61015,0.803085,0.663681
9.71489,1.06731,0.623215
9.6768,1.29344,0.618454
9.54826,1.41722,0.532761
9.51256,1.43388,0.682724
9.46495,1.41484,0.65892
9.47923,1.38628,0.504196
9.48637,1.45055,0.354233
9.45067,1.50768,0.40184
9.46971,1.46483,0.539902
9.49113,1.40532,0.535141
10.0696,1.1649,2.59178
10.0862,1.09111,2.88457
10.0743,1.10063,2.96074
10.0362,1.05778,2.94408
10.0148,0.969711,3.02025
9.95531,0.941147,2.95598
9.90294,0.919724,2.98216
9.84105,0.957809,3.04643
9.77202,0.96257,3.28685
9.65776,0.905441,3.34398
9.44591,0.115158,4.59129
9.44353,0.0175629,4.64128
9.38878,-0.125259,4.65556
9.34117,-0.189529,4.77696
9.24358,-0.160965,4.87932
9.1674,-0.163345,4.98405
9.08171,-0.184769,5.11498
9.04124,-0.268082,5.13164
8.90556,-0.315689,5.17686
8.72466,-0.303787,5.40062
8.62468,-0.077652,5.63152
8.489,-0.0895538,5.86479
8.3795,-0.101456,5.78386
8.29619,-0.19191,5.82671
8.1367,-0.220474,5.9481
8.02483,-0.265701,6.08141
7.96532,-0.337112,6.24565
7.92009,-0.329971,6.41942
7.89153,-0.437088,6.61461
7.77013,-0.394241,6.70744
5.82298,-0.748917,7.44298
5.4207,-0.565628,7.562
5.20647,-0.45137,7.79289
5.08507,-0.396622,7.81908
4.91844,-0.453751,7.84764
4.73753,-0.589432,7.92381
4.58043,-0.553726,7.79051
4.44951,-0.498978,7.85716
4.33525,-0.529922,8.06902
4.24718,-0.51326,8.04283
4.19243,-0.403763,8.04521
4.07341,-0.368057,8.17613
4.03532,-0.372818,8.31419
3.97343,-0.477554,8.4713
3.82109,-0.689407,8.6165
3.70207,-0.817947,8.66173
3.55211,-0.813187,8.6165
3.41167,-0.744156,8.69029
3.30455,-0.689407,8.82359
3.27837,-0.734634,9.00212
1.24315,-0.620377,8.36894
0.990829,-0.501358,8.119
0.764694,-0.496597,8.2047
0.633774,-0.529922,8.18327
0.512375,-0.656082,8.17375
0.552841,-0.753677,8.31895
0.583786,-0.906021,8.52605
0.598068,-0.886978,8.67363
0.686142,-0.777481,8.73314
0.662338,-0.572769,8.73314
0.662338,-0.441849,8.7736
0.645676,-0.351395,8.68553
0.514755,-0.363297,8.72124
0.457626,-0.422806,8.84026
0.462387,-0.441849,8.88072
0.421921,-0.551346,9.00926
0.507614,-0.851273,9.09019
0.54808,-0.922684,9.09734
0.60997,-0.8965,9.42107
0.619492,-0.76796,9.3925
0.54332,-0.715591,9.85905
0.531418,-0.725113,9.88524
0.636154,-0.758438,10.0019
0.769455,-0.856033,9.98283
0.967026,-0.967911,10.0542
1.00511,-0.986954,10.0519
1.02415,-0.967911,10.0661
0.971786,-0.891739,10.0542
0.919418,-0.844131,10.2352
0.943222,-0.806046,10.1804
0.919418,-0.848892,10.1328
0.821823,-0.844131,10.059
0.788498,-0.865555,10.0852
0.795639,-0.922684,10.078
0.855148,-0.891739,10.0804
0.776596,-0.848892,9.94951
0.700424,-0.903641,9.89
0.602829,-0.858414,9.89476
0.719467,-0.813187,9.94475
0.731369,-0.865555,9.97331
0.752792,-0.748917,9.98283
0.726608,-0.851273,9.89238
0.728989,-0.846512,9.9138
0.793259,-0.784622,9.98997
0.814682,-0.801285,9.81145
0.659958,-0.860794,9.73766
0.657578,-0.939346,9.80431
0.67424,-0.932205,9.84953
0.73851,-0.96077,9.91856
0.73851,-0.967911,9.95665
0.745651,-0.967911,9.91856
0.709946,-0.982193,9.84239
0.648056,-0.815567,9.73527
0.586166,-0.820328,9.671
0.593307,-0.829849,9.72337
0.586166,-0.83699,9.68291
0.574264,-0.846512,9.64958
0.569504,-0.844131,9.76384
0.626633,-0.860794,9.73527
0.598068,-0.894119,9.83049
0.740891,-0.925064,9.99712
0.67662,-0.889359,10.0376
0.73613,-0.796524,10.0019
0.645676,-0.727493,9.89238
0.624252,-0.765579,9.84239
0.600449,-0.817947,9.85905
0.602829,-0.839371,9.77336
0.590927,-0.851273,9.7924
0.583786,-0.860794,9.82335
0.576645,-0.939346,9.78764
0.633774,-0.936966,9.80431
0.67662,-0.860794,9.84477
0.624252,-0.715591,9.83525
0.617111,-0.70607,9.85667
0.67186,-0.691788,9.96855
0.752792,-0.729874,9.82573
0.709946,-0.808426,9.83287
0.743271,-0.96077,9.81621
0.707565,-1.00362,9.80193
0.724228,-0.96077,9.88286
0.629013,-0.817947,9.89952
0.629013,-0.803665,9.96141
0.631393,-0.77034,9.9995
0.667099,-0.77272,9.87096
0.533798,-0.815567,9.85191
0.514755,-0.915543,9.81859
0.533798,-1.00124,9.80669
0.531418,-0.915543,9.84239
0.557602,-0.872696,9.76384
0.569504,-0.791763,9.8662
0.588547,-0.865555,9.87334
0.614731,-0.867935,9.85191
0.617111,-0.810806,9.83525
0.586166,-0.720352,9.79716
0.60759,-0.825089,9.78288
0.624252,-0.934586,9.85905
0.650436,-0.90126,9.85191
0.695663,-0.889359,9.89714
0.659958,-0.915543,9.89714
0.636154,-0.879837,9.7924
0.567123,-0.870316,9.93047
0.567123,-0.853653,9.88286
0.586166,-0.83699,9.89952
0.5457,-0.806046,9.88048
0.583786,-0.870316,9.87096
0.583786,-0.894119,9.87096
0.619492,-0.844131,9.84001
0.586166,-0.779861,9.8781
0.598068,-0.777481,9.73527
0.54332,-0.860794,9.76622
0.536179,-0.794144,9.82573
0.567123,-0.810806,9.87572
0.631393,-0.870316,9.9138
0.638535,-0.860794,9.95427
0.700424,-0.951248,9.92808
0.686142,-0.886978,9.93047
0.617111,-0.856033,9.89952
0.579025,-0.810806,9.81145
0.567123,-0.886978,9.82335
0.562363,-0.865555,9.83525
0.631393,-0.846512,9.89952
0.550461,-0.908401,9.87096
0.576645,-0.884598,9.81145
0.521896,-0.886978,9.90904
0.526657,-0.920303,9.89476
0.521896,-0.870316,9.85191
0.457626,-0.8965,9.89714
0.529038,-0.875076,9.91856
0.519516,-0.875076,9.94713
0.464767,-0.801285,9.8662
0.486191,-0.848892,9.81621
0.512375,-0.846512,9.84953
0.555222,-0.922684,9.80907
0.529038,-0.872696,9.72337
0.519516,-0.856033,9.81859
0.559982,-0.891739,9.81859
0.54808,-0.948868,9.82573
0.54332,-0.915543,9.88762
0.5457,-0.877457,9.86382
0.493332,-0.777481,9.84953
0.540939,-0.801285,9.83049
0.552841,-0.848892,9.73052
0.579025,-0.825089,9.84239
0.550461,-0.839371,9.84239
0.557602,-0.910782,9.80907
0.445725,-0.96553,9.72813
0.464767,-0.946487,9.78526
0.505234,-0.841751,9.82573
0.48143,-0.841751,9.79955
0.469528,-0.758438,9.7686
0.512375,-0.684647,9.85667
0.464767,-0.689407,9.87334
0.500473,-0.787003,9.85905
0.526657,-0.863174,9.78764
0.500473,-0.870316,9.7686
0.567123,-0.860794,9.85429
0.593307,-0.913162,9.84953
0.650436,-0.970291,9.88524
0.583786,-0.925064,9.84001
0.588547,-0.784622,9.9876
0.521896,-0.751297,9.95189
0.493332,-0.739395,9.94713
0.559982,-0.882217,9.95189
0.557602,-0.977432,9.88048
0.552841,-0.877457,9.83287
0.564743,-0.784622,9.86382
0.559982,-0.753677,9.87572
0.509995,-0.794144,9.86858
0.507614,-0.76796,9.90428
0.524277,-0.763199,9.9138
0.467148,-0.737015,9.8662
0.474289,-0.760818,9.99712
0.488571,-0.83223,9.87096
0.514755,-0.813187,9.87334
0.495712,-0.877457,9.85429
0.557602,-0.941727,9.90904
0.571884,-0.865555,9.88762
0.5457,-0.787003,9.8662
0.529038,-0.70845,9.85667
0.507614,-0.765579,9.84477
0.540939,-0.822708,9.88524
0.526657,-0.820328,9.88048
0.505234,-0.822708,9.94951
0.540939,-0.89888,9.89714
0.526657,-0.820328,9.78526
0.529038,-0.870316,9.88762
0.495712,-0.920303,9.87334
0.514755,-0.844131,9.78764
0.493332,-0.848892,9.92333
0.509995,-0.83699,9.94475
0.519516,-0.858414,9.79716
0.48381,-0.8965,9.70433
0.452866,-0.863174,9.73766
0.495712,-0.8965,9.79716
0.583786,-0.872696,9.82811
0.621872,-0.894119,9.78288
0.550461,-0.934586,9.92094
0.521896,-0.858414,9.89238
0.426682,-0.806046,9.87572
0.474289,-0.848892,9.83525
0.490952,-0.856033,9.80669
0.455246,-0.870316,9.83049
0.471909,-0.875076,9.83763
0.474289,-0.89888,9.85429
0.452866,-0.882217,9.90904
0.521896,-0.939346,9.90904
0.579025,-0.867935,9.95903
0.54808,-0.727493,10.0947
0.536179,-0.677505,10.059
0.5457,-0.756058,10.0162
0.526657,-0.784622,9.9019
0.555222,-0.851273,9.93999
0.626633,-0.844131,9.99712
0.605209,-0.875076,9.9138
0.531418,-0.801285,9.93285
0.443344,-0.70607,9.86144
0.443344,-0.746536,9.93047
0.524277,-0.77034,9.92333
0.502853,-0.853653,9.83049
0.395737,-0.863174,9.7924
0.35051,-0.858414,9.73766
0.326706,-0.841751,9.71385
0.317184,-0.872696,9.67339
0.321945,-0.803665,9.62816
0.293381,-0.83461,9.671
0.326706,-0.801285,9.671
0.340988,-0.817947,9.66863
0.305283,-0.813187,9.6234
0.329086,-0.806046,9.4901
0.269577,-0.715591,9.45915
0.283859,-0.675125,9.41155
0.300522,-0.694168,9.44011
0.331467,-0.758438,9.2592
0.326706,-0.789383,9.26634
-0.515945,-0.141922,7.21684
-0.00178528,-0.365677,7.1859
0.61235,-0.498978,7.16685
1.01463,-0.475174,7.36443
1.41216,-0.548965,7.62865
1.78349,-0.582291,7.7191
2.08818,-0.70845,7.64293
2.34288,-0.825089,7.69054
2.5714,-0.725113,7.92381
2.77373,-0.689407,8.09044
2.8618,-0.698929,8.4832
3.02129,-0.839371,8.80217
3.23314,-1.02028,8.63792
3.34026,-1.06789,8.50224
3.3712,-0.90126,8.44035
3.36406,-0.601334,8.27373
3.31407,-0.25856,8.03807
3.42357,-0.277603,8.119
3.59972,-0.344254,7.92857
3.92583,-0.484695,8.26897
6.72038,-0.501358,7.78813
7.06554,-0.537064,7.93095
7.42497,-0.6418,7.86906
7.7368,-0.584671,7.51201
7.79869,-0.25856,7.25255
7.66777,0.0532684,7.15733
7.37498,0.296066,7.03117
7.13695,0.415085,6.75267
6.99174,0.467453,6.48369
7.07744,0.398422,6.46227
7.43211,0.117538,6.4337
7.75346,0.00328064,6.41228
8.07005,-0.0562286,6.36705
8.23668,0.069931,6.08617
8.2462,0.186569,5.80052
8.18431,0.407944,5.70055
8.17955,0.660263,5.5125
8.15099,0.864975,5.24113
8.36998,0.979233,5.27208
9.00554,0.665024,5.43633
9.74583,0.605514,3.86766
9.7982,0.600754,3.7296
9.80772,0.424606,3.52727
9.90294,0.429367,3.31065
9.92674,0.553146,3.26543
9.98863,0.57457,3.18449
9.95055,0.738815,3.03929
9.96483,0.860214,2.94408
10.0434,0.891159,2.79649
10.1315,0.829269,2.68938
10.0957,0.605514,2.58702
10.0481,0.476975,2.41325
10.1791,0.462692,2.22282
10.2838,0.653122,1.92052
10.2481,0.926865,1.80388
10.0767,1.10777,1.53966
9.96245,1.27916,1.53014
10.0291,1.37437,1.48253
10.0838,1.20061,1.21117
9.95769,0.995895,0.985031
9.75297,1.33391,0.478012
9.60539,1.153,0.218552
9.64348,1.15776,0.266159
9.69585,1.30772,0.451828
9.76012,1.57671,0.420883
9.70775,1.7719,0.40184
9.70299,1.83141,0.349472
9.62444,1.80046,0.342331
9.68394,1.69334,0.247116
9.76488,1.5291,0.332809
9.82201,1.36009,0.285202
9.78868,1.32201,0.389938
9.82677,1.4196,0.468491
9.81963,1.5172,0.442307
9.75774,1.61717,0.52562
9.71013,1.60765,0.475632
9.64824,1.55766,0.216171
9.62444,1.46959,0.101913
9.59825,1.5172,0.00193787
9.53636,1.57671,0.0971527
9.27214,1.35533,-0.340836
9.29118,1.40294,-0.264664
9.34117,1.34819,-0.17897
9.41972,1.25774,-0.10994
9.52922,1.28392,0.0305023
9.56969,1.26964,0.106674
9.62682,1.19585,0.285202
9.6292,1.21013,0.447067
9.70299,1.18156,0.739853
9.79344,1.26964,0.949326
9.87675,1.46245,1.14928
9.92674,1.52434,1.20879
10.0053,1.52434,1.32542
10.1243,1.40294,1.37065
10.1791,1.11967,1.4135
10.2124,0.891159,1.51347
10.2267,0.884018,1.78008
10.2767,1.03636,2.05382
10.3076,1.30058,2.19664
10.4028,1.39104,2.30614
10.3409,0.465073,3.24638
10.279,0.274643,3.39397
10.1862,0.0556488,3.52489
10.1481,0.0794525,3.66057
10.0053,0.227036,3.83434
9.92912,0.0461273,4.05095
9.91246,-0.0895538,4.07237
9.85295,-0.172867,4.20329
9.81963,-0.180008,4.47704
9.84581,-0.0752716,4.54131
9.75536,-0.103836,4.58653
9.66014,-0.0181427,4.6389
9.48875,0.0961151,4.82695
9.23882,0.229416,5.0031
9.17693,0.238937,5.29826
9.07695,0.12944,5.45537
8.97697,-0.132401,5.41728
8.84129,-0.172867,5.43633
8.65324,-0.206192,5.45537
8.40093,-0.110977,5.54344
6.47996,-0.132401,6.65746
6.31334,-0.19191,6.7003
6.15623,-0.244278,6.86693
6.04674,-0.315689,7.00975
6.02769,-0.360916,7.26445
5.98247,-0.475174,7.5739
5.88725,-0.434708,7.47154
5.9063,-0.358536,7.58818
5.78014,-0.334732,7.65245
5.554,-0.289505,7.6834
5.33263,-0.289505,7.7072
5.10649,-0.244278,7.78337
4.94463,-0.32045,7.68816
4.8018,-0.408524,7.92381
4.6685,-0.501358,8.01665
4.5233,-0.57753,8.01189
4.34953,-0.57753,8.01665
4.11864,-0.508499,8.11424
3.97343,-0.51326,8.26421
3.91393,-0.506119,8.3618
2.38335,-0.682266,8.49986
2.18101,-0.687027,8.69505
2.04057,-0.684647,8.83311
1.92155,-0.610855,8.63792
1.71208,-0.591812,8.68077
1.55974,-0.498978,8.63554
1.38121,-0.375198,8.62126
1.23601,-0.375198,8.67601
1.07652,-0.446609,8.65459
1.00273,-0.498978,8.52605
0.902756,-0.598953,8.55223
0.883713,-0.617996,8.83549
0.917038,-0.582291,8.93071
0.852768,-0.537064,9.0045
0.667099,-0.51564,8.74266
0.574264,-0.494217,8.62602
0.412399,-0.541824,8.47368
0.236252,-0.522781,8.42607
0.171982,-0.51326,8.53557
0.176743,-0.548965,8.5927
0.374313,-0.670364,9.33061
0.512375,-0.827469,9.4044
0.61235,-0.886978,9.56151
0.650436,-0.925064,9.73527
0.798019,-0.915543,9.90666
0.836105,-0.903641,9.79002
0.86705,-0.913162,9.77812
0.821823,-0.782242,9.7448
0.850388,-0.665604,9.78764
0.883713,-0.746536,9.92333
0.8004,-0.782242,9.93761
0.798019,-0.872696,9.93285
0.848007,-0.90126,9.90666
0.855148,-0.720352,9.89476
0.817062,-0.684647,9.87572
0.845627,-0.670364,9.89952
0.876572,-0.634659,9.95665
0.945602,-0.582291,9.97093
0.926559,-0.606094,10.0138
0.874191,-0.746536,9.98997
0.824203,-0.760818,10.0304
0.845627,-0.856033,10.04
0.814682,-0.83699,9.8662
0.752792,-0.798904,9.82811
0.67186,-0.803665,9.69481
0.679001,-0.810806,9.69481
0.745651,-0.727493,9.75194
0.712326,-0.658462,9.78764
0.709946,-0.603714,9.87572
0.73851,-0.713211,9.86144
0.878952,-0.889359,9.69957
0.8004,-0.83461,9.72813
0.862289,-0.936966,9.84239
0.967026,-0.996475,9.86144
1.00511,-0.89888,9.79478
0.943222,-0.844131,9.671
0.824203,-0.684647,9.62816
0.745651,-0.613236,9.7567
0.648056,-0.646561,9.84477
0.709946,-0.820328,9.7686
0.73613,-0.820328,9.71861
0.786118,-0.798904,9.73766
0.781357,-0.715591,9.94713
0.86467,-0.627518,10.1423
0.976547,-0.701309,10.0661
1.07176,-0.839371,10.0281
1.10985,-0.777481,10.0162
1.0789,-0.651321,9.97331
0.99559,-0.663223,9.93047
0.936081,-0.748917,9.9019
0.817062,-0.748917,9.79002
0.862289,-0.872696,9.73289
0.981308,-0.994095,9.77574
1.21696,-1.05122,9.84715
1.28838,-0.913162,9.85905
1.23363,-0.760818,9.98521
1.17174,-0.732254,9.97569
1.09319,-0.729874,9.88048
1.08128,-0.841751,9.90666
1.07652,-0.891739,9.97807
1.14793,-0.908401,9.97569
1.18364,-0.889359,9.89476
1.22173,-0.803665,9.83049
1.11223,-0.777481,9.77574
1.01463,-0.710831,9.65672
0.974167,-0.660843,9.67815
1.00987,-0.660843,9.70909
1.08366,-0.722733,9.85429
1.22887,-0.813187,9.89
1.26933,-0.829849,9.78288
1.15031,-0.756058,9.671
1.0313,-0.691788,9.74956
1.07414,-0.689407,9.7686
1.23363,-0.806046,9.83287
1.37407,-0.815567,9.7686
1.37169,-0.658462,9.61626
1.38121,-0.63942,9.86858
1.42168,-0.684647,9.9995
1.16222,-0.418045,9.68053
1.2122,-0.496597,9.55913
1.2122,-0.629898,9.74004
1.27647,-0.739395,9.73766
1.38121,-0.534683,9.81383
1.286,-0.422806,9.75432
1.18602,-0.334732,9.69957
1.2003,-0.337112,9.68291
1.17174,-0.3871,9.77574
1.23601,-0.506119,9.71147
1.32646,-0.591812,9.78764
1.43596,-0.551346,9.86144
1.51213,-0.408524,9.82573
1.51927,-0.289505,9.77098
1.58116,-0.199051,9.84239
1.62639,-0.332352,9.94951
1.73351,-0.372818,9.91856
1.80492,-0.441849,9.99712
1.77635,-0.475174,9.8781
1.70018,-0.399002,9.69481
1.58116,-0.429947,9.69005
1.50261,-0.422806,9.59959
1.47643,-0.370438,9.54723
1.52165,-0.38472,9.63292
1.55736,-0.365677,9.78764
1.60973,-0.334732,9.85429
1.61449,-0.365677,9.9019
1.53355,-0.453751,9.83049
1.34312,-0.498978,9.80193
1.29314,-0.553726,9.82097
1.20982,-0.589432,9.96855
1.1765,-0.646561,9.88524
1.15508,-0.656082,9.79002
1.10509,-0.689407,9.7924
1.14555,-0.634659,9.99712
1.25029,-0.675125,10.0923
1.41454,-0.670364,10.1495
1.5526,-0.734634,10.0852
1.63829,-0.694168,10.0162
1.67162,-0.57991,10.0542
1.62877,-0.551346,10.0471
1.55498,-0.539444,9.98521
1.51927,-0.463272,9.94475
1.60735,-0.525162,10.0352
1.65257,-0.553726,9.98997
1.60258,-0.532303,9.81621
1.48595,-0.544205,9.75432
1.45262,-0.556107,9.84477
1.36931,-0.375198,9.80907
1.33122,-0.225235,9.93285
1.40977,-0.506119,9.62816
1.42882,-0.456131,9.70909
1.54546,-0.558487,9.66386
1.53593,-0.506119,9.75432
1.45738,-0.346634,9.72575
1.27409,-0.351395,9.71385
1.10747,-0.365677,9.63054
1.04082,-0.310928,9.60912
0.997971,-0.125259,9.63054
1.05272,-0.0229034,9.65434
1.2003,-0.0110016,9.60197
1.26457,0.0199432,9.55913
1.21935,0.0723114,9.57817
1.24315,0.0318451,9.45201
1.35979,-0.0490875,9.4901
1.39787,-0.0181427,9.48772
1.4312,0.0913544,9.45439
1.41692,0.222275,9.5258
1.455,0.243698,9.66386
1.48833,0.18895,9.70671
1.29076,-0.251419,10.2185
1.50261,-0.399002,10.2899
1.61687,-0.432327,10.2828
1.66924,-0.441849,10.2613
1.5407,-0.377579,10.228
1.38597,-0.282364,10.1709
1.29076,-0.294266,10.1495
1.21935,-0.282364,10.1828
1.33836,-0.282364,10.1661
1.35741,-0.275223,10.0352
1.30742,-0.218094,9.95903
1.27647,-0.270462,9.98997
1.3098,-0.396622,10.0661
1.39073,-0.370438,10.1376
1.50737,-0.415665,10.1328
1.39311,-0.527542,10.09
1.28838,-0.563248,10.059
1.22887,-0.572769,10.109
1.2979,-0.477554,10.1661
1.2979,-0.389481,10.0542
1.42644,-0.203812,9.55913
1.37645,-0.225235,9.40202
1.39073,-0.32283,9.29967
1.47881,-0.232376,9.36632
1.60735,-0.172867,9.31157
1.52879,-0.163345,9.29729
1.5526,-0.203812,9.26634
1.65019,-0.265701,9.21635
1.67162,-0.253799,9.19255
1.74541,-0.268082,9.1497
1.674,-0.187149,9.06639
1.60497,-0.108597,9.03069
1.55736,-0.113358,9.09019
1.42168,-0.058609,9.10448
1.36217,-0.0443268,9.04497
1.2979,0.0199432,9.19017
1.32646,0.0723114,9.11162
1.40977,0.069931,9.24968
1.53593,0.0627899,9.33775
1.68828,-0.0800324,9.44487
1.86443,-0.158585,9.46629
1.81206,-0.058609,9.51628
1.82396,0.0580292,9.70909
1.82158,0.0984955,9.71385
1.76921,0.088974,9.62816
1.65733,0.0794525,9.52104
1.57878,0.12468,9.44487
1.48833,0.174667,9.35442
1.45262,0.18895,9.41631
1.43596,0.272263,9.26396
1.25743,1.49101,8.84502
1.27171,1.65526,8.87596
1.32408,1.71953,9.08305
1.60497,1.6862,9.19731
1.9287,1.57671,9.44011
2.29527,1.42912,9.71147
2.64757,1.50768,9.95665
2.89989,1.68858,10.0947
2.92131,1.86949,10.0661
2.89989,1.87187,10.1518
2.87846,0.998276,11.392
3.16173,0.848312,11.6277
3.30693,0.743576,11.9942
3.36168,0.645981,12.3965
3.52116,0.538864,12.625
3.6378,0.300827,12.6846
3.72112,-0.160965,12.7726
3.81871,-0.675125,12.7964
3.93297,-1.12263,12.9702
4.0139,-1.59157,13.0059
3.98296,-1.77962,12.9274
3.76872,-1.67726,12.9773
3.6259,-1.62013,13.1249
3.55687,-1.59157,13.144
3.56639,-1.78914,13.1582
3.52831,-1.99147,12.7941
3.36406,-2.08907,12.5751
3.00938,-2.04622,12.3751
2.63805,-1.88197,12.2013
2.39287,-1.85341,12.0942
-1.81801,-1.25356,7.19066
-1.96559,-1.04408,7.27159
-2.15126,-0.189529,7.3311
-2.19173,0.0532684,7.27397
-2.29646,0.119919,7.02403
-2.44167,-0.0871735,6.86455
-2.63686,-0.346634,6.70744
-2.71065,-0.45137,6.52415
-2.70351,-0.38472,6.58366
-2.57259,0.0437469,6.7003
-2.48689,0.441269,6.78362
-2.50594,0.600754,6.74791
-2.71779,0.434128,6.67412
-3.07008,0.088974,6.46703
-3.25575,-0.0514679,6.2766
-3.30812,-0.108597,6.17662
-3.27003,0.217514,6.21709
-3.00581,0.700729,6.43608
-2.6916,1.04112,6.78362
-2.49165,1.20061,6.90025
-2.48213,0.779282,7.71434
-2.12032,1.20061,8.02617
-1.87514,1.73143,8.41655
-1.91798,2.30034,8.54509
-2.27742,2.52409,8.30467
-2.43929,2.25987,8.03807
-2.44643,1.90282,7.87383
-2.22029,2.01945,7.97142
-1.82753,2.41936,8.26183
-1.72279,2.49315,8.48082
-1.81682,2.20155,8.82359
-1.86562,3.08467,9.114
-1.55736,3.66191,9.05449
-1.18245,3.31557,9.03902
-1.04558,2.21822,9.00093
-0.740891,2.0385,9.60197
-0.750412,2.27534,9.78645
-0.922989,2.44435,9.47462
-0.540939,2.71095,9.70195
-0.205307,2.60027,10.0578
-0.602829,1.9052,9.92451
-0.552841,1.38747,9.8781
0.167221,1.63026,10.3125
0.220779,1.52434,10.741
-0.251724,1.27202,10.8695
0.0910492,1.21013,11.1421
1.00987,0.991135,11.179
0.92775,0.625748,11.3147
0.536179,0.556717,11.611
0.763504,0.478165,11.6003
1.19792,0.428177,11.5277
1.18959,0.0639801,11.511
0.899185,-0.38472,11.3718
1.06343,-0.199051,11.2813
1.34669,-0.308548,11.0885
1.23958,-0.182388,11.0016
0.86467,-0.0669403,11.2135
0.825394,-0.610855,11.3527
1.08604,-1.52135,11.0552
1.12175,-2.14024,10.7172
1.07176,-1.782,10.5922
1.17531,-0.910782,10.547
1.15627,-1.00481,10.4506
1.00273,-1.79509,10.3292
1.03844,-1.74153,10.3089
1.08723,-1.39043,10.2042
0.93251,-1.37019,9.88167
1.01225,-1.36424,9.79955
1.09319,-1.34282,9.58174
1.03011,-1.54158,9.4413
1.06819,-1.26189,9.59483
0.961075,-0.716782,9.62459
0.784927,-0.625137,9.54842
0.706375,-0.671555,9.52699
0.73613,-0.696548,9.48296
0.894424,-0.423996,9.70076
0.99559,-0.250229,9.87334
1.05153,-0.262131,9.83763
1.04677,-0.359726,9.94951
1.04677,-0.427567,9.90904
1.05748,-0.1931,10.0447
1.12889,-0.183578,10.0221
1.05867,-0.241898,9.84477
0.926559,-0.275223,9.89595
1.03963,-0.121689,9.94475
1.01582,-0.341873,9.84715
1.07652,-0.378769,9.8293
1.01939,-0.253799,9.74599
0.883713,-0.177628,9.67934
0.878952,-0.181198,9.71385
0.968216,-0.506119,9.65434
0.99559,-0.526352,9.60078
0.949173,-0.327591,9.69124
0.99321,-0.170486,9.65672
0.965836,-0.351395,9.69124
0.943222,-0.454941,9.73766
1.07414,-0.456131,9.84001
1.23958,-0.412094,9.92928
1.19911,-0.326401,9.95665
1.07533,-0.538254,10.0138
1.06105,-0.563248,9.84239
0.961075,-0.422806,9.82216
0.8004,-0.285934,9.83882
0.977737,-0.218094,9.90309
1.04796,-0.38472,9.89476
1.092,-0.557297,9.86501
1.11223,-0.620377,9.85905
1.14555,-0.422806,9.89714
1.01106,-0.265701,9.9269
0.92775,-0.208572,9.87572
1.02773,-0.235947,9.89476
1.05153,-0.503738,9.89119
1.07295,-0.481125,9.88762
1.11104,-0.297836,10.0007
1.09676,-0.44899,9.91261
1.02534,-0.471603,9.86382
0.909897,-0.420425,9.72813
0.940842,-0.334732,9.77098
0.975357,-0.251419,9.76622
0.938461,-0.365677,9.58769
0.947983,-0.401382,9.57103
0.977737,-0.38591,9.65434
1.01701,-0.197861,9.7198
0.982498,-0.31926,9.69957
0.899185,-0.475174,9.73885
0.911087,-0.413284,9.76979
0.918228,-0.356155,9.80431
0.981308,-0.485886,9.74956
1.02892,-0.432327,9.8174
0.978928,-0.352585,9.93047
0.93013,-0.526352,9.86382
0.99202,-0.557297,9.90547
1.00154,-0.473984,9.8781
0.983688,-0.426376,9.92094
1.02415,-0.421616,9.96022
1.06462,-0.562057,9.90071
1.0432,-0.559677,9.97093
1.00868,-0.406143,9.90309
0.986069,-0.337112,9.86977
0.955124,-0.441849,9.83406
0.933701,-0.459702,9.88286
0.906326,-0.379959,9.91856
0.99202,-0.558487,9.91618
1.0551,-0.491837,9.85429
1.07414,-0.519211,9.82335
0.9944,-0.481125,9.84715
0.937271,-0.432327,9.83525
1.01106,-0.509689,9.87096
0.969406,-0.540634,9.80073
0.837296,-0.475174,9.87096
0.893234,-0.403763,9.8662
1.03011,-0.488266,9.82216
0.823013,-0.632278,9.70909
0.895615,-0.51564,9.76979
0.997971,-0.339493,9.81978
0.899185,-0.440659,9.92094
0.859909,-0.51564,9.86025
0.947983,-0.485886,9.91618
1.06581,-0.532303,9.90904
0.933701,-0.503738,9.83882
0.909897,-0.501358,9.83049
0.983688,-0.475174,9.79598
0.900375,-0.597763,9.76503
0.878952,-0.446609,9.83049
0.943222,-0.351395,9.8531
0.869431,-0.378769,9.84715
0.789688,-0.551346,9.75551
0.862289,-0.550156,9.75194
0.937271,-0.469223,9.86382
0.981308,-0.541824,9.85072
0.896805,-0.479935,9.88167
0.921799,-0.600143,9.8293
0.908707,-0.681076,9.80907
0.820633,-0.551346,9.83644
0.824203,-0.422806,9.94237
0.925369,-0.546585,9.9269
0.959885,-0.672745,9.83168
0.925369,-0.621567,9.86977
0.934891,-0.389481,9.93285
0.961075,-0.433517,9.95189
0.875381,-0.70369,9.8531
0.886093,-0.602524,9.83763
0.842056,-0.470413,9.76741
0.843246,-0.459702,9.88286
0.906326,-0.565628,9.85905
0.848007,-0.539444,9.79955
0.947983,-0.464462,9.82216
0.890854,-0.551346,9.84239
0.909897,-0.603714,9.84953
0.926559,-0.604904,9.80193
0.874191,-0.598953,9.81859
0.853958,-0.527542,9.8412
0.856339,-0.485886,9.84953
0.914658,-0.615616,9.84953
0.933701,-0.692978,9.81859
0.887283,-0.64418,9.84953
0.845627,-0.591812,9.81026
0.73494,-0.425186,9.7924
0.761124,-0.437088,9.82573
0.758743,-0.535873,9.78526
0.787308,-0.696548,9.79955
0.903946,-0.735825,9.8412
0.821823,-0.526352,9.93761
0.850388,-0.446609,9.84239
0.849197,-0.554916,9.81145
0.871811,-0.778671,9.77574
0.761124,-0.485886,9.79716
0.784927,-0.412094,9.7686
0.852768,-0.351395,9.72456
0.743271,-0.272842,9.68291
0.774216,-0.289505,9.57341
0.831345,-0.120499,9.49129
0.80159,0.0116119,9.36394
0.818253,-0.0121918,9.28181
0.984879,-0.058609,9.28062
1.13008,0.0437469,9.30443
1.15746,0.310349,9.28657
1.1765,0.488876,9.33537
1.39787,0.753098,9.47939
1.48952,0.83522,9.59126
1.49904,0.880447,9.70671
1.5276,1.10301,9.77098
1.58235,1.26131,9.91856
1.69661,0.854263,9.9507
1.85728,0.750717,9.83525
2.06081,1.04945,10.0031
2.22743,1.03398,9.76384
2.08937,1.16014,9.74718
2.04057,0.978043,9.88524
2.38454,0.693588,10.0733
2.59401,0.469833,10.272
2.70351,0.105637,10.4018
2.73921,-0.0478973,10.8088
2.77373,-0.0812225,11.1849
2.99748,-0.309738,11.636
3.02605,-0.416855,11.9883
2.68565,-0.25737,12.3215
2.63567,-0.627518,12.4429
2.74397,-1.18095,12.5108
2.89275,-1.43922,12.5358
2.79634,-1.50111,12.3418
2.5345,-1.64751,12.2263
2.44405,-1.78319,12.0847
2.36549,-1.69749,11.9443
2.19887,-1.96886,11.5515
1.90013,-2.13072,11.1837
1.57759,-2.09621,11.0707
1.26219,-2.12715,10.8469
1.09795,-2.12715,10.5744
0.905136,-2.01051,10.4077
0.345749,-1.86412,10.2363
-0.089859,-1.81294,9.86382
-0.112473,-2.09383,9.45201
-0.333847,-2.51634,9.14494
-0.663528,-2.79842,8.75456
-0.740891,-2.41875,8.68553
-1.08009,-1.70464,8.5808
-1.56807,-1.45232,8.21779
-1.8799,-1.33687,7.91548
-2.10484,-1.08217,7.74409
-2.58092,-0.892929,7.59175
-2.65352,-0.427567,7.54057
-2.45357,-0.202621,7.57152
-2.54997,-0.51445,7.17281
-2.78325,-1.01314,6.88835
-3.11293,-0.533493,6.77885
-3.24385,0.117538,6.78481
-3.4557,-0.0300446,6.55153
-3.40334,-0.026474,6.4944
-3.08437,0.951859,6.88478
-3.17482,1.28273,6.78242
-3.31407,0.530533,6.65627
-3.39143,0.248459,6.63603
-3.10341,1.58385,7.16685
-2.84276,2.39912,7.10854
-2.77492,1.51482,6.94667
-2.96178,0.461502,6.92882
-2.90346,1.82188,7.63698
-2.48927,3.53694,8.07259
-2.04414,2.95494,7.72981
-2.22267,1.38985,7.70125
-2.35597,1.37914,8.02617
-2.11794,2.57646,8.48082
-1.868,3.41554,8.57365
-1.98344,3.69762,8.49986
-2.09413,2.93114,8.22255
-1.60139,2.6812,8.54152
-1.24315,3.33104,9.50557
-1.649,2.9109,9.34132
-1.38716,2.76927,9.17946
-0.665909,3.43816,9.89476
-0.621872,3.17394,10.328
-0.555222,2.47292,10.2697
0.156509,2.79189,10.7529
0.619492,2.78831,10.8969
0.200546,2.12657,10.6089
-0.00535583,2.50624,10.8719
0.279099,3.1418,11.3063
0.86348,2.39912,11.1647
1.12651,1.39342,10.9338
1.44191,0.907822,10.9469
1.33836,1.13634,11.0671
1.13127,1.28392,10.9826
1.20149,1.12563,10.8124
1.26933,0.83165,10.9814
1.33479,0.651932,11.1575
1.32408,0.31868,11.3218
1.42287,-0.0490875,11.3039
1.6859,-0.133591,11.254
1.73827,-0.439468,11.2325
1.52403,-0.502548,11.1933
1.66209,-0.601334,10.9576
1.80135,-0.996475,10.6303
1.55141,-0.907211,10.3197
1.44667,-0.63942,10.3649
1.37645,-1.01314,10.3934
1.43239,-1.60347,10.1768
1.39311,-1.29402,9.95427
1.27528,-1.09288,9.84834
1.24315,-1.04051,9.80788
1.34789,-0.795334,9.8662
1.27647,-0.758438,9.69838
1.28242,-0.713211,9.73647
1.44786,-0.495407,9.90428
1.30266,-0.63942,9.70909
1.24434,-0.663223,9.65672
1.286,-0.500168,9.66981
1.22411,-0.399002,9.65196
1.18721,-0.203812,9.69124
1.19078,-0.25975,9.60674
1.2491,-0.228806,9.70909
1.29552,-0.291885,9.75432
1.38835,-0.493027,9.79716
1.4431,-0.302597,9.86382
1.43358,-0.174057,9.82811
1.38716,-0.306168,9.6591
1.35265,-0.435898,9.66505
1.34908,-0.107407,9.77693
1.29671,-0.0288544,9.83525
1.29076,-0.209763,9.74123
1.37288,-0.333542,9.68172
1.36693,-0.25975,9.68529
1.24553,-0.156204,9.67934
1.22411,-0.276413,9.68767
1.33717,-0.365677,9.77931
1.34669,-0.216904,9.79121
1.31099,-0.0728912,9.88286
1.27052,-0.222855,9.82216
1.3586,-0.318069,9.88762
1.32408,-0.253799,9.85072
1.15746,-0.166916,9.81026
1.14793,-0.263321,9.75551
1.31099,-0.482315,9.70076
1.37169,-0.402573,9.74242
1.20982,-0.303787,9.69362
1.18721,-0.219284,9.76741
1.22649,-0.285934,9.75789
1.25743,-0.325211,9.81145
1.20506,-0.233566,9.76384
1.286,-0.300217,9.81621
1.43953,-0.38829,9.78764
1.27528,-0.369247,9.80669
1.19673,-0.32402,9.88881
1.24791,-0.364487,9.85905
1.38002,-0.369247,9.86144
1.27885,-0.312119,9.83525
1.19792,-0.327591,9.81502
1.25386,-0.285934,9.8662
1.27171,-0.32283,9.82335
1.20982,-0.354965,9.8293
1.31218,-0.294266,9.87929
1.25981,-0.376389,9.75789
1.23958,-0.38472,9.75432
1.25029,-0.470413,9.81502
1.21696,-0.464462,9.73289
1.15984,-0.303787,9.87334
1.1158,-0.414475,9.73289
1.23839,-0.371628,9.79836
1.30504,-0.391861,9.87096
1.2003,-0.476364,9.82692
1.29433,-0.532303,9.84834
1.27647,-0.51564,9.74837
1.14317,-0.291885,9.75313
1.03606,-0.278793,9.76979
1.13841,-0.401382,9.7317
1.18364,-0.372818,9.75075
1.18959,-0.429947,9.74956
1.19673,-0.419235,9.75313
1.24077,-0.444229,9.79955
1.21339,-0.491837,9.76265
1.12056,-0.439468,9.74004
1.11818,-0.295456,9.82097
1.21577,-0.45256,9.75908
1.20625,-0.457321,9.77693
1.19435,-0.328781,9.81383
1.10509,-0.282364,9.7686
1.14674,-0.38353,9.8174
1.21696,-0.545395,9.81978
1.25743,-0.344254,9.8293
1.16222,-0.297836,9.7686
1.08485,-0.438278,9.696
1.19078,-0.489456,9.74837
1.1884,-0.391861,9.76622
1.14674,-0.471603,9.76622
1.15031,-0.403763,9.86977
1.13484,-0.372818,9.84715
1.11937,-0.362106,9.77098
1.16698,-0.494217,9.74242
1.24672,-0.489456,9.71385
1.11937,-0.403763,9.82692
1.16341,-0.485886,9.74599
1.25981,-0.545395,9.72456
1.19792,-0.469223,9.83882
1.08247,-0.350204,9.80431
1.06105,-0.357346,9.77455
1.14198,-0.496597,9.73647
1.12532,-0.475174,9.75551
1.1765,-0.403763,9.79121
1.26933,-0.426376,9.82811
1.30028,-0.443039,9.84239
1.12294,-0.418045,9.81502
1.08961,-0.295456,9.82692
1.17293,-0.412094,9.83287
1.26933,-0.477554,9.88881
1.32765,-0.431137,9.87691
1.21935,-0.433517,9.86025
1.18126,-0.457321,9.83287
1.18602,-0.351395,9.85191
1.14079,-0.277603,9.83406
1.24315,-0.473984,9.72456
1.16698,-0.585861,9.73647
1.10509,-0.371628,9.79716
1.11818,-0.25499,9.81621
1.2003,-0.491837,9.77217
1.25981,-0.520401,9.83049
1.08604,-0.435898,9.72218
1.08009,-0.446609,9.72456
1.13365,-0.38829,9.71147
1.17412,-0.31926,9.74599
1.14079,-0.521591,9.6841
1.22411,-0.496597,9.66505
1.20149,-0.246658,9.66267
1.10866,-0.246658,9.5984
1.19673,-0.151443,9.55556
1.14674,-0.0740814,9.44844
1.14317,-0.0538483,9.3687
1.20744,0.0604095,9.29134
1.22649,0.324631,9.13661
1.15388,0.582901,8.98903
1.22411,0.554337,8.9438
1.31337,0.562668,8.75694
1.48952,0.953049,8.8712
1.70137,1.37199,9.06639
1.90132,1.32677,9.24373
2.05486,1.06612,9.38536
2.2429,1.04826,9.59483
2.53212,1.32796,9.89476
2.62614,1.46245,10.1197
2.81062,1.28154,10.3363
3.03557,0.906631,10.5077
3.20695,0.653122,10.6136
3.3224,0.825699,10.8338
3.46284,0.849503,11.1766
3.6259,0.603134,11.2623
3.63542,0.476975,11.273
3.48903,0.375809,11.567
3.48546,0.262741,11.8145
3.42357,0.231796,12.1549
3.27242,-0.109787,12.243
3.30336,-0.381149,12.4084
3.56639,-0.696548,12.4846
3.48427,-1.00243,12.4477
3.29384,-0.925064,12.3703
3.24266,-1.06075,12.412
3.09746,-1.4297,12.0407
2.75706,-1.79033,11.6265
2.49403,-1.74748,11.2504
2.14769,-1.394,11.0671
1.72279,-1.59752,10.7422
1.27409,-1.757,10.516
1.04558,-1.55229,10.2732
0.86824,-1.73439,10.1435
0.551651,-1.73201,9.98402
0.364792,-1.49397,9.69362
0.121994,-1.32973,9.51747
-0.186264,-1.45351,9.37227
-0.227921,-1.69154,9.1747
-0.455246,-1.84746,8.81407
-1.03249,-1.96172,8.17613
-1.50023,-1.26189,7.77385
-1.63948,-0.404953,7.84407
-1.89775,-0.4478,7.64769
-2.19768,-0.762009,7.17995
-2.23576,-0.434708,7.03831
-2.40834,-0.180008,6.85027
-2.68089,-0.0943146,6.66936
-2.77968,0.12944,6.39561
-2.94511,0.753098,6.41942
-3.20934,0.975662,6.29683
-3.53902,0.782852,6.02428
-3.41762,0.938766,6.18257
-3.31645,1.64574,6.373
-3.76872,1.39937,6.08141
-4.01866,0.975662,6.08855
-3.90678,1.37199,6.51701
-3.81514,1.89568,6.75624
-3.60448,2.07301,6.72411
-3.31645,2.05278,7.01094
-3.08675,2.68239,7.53105
-3.15578,2.72285,7.42632
-2.96416,2.63716,7.48702
-2.62257,3.03587,7.77504
-2.89632,2.4503,7.5739
-2.94987,1.84569,7.52986
-2.04533,3.26201,8.52605
-1.9644,3.89757,8.52962
-2.34645,3.23225,8.20113
-2.46309,2.82283,8.2773
-1.99059,3.52623,8.84145
-1.78587,3.78688,9.19969
-1.97154,3.15727,8.93904
-1.79301,3.18941,9.18541
-1.27528,3.78093,10.1054
-1.45857,3.50838,10.0923
-1.39787,3.26439,10.0007
-0.798019,3.59526,10.4446
-0.721848,2.73357,10.4351
-0.832535,2.14085,10.3923
-0.41954,2.89781,10.6624
0.076767,3.0085,10.7767
0.208878,2.0135,10.4601
0.0648651,1.39342,10.372
0.0684357,1.42674,10.5398
0.300522,1.70525,10.5172
0.274338,1.42079,10.3542
0.101761,1.2494,10.5755
0.349319,1.2744,10.7315
0.662338,1.01494,10.666
0.692093,0.787613,10.7231
0.917038,0.878067,10.9195
1.18602,0.738815,10.9278
1.12413,0.38652,10.6636
1.14793,0.31868,10.6232
1.47524,0.366287,10.5006
1.5157,0.343674,10.3958
1.14436,0.501968,10.3351
1.18483,0.436508,10.453
1.54427,0.142532,10.4922
1.57521,-0.277603,10.4565
1.49904,-0.363297,10.4982
1.75374,-0.294266,10.5982
1.83229,-0.264511,10.491
1.7466,-0.487076,10.2756
1.61211,-0.433517,10.1685
1.68233,-0.334732,10.3387
1.71327,-0.490646,10.284
1.61449,-0.775101,10.0066
1.64662,-0.83342,9.80193
1.68352,-0.353775,9.83406
1.55379,-0.0752716,9.83763
1.52641,-0.328781,9.76622
1.60497,-0.619186,9.75432
1.75969,-0.733444,9.68886
1.65257,-0.568008,9.51509
1.41335,-0.332352,9.62578
1.57283,-0.137161,9.70552
1.71565,-0.0752716,9.77455
1.68947,-0.139542,9.86739
1.70494,-0.207382,9.84953
1.70851,-0.0550385,9.89595
1.63472,-0.00862122,9.92571
1.59544,0.0687408,9.86025
1.64186,0.0413666,9.85072
1.62044,0.0961151,9.7924
1.56569,0.0806427,9.84001
1.70137,-0.0229034,9.74956
1.78825,-0.0502777,9.7317
1.7347,-0.026474,9.69719
1.64305,0.0437469,9.65196
1.66566,0.108017,9.70195
1.73589,-0.0181427,9.72456
1.75493,0.0306549,9.70433
1.6133,-0.00505066,9.66624
1.62401,-0.0931244,9.6841
1.61925,-0.0740814,9.65434
1.57997,-0.110977,9.64244
1.55379,0.113968,9.6841
1.64186,0.0175629,9.6722
1.5645,-0.229996,9.63649
1.59901,-0.0836029,9.66029
1.60854,0.141342,9.73527
1.56212,0.0901642,9.77455
1.41454,-0.0574188,9.57817
1.5157,-0.0407562,9.58531
1.64186,-0.134781,9.58174
1.60616,-0.301407,9.63768
1.62877,-0.158585,9.69838
1.67876,0.0401764,9.80073
1.60735,0.0485077,9.82573
1.39549,-0.0740814,9.75075
1.47047,-0.391861,9.65434
1.70137,-0.264511,9.80669
1.5395,-0.0740814,9.76979
1.44667,0.140152,9.84239
1.48238,0.166336,9.85905
1.44548,-0.013382,9.89476
1.49904,-0.138351,9.89119
1.53474,-0.026474,10.0031
1.54189,-0.0502777,10.0352
1.52046,0.00923157,10.0233
1.48119,-0.159775,9.96855
1.48476,-0.208572,9.89595
1.40858,-0.202621,9.87929
1.39192,-0.249039,9.75551
1.48952,-0.219284,9.71147
1.42049,-0.0514679,9.671
1.30147,-0.114548,9.55675
1.37645,-0.213333,9.52818
1.41335,-0.313309,9.48772
1.46452,-0.239517,9.58293
1.43834,-0.077652,9.64958
1.38954,-0.115738,9.75908
1.4431,-0.122879,9.76503
1.40382,-0.121689,9.74599
1.27885,-0.121689,9.83049
1.38121,-0.197861,9.83882
1.55141,-0.264511,9.81145
1.45143,-0.147873,9.90547
1.25386,-0.0478973,9.97569
1.34669,-0.0728912,9.98045
1.42049,-0.103836,9.92333
1.44905,-0.284744,9.81145
1.44667,-0.119308,9.87334
1.33836,-0.153824,9.80907
1.36574,-0.171677,9.75551
1.32646,0.024704,9.70314
1.11937,-0.180008,9.59721
1.06105,-0.238327,9.61388
1.19554,-0.110977,9.70195
1.15984,-0.0205231,9.79359
1.05153,-0.103836,9.76741
1.18721,-0.13002,9.84477
1.31932,-0.13121,9.88643
1.18245,0.0532684,9.86262
1.16222,-0.0276642,9.92094
1.30266,-0.270462,9.89
1.12889,-0.140732,9.97212
1.01344,-0.0157623,9.93404
1.03844,-0.0490875,9.89476
1.33717,0.181808,10.0792
1.45857,0.18895,10.1721
1.40025,-0.0359955,10.059
1.40263,-0.151443,9.89
1.33598,-0.0574188,9.91261
1.2122,0.0639801,9.9995
1.37169,-0.026474,10.0685
1.41573,-0.0348053,9.9019
1.20506,-0.205002,9.77455
1.13365,-0.303787,9.75551
1.07652,-0.145493,9.63054
0.821823,-0.177628,9.45082
0.73494,0.0068512,9.26872
0.774216,0.0604095,9.39012
1.03606,-0.0788422,9.4651
1.53593,-0.0990753,9.67815
1.72279,-0.144302,9.7805
1.57878,-0.219284,9.74361
1.4062,0.0818329,9.76027
1.38597,0.262741,9.74599
1.32765,0.240128,9.53651
1.27766,-0.0229034,9.39012
1.25267,0.0401764,9.38298
1.34669,0.154434,9.53294
1.5395,0.0973053,9.48534
1.50975,0.0854034,9.62221
1.43001,0.103256,9.6353
1.34789,0.177048,9.68648
1.455,0.465073,9.97807
1.56688,0.378189,9.98879
1.44429,0.0925446,9.87572
1.47762,0.234177,9.91261
1.44667,0.236557,9.85905
1.31813,0.186569,9.7567
1.38359,0.199661,9.79955
1.34074,0.12587,9.72218
1.26695,0.263931,9.65077
1.1158,0.144913,9.61864
1.26219,0.00447083,9.59959
1.49309,0.115158,9.59721
1.40263,0.00209045,9.56865
1.34669,0.105637,9.61269
1.43953,0.138962,9.56032
1.4431,0.19133,9.50557
1.38002,0.024704,9.4044
1.3824,0.0937347,9.48415
1.39192,0.232986,9.57103
1.48357,0.0580292,9.47939
1.52522,-0.0800324,9.38774
1.47047,-0.0800324,9.32823
1.51094,-0.334732,9.15447
1.65852,-0.70726,9.20921
1.7704,-0.916733,9.30086
1.81563,-1.0179,9.14137
1.76207,-1.15834,9.11876
1.73589,-1.03694,9.24492
1.76564,-1.21547,9.29372
1.80373,-1.45708,9.15565
2.02153,-1.49397,9.30324
2.21672,-1.25356,9.45796
2.1584,-1.15001,9.4901
2.28456,-1.6487,9.46272
2.83562,-1.9879,9.696
3.31764,-1.78557,10.04
3.58662,-1.57729,10.2375
3.53307,-1.58562,10.2935
3.42833,-1.54991,10.5672
3.29503,-0.870316,10.7743
3.50212,-0.302597,11.0123
3.5533,-1.10121,10.979
3.64851,-1.49516,11.129
3.89607,-0.340683,11.7955
3.80562,-0.232376,11.5455
3.68779,-1.19286,11.1992
4.09364,-0.70369,11.6443
4.22575,0.440079,11.8562
3.78539,0.594803,11.7122
3.70088,0.291306,11.4741
3.96867,0.275833,11.5979
4.07817,1.17561,11.6979
3.61281,1.84093,11.4182
3.22719,1.83855,11.323
3.24385,1.97185,11.2706
3.04866,2.47887,11.2944
2.62257,2.98112,11.0492
2.25243,3.02159,10.91
2.18221,2.9478,10.8779
2.2917,3.00969,10.6124
2.12151,2.83592,10.1149
1.66328,2.50624,9.94832
1.41573,2.48363,9.60317
1.32289,2.56218,9.18065
0.795639,2.76451,8.75575
0.369553,2.89067,8.21541
-0.142227,3.0323,7.66435
-0.917038,2.89305,7.41203
-1.49904,2.76808,7.29778
-1.54189,2.83949,6.96571
-1.77992,2.69429,6.71934
-2.25719,2.57289,6.66817
-2.39049,2.67287,6.77766
-2.52736,2.51219,6.57771
-2.79634,1.96709,6.46703
-2.77373,1.23036,6.43251
-2.93797,0.912582,6.36229
-3.2379,0.711441,6.48726
-3.41643,0.738815,6.63603
-3.32121,1.28868,6.75862
-3.49141,1.67549,6.89311
-3.84966,1.47435,6.83241
-3.96629,0.926865,6.66579
-3.89726,0.261551,6.69316
-3.67827,0.2556,7.07045
-3.76039,0.83046,7.38704
-3.95558,1.00066,7.67268
-3.76634,0.926865,7.86073
-3.25337,0.368668,7.5977
-2.95106,-0.329971,7.72029
-2.9832,-0.741776,7.94405
-3.05342,-0.587051,8.33919
-3.08913,-0.371628,8.26302
-2.89394,-0.709641,8.15947
-2.20006,-1.38091,8.16185
-2.32265,-1.55943,8.43797
-2.45,-1.22856,8.8712
-1.99059,-0.57991,9.16875
-1.78111,-0.316879,9.04259
-2.47023,-1.20238,8.83907
-2.1953,-1.64156,9.09972
-1.22411,-1.45351,9.59364
-1.31694,-1.88792,9.5258
-1.3586,-2.21046,9.43773
-1.24315,-1.9641,9.90904
-0.968216,-1.43565,10.4803
-0.624252,-1.53206,10.5982
-0.405258,-2.09859,10.6005
-0.381454,-2.38423,10.8481
-0.362411,-1.68321,11.1611
-0.205307,-1.68321,11.2063
-0.0696259,-2.52705,10.8886
0.0398712,-2.79961,10.9969
0.0196381,-1.91887,11.5325
0.0874786,-0.457321,11.8669
0.257675,-0.38472,11.6515
0.236252,-1.4904,11.154
0.470718,-2.01527,11.035
0.950363,-1.4904,11.3337
0.862289,-0.57872,11.2849
0.41835,-0.808426,10.9588
0.514755,-0.700119,10.7934
0.939651,-0.0288544,10.9362
1.01225,0.0151825,10.8172
1.10152,-0.325211,10.3804
1.00392,-0.343063,10.284
0.696854,-0.115738,10.4375
0.564743,0.240128,10.6446
0.702805,0.212753,10.6196
0.618301,-0.331161,10.4625
0.634964,-0.473984,10.4934
1.13008,-0.0669403,10.6862
1.39073,-0.25856,10.7838
1.37288,-1.02742,10.4018
1.35384,-1.32735,10.1828
1.38359,-0.886978,10.1673
1.20506,-0.779861,10.0757
1.02415,-0.909592,9.86858
1.01582,-0.889359,9.8174
1.02177,-0.96077,9.72099
0.919418,-0.851273,9.74599
1.0432,-0.853653,9.68886
1.20863,-0.872696,9.79478
1.37169,-1.13573,9.81978
1.39787,-1.35829,9.7198
1.14079,-1.24046,9.66386
1.13841,-1.02147,9.66505
1.09438,-0.90007,9.65434
1.06938,-0.976242,9.77098
1.0432,-1.09764,9.63411
1.03606,-0.992905,9.58293
1.18007,-1.03932,9.68172
1.14436,-1.14525,9.64482
1.04796,-1.00243,9.73289
1.11461,-1.13335,9.6841
1.14079,-1.20952,9.68291
1.067,-1.10002,9.72456
0.981308,-0.908401,9.8174
1.10033,-0.811996,9.89476
1.17888,-0.942917,9.75313
1.1884,-1.10002,9.77812
1.12056,-1.20595,9.71385
1.0432,-1.22023,9.85191
1.22292,-1.11192,9.83168
1.23958,-0.956009,9.82216
1.0432,-1.12025,9.80788
1.04201,-1.12859,9.84001
1.06938,-0.926254,9.96974
1.12889,-0.971481,10.0031
1.08604,-1.18214,9.85191
1.02773,-1.26784,9.9388
1.20387,-1.31783,9.92333
1.20625,-1.30116,9.79359
1.10033,-1.22023,9.80073
1.1039,-1.20833,9.78169
1.09438,-1.21547,9.74718
1.04677,-1.18929,9.72575
1.04082,-1.17976,9.7317
1.06581,-1.14049,9.70909
0.971786,-1.06789,9.75432
1.10866,-0.910782,9.7198
1.06581,-1.03932,9.66624
1.0313,-1.11192,9.72694
1.15984,-1.28093,9.75908
1.2003,-1.31902,9.7686
1.15746,-1.12621,9.86501
1.16341,-1.06313,9.75551
1.09081,-1.24165,9.80669
1.10985,-1.20119,9.86739
1.24672,-1.08574,9.81026
1.30028,-1.19167,9.72337
1.20982,-1.08931,9.74718
1.13603,-1.22023,9.66863
1.22411,-1.2238,9.66029
1.19554,-1.02147,9.76503
1.04915,-1.01195,9.74123
1.11818,-1.08455,9.78288
1.22768,-1.17381,9.82811
1.15508,-1.19286,9.86858
1.2372,-1.04289,9.95546
1.25981,-1.01076,9.91023
1.09676,-1.05003,9.88167
1.10509,-1.25356,9.7686
1.17293,-1.33449,9.73409
1.21458,-1.06075,9.84834
1.06462,-1.0179,9.77574
1.06938,-1.12502,9.73647
1.16103,-1.16667,9.76622
1.12532,-1.1393,9.74837
1.11104,-1.0786,9.79002
1.14198,-1.27498,9.64601
1.19078,-1.2119,9.7448
1.24077,-1.22142,9.68291
1.13722,-1.14882,9.75313
1.07057,-1.11787,9.72337
1.16341,-1.13573,9.79359
1.22649,-1.06789,9.80431
1.18126,-1.1143,9.80788
1.24672,-1.09764,9.81026
1.21935,-1.16548,9.8531
1.25386,-1.09645,9.88881
1.2729,-1.17381,9.80431
1.14555,-1.04765,9.75313
1.05272,-1.04051,9.8055
1.20149,-1.05241,9.78764
1.17293,-0.952438,9.84834
1.03606,-1.06551,9.79359
1.10866,-1.11787,9.8174
1.16103,-0.873886,9.94356
1.07295,-0.977432,9.75789
1.06343,-1.12978,9.78526
1.17531,-1.06551,9.7448
1.07414,-1.07622,9.81264
1.03844,-1.13097,9.71385
1.10985,-1.11549,9.71861
1.11937,-0.959579,9.88881
1.11818,-1.01552,9.81859
1.0789,-1.06908,9.79359
1.10866,-0.971481,9.78169
1.00035,-1.0667,9.67458
0.905136,-1.13335,9.59483
1.01701,-1.01552,9.61983
1.01106,-0.914352,9.6353
1.55736,-2.6544,8.97594
1.61568,-2.6544,9.05211
1.68947,-2.90791,9.12709
1.96559,-3.56847,8.85573
2.35716,-3.70891,9.01164
2.55354,-2.97456,9.27586
2.69994,-3.1031,9.13423
3.21767,-2.45207,9.71028
3.50212,-1.42494,10.3613
3.39857,-1.4547,10.2756
3.70564,-1.70821,10.622
4.19243,-1.05003,11.761
4.21028,-0.463272,11.6705
4.11507,-1.36067,11.2004
4.77324,-1.94505,11.6931
5.40285,-0.764389,11.8693
5.09102,0.0782623,11.83
4.87917,0.535294,11.8526
5.07674,1.08873,11.6312
5.16719,0.550766,11.1647
4.82799,0.248459,10.7422
4.77919,1.26845,10.9076
4.8018,2.63597,11.01
4.6078,3.27629,10.7803
4.15672,3.03587,10.4982
3.70088,2.30986,10.2542
3.70445,2.34795,10.3494
3.80205,2.81331,10.2494
3.42238,3.22392,10.0162
3.02724,3.43578,9.98521
2.70827,3.3358,9.69957
2.25005,2.86449,9.59602
1.96916,2.73119,9.49962
1.78468,3.11562,9.42583
1.29433,3.14299,9.28062
0.657578,3.08586,9.1378
0.361221,3.1299,8.72481
0.0363007,2.87163,8.43559
-0.358841,2.57289,8.17018
-0.683762,2.58241,8.03569
-0.882523,2.60503,7.88692
-1.08009,2.49791,7.56795
-1.19673,2.39555,7.48344
-1.56331,2.38841,7.28349
-2.03343,2.05278,7.16328
-2.19887,1.49101,7.11687
-2.24886,1.41841,7.32158
-2.3893,1.92662,7.40965
-2.4976,2.19798,7.45726
-2.81538,1.69691,7.25136
-3.04509,1.14824,7.14781
-3.0201,0.860214,6.88716
-3.05699,0.875687,6.6515
-3.52473,0.937576,6.78838
-3.64613,0.844742,6.90739
-3.3712,0.718582,6.99904
-3.34145,0.474594,7.04546
-3.40334,0.0818329,7.06926
-3.45213,-0.199051,7.20494
-3.27003,-0.475174,7.27635
-3.31169,-1.01552,7.16685
-3.63661,-1.369,7.20732
-3.23909,-1.14287,7.69649
-2.6797,-0.808426,7.81313
-3.16768,-1.04527,7.72743
-3.51283,-1.24284,7.88573
-2.47856,-0.997665,8.4951
-1.79301,-1.22499,8.6046
-2.58687,-2.37233,8.3261
-2.67494,-3.03883,8.43916
-1.65019,-2.38304,8.99736
-1.69899,-2.14857,9.16161
-2.44286,-2.33662,9.08067
-1.98582,-2.28545,9.59245
-1.08723,-1.98552,10.153
-1.33479,-2.56395,9.87929
-1.70256,-3.40065,9.55794
-1.10985,-3.04478,10.2542
-0.657578,-2.67583,10.7338
-0.587357,-2.83055,10.7029
-0.412399,-2.95076,10.6862
-0.0422516,-2.92339,10.86
0.424301,-2.67226,11.1873
0.633774,-2.66154,10.9576
0.236252,-3.06383,10.5244
0.121994,-3.13643,10.6267
0.820633,-2.21523,11.3039
1.1039,-1.60823,11.3135
0.8004,-2.07002,10.716
0.80397,-2.70677,10.4791
1.49666,-1.95934,11.1885
1.71446,-1.48802,11.292
1.45619,-1.90578,10.6767
1.73946,-2.42589,10.5244
2.12865,-1.81175,10.9588
1.77635,-0.870316,11.1337
1.42763,-0.998856,10.8481
1.65971,-1.39519,10.7457
1.76802,-1.46303,10.8088
1.86205,-1.07384,10.8993
2.01915,-0.697739,10.7731
2.01558,-0.841751,10.4744
2.0132,-0.895309,10.4208
2.01558,-1.175,10.2149
1.96083,-1.60585,9.95189
1.92274,-1.35591,9.89238
1.87514,-0.821518,9.86382
1.69423,-0.676315,9.84477
1.60139,-1.05122,9.71861
1.83467,-1.34163,9.64244
1.92513,-1.30354,9.81621
1.90965,-1.10716,9.78883
1.92751,-1.14525,9.82454
2.00606,-1.38924,9.83287
1.9287,-1.60585,9.72575
1.85966,-1.65346,9.65077
1.86205,-1.57133,9.62578
1.77278,-1.64513,9.46867
1.7216,-1.59514,9.54128
1.73946,-1.49397,9.52461
1.7466,-1.63679,9.47939
1.59782,-1.61894,9.45796
1.59306,-1.58324,9.45915
1.68828,-1.54396,9.52818
1.72041,-1.67726,9.5746
1.75255,-1.92244,9.65077
1.89061,-1.81056,9.69005
1.80135,-1.44637,9.77217
1.68114,-1.44041,9.71028
1.57402,-1.71535,9.65791
1.71565,-1.77129,9.62935
1.8311,-1.60585,9.62697
1.74184,-1.40352,9.696
1.60258,-1.43803,9.72813
1.62044,-1.57014,9.66386
1.75017,-1.62727,9.64244
1.64424,-1.58562,9.52699
1.59425,-1.67012,9.60435
1.75374,-1.69511,9.60674
1.80492,-1.59871,9.58412
1.71089,-1.55586,9.61269
1.68709,-1.52849,9.58888
1.66685,-1.50468,9.57817
1.70732,-1.5154,9.56032
1.66804,-1.60466,9.51033
1.7823,-1.57372,9.64601
1.80373,-1.60109,9.67339
1.76683,-1.68916,9.53294
1.6859,-1.60347,9.57222
1.65852,-1.43327,9.58888
1.6252,-1.37733,9.59721
1.65376,-1.55705,9.57579
1.65852,-1.62251,9.63292
1.69066,-1.54396,9.64363
1.73351,-1.60347,9.62816
1.69423,-1.72963,9.58293
1.72993,-1.55705,9.7198
1.71446,-1.37852,9.65434
1.65971,-1.29283,9.71861
1.62877,-1.43684,9.70433
1.69661,-1.57133,9.64363
1.77992,-1.47374,9.71742
1.75612,-1.47612,9.63649
1.70018,-1.40709,9.7079
1.65852,-1.41542,9.6841
1.66685,-1.4547,9.58174
1.57997,-1.41542,9.54365
1.60139,-1.47731,9.6115
1.75612,-1.35948,9.63054
1.72874,-1.31306,9.6591
1.65852,-1.29997,9.66148
1.67281,-1.53444,9.65315
1.80254,-1.53444,9.77693
1.76683,-1.45827,9.72575
1.75017,-1.44518,9.68648
1.69066,-1.36781,9.70909
1.6002,-1.48326,9.61507
1.70256,-1.46065,9.65791
1.69542,-1.34401,9.69005
1.66566,-1.37852,9.63292
1.60377,-1.47493,9.61745
1.5883,-1.47017,9.58412
1.55379,-1.44637,9.55199
1.56331,-1.39638,9.61626
1.65733,-1.54515,9.61031
1.66804,-1.60585,9.58888
1.58473,-1.51302,9.58888
1.70375,-1.54515,9.6353
1.65852,-1.62251,9.55794
1.57878,-1.57133,9.65672
1.60258,-1.34401,9.69719
1.5038,-1.31664,9.56508
1.47166,-1.3452,9.72932
1.59425,-1.46541,9.69124
1.62996,-1.43922,9.71028
1.73589,-1.52373,9.8531
1.82277,-1.46422,9.80193
1.69423,-1.50468,9.76265
1.6371,-1.55705,9.82811
1.6371,-1.3821,9.88286
1.60973,-1.22737,9.87929
1.55498,-1.41899,9.90428
1.65257,-1.57014,9.83287
1.7097,-1.34758,9.9388
1.57045,-1.31068,9.9138
1.54189,-1.38924,9.86501
1.55736,-1.30473,9.93642
1.50618,-1.25117,10.0507
1.46095,-1.26784,9.97093
1.56093,-1.13692,10.034
1.4431,-1.04765,9.95784
1.24315,-1.22499,9.88762
1.40977,-1.29759,9.86858
1.64781,-1.22737,9.72575
1.60735,-1.41185,9.50081
1.44429,-1.48683,9.43654
1.41692,-1.38567,9.3437
1.26457,-1.11906,9.34966
1.24434,-1.22618,9.31752
1.34193,-1.22856,9.42226
1.25267,-1.00838,9.43416
1.0432,-1.06789,9.44963
1.14555,-1.2119,9.49843
1.44072,-1.22618,9.60674
1.52879,-1.21904,9.56389
1.40025,-1.23927,9.57817
1.3217,-1.26784,9.57222
1.26219,-1.13692,9.59364
1.22173,-0.940536,9.68648
1.18007,-1.07384,9.5508
1.07414,-1.0905,9.56508
1.05748,-1.00124,9.60912
1.10509,-1.01552,9.57579
1.12056,-0.913162,9.68886
1.10271,-0.988144,9.6234
1.08842,-1.30354,9.60674
1.08247,-1.59276,9.5865
0.943222,-1.89388,9.60435
0.983688,-2.27473,9.86144
1.18364,-2.3521,9.89833
1.1039,-2.26759,9.94713
1.02773,-2.52229,9.90666
1.07771,-2.79128,9.90428
1.27885,-3.10191,9.89714
1.36336,-3.06621,9.9138
1.77754,-2.56871,10.3982
2.33336,-2.46754,10.4839
2.42143,-2.52824,10.5625
2.45119,-2.40089,10.8279
2.46071,-2.20213,11.1159
2.7166,-1.6487,11.7015
2.80943,-1.74272,11.7479
2.92964,-2.4973,11.2063
3.20576,-2.46754,11.5051
3.85442,-1.08574,12.1335
3.93773,-0.0740814,12.2168
3.46761,-0.19072,12.0383
3.36049,-0.0931244,12.3632
3.71873,0.550766,12.318
3.69017,1.19704,12.005
3.36763,1.59218,11.9597
3.33073,2.09087,11.8895
3.37239,2.0385,11.2813
3.22005,1.40294,10.6624
2.81895,1.06136,10.3423
2.86418,1.54219,10.1268
2.7892,2.3051,9.84001
2.16792,2.55861,9.64482
1.64543,2.6324,9.58531
1.56807,2.74785,9.10329
1.1646,2.58955,8.50105
0.327896,2.28368,8.25111
-0.0422516,2.30629,8.00356
-0.0624847,2.51576,7.75957
-0.563553,2.21465,7.50368
-1.23482,1.69572,7.38585
-1.37764,1.68858,7.36443
-1.37288,1.66002,7.52272
-1.86086,1.36485,7.50487
-2.33693,1.29344,7.25136
-2.88322,1.08159,7.19899
-3.30455,1.03755,7.16209
-3.33073,1.19823,6.9312
-3.46642,1.14824,6.72887
-3.72826,1.11372,6.74672
-3.90321,1.04826,6.66103
-4.09364,0.791184,6.41704
-4.33406,0.885208,6.43489
-4.48164,1.20537,6.5551
-4.33049,1.19585,6.52177
-4.34001,0.554337,6.42775
-4.27098,-0.0550385,6.46584
-4.22932,-0.365677,6.50273
-4.44832,-0.70726,6.46108
-4.60304,-0.854843,6.43965
-4.59947,-0.777481,6.79433
-4.67921,-0.591812,6.99071
-4.81133,-1.00957,6.99666
-4.54591,-1.36543,7.11568
-4.24956,-1.26189,7.562
-4.05913,-1.29045,7.83931
-4.23409,-1.72725,7.62627
-4.00914,-2.13072,7.76552
-3.6497,-2.15691,8.0952
-3.90083,-2.17833,8.41536
-3.86513,-2.39732,8.43202
-3.15697,-2.54848,8.77599
-2.85466,-2.13191,9.24135
-3.07127,-1.73082,9.37108
-3.18315,-2.38066,9.22826
-2.95345,-2.89958,9.52937
-2.57735,-2.96385,10.0745
-2.425,-2.43779,10.3423
-2.22624,-2.46159,10.1959
-1.80849,-2.76985,10.3875
-1.57164,-2.74843,10.8195
-1.64305,-2.83412,10.8552
-1.48714,-3.22569,10.641
-1.28957,-3.46254,10.6077
-1.19554,-3.10905,10.9005
-1.13722,-2.20927,11.1445
-0.950363,-1.78319,11.154
-0.922989,-2.12596,10.76
-0.621872,-2.66035,10.6553
-0.440964,-2.41637,10.9505
-0.744461,-1.7939,11.0361
-0.780167,-1.394,10.9909
-0.379074,-1.59276,10.7922
-0.155319,-1.87245,10.7612
-0.126755,-2.03313,10.6553
0.044632,-1.9034,10.5422
0.0684357,-1.588,10.5208
0.0124969,-1.51302,10.5101
0.185074,-1.49754,10.541
0.169601,-1.39995,10.5315
0.113663,-1.41661,10.3827
0.182693,-1.51897,10.2185
0.269577,-1.47612,10.1423
0.301712,-1.46779,10.1697
0.465958,-1.2357,10.3137
0.668289,-1.11668,10.3363
0.7397,-1.22142,10.1614
0.580215,-1.37733,9.99117
0.679001,-1.17619,10.0352
0.769455,-1.00957,10.0054
0.617111,-1.13454,9.92333
0.589737,-1.15239,9.94356
0.496902,-1.14525,9.93999
0.425491,-1.24522,9.97688
0.515945,-1.22499,10.0078
0.54689,-1.16072,9.98521
0.638535,-1.27498,10.0376
0.733749,-1.5392,9.9507
0.809921,-1.75819,9.93999
0.73851,-1.65703,9.85191
0.562363,-1.39876,9.86025
0.411209,-1.27736,9.78407
0.381454,-1.27498,9.77693
0.35527,-1.33449,9.73289
0.213638,-1.36543,9.7805
0.325516,-1.49754,9.84239
0.492142,-1.79271,9.78169
0.444534,-1.87959,9.71385
0.48262,-1.58919,9.83406
0.592117,-1.49754,9.94237
0.584976,-1.68321,9.90071
0.513565,-1.68083,9.84596
0.636154,-1.5273,10.0066
0.784927,-1.50825,9.87572
0.73732,-1.57014,9.81859
0.60997,-1.43922,9.78526
0.495712,-1.45827,9.63887
0.518326,-1.60466,9.65315
0.513565,-1.34282,9.81145
0.504044,-1.3821,9.76027
0.393356,-1.5273,9.65315
0.318375,-1.58681,9.67339
0.490952,-1.59633,9.63411
0.717087,-1.63799,9.70433
0.696854,-1.51421,9.74956
0.721848,-1.60347,9.87096
0.770645,-1.68797,9.66386
0.751602,-1.46065,9.64125
0.774216,-1.5392,9.72575
0.8004,-1.44637,9.67696
0.61235,-1.39638,9.78764
0.41954,-1.39043,9.89357
0.499283,-1.54277,9.83168
0.640915,-1.71416,9.87334
0.421921,-1.6844,9.95189
0.532608,-1.51659,10.1661
0.73613,-1.46779,10.2173
0.907516,-1.51659,10.1364
1.00154,-1.69273,10.0364
1.05272,-1.65822,9.77336
0.99559,-1.51302,9.82811
0.978928,-1.44518,9.87453
0.869431,-1.53325,9.71504
0.73732,-1.34163,9.71266
0.694473,-1.14882,9.63649
0.690903,-1.1869,9.6115
0.73851,-1.35948,9.56389
0.770645,-1.51659,9.59245
0.890854,-1.48564,9.7567
0.837296,-1.33925,9.85072
0.812302,-1.39757,9.83763
0.845627,-1.36781,9.76265
0.943222,-1.3214,9.89476
1.03249,-1.40828,9.89833
0.965836,-1.48802,9.85667
0.970596,-1.43922,9.84477
0.86467,-1.22142,9.81859
0.762314,-1.06194,9.85072
0.717087,-1.24284,9.87453
0.974167,-1.53563,9.88405
1.02415,-1.59038,9.84596
1.02415,-1.42494,9.94237
0.99321,-1.44399,9.88286
0.987259,-1.54515,9.75313
1.07057,-1.50111,9.83882
1.02415,-1.45113,9.68767
1.07295,-1.4785,9.6591
1.10628,-1.49159,9.53175
1.01225,-1.39281,9.55556
0.949173,-1.23332,9.63887
0.924179,-1.24403,9.69005
0.965836,-1.31187,9.67934
1.02415,-1.40114,9.71266
1.02296,-1.46184,9.69719
1.04439,-1.50111,9.67339
0.9944,-1.45827,9.83406
1.07295,-1.35591,9.96022
1.11818,-1.43327,10.0423
1.11937,-1.4178,9.98402
1.09676,-1.45946,9.95665
1.06343,-1.42732,9.88286
1.03725,-1.44518,9.92451
1.10866,-1.48326,9.92333
1.15508,-1.48802,9.80431
1.17769,-1.4416,9.77931
1.14555,-1.37495,9.76146
1.11818,-1.46065,9.61864
1.10509,-1.36662,9.66267
1.0789,-1.32021,9.73052
1.11104,-1.40352,9.63887
1.10033,-1.52373,9.62935
1.32408,-1.48088,9.76027
1.32051,-1.41304,9.76979
1.14555,-1.35353,9.75908
1.08842,-1.40709,9.78764
1.19316,-1.46065,9.74361
1.21458,-1.36305,9.80788
1.24672,-1.42613,9.76384
1.23125,-1.38805,9.80312
1.23125,-1.22856,9.84358
1.15031,-1.27498,9.72575
1.14555,-1.45351,9.71742
1.26338,-1.44041,9.74837
1.3098,-1.35948,9.8174
1.28481,-1.32259,9.81145
1.25624,-1.22856,9.75551
1.20744,-1.24879,9.84001
1.22887,-1.394,9.7686
1.23244,-1.40233,9.70195
1.20982,-1.33211,9.75908
1.28362,-1.33568,9.71385
1.30385,-1.28569,9.88286
1.32051,-1.33687,9.8055
1.19792,-1.39995,9.75313
1.10985,-1.2607,9.73647
1.09557,-1.32259,9.73766
1.20268,-1.32973,9.71742
1.22292,-1.42375,9.67696
1.26457,-1.36067,9.69957
1.18245,-1.19881,9.77931
1.08247,-1.17619,9.76979
1.12889,-1.24046,9.80312
1.31694,-1.30116,9.79716
1.261,-1.31902,9.87572
1.23601,-1.36424,10.0685
1.28004,-1.43684,10.1673
1.22292,-1.24998,10.4863
1.25267,-1.04527,10.9302
1.65733,-1.25475,11.4789
1.92036,-1.34996,11.83
1.76564,-1.24284,11.8086
1.49904,-1.29164,11.8621
1.674,-1.40709,12.1406
1.65138,-1.69154,11.8502
1.47166,-1.83913,11.8812
1.18364,-1.63679,11.9026
0.696854,-1.4785,11.6967
0.338608,-1.54872,11.2528
0.243393,-1.69035,11.0469
-0.0553436,-1.49992,10.8457
-0.54689,-1.29045,10.7112
-1.08366,-1.29878,10.1994
-1.44786,-1.29402,9.84477
-1.868,-0.944107,9.12352
-2.54283,-0.83342,8.96284
-2.87608,-0.90126,8.88191
-2.9463,-1.03218,8.65697
-3.37596,-0.864365,8.09877
-3.96034,-0.547775,7.72624
-4.45784,-0.458511,7.27754
-5.15172,-0.425186,6.85741
-5.70158,-0.728684,6.44322
-6.15862,-0.571579,5.90526
-6.37523,-0.4478,5.72554
-6.62993,-0.178818,5.17924
-7.15004,-0.12645,4.84361
-7.46187,-0.224045,4.83528
-7.43092,-0.108597,4.65913
-7.57851,-0.0467072,4.5425
-7.82368,0.25679,4.03786
-8.24501,0.393661,4.07118
-8.41045,0.397232,4.13664
-8.52351,0.142532,3.826
-8.56755,0.100876,3.43086
-8.48662,0.673355,2.91789
-8.66038,1.34224,1.93837
-8.98174,1.71596,0.670822
-9.57683,1.82903,-0.516983
-10.5159,2.07658,-1.69051
-11.3978,2.48244,-2.11421
-11.5573,2.46696,-1.3513
-10.2243,2.09444,-0.486038
-9.62087,1.47078,0.0483551
-9.91841,1.13158,0.213791
-9.81129,1.0197,0.575607
-9.55421,0.807846,1.26353
-9.63872,0.740005,1.30638
-9.79939,0.732864,1.10405
-9.85533,0.862595,1.05882
-9.97435,1.06017,0.968369
-10.0065,1.23274,0.893387
-10.0696,1.14943,0.652969
-10.0612,1.17204,0.668442
-9.94936,1.26607,0.789841
-9.98625,1.16252,0.730331
-10.0279,0.956619,0.59584
-9.83034,0.613846,0.777939
-9.55421,0.557907,1.15047
-9.42806,0.901871,1.36589
-9.3864,0.972092,1.39803
-9.29237,0.96257,1.83839
-9.0103,0.774521,2.4799
-8.70323,0.498398,2.94527
-8.80678,0.5103,2.87028
-8.73537,0.620987,3.0143
-8.42354,0.761429,3.69865
-8.08553,0.404373,4.60201
-7.94865,0.0116119,4.71983
-7.91295,0.0437469,4.6627
-7.74037,0.480545,4.81029
-7.35832,0.371048,5.29231
-6.97865,-0.0383759,6.38609
-6.6823,-0.0657501,6.58485
-6.7549,-0.201431,6.73601
-6.67397,-0.270462,6.97166
-6.25859,-0.13121,7.43346
-5.73491,-0.435898,8.00594
-5.41356,-0.478745,7.73457
-5.55043,-0.250229,7.25136
-5.38023,-0.212143,7.6822
-4.74705,-0.503738,8.57723
-4.1722,-0.802475,9.31276
-3.84251,-0.748917,9.24611
-3.72945,-0.601334,8.94975
-3.55925,-0.766769,9.11162
-3.23433,-1.01195,9.84834
-2.71898,-1.2119,10.0959
-2.57259,-0.879837,10.1685
-2.68922,-0.397812,10.153
-2.53093,-0.557297,10.0447
-2.34645,-0.750107,10.0162
-2.13103,-0.840561,10.234
-1.75731,-0.823898,10.2423
-1.48119,-0.685837,10.4113
-1.31575,-0.678696,10.2947
-1.37645,-0.920303,10.1387
-1.14674,-1.02028,10.4101
-0.825394,-0.877457,10.6136
-0.564743,-0.760818,10.5041
-0.605209,-0.600143,10.372
-0.637344,-0.541824,10.3673
-0.561172,-0.740585,10.3577
-0.245773,-0.839371,10.4458
-0.130325,-0.590622,10.1947
-0.0434418,-0.610855,10.3244
0.0672455,-0.742966,10.4494
0.181503,-0.927444,10.4922
0.295761,-0.827469,10.4339
0.133896,-0.471603,10.2221
0.0505829,-0.626328,10.2411
0.163651,-0.702499,10.2899
0.435013,-0.909592,10.5767
0.619492,-0.876266,10.6136
0.60759,-0.798904,10.4649
0.439774,-0.921494,10.3232
0.458817,-0.917923,10.2625
0.496902,-0.914352,10.2649
0.433823,-1.13216,10.1614
0.261246,-0.927444,10.1114
0.264816,-0.747726,10.2352
0.398117,-0.687027,10.2625
0.369553,-0.825089,10.1733
0.348129,-0.745346,10.184
0.362411,-0.652512,10.1316
0.468338,-0.751297,10.1411
0.7397,-0.909592,10.2304
0.656387,-0.690598,10.2197
0.395737,-0.798904,9.99593
0.136276,-0.919113,9.7317
-0.0601044,-0.70369,9.60792
-0.0731964,-0.709641,9.77574
-0.0113068,-0.931015,9.65077
-0.0565338,-0.673935,9.7686
-0.0232086,-0.63942,9.7567
-0.0101166,-0.859604,9.64839
-0.135086,-0.839371,9.57222
-0.174362,-0.817947,9.67458
-0.0493927,-0.96315,9.77812
0.0315399,-1.04527,9.7805
-0.0172577,-1.07741,9.74242
-0.143417,-1.03456,9.7448
-0.101761,-1.27498,9.80312
-0.0458221,-1.2119,9.84001
-0.0696259,-0.884598,9.83644
-0.0541534,-0.884598,9.75432
-0.0827179,-1.07384,9.48177
-0.230301,-0.783432,9.4901
-0.339798,-0.562057,9.59007
-0.337418,-0.681076,9.66981
-0.28624,-0.671555,9.70314
-0.155319,-0.787003,9.85548
0.00416565,-0.670364,9.94594
0.0482025,-0.51207,9.93761
0.0315399,-0.598953,9.92213
-0.0136871,-0.758438,9.87453
-0.0779572,-0.740585,9.90666
-0.044632,-0.657272,9.79121
-0.111282,-0.598953,9.76503
-0.0113068,-0.551346,9.84953
0.155319,-0.397812,9.77574
0.264816,-0.32402,9.85548
0.306473,-0.528732,9.89
0.394547,-0.473984,9.81978
0.469528,-0.421616,9.80907
0.494522,-0.495407,9.89
0.54213,-0.464462,9.87453
0.54213,-0.310928,9.9269
0.513565,-0.200241,9.83406
0.588547,-0.0657501,9.76146
0.688522,-0.13121,9.66624
0.703995,-0.260941,9.83763
0.67067,-0.289505,9.98045
0.703995,-0.124069,10.0233
0.784927,-0.0193329,10.0197
0.880142,-0.140732,10.0138
0.905136,-0.0229034,10.1887
1.03487,0.0104218,10.3327
1.11818,-0.0574188,10.2292
1.08366,-0.0359955,10.0733
1.04082,0.105637,9.90428
0.997971,0.265121,9.81026
1.09081,0.285355,9.79716
1.01582,0.266312,9.74242
1.00273,0.272263,9.71385
1.06343,0.221085,9.79002
