-0.025589,-0.296646,9.81383
0.0458221,-0.208572,9.87572
0.0981903,-0.139542,10.0019
0.0601044,-0.132401,9.96141
0.0410614,-0.19191,10.0376
0.0601044,-0.213333,9.96379
0.0339203,-0.189529,9.95189
0.076767,-0.284744,9.97331
0.143417,-0.3871,9.91618
0.117233,-0.277603,9.90904
-0.00654602,-0.244278,9.81383
-0.0160675,-0.306168,9.82097
0.0172577,-0.401382,9.92571
0.0434418,-0.360916,9.91142
0.0981903,-0.3871,10.0257
0.138657,-0.375198,9.95903
0.131516,-0.246658,9.93285
0.0815277,-0.115738,9.96141
0.0839081,-0.184769,9.92571
0.0910492,-0.199051,9.89714
-0.0660553,-0.215714,10.0685
-0.0922394,-0.160965,10.059
-0.0636749,-0.25618,10.1328
-0.0517731,-0.241898,10.0471
-0.0589142,-0.244278,10.1376
-0.0684357,-0.268082,10.1114
-0.0755768,-0.251419,10.1209
-0.0970001,-0.210953,10.1114
-0.130325,-0.19429,9.93761
-0.227921,-0.239517,9.8662
-0.511185,-0.199051,9.6234
-0.437393,-0.403763,9.68291
-0.292191,-0.584671,9.74004
-0.151749,-0.620377,9.70671
-0.177933,-0.437088,9.77098
-0.189835,-0.389481,9.80907
-0.239822,-0.410904,9.74956
-0.266006,-0.460892,9.63292
-0.254105,-0.601334,9.68291
-0.182693,-0.70369,9.85191
-0.0303497,-0.789383,10.009
0.0910492,-0.882217,10.1495
0.0339203,-0.875076,10.159
0.0220184,-0.856033,9.93761
-0.120804,-0.765579,9.89476
-0.251724,-0.675125,9.83287
-0.196976,-0.658462,9.90904
-0.0684357,-0.656082,9.90904
0.057724,-0.70845,10.0995
0.269577,-0.734634,10.0519
0.48143,-0.729874,10.0328
0.505234,-0.603714,9.96855
0.436203,-0.565628,10.0138
0.319565,-0.506119,9.84239
0.193405,-0.415665,9.77336
0.183884,-0.444229,9.81383
0.214828,-0.568008,9.73766
0.276718,-0.701309,9.82811
0.488571,-0.763199,9.86144
0.586166,-0.701309,9.83287
0.495712,-0.546585,10.1923
0.61235,-0.779861,10.0209
0.645676,-0.860794,9.94475
0.638535,-0.684647,9.97807
0.621872,-0.291885,9.99474
0.490952,-0.039566,10.0519
0.402878,0.0556488,10.1923
0.450485,-0.0657501,10.2018
0.48143,-0.220474,10.2732
0.712326,-0.263321,10.1828
0.0934296,-0.0014801,9.7448
0.0934296,-0.0443268,9.60197
0.119614,-0.0800324,9.49248
0.164841,-0.0609894,9.35204
0.117233,0.0532684,9.31871
0.0981903,0.0651703,9.31157
0.145798,0.0532684,9.43059
0.195786,0.117538,9.3806
0.0720062,0.0318451,9.45439
0.0434418,0.0389862,9.57579
0.148178,0.0675507,9.70433
0.212448,0.138962,9.70195
0.198166,0.167526,9.74004
0.281479,0.110397,9.83049
0.536179,-0.103836,9.87096
0.652817,-0.279984,9.97331
0.662338,-0.301407,9.97569
0.426682,-0.213333,10.109
0.245773,-0.146683,10.1828
0.119614,-0.19429,10.1875
0.0743866,-0.360916,10.0495
0.0291595,-0.51088,9.91142
-0.0113068,-0.534683,9.84001
-0.0946198,-0.399002,9.90904
-0.113663,-0.12764,9.95189
-0.0517731,-0.196671,9.8781
0.0458221,-0.332352,9.78764
-0.0374908,-0.45137,9.74956
-0.104141,-0.541824,9.56389
-0.163651,-0.591812,9.62102
-0.489761,-0.108597,9.59959
-0.539749,-0.0300446,9.7924
-0.556412,-0.0990753,9.86382
-0.504044,-0.353775,9.68053
-0.604019,-0.479935,9.77812
-0.651627,-0.399002,9.87096
-0.687332,-0.253799,9.98045
-0.67067,-0.246658,10.0043
-0.575455,-0.351395,9.95427
-0.577835,-0.520401,9.92333
-0.556412,-0.57515,10.1542
-0.470718,-0.518021,10.0876
-0.451675,-0.556107,10.0328
-0.41835,-0.701309,9.94475
-0.392166,-0.70607,9.88048
-0.427872,-0.701309,9.88286
-0.425491,-0.791763,9.82573
-0.399307,-0.879837,9.83763
-0.385025,-0.83461,9.85191
-0.435013,-0.713211,9.87572
-0.392166,-0.51326,10.0138
-0.320755,-0.479935,9.96617
-0.435013,-0.551346,9.74004
-0.551651,-0.506119,9.62578
-0.67067,-0.470413,9.56627
-0.777786,-0.396622,9.57341
-0.806351,-0.45137,9.52818
-0.825394,-0.463272,9.5377
-0.849197,-0.337112,9.56151
-0.830154,-0.239517,9.52342
-0.849197,-0.210953,9.61388
-0.796829,-0.32045,9.63054
-0.708755,-0.408524,9.4901
-0.720657,-0.441849,9.42583
-0.665909,-0.437088,9.49486
-0.615921,-0.32045,9.6472
-0.654007,-0.19429,9.60197
-0.61116,-0.222855,9.73052
-0.715897,-0.172867,9.71385
-0.837296,-0.125259,9.66624
-0.649246,-0.218094,10.0614
-0.613541,-0.165726,10.109
-0.596878,-0.151443,10.0876
-0.6064,-0.177628,10.1399
-0.506424,-0.19191,10.09
-0.489761,-0.244278,10.1352
-0.423111,-0.332352,10.1971
-0.387405,-0.277603,10.1042
-0.396927,-0.296646,9.95665
-0.465958,-0.291885,9.88524
-0.532608,-0.391861,9.76622
-0.532608,-0.484695,9.82097
-0.437393,-0.503738,9.76622
-0.435013,-0.479935,9.77574
-0.496902,-0.401382,9.78526
-0.554031,-0.315689,9.79002
-0.646866,-0.177628,9.71861
-0.634964,-0.120499,9.73527
-0.534988,-0.137161,9.80669
-0.442154,-0.244278,9.80907
-0.470718,-0.344254,9.77812
-0.570694,-0.244278,9.7567
-0.525467,-0.260941,9.86858
-0.454056,-0.115738,9.9019
-0.375504,-0.151443,9.89
-0.411209,-0.077652,9.94237
-0.408829,-0.0705109,9.98045
-0.420731,-0.0538483,9.89238
-0.411209,-0.12764,9.92808
-0.435013,-0.187149,9.83049
-0.392166,-0.225235,9.71623
-0.48024,-0.163345,9.80193
-0.537369,-0.101456,9.87334
-0.54213,-0.110977,9.85429
-0.465958,-0.19429,9.88286
-0.404068,-0.287125,9.91618
-0.413589,-0.344254,9.89
-0.430252,-0.327591,9.92333
-0.425491,-0.377579,9.92808
-0.411209,-0.458511,9.97331
-0.387405,-0.299026,9.87334
-0.432632,-0.253799,9.77812
-0.494522,-0.163345,9.75194
-0.442154,-0.106216,9.66624
-0.461197,-0.158585,9.65672
-0.504044,-0.275223,9.51866
-0.580215,-0.260941,9.49962
-0.61116,-0.215714,9.46391
-0.692093,-0.25856,9.44011
-0.656387,-0.38472,9.37822
-0.232681,-0.170486,9.41155
-0.344559,-0.13002,9.2473
-0.427872,-0.165726,9.06639
-0.48024,-0.175247,8.94975
-0.396927,-0.279984,8.9926
-0.192215,-0.313309,8.90215
-0.116043,-0.301407,8.69029
-0.044632,-0.272842,8.49748
-0.00178528,-0.25618,8.43321
0.0934296,-0.139542,8.31657
1.79539,-0.439468,7.72624
2.06438,-0.532303,8.05235
2.45476,-0.413284,8.15947
2.72612,-0.182388,8.11186
2.65709,-0.0014801,8.03331
2.56425,0.131821,7.71196
2.48094,0.167526,7.58818
2.62376,-0.00862122,7.80717
3.04271,-0.225235,7.89525
3.41167,-0.3871,7.99522
5.98723,0.672165,8.17137
6.22288,0.410324,8.39037
6.59422,0.0437469,8.29277
6.81798,-0.289505,8.30229
7.15361,-0.556107,8.0952
7.3726,-0.608475,7.97618
7.39403,-0.296646,7.85002
7.34642,0.0984955,7.731
7.23454,0.393661,7.64293
7.26073,0.70787,7.76909
8.59374,0.12944,6.29326
8.44377,0.926865,6.38847
8.24858,1.4315,6.39799
8.19145,1.73619,6.23613
8.23668,1.68382,5.89812
8.54375,1.14824,5.84099
8.80321,0.70549,5.54582
8.94127,0.262741,5.47203
9.23644,0.0580292,5.57915
9.30308,0.246078,5.45299
9.18645,0.441269,5.34349
9.18407,0.70549,5.15068
9.21025,0.810226,5.00786
9.26024,0.657883,4.88884
9.3864,0.826889,4.87694
9.23167,1.47197,4.8817
9.09361,1.71239,4.87218
8.88414,1.8195,4.75078
8.90318,1.64098,4.54131
8.89604,1.29106,4.32231
8.96269,0.829269,4.06047
9.07695,0.486496,3.84148
9.39116,0.819748,3.17973
9.28166,0.983994,3.29875
9.30785,1.13396,3.28685
9.41258,1.16252,3.10594
9.51256,1.01494,3.1107
9.62205,1.06255,3.04643
9.6649,1.07445,2.92503
9.59825,1.04588,2.91551
9.55064,1.07683,2.79173
9.45305,1.03398,2.71318
9.49113,0.988754,2.59654
9.52684,1.02922,2.54655
9.54112,1.00304,2.35612
9.56969,1.0197,2.18236
9.37212,1.31248,2.12285
9.1436,1.6862,2.12761
9.01268,1.74571,2.0562
9.04363,1.50053,1.80626
9.15074,1.07445,1.71104
9.12694,0.803085,1.72057
9.33403,1.4077,1.26591
9.42448,1.24583,1.304
9.47447,0.953049,1.3278
9.48875,1.0316,1.26115
9.49828,1.10539,1.47301
9.41496,1.30772,1.55394
9.40068,1.37914,1.58012
9.47685,1.33867,1.57298
9.57921,1.08873,1.5825
9.62682,1.06017,1.66106
9.58159,1.16728,1.56584
9.62444,1.2625,1.55632
9.65776,1.33629,1.5706
9.61729,1.34581,1.31352
9.54112,1.32439,1.45396
9.1555,1.47197,0.946945
9.19597,1.14586,0.901718
9.25072,0.83165,0.949326
9.29594,0.869736,1.04454
9.28166,0.998276,1.09453
9.28404,1.19823,1.1588
9.2769,1.39818,1.20641
9.35783,1.48149,1.26353
9.49828,1.48625,1.38731
9.55779,1.45293,1.53966
9.61729,1.30058,1.76579
9.69585,1.10301,1.7896
9.72917,0.979233,2.02049
9.9315,1.0078,2.15617
9.99577,1.13634,2.17522
10.0362,1.33629,2.43944
9.96483,1.48863,2.55132
9.99339,1.41246,2.87743
10.091,1.17204,3.02977
10.16,0.717392,2.97978
9.42448,0.781662,3.82243
9.48161,0.560288,3.7415
9.59111,0.388901,3.77007
9.64348,0.591232,3.84862
9.69823,0.550766,3.97002
9.63872,0.474594,4.12474
9.68156,0.543625,4.30803
9.76012,0.560288,4.35802
9.67918,0.634079,4.53178
9.72917,0.57695,4.53178
9.63396,0.548386,4.51988
9.54112,0.415085,4.47704
9.47923,0.0865936,4.64366
9.44115,-0.101456,4.65794
9.44829,-0.120499,4.76982
9.36021,-0.144302,4.96263
9.27452,-0.0276642,4.96501
9.12456,0.203232,5.15068
8.98888,0.281784,5.34825
8.95317,0.229416,5.69102
5.54448,-0.817947,7.4882
5.20885,-0.684647,7.56676
5.0327,-0.663223,7.73576
4.82561,-0.634659,7.77861
4.6566,-0.737015,7.99998
4.58519,-0.787003,8.02379
4.51378,-0.810806,8.15947
4.4257,-0.889359,8.3261
4.40904,-0.934586,8.3618
4.29955,-1.05122,8.47368
4.28526,-0.972672,8.41655
4.1472,-0.884598,8.35942
3.90202,-0.841751,8.37846
3.69255,-0.806046,8.29277
3.51402,-0.765579,8.38322
3.32121,-0.815567,8.62364
3.34264,-0.841751,8.66887
3.2498,-1.00124,8.71886
3.21172,-1.01314,8.70219
3.09508,-1.07503,8.63078
2.73326,-0.991715,8.52843
2.39287,-0.96553,8.64269
2.24052,-0.910782,8.79265
2.10722,-0.675125,8.7141
1.91441,-0.617996,8.94499
1.89537,-0.637039,8.76408
1.67638,-0.663223,8.68553
0.752792,-0.651321,8.61888
0.514755,-0.610855,8.5927
0.390976,-0.601334,8.338
0.241013,-0.679886,8.13329
0.0101166,-0.813187,8.03807
-0.025589,-0.90126,8.01189
0.0363007,-0.856033,8.05473
0.057724,-0.660843,8.1071
0.174362,-0.565628,8.35942
0.28624,-0.465652,8.68315
1.00035,-0.875076,9.86382
0.981308,-1.12263,9.9019
1.0551,-1.19167,10.0138
1.16936,-1.25356,10.0566
1.08128,-1.21309,9.95665
0.926559,-1.14644,9.92571
0.824203,-1.07741,9.84477
0.793259,-0.922684,9.77336
0.621872,-0.815567,9.81145
0.633774,-0.803665,9.94237
0.957504,-0.729874,9.76146
0.878952,-0.760818,9.78526
0.959885,-0.794144,9.89
1.07414,-0.910782,9.97093
1.09081,-0.936966,9.89476
1.05272,-1.03694,9.65672
1.09557,-1.12502,9.61864
1.02653,-1.07027,9.59245
0.962265,-0.903641,9.57341
0.921799,-0.841751,9.69719
0.669479,-0.929825,9.7567
0.80278,-0.917923,9.7448
0.843246,-0.948868,9.74718
0.888474,-1.03932,9.70671
0.824203,-1.20119,9.7567
0.857529,-1.15358,9.7805
0.859909,-1.08931,9.81621
0.890854,-1.1512,9.84715
0.871811,-1.10121,9.82811
0.890854,-1.08455,9.83763
0.836105,-1.09883,9.81859
0.833725,-1.05598,9.82335
0.73613,-0.979813,9.83763
0.733749,-0.984573,9.7805
0.721848,-0.970291,9.74004
0.778976,-1.006,9.79716
0.781357,-1.08217,9.80431
0.80516,-1.14882,9.79478
0.819443,-1.28926,9.72099
0.86467,-1.25117,9.79716
0.840866,-1.01552,9.76622
0.767075,-0.8965,9.7924
0.783737,-0.908401,9.72813
0.707565,-0.984573,9.74242
0.764694,-1.02504,9.80669
0.855148,-1.10121,9.86382
0.940842,-1.26784,9.89
1.03606,-1.31068,9.7686
0.895615,-1.34401,9.83525
0.890854,-1.27974,9.94475
0.845627,-1.13454,9.88762
0.826584,-1.00362,9.95189
0.848007,-1.00362,9.86382
0.798019,-1.07741,9.83287
0.743271,-1.28212,9.73052
0.726608,-1.52492,9.69005
0.719467,-1.54634,9.73527
0.698044,-1.47255,9.82097
0.667099,-1.29878,9.89238
0.693283,-1.25594,9.8781
0.619492,-1.22975,9.87096
0.581406,-1.28212,9.85667
0.679001,-1.29164,9.90904
0.712326,-1.33449,9.79955
0.814682,-1.38686,9.77574
0.86705,-1.41304,9.76146
0.912277,-1.43208,9.84477
0.933701,-1.38686,9.88048
0.874191,-1.24403,9.97807
0.86467,-1.28926,9.99235
0.878952,-1.30116,9.68767
0.793259,-1.30592,9.73052
0.771835,-1.27498,9.71147
0.745651,-1.25117,9.70671
0.726608,-1.23213,9.66148
0.655197,-1.31306,9.69957
0.688522,-1.38686,9.74004
0.790878,-1.51064,9.74242
0.814682,-1.49635,9.7686
0.831345,-1.44399,9.80907
0.67424,-1.1512,9.7924
0.67186,-1.22261,9.71147
0.659958,-1.25594,9.80431
0.707565,-1.49873,9.76622
0.795639,-1.64632,9.71147
0.807541,-1.80818,9.63768
0.807541,-1.75819,9.67577
0.80516,-1.59871,9.74956
0.793259,-1.48683,9.86382
0.764694,-1.45827,9.82811
0.919418,-2.06526,9.71385
0.831345,-2.13667,9.75908
0.821823,-2.25331,9.53294
0.771835,-2.31044,9.52818
0.750412,-2.44612,9.47343
0.73851,-2.62465,9.56865
0.73613,-2.60085,9.72099
0.857529,-2.5461,9.77098
0.883713,-2.65559,9.81383
0.924179,-2.82222,9.54961
0.583786,-5.12166,8.37608
0.624252,-5.7477,8.06187
0.502853,-6.19997,7.75243
0.588547,-6.55226,7.68816
0.593307,-6.84029,7.48344
0.550461,-7.05452,7.32872
0.517136,-7.04976,7.18828
0.500473,-7.10689,7.09306
0.450485,-6.9117,7.02879
0.402878,-6.87361,6.9431
0.426682,-7.04024,6.88121
0.379074,-7.29256,6.52892
0.402878,-7.70912,6.36943
0.333847,-7.86385,6.05998
0.245773,-8.07094,5.83385
0.1577,-8.33278,5.6815
0.0958099,-8.48988,5.54344
0.121994,-8.68507,5.56963
0.0458221,-8.4875,5.47679
0.0672455,-8.44466,5.32207
0.114853,-8.44466,5.1721
0.0339203,-8.38515,4.89598
0.0720062,-8.57082,4.56035
0.110092,-9.01118,4.20805
0.22197,-9.18257,3.84862
0.121994,-9.65389,3.48442
0.124374,-10.1978,2.52989
-0.000595093,-9.97762,2.30495
-0.025589,-9.66817,2.26091
-0.216019,-9.26588,1.89671
-0.180313,-9.54677,1.39922
-0.22554,-9.88954,0.97789
-0.28743,-10.2633,0.520859
-0.344559,-10.4823,0.156662
-0.375504,-10.5941,-0.0670929
-0.425491,-10.3942,-0.11232
-0.373123,-10.1847,-0.107559
-0.377884,-9.92763,-0.0718536
-0.41597,-9.38252,-0.188492
-0.385025,-9.204,-0.205154
-0.520706,-9.42061,-0.521744
-0.556412,-9.81575,-0.695511
-0.613541,-9.99666,-1.09303
-0.530228,-10.1966,-1.53102
-0.477859,-10.3132,-1.94283
-0.427872,-10.2371,-2.15468
-0.387405,-10.2014,-2.14516
-0.385025,-9.85146,-2.20705
-0.504044,-9.8943,-2.22371
-0.584976,-9.57295,-2.40462
-0.80397,-8.52797,-4.15895
-0.711136,-8.52321,-4.30415
-0.689712,-8.52083,-4.4803
-0.792068,-8.64461,-4.82069
-0.784927,-8.97072,-5.32057
-0.708755,-9.24208,-5.52766
-0.713516,-9.1302,-5.70619
-0.784927,-8.90169,-5.82521
-0.696854,-8.57082,-5.6324
-0.837296,-8.16615,-5.49196
-1.01344,-7.49013,-6.32747
-1.08247,-7.56392,-6.51076
-1.13484,-7.73769,-6.69881
-1.02296,-7.92574,-6.82973
-1.11342,-7.98763,-6.87495
-1.05153,-7.98286,-6.86067
-1.13008,-7.64485,-6.83211
-1.13484,-7.61867,-6.88686
-1.11818,-7.62343,-6.75832
-1.12532,-7.42824,-6.63454
-1.03487,-7.00929,-6.54884
-1.08961,-7.21638,-6.5536
-1.06343,-7.40681,-6.56075
-1.14436,-7.58058,-6.66786
-1.16341,-7.6996,-6.81545
-1.14198,-7.78767,-7.09157
-1.06819,-7.9781,-7.20583
-1.02534,-8.17329,-7.19868
-0.982498,-8.13759,-7.16298
-1.00392,-8.16853,-6.93922
-0.918228,-8.16377,-6.54408
-0.892044,-8.17091,-6.12752
-0.851578,-8.05666,-5.84901
-0.813492,-8.05666,-5.53719
-0.730179,-8.1114,-5.38008
-0.708755,-8.28041,-5.10872
-0.649246,-8.30659,-4.99446
-0.658768,-8.41847,-4.84926
-0.639725,-8.48274,-4.62312
-0.601639,-8.61842,-4.77547
-0.582596,-8.89217,-4.71834
-0.575455,-9.07545,-4.52315
-0.492142,-9.14211,-4.21608
-0.515945,-9.32777,-4.0685
-0.458817,-9.64198,-3.56386
-0.346939,-9.67531,-3.24251
-0.394547,-9.69673,-2.84499
-0.399307,-9.66817,-2.74263
-0.363602,-9.66579,-2.42366
-0.330276,-9.73244,-2.16896
-0.335037,-9.71101,-2.08327
-0.370743,-9.86336,-1.95711
-0.213638,-9.69673,-2.21657
-0.070816,-10.0943,-2.10469
0.0434418,-10.8036,-1.69289
0.0267792,-11.2154,-1.38344
-0.00892639,-11.4344,-0.957352
0.0172577,-11.3059,-0.490799
0.0981903,-10.8845,0.170944
0.150558,-9.97047,0.858871
0.0624847,-9.29207,1.53252
0.057724,-8.98024,2.13951
0.138657,-9.11592,2.53941
0.295761,-8.90883,2.95836
0.398117,-8.79457,3.21544
0.445725,-8.79457,3.50346
0.529038,-8.72792,3.84862
0.490952,-8.80885,4.01286
0.67662,-8.93263,4.6032
0.624252,-8.62795,5.20781
0.93132,-6.70222,7.59294
0.874191,-6.14998,7.96428
0.821823,-5.62154,8.30943
0.750412,-5.29066,8.55223
0.748032,-5.16689,8.40941
0.80278,-5.05739,8.27135
0.705185,-5.13356,8.15471
0.855148,-5.28828,8.29515
1.04558,-5.02406,8.4951
0.912277,-4.717,8.46178
0.900375,-4.43849,8.85692
0.783737,-4.01717,8.86644
0.821823,-3.92433,8.88548
0.80278,-3.79103,8.9926
0.826584,-3.71724,8.9807
0.950363,-3.67439,8.96166
0.852768,-3.39113,9.25444
0.73613,-3.18166,9.2354
0.80516,-3.35542,9.18303
0.869431,-3.25783,9.21874
1.19554,-1.66774,9.84715
1.12175,-1.70107,9.88762
1.1646,-1.61061,9.81859
1.12413,-1.49159,9.89
1.03368,-1.53206,9.90428
1.06938,-1.4416,9.75432
1.04558,-1.43922,9.81383
1.07652,-1.42494,9.93285
0.99321,-1.36781,9.51628
1.07652,-1.29402,9.66624
1.10033,-1.06313,9.77098
1.02177,-0.886978,9.92094
0.902756,-0.846512,9.83525
1.01701,-0.889359,9.98997
1.09319,-0.917923,9.83287
1.13365,-1.04884,9.71147
1.10747,-1.00362,9.69481
1.24315,-1.006,9.70909
1.26933,-0.865555,9.74242
1.24315,-0.848892,9.70195
1.07652,-0.0348053,9.7567
1.2003,-0.118118,9.84477
1.25267,-0.275223,9.84239
1.23839,-0.32283,9.84715
1.20744,-0.172867,9.71147
1.21458,0.00566101,9.8781
1.20744,0.0532684,9.77098
1.32646,0.112778,9.82335
1.29076,0.177048,9.83049
1.22649,0.198471,9.94237
1.26457,0.100876,9.93047
1.38835,-0.106216,9.80193
1.39073,-0.137161,9.84953
1.38359,-0.172867,9.79478
1.34312,-0.0538483,9.95427
1.33836,-0.0181427,9.77574
1.36931,0.12468,9.94951
1.33122,0.227036,9.93523
1.31694,0.181808,9.98997
1.33836,0.205612,9.9138
1.33122,-0.0609894,9.85429
1.31218,-0.19191,9.82573
1.29314,-0.158585,9.72813
1.25029,-0.168106,9.69005
1.25267,-0.253799,9.72337
1.35265,-0.19429,9.5258
1.29314,-0.175247,9.6353
1.2979,-0.0110016,9.73289
1.32408,-0.0014801,9.88286
1.34312,0.00328064,9.92808
1.35027,-0.12764,9.92094
1.37169,-0.225235,9.81621
1.41692,-0.272842,9.81621
1.36693,-0.291885,9.78288
1.35265,-0.227615,9.69481
1.29552,-0.19429,9.7567
1.33836,-0.0871735,9.81859
1.35027,-0.0181427,9.86144
1.3455,-0.0300446,9.86382
1.3455,-0.151443,9.73289
1.40263,-0.177628,9.80193
1.33122,-0.134781,9.79478
1.38359,-0.184769,9.64244
1.38121,-0.284744,9.69243
1.37645,-0.325211,9.70671
1.25743,-0.177628,9.7567
1.22411,0.000900269,9.80193
1.19554,0.0199432,9.61864
1.23839,-0.163345,9.52104
1.29076,-0.270462,9.60197
1.30504,-0.170486,9.64006
1.29552,-0.141922,9.63054
1.34074,-0.244278,9.63054
1.39311,-0.301407,9.55675
1.34074,-0.339493,9.62102
1.33122,-0.356155,9.65672
1.2122,-0.234756,9.70671
1.26457,-0.25856,9.76384
1.33598,-0.244278,9.80193
1.3455,-0.241898,9.7924
1.3455,-0.334732,9.83287
1.36217,-0.437088,9.76622
1.30504,-0.463272,9.74242
1.31694,-0.353775,9.81859
1.26933,-0.229996,9.78764
1.21458,-0.315689,9.9019
1.33598,-0.368057,9.85667
1.34074,-0.472794,9.83287
1.32408,-0.439468,9.75908
1.38359,-0.382339,9.79478
1.40501,-0.503738,9.77574
1.44786,-0.634659,9.72337
1.45024,-0.444229,9.86858
1.4312,-0.318069,9.77098
1.3455,-0.215714,9.85667
1.34074,-0.265701,9.86144
1.37883,-0.45137,9.77098
1.38835,-0.472794,9.7567
1.36217,-0.356155,9.66386
1.35027,-0.313309,9.671
1.44786,-0.344254,9.56865
1.44072,-0.306168,9.67339
1.39311,-0.265701,9.75194
1.36217,-0.239517,9.72813
1.34312,-0.272842,9.71861
1.36455,-0.25618,9.68291
1.31932,-0.268082,9.68767
1.26695,-0.232376,9.63292
1.28838,-0.318069,9.65672
1.3336,-0.401382,9.69005
1.42644,-0.508499,9.82335
1.43834,-0.410904,9.92094
1.42406,-0.356155,9.96379
1.48357,-0.394241,9.99235
1.50737,-0.422806,9.95189
1.48357,-0.403763,10.0495
1.42644,-0.218094,10.2018
1.44548,-0.244278,10.3327
1.41692,-0.353775,10.4327
1.41692,-0.394241,10.5922
1.43834,-0.325211,10.7398
1.455,-0.203812,10.8993
1.48357,-0.187149,11.0754
1.54308,-0.203812,11.2063
1.60735,-0.101456,11.4182
1.60258,-0.0919342,11.4372
1.53593,-0.0229034,11.4753
1.43834,-0.103836,11.5967
1.42406,-0.275223,11.5943
1.45976,-0.472794,11.5824
1.49071,-0.551346,11.4444
1.40977,-0.468033,11.2897
1.2122,-0.584671,11.2587
1.19316,-0.658462,11.2968
1.28123,-0.739395,11.7324
1.5764,-0.822708,11.9419
1.62401,-0.83699,11.7348
1.36455,-0.729874,11.4634
1.07652,-0.663223,11.2992
0.445725,0.138962,11.2516
0.99321,-0.83461,11.6205
0.924179,-1.00362,11.2492
0.86467,-0.991715,11.254
0.569504,-0.698929,11.073
0.374313,-0.806046,10.9635
0.169601,-0.694168,10.7422
-0.0565338,-0.572769,10.5494
-0.408829,-0.632278,10.2994
-0.654007,-0.756058,10.2209
-0.689712,-0.841751,9.93285
-0.922989,-0.870316,9.96617
-0.958694,-0.996475,9.82097
-1.1039,-0.956009,9.62816
-1.3824,-0.841751,9.61626
-1.54665,-0.808426,9.50914
-1.67757,-0.710831,9.43535
-1.868,-0.820328,9.25206
-2.0132,-0.720352,9.10448
-2.32503,-0.57753,8.86882
-2.644,-0.489456,8.86406
-2.83205,-0.591812,9.0283
-2.75587,-0.789383,9.09496
-2.74397,-0.822708,8.92119
-2.92726,-0.801285,8.92595
-2.98677,-0.594193,8.60222
-3.41048,-0.484695,8.39989
-3.63185,-0.375198,8.03807
-4.03175,-0.180008,7.81194
-4.42213,-0.137161,7.81908
-4.49831,-0.220474,7.75719
-5.91463,-0.149063,6.59557
-5.8932,-0.172867,6.4456
-5.95747,-0.215714,6.67412
-5.9908,-0.229996,6.92644
-6.09792,-0.0990753,6.95738
-6.21931,0.119919,7.21208
-6.27882,0.407944,6.68602
-6.66206,0.548386,6.60271
-6.83345,0.534103,6.48369
-6.93343,0.500778,6.13377
-7.03102,0.267502,6.16234
-6.99294,0.088974,6.04332
-6.96437,0.0675507,6.25041
-7.01674,0.153244,5.98857
-7.26906,0.238937,5.9005
-7.54756,0.443649,5.73625
-7.69038,0.593613,5.791
-7.84035,0.748337,5.5363
-7.99983,0.905441,5.31255
-8.09743,1.04112,5.09831
-9.23286,1.56242,3.71532
-9.25429,1.47435,3.65343
-9.34474,1.60289,3.50108
-9.39949,1.6862,3.16069
-9.4828,1.57671,3.02977
-9.51137,1.45293,2.82982
-9.56612,1.41484,2.53703
-9.5923,1.37914,2.25853
-9.65181,1.32201,2.19902
-9.63277,1.24583,2.23473
-9.60896,0.986374,2.25139
-9.54707,0.83403,2.15617
-9.46852,0.719772,2.09428
-9.43282,0.595993,2.16808
-9.38759,0.598373,2.08714
-9.42567,0.691208,2.01335
-9.4352,0.586472,2.12999
-9.41377,0.586472,2.35612
-9.27333,0.70311,2.45372
-9.18526,0.76738,2.49419
-8.76393,0.874496,3.46776
-8.66872,0.924484,3.43681
-8.57112,0.907822,3.85576
-8.32832,0.826889,4.17235
-8.23311,0.764999,4.48418
-8.14027,0.622177,4.78172
-8.04982,0.636459,4.69127
-8.0641,0.586472,4.80791
-8.09029,0.462692,4.98167
-7.98793,0.353195,4.79601
-8.05458,0.410324,4.99358
-7.90224,0.410324,5.1721
-7.73561,0.262741,5.41014
-7.61183,0.143723,5.56248
-7.59517,0.267502,5.55058
-7.66182,0.488876,5.94096
-7.51662,0.603134,6.22899
-7.38808,0.610275,6.43132
-7.18337,0.438889,6.42894
-7.07387,0.024704,6.6884
-5.92653,-0.470413,7.6096
-5.98366,-0.382339,7.90239
-5.72182,-0.70845,8.39037
-5.23384,-1.09645,8.52843
-4.91249,-1.39876,8.28801
-4.82918,-1.63679,8.18565
-4.78395,-1.65108,8.40465
-4.77681,-1.1869,8.54747
-4.82204,-0.808426,8.60936
-4.81966,-0.737015,8.65459
-4.75063,-0.908401,8.91881
-4.56972,-1.00362,8.91643
-4.46736,-1.1631,8.86406
-4.4745,-1.2607,9.40678
-4.24123,-1.48921,9.53294
-3.9294,-1.56538,9.502
-3.75087,-1.29164,9.31157
-3.81038,-0.798904,9.17113
-3.96986,-0.615616,9.11162
-3.92702,-0.622757,9.15685
-3.02724,-0.608475,9.45915
-2.76302,-0.917923,9.48296
-2.5464,-1.24879,9.37822
-2.46785,-1.57491,9.47343
-2.26076,-1.73439,9.58531
-2.20601,-1.76295,9.87572
-1.95607,-1.64394,10.1328
-1.71089,-1.43446,9.99235
-1.6133,-1.39162,10.1994
-1.48,-1.45589,10.04
-1.43477,-1.54872,9.82811
-1.5038,-1.49397,9.56865
-1.70613,-1.3821,9.24492
-1.97511,-1.24641,8.98546
-2.16554,-1.24879,9.11876
-1.97749,-1.41542,9.35204
-1.61806,-1.40114,9.37346
-1.34431,-1.57967,9.49724
-1.17055,-1.72725,9.44725
-1.02058,-1.72963,9.71623
-0.192215,-1.93196,10.2804
0.426682,-1.82961,10.3042
0.757553,-1.89626,10.5398
0.919418,-1.70821,10.4541
0.881332,-1.46779,10.3566
0.755173,-1.34163,10.5898
0.924179,-1.37495,10.6612
1.10985,-1.49635,10.5422
1.14317,-1.72963,10.2685
1.13603,-1.79866,10.3708
1.17174,-1.72963,10.566
1.49309,-1.95576,11.0921
1.98344,-2.08907,11.0254
2.0739,-2.05574,10.8136
2.03581,-1.85103,10.6874
1.91203,-1.45351,10.7826
1.94774,-1.45113,10.9945
1.88347,-1.48921,10.885
1.86443,-1.73677,10.6684
1.7097,-1.7701,10.4708
1.15508,-0.953629,10.3851
1.12175,-0.872696,10.2804
1.13603,-1.02504,10.1637
1.16936,-1.18929,10.1733
1.25981,-1.26308,10.1756
1.286,-1.23689,10.1899
1.286,-1.15834,10.2518
1.27647,-0.967911,10.1709
1.27171,-0.929825,10.1042
1.23601,-0.891739,10.078
1.24077,-0.932205,9.97331
1.18602,-0.929825,9.79716
1.17174,-1.02742,9.73527
1.14317,-1.0536,9.86144
1.22411,-1.1512,9.76622
1.18126,-1.29878,9.75432
1.24791,-1.47731,9.70671
1.34789,-1.47969,9.65196
1.38121,-1.36305,9.6234
1.25743,-1.15596,9.54723
1.19078,-0.932205,9.60912
1.11223,-0.815567,9.65434
1.1765,-0.865555,9.52342
1.27409,-1.00124,9.57341
1.25981,-1.07265,9.55675
1.27885,-1.09169,9.62816
1.32646,-1.04408,9.66386
1.27647,-0.982193,9.66148
1.1884,-0.782242,9.671
1.15746,-0.808426,9.6591
1.23363,-0.77272,9.63292
1.27409,-0.856033,9.74718
1.286,-0.977432,9.671
1.26219,-1.03456,9.67815
1.2979,-1.11073,9.66624
1.29314,-1.08455,9.68291
1.27647,-1.01076,9.85191
1.3336,-0.813187,9.99235
1.25743,-0.701309,9.84001
1.20268,-0.632278,9.75194
1.14555,-0.729874,9.75908
1.2122,-0.96077,9.89238
1.2979,-1.006,9.85429
1.17888,-1.0536,9.73052
1.11223,-0.991715,9.85191
1.15746,-0.894119,9.98521
1.15984,-0.884598,9.94237
1.18364,-0.860794,9.95189
1.21935,-0.813187,10.1161
1.29076,-0.798904,10.1637
1.14555,-1.03694,9.58293
1.0432,-1.01076,9.65434
1.12889,-0.884598,9.61864
1.1884,-0.822708,9.58055
1.10271,-0.972672,9.55437
1.10033,-0.953629,9.68291
1.27171,-1.0179,9.7686
1.31456,-1.01314,9.82335
1.38835,-1.07027,9.9019
1.61211,-1.09645,10.0138
1.65257,-1.2607,9.97807
1.62163,-1.22737,9.86144
1.49309,-1.10121,9.64244
1.35265,-1.00362,9.60435
1.27647,-0.815567,9.54485
1.22411,-0.715591,9.49962
1.1765,-0.634659,9.44011
1.24077,-0.506119,9.51866
1.36217,-0.51088,9.53532
1.44548,-0.441849,9.59245
0.959885,-0.260941,10.0876
0.940842,-0.160965,10.1971
0.897995,0.153244,10.1495
0.850388,0.0984955,10.1185
0.938461,-0.0205231,10.1756
1.13841,-0.144302,10.159
1.24315,-0.253799,10.2328
1.39073,-0.32045,10.1328
1.40739,-0.468033,10.1471
1.39787,-0.529922,10.0495
1.36931,-0.615616,10.0661
1.26933,-0.725113,10.0828
1.24315,-0.715591,9.91618
1.16698,-0.64418,9.80669
1.07414,-0.475174,9.73766
0.912277,-0.163345,9.82097
0.855148,0.215134,9.90428
0.807541,0.453171,9.82573
0.93132,0.367477,9.84953
1.15746,0.167526,9.74242
1.60258,0.372238,9.93523
1.60258,0.00328064,9.66624
1.32884,-0.058609,9.51866
1.05748,0.422226,9.4044
0.969406,0.812607,9.45201
1.15031,1.49339,9.51152
1.20506,2.04802,9.57579
1.19078,2.37175,9.7805
1.17888,2.71452,9.81859
1.38359,2.84782,10.0566
1.75731,2.4265,9.77574
1.88347,1.90044,9.32109
2.30956,2.29796,8.13329
2.29051,3.38817,8.33324
2.19768,4.30223,8.56175
1.99535,5.14488,8.64745
1.92155,5.62096,8.59984
1.81444,5.96373,8.2166
1.64067,5.6757,7.87144
1.78111,5.88518,7.74052
1.77873,6.21129,7.55248
1.74065,6.00896,7.71434
1.63115,5.85661,7.60246
1.62639,5.60429,7.45488
1.70494,5.65428,7.01451
1.87871,5.39482,7.05974
1.95488,6.17796,6.92882
1.91917,6.68736,6.76695
1.90965,7.15153,6.60747
1.86443,7.28008,6.4575
1.91917,7.48955,6.32896
1.9644,7.42766,5.99809
2.08104,7.28246,5.95048
1.96916,7.19438,5.5482
1.83348,7.32054,5.05785
1.79301,7.60142,4.87218
1.51451,7.88707,4.63414
1.4669,8.03941,4.44847
2.12151,8.32268,2.47514
2.04057,8.77257,2.42516
1.8192,8.97966,2.11809
1.80016,8.81541,1.93004
1.95964,8.24651,1.78722
2.00011,8.38933,1.5706
2.30241,9.07964,1.54204
2.11913,8.97014,2.03477
1.88347,9.61046,2.10619
1.88347,9.86992,2.09666
1.89537,10.1365,1.48253
1.71208,10.1032,1.20879
1.6978,9.69853,0.942184
1.64067,9.36766,0.475632
1.68828,8.52739,-0.547928
1.8073,8.3084,-0.738358
1.78111,8.22984,-0.6241
1.6859,8.45836,-0.271805
1.4193,8.79399,-0.219437
1.51213,8.89159,-0.0432892
1.54546,9.01537,-0.24086
1.75731,9.15105,-0.297989
1.80492,9.46288,-0.248001
1.82396,9.53905,-0.309891
1.93346,9.32958,-0.202774
2.05247,9.47002,-0.17659
2.05009,9.44145,-0.0718536
1.98582,9.62474,0.244736
2.00963,9.82707,0.368515
1.99535,9.83183,0.468491
1.98821,9.77947,0.313766
1.99297,9.6533,0.261398
2.0858,9.38194,0.33757
2.01439,9.44859,0.492294
1.62401,10.753,2.0562
1.71446,10.8006,2.46086
1.79539,10.5245,2.01811
1.79063,9.00584,1.57774
1.86681,7.68474,1.59441
1.91441,7.32292,1.79436
1.86919,7.9323,2.6013
1.78349,8.78685,3.25591
1.8192,9.55095,3.7415
1.73827,9.86516,4.26994
1.62877,9.00346,4.05571
1.97154,8.06322,3.81053
2.17387,7.38243,3.7177
2.13103,7.0825,4.03905
2.10246,7.57524,4.49132
1.89775,8.52977,5.37682
1.58354,9.10344,5.85765
1.41692,8.53929,6.09093
1.27647,7.55382,6.19804
1.20268,6.12321,5.88621
1.47166,5.32817,6.08855
1.64781,5.53764,6.64079
1.70494,6.26604,6.95976
1.6859,6.83971,6.83598
1.65257,6.77306,6.94786
1.47881,6.50884,6.88359
1.32646,6.12559,7.17162
1.48357,5.83519,7.42155
1.674,5.15678,7.70958
1.85014,4.0761,7.47392
1.85014,3.47624,7.33586
1.54546,3.11443,7.43822
1.0432,3.65001,7.90715
0.983688,4.32127,8.27849
1.04082,4.5117,8.51414
1.16936,4.53789,8.38084
1.34074,4.3784,8.36418
1.36931,4.50694,8.59032
1.14079,4.088,8.72838
0.938461,3.41673,8.57365
1.23601,-0.0443268,9.84001
1.286,0.298447,9.9019
1.24791,0.357956,9.83763
1.05034,-0.0276642,9.54485
0.871811,-0.51326,9.33061
0.843246,-0.444229,9.5139
0.909897,-0.570389,9.64244
1.00273,-0.391861,9.82811
1.03844,-0.215714,9.76146
0.971786,-0.325211,9.54723
0.686142,-0.537064,9.38536
0.464767,-0.418045,9.47105
0.41478,-0.132401,9.66863
0.486191,0.136581,9.80669
0.588547,0.217514,9.95665
0.690903,0.286545,9.95665
0.778976,0.112778,9.92333
0.712326,-0.263321,9.6591
0.848007,-0.646561,9.50676
0.886093,-0.63942,9.63768
0.938461,-0.439468,9.78526
0.93132,-0.0681305,10.0804
1.01939,0.341293,10.2185
1.07652,0.474594,10.1899
1.09081,0.484116,10.1399
1.08842,0.241318,9.92808
1.13603,-0.106216,9.88048
1.15984,-0.346634,9.78526
1.15746,-0.522781,9.81383
1.15508,-0.358536,9.86382
0.871811,0.0580292,9.76622
0.80278,0.312729,9.99474
0.781357,0.455551,10.1304
0.957504,0.355576,10.2018
1.13365,0.369858,10.1138
1.12175,0.219894,9.86144
0.93132,0.0984955,9.69243
0.933701,-0.215714,9.54485
0.986069,-0.57991,9.49486
1.01463,-0.658462,9.56151
1.0313,-0.356155,9.7448
1.00749,-0.0633698,10.0281
0.93132,0.25798,10.2209
0.850388,0.443649,10.2709
0.857529,0.241318,10.1376
0.893234,-0.0110016,9.8662
0.859909,-0.144302,9.69719
0.859909,-0.210953,9.76622
0.859909,-0.277603,9.76384
0.912277,-0.270462,9.70195
0.821823,-0.299026,9.64958
0.669479,-0.215714,9.66386
0.562363,-0.0252838,9.69481
0.490952,0.146103,9.75908
0.576645,0.143723,9.82335
0.700424,0.119919,9.79002
0.781357,0.0723114,9.83525
0.769455,-0.275223,9.68291
0.743271,-0.51088,9.45915
0.557602,-0.563248,9.42107
0.369553,-0.358536,9.55913
0.317184,-0.196671,9.75432
0.424301,-0.0300446,9.93047
0.47905,0.217514,9.89952
0.445725,0.234177,9.87572
0.467148,0.0794525,9.80907
0.512375,-0.12764,9.73289
0.448105,-0.270462,9.69957
0.390976,-0.19429,9.82097
0.312424,-0.251419,9.85905
0.105331,-0.101456,9.91618
0.0672455,-0.346634,9.81621
0.0458221,-0.468033,9.79716
0.183884,-0.532303,9.8662
0.343369,-0.482315,9.81859
0.531418,-0.453751,9.7686
0.598068,-0.468033,9.74956
0.509995,-0.601334,9.69005
0.340988,-0.860794,9.671
0.100571,-0.872696,9.56389
-0.0541534,-0.798904,9.76146
0.0363007,-0.698929,9.83287
0.205307,-0.491837,9.91618
0.331467,-0.253799,9.96617
0.379074,-0.165726,10.0043
0.329086,-0.0300446,9.94475
0.407639,-0.058609,10.0804
0.424301,-0.106216,10.0542
0.614731,-0.279984,9.91142
0.683762,-0.525162,9.75194
0.533798,-0.406143,10.0804
0.457626,-0.365677,10.1138
0.41478,-0.38472,10.0852
0.421921,-0.368057,10.1352
0.474289,-0.394241,10.228
0.557602,-0.460892,10.1019
0.602829,-0.401382,9.8781
0.5457,-0.251419,9.91856
0.5457,-0.189529,9.94237
0.619492,-0.287125,10.0138
0.719467,-0.437088,10.109
0.895615,-0.622757,10.1518
0.986069,-0.70369,10.1923
0.978928,-0.613236,10.0614
0.817062,-0.551346,10.0828
0.776596,-0.560867,10.0471
0.80278,-0.615616,9.9995
0.828964,-0.582291,9.81859
0.693283,-0.468033,9.70433
0.593307,-0.420425,9.73527
0.502853,-0.227615,9.96141
0.429062,-0.239517,10.0185
0.345749,-0.241898,10.0804
0.421921,-0.399002,10.0519
0.462387,-0.439468,9.96855
0.345749,-0.534683,9.92808
0.371933,-0.458511,9.97569
0.331467,-0.260941,10.0304
0.293381,-0.113358,10.1209
0.321945,-0.146683,9.95665
0.312424,-0.229996,9.82097
0.398117,-0.353775,9.87334
0.48143,-0.57991,9.92808
0.60997,-0.672745,9.85429
0.588547,-0.70845,9.84001
0.529038,-0.820328,9.71147
0.555222,-0.910782,9.61864
0.498093,-0.739395,9.69719
0.345749,-0.558487,9.80431
0.28862,-0.341873,9.83525
0.057724,-0.244278,9.9019
-0.0470123,-0.163345,9.92333
0.0267792,-0.141922,9.85905
0.0315399,-0.301407,9.84953
0.057724,-0.444229,9.84239
0.1577,-0.463272,10.0209
0.198166,-0.560867,10.0804
0.121994,-0.391861,10.0566
0.0696259,-0.308548,10.078
0.0339203,-0.432327,9.96855
0.038681,-0.548965,9.92571
0.100571,-0.57515,9.95665
0.126755,-0.506119,9.93523
0.0624847,-0.465652,9.89238
0.00535583,-0.453751,9.84477
0.107712,-0.541824,9.79478
0.0910492,-0.667984,9.77812
0.131516,-0.83461,9.88286
0.105331,-0.872696,9.88286
0.152939,-0.777481,9.94713
-0.025589,-0.598953,9.81621
0.0839081,-0.57753,9.92571
0.0458221,-0.539444,9.89
0.0696259,-0.32045,9.83763
0.0220184,-0.234756,9.80193
0.00297546,-0.303787,9.7924
0.0291595,-0.45137,9.75194
0.138657,-0.689407,9.72337
0.0886688,-0.720352,9.76622
0.0648651,-0.634659,9.83287
-0.0160675,-0.565628,9.93999
0.0101166,-0.479935,10.1209
0.0934296,-0.518021,10.1376
0.0815277,-0.470413,10.1899
0.145798,-0.370438,9.9995
0.0815277,-0.291885,10.0614
0.100571,-0.541824,9.97807
0.167221,-0.670364,9.83525
0.131516,-0.732254,9.82811
0.0648651,-0.684647,10.0209
-0.0303497,-0.527542,9.82097
-0.0351105,-0.629898,9.81621
-0.0232086,-0.651321,9.83287
-0.025589,-0.632278,9.84001
-0.0589142,-0.70607,9.80431
0.0220184,-0.803665,9.82811
0.00773621,-0.744156,9.75908
0.0458221,-0.677505,9.84001
0.105331,-0.587051,9.90428
0.143417,-0.679886,9.84001
0.167221,-0.648941,9.8781
0.0958099,-0.691788,9.93285
0.038681,-0.696548,9.93523
0.00535583,-0.715591,9.90666
0.0267792,-0.798904,9.78288
0.0291595,-0.860794,9.87096
0.119614,-0.796524,9.98997
0.148178,-0.691788,9.9138
0.136276,-0.622757,9.81621
0.0196381,-0.541824,9.7686
-0.0374908,-0.532303,9.90666
-0.0160675,-0.57753,9.95189
-0.00416565,-0.525162,9.8781
0.0339203,-0.620377,9.87572
0.212448,-0.701309,9.95665
0.155319,-0.729874,9.93999
0.186264,-0.679886,9.92808
0.102951,-0.656082,9.86382
0.038681,-0.620377,9.79955
0.0148773,-0.610855,9.75432
0.155319,-0.696548,9.7448
0.143417,-0.691788,9.64006
0.124374,-0.670364,9.68767
0.100571,-0.687027,9.70671
0.0624847,-0.648941,9.62816
0.0553436,-0.691788,9.60435
0.0791473,-0.665604,9.58293
0.126755,-0.70845,9.59959
0.110092,-0.727493,9.60197
0.119614,-0.751297,9.41393
0.0981903,-0.722733,9.31871
0.0958099,-0.665604,9.24016
0.102951,-0.632278,9.14732
0.0220184,-0.594193,9.13542
0.0839081,-0.539444,9.25682
0.1577,-0.491837,9.28062
0.121994,-0.327591,9.2592
0.114853,-0.289505,9.28777
0.1577,-0.403763,9.30681
0.276718,-0.57515,9.3806
0.626633,-0.851273,8.38084
0.500473,-0.551346,8.28801
0.505234,-0.244278,8.21898
0.564743,-0.0919342,8.13567
0.650436,-0.0871735,8.35466
1.04796,-0.303787,8.33324
1.48357,-0.379959,8.14281
1.82872,-0.572769,8.00236
2.08818,-0.822708,7.87621
2.21196,-0.989334,7.79051
2.12151,-0.977432,7.80241
2.01677,-0.910782,7.72148
2.11198,-1.07741,7.76671
2.4381,-1.11311,7.79289
2.74278,-1.09883,7.80003
3.03081,-1.01552,7.84764
3.12126,-0.522781,7.86192
3.05699,-0.146683,7.92857
3.13078,0.108017,7.91667
3.30931,0.0151825,8.25944
6.65611,0.415085,7.0883
6.99413,0.453171,7.19304
7.3607,0.605514,7.09068
8.0891,0.700729,6.62413
8.38426,0.424606,6.49321
8.61754,0.353195,6.68602
8.71751,0.472214,6.83122
8.85082,0.615036,6.79076
8.83415,0.805466,6.65746
8.80083,0.888779,6.63127
9.48399,0.864975,5.34349
9.52208,0.853073,5.42442
9.45781,0.998276,5.36015
9.22929,1.11729,5.43156
9.24358,0.903061,5.15544
9.59349,0.379379,4.87456
9.78392,0.0223236,4.59367
9.82915,0.186569,4.63414
9.80534,0.748337,4.53655
9.66252,1.20775,4.48418
9.68156,1.19585,4.2271
9.7744,0.914963,3.8867
9.44591,0.955429,3.72246
9.38402,0.845932,3.68437
9.34831,0.855453,3.50108
9.29833,0.719772,3.51537
9.2412,0.850693,3.39635
9.23882,0.931625,3.26543
9.25548,0.993515,3.09642
9.24358,1.10063,2.97264
9.35069,1.11491,2.24187
9.31975,1.17204,2.41563
9.32927,1.29582,2.4323
9.36021,1.39818,2.4323
9.38164,1.38152,2.23235
9.38164,1.23393,2.14903
9.40782,1.0078,2.13713
9.48637,0.779282,1.99907
9.38402,0.891159,2.04906
9.33165,1.22441,2.0681
9.23167,1.25774,1.88005
9.20549,1.14586,1.9348
9.17216,1.16966,1.97765
9.15074,1.2982,2.02287
9.18407,1.48149,1.98241
9.18407,1.49815,1.99907
9.33879,1.36009,1.85863
9.42448,1.26726,1.74437
9.38164,1.23631,1.97527
9.34117,1.30058,2.15617
9.20311,1.43388,2.2252
9.21501,1.45293,2.4442
9.35307,1.48625,2.57512
9.39116,1.48387,2.50847
9.48637,1.42436,2.468
9.69109,1.19347,2.48228
9.72679,0.848312,2.66557
9.73869,0.667404,2.54179
9.69109,0.743576,2.5656
9.57445,0.891159,2.47752
9.60301,1.00304,2.41087
9.47209,1.34105,2.53227
9.23882,1.50529,2.65129
9.09837,1.30534,2.62273
9.01506,1.11967,2.66319
9.04363,0.905441,2.69414
9.10313,0.755478,2.73936
9.10075,1.0554,2.8322
9.06029,1.20061,2.92979
9.22929,1.11491,2.97026
9.5078,0.893539,3.73198
9.44353,0.681686,3.69627
9.37688,0.503159,3.92479
9.21025,0.70787,4.01286
9.05791,0.955429,4.28423
9.09361,0.919724,4.21758
9.24596,0.784042,4.28423
9.23644,0.710251,4.41038
9.32213,0.496017,4.45561
9.2769,0.443649,4.42943
9.21501,0.472214,4.5175
9.09123,0.529343,4.65318
8.97697,0.548386,4.92455
8.78178,0.738815,5.2816
8.86272,0.51506,5.31969
8.90318,0.341293,5.40538
8.92461,0.236557,5.5244
8.9127,0.2556,5.78386
9.03886,0.227036,5.84575
8.99364,0.324631,5.8148
8.31047,-0.334732,7.36919
8.06767,-0.370438,7.36919
7.76298,-0.446609,7.39299
7.4464,-0.717972,7.39537
7.18932,-0.865555,7.38585
6.94652,-0.748917,7.41441
6.64897,-0.765579,7.4287
6.49425,-0.663223,7.69292
6.38237,-0.503738,7.83574
6.25621,-0.537064,7.83812
6.08244,-0.551346,7.71672
5.94676,-0.672745,7.58342
5.6754,-0.729874,7.60008
5.47069,-0.846512,7.71434
5.30882,-0.977432,7.88335
5.26598,-1.02504,8.09044
5.18504,-1.06075,7.91429
4.83989,-0.889359,7.87144
4.60185,-0.848892,7.93809
4.47807,-0.910782,8.00713
2.72136,-0.984573,8.39751
2.52855,-0.908401,8.44749
2.32384,-0.889359,8.33086
2.05962,-1.02504,8.60698
2.11436,-1.08217,8.74742
2.16435,-1.03456,8.71886
2.062,-1.28212,8.80217
2.04533,-1.32259,8.67125
1.85014,-1.17262,8.61412
1.69542,-1.09169,8.69029
-0.0184479,-1.07027,9.21159
0.105331,-1.14406,9.34013
0.110092,-1.07027,9.62102
0.0981903,-1.05836,9.74004
0.200546,-1.14406,9.68767
0.150558,-1.13454,9.70671
0.219589,-1.10359,9.91142
0.321945,-1.22975,9.85429
0.331467,-1.24165,9.85667
0.321945,-1.17976,10.0304
0.150558,-1.00124,10.0495
0.105331,-1.04408,9.95665
0.107712,-1.18452,10.0923
0.238632,-1.3821,10.0114
0.364792,-1.55348,9.95427
0.41478,-1.58919,9.97093
0.338608,-1.32497,9.98521
0.248154,-1.14644,10.0233
0.198166,-1.08455,10.0995
0.28624,-1.20119,10.1756
0.0434418,-1.02742,9.92571
0.214828,-1.07979,10.1233
0.274338,-1.11073,10.128
0.169601,-1.36781,9.93047
0.329086,-2.13905,9.69957
0.421921,-2.61513,9.37346
0.54332,-2.78175,9.47343
0.588547,-2.40089,9.69481
0.443344,-1.87959,9.84715
0.243393,-1.56776,9.99235
0.236252,-1.49635,9.98521
0.219589,-1.46541,9.99712
0.245773,-1.44637,10.04
0.298141,-1.57014,10.009
0.300522,-1.78914,9.90904
0.28624,-2.19142,9.7805
0.267197,-2.72939,9.58293
0.281479,-3.30782,9.36632
0.395737,-3.78865,9.17113
0.455246,-4.0862,9.03783
0.148178,-4.8741,8.47368
0.16246,-5.32161,8.24516
0.138657,-5.75484,7.90715
0.188644,-5.97383,7.83812
0.0934296,-5.99525,7.67625
0.0934296,-5.96907,7.72386
-0.0827179,-5.82149,7.43584
-0.173172,-6.0024,7.08354
-0.154129,-6.48323,6.75267
-0.139847,-7.07356,6.44322
-0.663528,-8.63747,3.77245
-0.665909,-8.88503,3.28447
-0.61116,-9.25874,2.87743
-0.494522,-9.91811,2.68224
-0.456436,-9.86336,2.63225
-0.589737,-9.79671,2.26567
-0.532608,-9.46107,1.8253
-0.573074,-9.29683,1.58012
-0.727798,-9.39681,0.894577
-0.746841,-9.82051,0.920761
-0.682571,-9.01118,-4.54695
-0.656387,-8.9969,-4.26131
-0.703995,-8.50178,-4.53505
-0.751602,-8.36848,-4.66835
-0.851578,-8.20186,-4.98018
-0.86348,-8.4756,-5.20869
-0.870621,-8.59938,-5.47768
-0.975357,-8.8279,-5.43483
-0.989639,-8.55891,-5.59193
-0.889664,-8.34706,-5.42531
-0.968216,-7.67818,-5.58241
-1.04439,-7.55916,-5.82521
-1.05153,-7.23305,-6.19417
-0.92775,-7.34969,-6.64644
-0.79921,-7.7234,-6.90114
-0.896805,-7.81386,-7.22487
-0.989639,-7.77815,-7.5248
-0.903946,-7.63057,-7.43672
-0.915848,-7.33064,-7.4391
-0.884903,-7.37587,-7.20821
-1.0063,-6.83315,-7.74141
-0.984879,-6.78078,-7.79378
-0.99678,-6.71413,-7.74617
-1.07533,-6.62367,-7.51765
-1.11104,-6.50941,-7.47243
-1.08485,-6.56654,-7.5843
-1.04201,-6.58797,-7.61763
-0.99678,-6.85219,-7.71046
-1.00154,-6.98787,-7.61763
-1.03963,-7.045,-7.6819
-0.887283,-7.71388,-6.05373
-0.922989,-7.90193,-5.84663
-0.870621,-8.00191,-5.87282
-0.794449,-8.2447,-5.80141
-0.756363,-8.46132,-6.18941
-0.61116,-8.93025,-5.8752
-0.630203,-9.15877,-5.82997
-0.680191,-9.2159,-5.49196
-0.692093,-9.2635,-5.123
-0.632584,-9.26588,-4.8445
-0.451675,-10.4442,-1.88094
-0.313614,-10.3966,-1.3644
-0.280289,-10.3252,-0.750259
-0.218399,-10.0943,-0.119461
-0.263626,-9.8943,0.444687
-0.3517,-9.59914,0.861252
-0.392166,-9.37776,1.10643
-0.363602,-9.373,1.51109
-0.346939,-9.29683,1.78246
-0.406448,-9.24446,1.90147
-0.270767,-9.61104,1.88719
-0.0517731,-10.0086,2.12523
-0.0922394,-9.98714,2.30376
0.0315399,-9.90859,2.72508
0.117233,-9.27303,3.22972
0.138657,-8.83742,3.77245
0.150558,-8.36134,4.22948
0.16246,-8.10426,4.84123
0.0672455,-7.66151,5.50059
0.143417,-7.94954,5.41252
0.367172,-4.72176,8.74028
0.571884,-4.80745,8.53795
0.686142,-4.41707,8.59984
0.550461,-3.85768,8.79265
0.467148,-3.31496,9.15447
0.474289,-2.7151,9.61388
0.348129,-2.41042,9.74718
0.421921,-2.70082,9.52104
0.519516,-2.93886,9.21635
0.502853,-3.3102,8.79503
0.947983,-3.70772,8.54747
1.23601,-3.46968,8.86406
1.24791,-2.88649,9.18303
1.13603,-2.10097,9.42345
1.2003,-1.55824,9.98045
1.11461,-1.0298,10.3494
1.11937,-1.1393,10.0138
1.24791,-1.32497,10.0876
1.34074,-1.68678,9.58055
1.5645,-1.7939,9.59007
1.48357,-1.69392,9.31871
1.57402,-1.23689,9.55913
1.33717,-0.205002,10.0352
1.54189,-0.349014,9.98045
1.61925,-0.764389,9.6841
1.66328,-0.760818,9.69719
1.45381,-0.434708,9.64244
1.43953,-0.245468,9.89
1.48238,-0.268082,9.88405
1.6252,-0.500168,9.82335
1.57759,-0.488266,9.63768
1.70851,-0.526352,9.90785
1.8549,-0.362106,10.0519
1.71327,-0.460892,9.97688
1.59068,-0.564438,9.88643
1.57997,-0.583481,9.87453
1.63948,-0.659653,9.75908
1.59782,-0.38829,9.9864
1.41335,-0.251419,10.0221
1.4919,-0.606094,9.84596
1.44905,-0.625137,9.8174
1.45143,-0.468033,9.91975
1.49071,-0.459702,10.0507
1.48357,-0.675125,9.89476
1.47285,-0.96315,9.84715
1.41811,-0.798904,9.80431
1.35384,-0.582291,9.83168
1.37169,-0.570389,9.86739
1.34074,-0.678696,9.80193
1.28123,-0.672745,9.67696
1.24672,-0.76796,9.56032
1.36455,-0.685837,9.69957
1.34669,-0.608475,9.68053
1.26457,-0.533493,9.80788
1.28242,-0.688217,9.58293
1.21458,-0.671555,9.55675
1.22292,-0.547775,9.49367
1.21696,-0.458511,9.60197
1.12889,-0.199051,9.83049
1.23601,-0.482315,9.61745
1.23006,-0.57872,9.59245
1.32884,-0.571579,9.75432
1.42049,-0.477554,9.90547
1.43596,-0.528732,9.91023
1.40739,-0.625137,9.78407
1.31099,-0.437088,9.87929
1.3098,-0.457321,9.92928
1.36693,-0.377579,10.0852
1.50975,-0.416855,10.2756
1.58116,-0.174057,10.5565
1.66924,0.037796,10.9374
1.86086,-0.0669403,11.3599
1.92632,-0.19429,11.6122
1.81801,-0.0121918,11.8728
1.75255,0.0496979,11.8241
1.64543,-0.216904,12.0764
1.73708,-0.547775,12.4394
1.86562,-0.740585,12.3334
1.35027,-0.539444,11.9466
0.733749,-0.235947,11.9776
0.319565,-0.428757,11.6074
-0.0612946,-0.662033,11.4075
-0.508804,-0.759628,11.0207
-0.990829,-0.756058,10.347
-1.42168,-0.683456,10.0447
-1.74779,-0.617996,9.70195
-2.14412,-0.6418,8.99855
-2.93559,-0.652512,8.55699
-3.21172,-0.794144,8.37608
-3.79372,-0.716782,7.38109
-4.4507,-0.714401,7.09425
-4.8018,-0.620377,6.77409
-5.32548,-0.315689,6.53844
-5.77061,-0.381149,6.16353
-6.0146,-0.426376,5.59938
-6.17052,-0.418045,5.35658
-6.35619,-0.334732,5.73149
-6.04674,-0.683456,6.43608
-6.47639,-0.395432,6.07665
-7.00722,-0.32283,6.16948
-6.97984,-0.332352,6.06236
-7.28929,-0.187149,5.49583
-7.82011,-0.090744,5.43275
-8.1367,-0.0478973,4.63533
-8.37355,-0.150253,3.97835
-8.54732,0.209183,3.74983
-8.96269,0.70549,2.88695
-9.14598,1.03041,2.46681
-9.30428,1.21965,2.44539
-9.52327,1.72429,2.08595
-9.72203,1.94328,1.68605
-9.81367,2.21346,1.18141
-9.98625,2.11348,0.818405
-10.0993,1.93733,0.779129
-10.1922,1.66359,0.812454
-10.3588,1.26845,0.59584
-10.0255,0.819748,0.508957
-9.77202,0.666214,0.823166
-9.62801,0.432938,1.33614
-9.62325,0.304398,1.52419
-9.73869,0.530533,1.77293
-9.82201,0.785233,1.41231
-9.77916,1.4684,1.43135
-9.63515,1.36009,1.96693
-9.5435,1.11491,2.45967
-9.3626,0.904251,2.56679
-9.09599,1.02803,2.70961
-9.10909,0.956619,2.80721
-8.88176,0.506729,3.13689
-8.80797,0.131821,3.39159
-8.79369,0.0604095,3.63676
-8.66991,0.0735016,3.92955
-8.49376,0.149673,4.06166
-8.25215,0.118729,4.43419
-7.92604,-0.155014,5.01143
-7.77489,-0.402573,5.07808
-7.66896,-0.401382,4.95073
-7.42735,-0.187149,5.56606
-6.8275,-0.343063,6.32658
-6.71324,-0.431137,6.6277
-6.5847,-0.737015,7.06807
-5.98247,-1.13454,6.83598
-6.22765,-0.572769,6.81099
-6.0872,-0.609665,7.48225
-5.36952,-1.02742,8.26421
-5.05293,-0.948868,8.62364
-4.93391,-0.787003,8.02974
-4.70302,-1.18095,7.92143
-4.54472,-0.973862,8.43321
-4.08174,-1.15834,9.71147
-3.11174,-1.77605,10.0959
-3.1165,-1.37495,9.53056
-3.43071,-0.971481,9.22469
-3.38072,-0.808426,9.40916
-2.83681,-0.957199,10.3125
-2.42024,-1.04646,10.1649
-2.43452,-1.11549,9.92213
-2.41191,-0.802475,9.94118
-2.15721,-1.04646,9.96498
-2.12746,-1.1881,9.79598
-1.94298,-0.902451,9.7686
-1.6978,-0.663223,9.46391
-1.51927,-0.439468,9.81859
-1.18959,-0.38472,9.68291
-0.959885,-0.0812225,10.0293
-0.231491,-0.38472,10.4768
0.242203,-0.443039,10.6946
0.346939,-0.379959,10.8362
0.401688,-0.379959,10.9838
0.526657,-0.428757,11.0742
0.925369,-0.272842,11.1337
1.08366,-0.544205,10.9885
1.28004,-0.349014,11.2587
1.39668,-0.389481,11.1528
1.30623,-0.406143,10.9219
1.23482,-0.352585,10.7517
1.24434,-0.354965,10.6136
0.972977,0.0770721,10.5101
0.692093,0.19014,10.3542
0.730179,-0.144302,10.0078
0.694473,0.162766,9.78526
0.683762,0.309158,9.59007
0.86586,0.0830231,9.64482
0.925369,0.149673,9.70909
0.857529,0.297256,9.82216
0.937271,0.218704,9.85429
1.2122,0.368668,9.97212
1.38835,0.353195,9.97926
1.45619,0.38295,9.93642
1.36574,0.210373,10.0864
1.31813,0.38295,10.0816
1.45262,0.205612,9.85905
1.50142,0.460312,9.88405
1.5883,0.629318,9.81502
1.73589,0.51268,9.9269
1.62163,0.325821,9.86977
1.39668,0.32106,9.92213
1.25267,0.622177,9.98164
1.19673,0.690018,9.66863
1.08723,0.999466,9.43654
1.03487,1.63026,9.42821
1.28242,1.69334,9.49962
1.39311,1.59218,9.37108
1.26576,1.95876,9.26515
1.33122,1.97304,9.23659
1.27052,2.1837,9.19017
1.17412,2.16704,8.79384
1.24196,2.04921,8.69862
1.48833,2.53957,8.95689
1.73589,3.02754,9.13304
1.9287,3.54527,9.27824
2.08461,3.66786,8.94261
2.20839,3.53099,8.58198
2.33693,4.82829,8.726
2.14174,5.2282,8.5558
1.99654,4.79973,7.93809
2.04057,4.8271,7.52986
1.74065,5.50075,7.17876
1.90132,5.60786,6.80861
2.07509,5.98991,6.45512
1.92155,6.66356,6.27303
1.67757,7.45146,6.12901
1.78468,7.60142,5.96834
2.0858,7.16106,5.51488
1.97749,7.21104,5.02333
1.83824,8.42146,4.70079
1.9156,8.69878,4.35445
2.05128,8.04775,3.77126
1.68114,8.26555,2.92384
1.61925,8.72377,2.59535
1.53712,9.13795,2.4204
1.3943,9.50453,2.30614
1.28481,9.23912,2.15379
1.34431,8.4655,1.83482
1.58116,7.9561,1.39565
1.7585,8.18462,0.955276
1.09676,8.99513,0.921951
1.14079,9.12843,0.735092
1.39192,8.89397,0.382797
1.52879,8.99513,0.132858
1.24672,9.36052,0.243546
1.26576,9.37718,0.242355
1.46214,9.47716,0.247116
1.54903,9.6533,0.324478
1.53474,9.47121,0.532761
1.60139,9.23317,0.741043
1.78944,9.29625,0.810074
1.62639,9.52,0.651779
1.58711,9.4355,0.610123
1.73946,9.23079,0.84935
1.54784,9.70329,1.19093
1.37883,9.87944,1.29686
1.40263,9.44859,1.08263
1.60616,8.77019,1.16594
1.44191,9.14391,1.72176
1.39668,9.9211,2.38469
1.55736,9.08559,2.74294
1.83229,8.22032,2.44063
1.67043,8.60118,3.24043
1.67995,8.85707,3.62248
1.67519,9.3141,4.19377
1.69185,7.93111,3.62129
2.08104,6.68736,3.96645
1.96321,8.14891,4.86742
1.87871,9.83183,5.50893
1.56807,9.01179,4.88408
1.40739,6.07204,4.09856
1.58473,5.73402,4.84599
1.57402,7.46217,6.08141
1.85609,8.05965,6.39799
1.81325,7.13844,6.55748
1.86681,5.84828,6.49559
1.84419,5.9304,6.98952
1.5395,6.39696,7.56676
1.45381,6.30531,7.77266
1.65614,5.93755,7.62032
1.53593,5.90779,7.88573
1.09438,5.2639,7.97499
1.33479,4.38792,8.08211
1.65852,4.5724,8.70219
1.35384,4.60097,8.91762
1.25505,3.68571,8.59627
1.5395,2.76094,8.78194
1.6252,3.40364,9.36037
1.15984,3.27391,9.27824
1.04915,2.37175,8.94261
1.26219,1.80165,9.00926
1.38954,2.25273,9.52104
1.0789,2.19322,9.44011
0.895615,1.95518,9.65077
1.09676,1.74452,9.66267
1.17888,1.54576,9.34251
0.636154,0.841171,8.9438
0.576645,0.368668,9.2592
0.848007,0.806656,9.76979
1.05391,1.33986,9.98879
0.831345,0.657883,9.46629
0.584976,0.618607,9.4044
0.573074,0.737625,9.70195
0.794449,0.549576,9.83644
0.315994,0.44603,9.72813
-0.299332,0.131821,9.57936
-0.186264,0.0675507,9.64958
0.250534,-0.0205231,9.69719
-0.16127,-0.263321,9.696
-0.370743,0.0294647,9.98164
-0.141037,0.227036,10.2304
-0.243393,0.304398,9.93404
-0.583786,-0.0181427,9.50795
-0.396927,-0.51445,9.69124
-0.315994,-0.403763,10.0031
-0.613541,-0.0169525,10.0721
-0.587357,0.00804138,10.04
-0.35051,-0.101456,9.96141
-0.277908,-0.540634,9.71861
-0.296951,-0.70369,9.74718
-0.357651,-0.341873,9.8531
-0.433823,-0.244278,9.77217
-0.301712,-0.664413,9.4044
-0.241013,-1.1869,9.27229
-0.529038,-1.14882,9.41273
-0.454056,-0.751297,9.82216
-0.317184,-0.201431,10.1019
-0.212448,-0.219284,10.0566
-0.0160675,-0.957199,9.95189
-0.00178528,-1.12621,9.86739
-0.404068,-0.523972,9.90428
-0.715897,-0.509689,9.9138
-0.714706,-0.991715,9.85191
-0.492142,-1.3821,9.70909
-0.468338,-1.53444,9.7079
-0.640915,-1.22618,9.88405
-0.748032,-0.865555,10.1614
-0.764694,-0.863174,10.1459
-0.654007,-1.24522,9.88643
-0.592117,-1.12859,10.078
-0.646866,-0.684647,10.228
-0.751602,-0.972672,10.1566
-0.703995,-1.53801,9.91618
-0.536179,-1.68321,9.7567
-0.811111,-1.369,9.70433
-0.838486,-1.29878,9.76027
-0.846817,-1.48326,9.73409
-0.902756,-1.50111,9.68529
-0.988449,-1.45351,9.51152
-0.968216,-1.26546,9.70314
-0.92894,-1.10002,9.69005
-0.86586,-1.28926,9.70433
-0.957504,-1.27498,9.64839
-0.871811,-1.49159,9.69362
-0.654007,-1.48207,9.62935
-0.625443,-1.12859,9.70909
-0.601639,-1.22975,9.86144
-0.526657,-1.54277,9.84001
-0.558792,-1.43684,9.75789
-0.561172,-1.24403,9.70433
-0.590927,-1.24879,9.97093
-0.651627,-1.20595,10.153
-0.549271,-1.35591,10.0019
-0.638535,-1.22856,9.92213
-0.509995,-1.19405,9.89833
-0.335037,-1.36186,9.96022
-0.152939,-1.43803,9.83168
-0.277908,-1.10359,9.99474
-0.35051,-1.02861,9.9019
-0.331467,-1.18333,9.8412
-0.164841,-1.32497,9.88524
-0.130325,-1.21785,9.9388
-0.0779572,-1.17024,9.79121
0.0136871,-1.12621,10.0257
-0.0529633,-1.05241,9.94713
-0.144608,-1.07384,9.97926
-0.260056,-0.920303,9.9019
-0.386215,-0.826279,9.88048
-0.306473,-0.915543,9.81264
-0.295761,-0.925064,9.8662
-0.373123,-0.922684,10.0685
-0.233871,-0.976242,10.09
-0.000595093,-1.03813,10.0435
0.0779572,-1.10121,9.90309
0.070816,-1.22142,9.82454
0.0672455,-1.10121,9.93404
0.124374,-0.978622,9.98879
0.0850983,-0.941727,9.83406
-0.0267792,-0.816757,9.73885
0.0124969,-0.957199,9.67458
0.0243988,-0.902451,9.64482
0.0660553,-0.719162,9.92094
0.00416565,-0.525162,10.1292
0.0684357,-0.619186,10.1792
0.320755,-0.985764,10.04
0.388596,-0.96196,9.99117
0.213638,-0.787003,10.0031
0.152939,-0.859604,10.1304
0.28624,-0.842941,10.109
0.28981,-0.928635,9.88643
0.111282,-0.879837,9.86501
0.0339203,-0.926254,9.76384
0.120804,-0.821518,9.8174
0.114853,-0.715591,9.65791
0.143417,-0.851273,9.62816
0.217209,-0.889359,9.59007
0.182693,-0.819138,9.8055
0.343369,-0.689407,9.79478
0.395737,-0.652512,9.91737
0.394547,-0.753677,9.98164
0.362411,-0.815567,10.0162
0.361221,-0.826279,9.82811
0.250534,-0.558487,9.92213
0.252914,-0.665604,9.91261
0.307663,-0.873886,9.83406
0.373123,-0.766769,9.94951
0.405258,-0.57872,10.1126
0.48024,-0.481125,10.0828
0.551651,-0.477554,10.084
0.699234,-0.539444,10.1149
0.686142,-0.435898,10.0816
0.469528,-0.352585,9.91142
0.386215,-0.538254,9.82097
0.387405,-0.64061,9.696
