0.195786,-0.149063,9.87334
0.214828,-0.134781,9.87334
0.214828,-0.137161,9.95903
0.183884,-0.141922,9.97569
0.293381,-0.12764,9.97807
0.329086,-0.0847931,10.0971
0.35289,-0.0371857,10.0852
0.276718,-0.0728912,10.1019
0.264816,-0.0705109,10.0995
0.295761,-0.108597,10.0423
0.171982,-0.058609,9.91618
0.191025,-0.137161,9.79716
0.16008,-0.144302,9.83763
0.105331,-0.108597,9.75194
0.0410614,-0.0919342,9.73052
0.0196381,-0.0895538,9.7448
0.0363007,-0.108597,9.80193
0.0529633,-0.115738,9.75432
0.0291595,-0.168106,9.71861
0.0839081,-0.106216,9.83287
0.229111,-0.12764,9.87096
0.262436,-0.0919342,9.88762
0.310043,-0.12764,9.94951
0.367172,-0.139542,9.96141
0.357651,-0.156204,9.90428
0.35289,-0.184769,9.86858
0.333847,-0.241898,9.82335
0.298141,-0.189529,9.79478
0.191025,-0.146683,9.7686
0.60759,-0.196671,10.2328
0.629013,-0.203812,10.1875
0.593307,-0.196671,10.1138
0.552841,-0.210953,10.0447
0.555222,-0.12764,10.0614
0.526657,-0.077652,10.0447
0.464767,-0.0895538,10.0019
0.400497,-0.108597,9.98045
0.367172,-0.0324249,9.7567
0.310043,0.0651703,9.80193
0.1577,0.179428,9.77574
0.0791473,0.18895,9.89
0.0648651,0.184189,9.82335
0.0505829,0.184189,9.79716
0.0981903,0.169907,9.7805
0.164841,0.224655,9.88286
0.181503,0.227036,9.7805
0.229111,0.146103,9.74004
0.16246,0.122299,9.64006
0.0672455,0.165146,9.73766
-0.22554,0.250839,9.61626
-0.22554,0.288925,9.64482
-0.196976,0.18895,9.69005
-0.116043,0.148483,9.77336
-0.0517731,0.0961151,9.85429
0.0958099,0.0651703,9.92333
0.138657,0.12706,9.80193
0.207687,-0.141922,9.85905
0.279099,-0.175247,9.84477
0.333847,-0.077652,9.86144
0.405258,0.0223236,9.90904
0.393356,-0.0252838,9.88286
0.48143,-0.163345,10.0209
0.67186,-0.196671,10.0209
0.707565,-0.0847931,9.9995
0.619492,0.0151825,9.89952
0.536179,0.0104218,10.009
0.629013,0.0865936,9.90666
0.67424,0.224655,10.0328
0.681381,0.267502,9.96141
0.233871,0.555527,9.87572
0.283859,0.505539,9.82811
0.269577,0.457932,9.68053
0.271957,0.455551,9.77812
0.307663,0.412704,9.81859
0.343369,0.481735,9.79716
0.329086,0.396042,9.81859
0.41478,0.331772,9.78288
0.455246,0.250839,9.80193
0.509995,0.134201,9.84953
0.526657,0.0556488,9.84477
0.507614,0.0842133,9.70433
0.493332,0.162766,9.6472
0.486191,0.169907,9.47343
0.533798,0.131821,9.47819
0.588547,0.177048,9.5377
0.693283,0.250839,9.68291
0.698044,0.212753,9.64482
0.67186,0.136581,9.79716
0.783737,0.0294647,9.92333
0.405258,0.0199432,9.9995
0.390976,0.0318451,10.0233
0.369553,0.088974,9.90904
0.367172,0.210373,9.89238
0.448105,0.224655,10.009
0.595688,0.131821,10.1471
0.821823,0.0770721,10.2518
0.938461,0.0723114,10.1447
0.921799,0.0175629,10.1352
0.848007,-0.00386047,10.228
0.293381,0.131821,9.69957
0.255295,0.122299,9.62816
0.210068,0.0485077,9.52342
0.210068,0.0961151,9.56151
0.124374,0.158005,9.60912
0.0648651,0.196091,9.56151
0.076767,0.138962,9.55675
0.233871,0.224655,9.64958
0.41716,0.331772,9.88048
0.540939,0.400803,9.9876
0.567123,0.343674,10.0257
0.526657,0.305588,9.7805
0.464767,0.203232,9.84239
0.579025,0.134201,10.0352
0.605209,0.162766,10.0709
0.517136,0.174667,10.0519
0.379074,0.146103,9.98283
0.338608,0.174667,10.0519
0.383835,0.272263,10.0376
0.343369,0.31987,9.98997
0.450485,0.243698,9.73289
0.445725,0.329391,9.81145
0.390976,0.348434,9.84239
0.326706,0.365097,9.92094
0.448105,0.38652,9.91856
0.471909,0.374619,9.92333
0.536179,0.410324,9.86858
0.505234,0.486496,9.82335
0.557602,0.315109,9.9138
0.5457,0.31749,9.82097
0.605209,0.32225,9.84239
0.557602,0.436508,9.91142
0.579025,0.443649,10.009
0.562363,0.396042,9.94237
0.60759,0.31987,9.94713
0.571884,0.341293,10.0138
0.526657,0.343674,9.95189
0.471909,0.396042,10.0185
0.517136,0.376999,10.0328
0.47905,0.369858,10.009
0.291,0.298447,9.78764
0.283859,0.353195,9.8662
0.22197,0.379379,9.79002
0.171982,0.357956,9.72099
0.195786,0.31987,9.68291
0.164841,0.31749,9.74718
0.214828,0.296066,9.73527
0.257675,0.324631,9.70671
0.302902,0.236557,9.7805
0.383835,0.205612,9.79002
0.412399,0.210373,9.81621
0.338608,0.143723,9.77812
0.324326,0.0485077,9.73052
0.35289,0.122299,9.77098
0.438583,0.158005,9.85905
0.486191,0.219894,9.83049
0.381454,0.243698,9.82811
0.338608,0.246078,9.81621
0.35051,0.25322,9.79716
0.331467,0.331772,9.84953
0.369553,0.31987,9.84715
0.41716,0.346054,9.89
0.393356,0.396042,9.80193
0.35527,0.431747,9.84953
0.371933,0.38652,9.79955
0.388596,0.441269,9.74718
0.336227,0.493637,9.83525
0.329086,0.51268,9.92094
0.329086,0.619797,9.99712
0.291,0.64122,9.90666
0.626633,0.481735,9.96141
0.636154,0.398422,9.83287
0.529038,0.31749,9.82573
0.450485,0.227036,9.78288
0.48143,0.19133,9.7805
0.490952,0.155624,9.75194
0.505234,0.112778,9.70909
0.462387,0.100876,9.7805
0.457626,0.155624,9.78526
0.457626,0.286545,9.84239
0.493332,0.424606,9.85667
0.529038,0.343674,9.79716
0.512375,0.365097,9.88762
0.509995,0.367477,9.89238
0.471909,0.327011,9.80907
0.448105,0.315109,9.87096
0.41478,0.355576,9.86382
0.476669,0.369858,9.89238
0.464767,0.400803,9.88524
0.41478,0.348434,9.79955
0.395737,0.324631,9.7686
0.436203,0.343674,9.82097
0.460007,0.31987,9.84477
0.424301,0.291306,9.81145
0.400497,0.246078,9.72099
0.383835,0.238937,9.73527
0.340988,0.25798,9.74718
0.379074,0.329391,9.86858
0.338608,0.315109,9.85905
0.455246,0.376999,9.94237
0.390976,0.25322,9.93047
0.338608,0.265121,9.88286
0.400497,0.286545,9.88286
0.41478,0.272263,9.88762
0.343369,0.215134,9.77336
0.357651,0.269882,9.84715
0.319565,0.293686,9.90666
0.376694,0.307968,9.82097
0.369553,0.312729,9.85667
0.364792,0.31987,9.82811
0.395737,0.241318,9.92808
0.400497,0.162766,9.82811
0.402878,0.227036,9.94237
0.421921,0.19133,9.89476
0.374313,0.169907,9.87334
0.400497,0.19371,9.86382
0.383835,0.227036,9.8662
0.281479,0.238937,9.79002
0.245773,0.18895,9.89714
0.331467,0.177048,9.81383
0.41954,0.277023,9.83525
0.338608,0.260361,9.84239
0.276718,0.229416,9.82573
0.295761,0.205612,9.81145
0.271957,0.222275,9.77812
0.248154,0.262741,9.89
0.260056,0.196091,9.89238
0.276718,0.184189,9.85667
0.312424,0.143723,9.79478
0.281479,0.112778,9.88524
0.386215,0.0937347,9.83049
0.431442,0.0199432,9.80431
0.426682,0.00566101,9.84477
0.386215,0.069931,9.87096
0.317184,0.153244,9.81859
0.295761,0.0937347,9.87572
0.319565,0.119919,9.88762
0.317184,0.0937347,9.89714
0.340988,0.177048,9.91142
0.291,0.181808,9.92808
0.379074,0.148483,9.93999
0.386215,0.119919,9.93999
0.357651,0.162766,9.93761
0.388596,0.069931,9.9138
0.436203,0.0270844,9.93047
0.452866,-0.00386047,9.88048
0.41954,0.0389862,9.93047
0.390976,0.119919,9.94475
0.390976,0.210373,9.98997
0.362411,0.184189,9.93523
0.386215,0.19133,9.93047
0.360031,0.165146,9.89238
0.381454,0.148483,9.96379
0.369553,0.115158,9.79478
0.343369,0.105637,9.77574
0.305283,0.122299,9.76622
0.271957,0.155624,9.75432
0.35289,0.186569,9.87096
0.340988,0.174667,9.84477
0.343369,0.177048,9.83287
0.338608,0.131821,9.80669
0.402878,0.0627899,9.83049
0.41716,0.0532684,9.81859
0.400497,0.148483,9.82573
0.388596,0.12706,9.88524
0.362411,0.0913544,9.89238
0.340988,0.0413666,9.79478
0.376694,0.0770721,9.80431
0.343369,0.117538,9.86858
0.343369,0.0984955,9.89
0.410019,0.0437469,9.96379
0.362411,-0.00386047,9.90904
0.362411,-0.0467072,9.89714
0.395737,0.0104218,10.0281
0.300522,0.00804138,9.96141
0.348129,0.0818329,9.91856
0.360031,0.155624,10.0328
0.360031,0.203232,10.109
0.455246,0.272263,10.178
0.48381,0.181808,10.0757
0.533798,0.0604095,9.92094
0.519516,0.0485077,9.92333
0.602829,0.024704,9.92571
0.614731,0.100876,9.90666
0.602829,0.0508881,9.89952
0.48143,0.0366058,9.85905
0.464767,0.0818329,9.82811
0.405258,0.174667,9.84001
0.371933,0.12706,9.75194
0.300522,0.0937347,9.70671
0.231491,-0.13002,9.91142
0.236252,-0.122879,9.94713
0.260056,-0.160965,9.89476
0.267197,-0.199051,9.98045
0.319565,-0.165726,9.98521
0.374313,-0.108597,9.98045
0.343369,-0.096695,9.96141
0.321945,-0.139542,9.95903
0.360031,-0.0205231,9.97807
0.364792,-0.0609894,9.95665
0.35051,-0.106216,9.9019
0.388596,-0.110977,9.90904
0.345749,-0.0895538,9.92333
0.374313,-0.125259,9.91142
0.367172,-0.160965,9.88524
0.340988,-0.139542,9.82811
0.319565,-0.122879,9.81859
0.279099,-0.00386047,9.86144
0.331467,-0.0348053,9.82097
0.312424,-0.0276642,9.85667
0.383835,0.00566101,9.83763
0.343369,0.0294647,10.0209
0.431442,-0.0276642,9.94237
0.400497,-0.058609,9.90904
0.35527,-0.0419464,10.0138
0.345749,-0.0014801,10.1376
0.429062,0.069931,10.0162
0.369553,0.0913544,10.1019
0.400497,0.112778,10.2328
0.407639,0.222275,10.2328
0.438583,0.405563,10.2328
0.400497,0.64122,10.2447
0.326706,0.876877,10.4113
0.264816,1.0197,10.5898
0.360031,0.843552,10.2851
0.267197,0.274643,10.3161
-0.0398712,0.0104218,10.378
0.102951,-0.429947,9.85905
-0.00654602,-1.31544,9.96617
0.0315399,-0.765579,9.75908
-0.365982,-7.49251,5.32683
-0.894424,-7.67104,5.27208
-0.48024,-6.23567,4.04857
0.22435,-8.66127,2.80125
-0.623062,-9.54677,1.7896
-0.573074,-9.88002,1.08501
-0.749222,-9.72053,-0.383682
-0.918228,-10.199,-0.702652
-1.57997,-9.57771,-1.37392
-1.78944,-9.82765,-2.14278
-2.29884,-9.48488,-5.74666
-2.20839,-9.69911,-5.73
-2.24409,-9.94191,-5.95613
-2.16078,-10.0276,-6.01088
-2.08937,-10.0419,-5.78951
-1.97273,-10.0514,-5.37294
-1.88466,-9.9062,-5.07777
-1.83467,-9.86336,-4.41127
-1.79182,-9.84431,-4.07802
-1.84657,-9.80861,-3.75429
-1.72755,-9.95857,-3.77095
-1.69899,-10.7417,-3.8257
-1.71327,-11.244,-3.96376
-1.75136,-11.7534,-3.66621
-1.74898,-11.8057,-3.45436
-1.7704,-11.5653,-2.71407
-1.6252,-10.9702,-1.77144
-1.33955,-9.96095,-0.652664
-0.980118,-8.8398,0.644638
-0.696854,-8.1114,1.87529
0.195786,-3.65773,6.18614
0.217209,-2.43898,7.56438
0.379074,-1.35591,8.35466
0.848007,-1.11311,8.93785
1.33598,-0.465652,9.32585
1.37169,-0.172867,10.0923
1.12889,0.686447,10.6493
1.06462,1.21489,10.6898
1.09081,1.54814,10.9159
1.04796,1.76476,11.0849
0.728989,0.279404,10.178
0.669479,0.277023,10.1019
0.67662,-0.199051,9.75194
0.638535,-0.187149,9.76146
0.655197,-0.19429,9.72575
0.643295,-0.244278,9.73766
0.662338,-0.239517,9.69481
0.662338,-0.251419,9.71861
0.624252,-0.101456,9.73052
0.619492,-0.0229034,9.92094
0.60759,-0.139542,9.84001
0.619492,-0.0871735,9.87334
0.571884,-0.153824,9.81859
0.536179,-0.153824,9.80907
0.509995,-0.215714,9.92094
0.533798,-0.144302,9.92094
0.581406,-0.149063,9.98997
0.648056,-0.0276642,9.97331
0.662338,0.0794525,9.94713
0.655197,0.100876,10.1138
0.61235,-0.0110016,9.9995
0.645676,-0.0419464,9.93999
0.652817,-0.0895538,9.89476
0.67662,-0.115738,9.89476
0.750412,-0.0490875,9.99712
0.67662,-0.0276642,9.89
0.605209,-0.0014801,9.80431
0.60997,-0.0705109,9.78288
0.662338,-0.0633698,9.88524
0.690903,0.0437469,9.9138
0.712326,0.0723114,9.89952
0.662338,0.0627899,9.86144
0.624252,0.0746918,9.82573
0.569504,-0.0276642,9.81145
0.605209,-0.12764,9.84477
0.686142,-0.0800324,9.78764
0.695663,0.0104218,9.79478
0.643295,-0.0205231,9.88524
0.655197,0.105637,9.85667
0.631393,-0.0217133,9.87215
0.708755,-0.112167,9.79
0.67186,0.206802,10.0352
0.684952,0.0639801,9.97807
0.683762,-0.0276642,9.95665
0.693283,-0.105026,9.7924
0.649246,0.0223236,9.84715
0.575455,0.0508881,9.91261
0.620682,-0.0919342,9.84834
0.67424,0.0270844,9.89119
0.658768,-0.0443268,9.92808
0.699234,-0.0419464,9.92333
0.650436,0.0651703,9.92808
0.598068,0.056839,9.86858
0.595688,-0.13002,9.85191
0.571884,0.0937347,9.9626
0.569504,0.0532684,9.88762
0.550461,-0.155014,9.87453
0.590927,-0.105026,9.84001
0.633774,0.0342255,9.9626
0.602829,0.134201,9.9626
0.499283,0.0187531,9.90785
0.559982,-0.135971,9.83168
0.630203,-0.0717011,9.79716
0.61235,0.187759,9.83049
0.54451,0.0211334,9.86501
0.48024,-0.0883637,9.84953
0.596878,-0.0407562,9.87691
0.626633,0.134201,9.90071
0.570694,0.19252,9.89952
0.646866,-0.000289917,9.88881
0.67662,-0.0693207,9.89595
0.682571,-0.0502777,9.82097
0.557602,0.0496979,9.84834
0.590927,0.075882,9.82454
0.618301,0.185379,9.86739
0.563553,0.144913,9.83763
0.563553,0.0520782,9.80073
0.648056,0.12944,9.89
0.617111,0.116348,9.9507
0.662338,0.116348,9.91737
0.684952,0.0604095,9.90904
0.567123,0.0996857,9.80073
0.515945,0.0258942,9.81026
0.540939,0.104446,9.85548
0.573074,0.0949249,9.86262
0.642105,-0.0717011,9.84477
0.638535,0.0258942,9.87215
0.54689,0.0651703,9.83644
0.584976,0.0961151,9.91142
0.644486,0.163956,9.88167
0.621872,0.119919,9.80431
0.655197,0.236557,9.91737
0.637344,0.178238,9.94356
0.554031,0.0235138,9.76027
0.558792,-0.0348053,9.77336
0.640915,0.175858,9.85905
0.60878,0.272263,9.9864
0.598068,0.19371,10.0019
0.620682,0.0520782,9.90547
0.67186,0.0627899,9.85072
0.61116,0.172287,9.8662
0.638535,0.184189,9.89833
0.539749,0.137772,9.78645
0.508804,0.121109,9.7924
0.506424,0.110397,9.85548
0.513565,0.179428,9.81026
0.48024,0.119919,9.76741
0.584976,0.0996857,9.85429
0.517136,0.248459,9.87096
0.601639,0.206802,9.90904
0.663528,0.184189,9.8412
0.636154,0.0877838,9.82811
0.680191,0.185379,9.9
0.617111,0.262741,9.96379
0.663528,1.07921,10.5696
0.984879,1.38509,10.4863
1.17293,1.31129,10.2887
1.32765,1.25893,9.94594
1.26457,1.30534,9.34251
1.40025,1.97066,8.76527
1.76802,3.0323,8.50224
1.57283,3.87852,8.00236
1.23839,4.49623,7.26564
1.68828,5.88637,7.15733
1.42049,6.44456,6.84908
1.24672,6.20296,5.97191
1.43358,6.77544,5.72792
1.455,7.29793,5.15782
1.2372,7.35387,4.23305
1.29314,7.19319,3.5844
1.53474,7.57405,3.15117
1.65019,8.26436,2.91551
1.3705,8.69163,2.34422
1.13603,8.80232,1.70271
2.64281,9.76875,-1.68
2.54759,9.94728,-1.67384
2.68565,10.3698,-1.45604
2.63091,10.1103,-1.58934
2.64519,9.82945,-1.62624
2.83324,9.73781,-1.22038
2.90584,9.70805,-1.2299
2.83205,9.91038,-0.891891
2.74873,10.2758,-0.439621
2.59996,10.3817,0.432785
2.58925,10.0377,1.09453
2.47737,9.63188,1.47539
2.40477,9.6533,2.24901
2.26671,9.47121,3.10594
2.31075,9.17485,3.39873
2.34645,7.87041,3.21544
2.06795,7.06703,3.74269
1.87395,7.52882,4.95192
1.64662,8.02751,5.6577
1.22173,7.11226,5.36729
1.15031,5.62453,5.58986
0.988449,5.08537,6.32301
0.642105,5.15559,7.26207
0.67067,3.16322,7.15971
1.02534,0.948288,7.20137
0.770645,1.8076,8.44749
0.258865,2.89186,9.68172
0.333847,3.54051,10.5672
0.125565,2.10039,9.69719
0.121994,-0.476364,8.7867
0.173172,-0.402573,9.39607
0.0981903,0.394852,9.91975
0.357651,0.654312,10.1935
0.175552,-0.781052,9.56508
0.406448,-1.28688,10.0602
0.486191,-0.651321,10.5303
0.361221,-0.268082,10.5434
0.400497,-0.25975,10.3637
0.356461,-0.676315,10.1661
0.277908,-1.07979,9.92094
0.420731,-0.809616,9.82573
0.437393,-0.745346,9.53175
0.335037,-0.70369,9.61507
0.404068,-0.559677,10.0066
0.424301,-0.485886,10.0531
0.390976,-0.518021,9.93523
0.279099,-0.587051,9.84358
0.35051,-0.382339,9.91975
0.455246,-0.228806,10.0685
0.492142,-0.410904,10.0352
0.407639,-0.45137,9.74837
0.371933,-0.399002,9.6472
0.452866,-0.212143,9.80788
0.410019,-0.203812,9.83763
0.471909,-0.312119,9.97569
0.527847,-0.333542,9.9864
0.473099,-0.315689,10.0447
0.477859,-0.416855,9.92928
0.54451,-0.609665,9.84596
0.559982,-0.402573,10.0697
0.530228,-0.338303,9.99117
0.413589,-0.359726,9.79359
0.408829,-0.476364,9.61745
0.421921,-0.221664,9.81978
0.550461,-0.19072,9.99831
0.490952,-0.139542,10.0304
0.463577,-0.168106,9.95903
0.402878,-0.350204,9.86382
0.492142,-0.400192,9.80073
0.519516,-0.341873,9.8662
0.642105,-0.235947,9.97688
0.554031,-0.409714,9.8174
0.436203,-0.540634,9.79359
0.60878,-0.471603,9.86144
0.514755,-0.301407,9.81859
0.460007,-0.25499,9.84239
0.54689,-0.171677,9.90547
0.558792,-0.143112,9.96379
0.456436,-0.453751,9.7079
0.473099,-0.453751,9.79002
0.568314,-0.295456,9.89714
0.495712,-0.326401,9.92333
0.464767,-0.425186,9.88286
0.595688,-0.508499,9.8293
0.590927,-0.51683,9.86025
0.433823,-0.344254,9.78883
0.437393,-0.332352,9.86382
0.455246,-0.416855,9.84953
0.504044,-0.378769,9.89
0.519516,-0.365677,9.92094
0.556412,-0.51683,9.81859
0.569504,-0.569199,9.77217
0.589737,-0.427567,9.9388
0.557602,-0.414475,9.99117
0.555222,-0.518021,9.89476
0.583786,-0.494217,9.88762
0.529038,-0.325211,9.96617
0.594498,-0.289505,10.0459
0.589737,-0.470413,9.9388
0.520706,-0.57872,9.85905
0.54332,-0.377579,9.9138
0.514755,-0.310928,9.8781
0.561172,-0.340683,9.90666
0.588547,-0.463272,9.93047
0.490952,-0.460892,9.82573
0.538559,-0.304977,9.85548
0.455246,-0.32402,9.89714
0.526657,-0.427567,9.88048
0.637344,-0.418045,9.92213
0.517136,-0.349014,9.82811
0.468338,-0.440659,9.79955
0.495712,-0.438278,9.89595
0.570694,-0.401382,9.93999
0.568314,-0.390671,9.96855
0.567123,-0.44899,9.97093
0.443344,-0.350204,9.92571
0.486191,-0.310928,9.96974
0.537369,-0.328781,9.98402
0.533798,-0.438278,9.9269
0.452866,-0.434708,9.81859
0.519516,-0.356155,9.85667
0.501663,-0.295456,9.9269
0.440964,-0.4478,9.83049
0.448105,-0.440659,9.68648
0.469528,-0.325211,9.74956
0.429062,-0.271652,9.80193
0.430252,-0.334732,9.78883
0.533798,-0.299026,9.87572
0.54332,-0.251419,9.91618
0.511185,-0.310928,9.90428
0.557602,-0.352585,9.90785
0.530228,-0.293076,9.8781
0.496902,-0.228806,9.93404
0.448105,-0.25618,9.93999
0.501663,-0.299026,9.85191
0.529038,-0.277603,9.91142
0.5457,-0.337112,9.93404
0.602829,-0.351395,9.96141
0.539749,-0.335922,9.8055
0.492142,-0.228806,9.8781
0.456436,-0.171677,9.86977
0.555222,-0.231186,9.88286
0.573074,-0.250229,9.80193
0.464767,-0.233566,9.89238
0.534988,-0.219284,9.94356
0.458817,-0.166916,10.0185
0.436203,-0.346634,9.83168
0.462387,-0.182388,9.92094
0.529038,-0.182388,10.0388
0.579025,-0.309738,9.9876
0.507614,-0.406143,9.86382
0.538559,-0.38591,9.85905
0.517136,-0.212143,9.87096
0.439774,-0.241898,9.90904
0.451675,-0.253799,9.87691
0.47905,-0.19072,9.80907
0.421921,-0.176437,9.72575
0.412399,-0.287125,9.69243
0.495712,-0.278793,9.76384
0.461197,-0.201431,9.73766
0.386215,-0.145493,9.67339
0.426682,-0.241898,9.54604
0.452866,-0.423996,9.36156
0.356461,-0.627518,9.06401
0.212448,-0.733444,8.96999
0.130325,-0.919113,8.87239
0.239822,-1.2357,8.67958
1.61568,-2.50325,10.3613
1.8918,-2.34496,10.879
2.52855,-2.19737,11.9871
3.01772,-2.00456,12.262
3.27837,-2.07716,12.481
3.4319,-1.70345,12.8381
3.66161,-1.48921,12.8309
3.87227,-1.44875,12.7036
3.78777,-1.04527,12.9119
3.80086,-0.414475,13.0535
3.74254,0.00328064,12.8143
3.73897,0.0973053,12.5513
3.91393,0.507919,12.3965
3.92345,1.01256,12.2704
3.63899,1.347,12.0657
3.41048,1.30177,11.6265
3.35811,1.27202,11.1694
2.9713,1.60765,10.9386
2.58687,2.29796,11.0588
2.24409,2.87877,11.0076
1.93346,2.87282,10.7124
1.63353,2.85616,10.3078
1.5407,2.81212,9.9864
1.32646,2.57527,9.40321
1.0551,2.57289,9.39845
0.837296,2.43245,9.23897
0.550461,2.88472,9.09258
0.219589,3.15132,8.79146
-0.146988,2.93233,8.33681
-0.619492,2.54552,7.97856
-0.919418,2.42293,7.98332
-1.23125,2.43364,7.69887
-1.62877,2.87758,7.75362
-1.69185,3.0692,7.66911
-1.76921,2.98708,7.18709
-2.07509,2.78593,6.9062
-2.17506,2.88948,6.73958
-2.38097,2.72643,6.31468
-2.59163,2.46339,5.97191
-2.85704,2.33961,5.63152
-2.89275,2.21226,5.55296
-3.15221,2.10991,5.46965
-3.08556,1.79332,5.2447
-3.01533,1.38271,5.05309
-3.22719,1.05778,5.01143
-3.53188,1.06255,5.32207
-3.37001,0.924484,5.55415
-3.22124,0.141342,5.41847
-3.61043,-1.01195,4.86861
-3.53664,-1.56776,5.24113
-3.1284,-0.51326,6.40514
-3.40096,-0.291885,7.06926
-3.23314,-1.22499,7.18471
-2.83562,-2.32591,7.23112
-3.0796,-3.41374,7.08235
-3.56282,-2.79247,8.22493
-3.46165,-1.71297,9.36989
-2.80467,-2.51039,9.2473
-2.66899,-4.20045,8.80693
-2.40358,-4.36827,9.60554
-2.15126,-2.8365,11.048
-2.25362,-2.93529,11.0242
-1.96916,-3.78746,10.5125
-1.32051,-3.40184,11.4872
-1.19911,-2.92577,11.7455
-1.27409,-3.06026,11.2385
-0.692093,-2.24617,11.592
-0.16127,-1.14168,12.1252
-0.294571,-0.722733,12.3085
-0.444534,-1.46898,11.6884
0.0589142,-1.36781,11.8264
0.304092,0.0461273,12.531
-0.0862885,0.368668,12.3692
0.449295,-0.427567,11.9859
0.93132,-0.446609,11.98
1.11223,0.267502,12.2668
0.983688,0.57695,12.0169
0.80278,0.398422,11.7455
1.06343,0.300827,11.6896
1.10985,0.649551,11.5658
1.1158,0.789993,11.3468
1.27171,1.06731,11.1778
1.29195,1.47911,11.2361
1.19792,1.43864,10.8505
0.975357,1.03398,10.2899
0.80159,0.562668,9.83763
0.731369,0.610275,9.63768
0.712326,1.01018,9.94356
0.786118,0.70787,9.80073
0.831345,0.259171,9.58174
0.762314,0.0104218,9.66029
0.850388,-0.0359955,9.82573
0.771835,-0.146683,9.77812
0.740891,-0.458511,9.76741
0.692093,-0.647751,9.83168
0.581406,-0.601334,9.92213
0.506424,-0.534683,9.97093
0.509995,-0.709641,10.0102
0.467148,-0.877457,9.81502
0.48143,-0.971481,9.74
0.550461,-0.702499,9.92333
0.579025,-0.678696,10.0269
0.562363,-0.829849,9.92213
0.520706,-0.860794,9.88881
0.455246,-1.00005,9.79836
0.420731,-0.894119,9.77217
0.364792,-0.810806,9.75432
0.362411,-0.710831,9.76265
0.345749,-0.623947,9.80073
0.41597,-0.751297,9.80073
0.386215,-0.866745,9.7686
0.395737,-0.77391,9.85667
0.443344,-0.710831,9.91737
0.456436,-0.790573,9.80907
0.437393,-0.804855,9.8781
0.446915,-0.682266,9.95189
0.443344,-0.602524,10.0126
0.495712,-0.863174,9.84596
0.467148,-0.995285,9.72932
0.490952,-0.677505,9.97926
0.599258,-0.495407,10.0661
0.460007,-0.76915,9.87691
0.426682,-1.08336,9.64958
0.508804,-1.00957,9.79836
0.450485,-0.727493,9.96736
0.379074,-0.591812,10.0412
0.407639,-0.734634,9.93761
0.426682,-0.891739,9.86858
0.385025,-0.876266,9.84715
0.365982,-0.867935,9.83168
0.41716,-0.745346,9.96379
0.430252,-0.695358,9.9995
0.443344,-0.791763,9.84834
0.427872,-0.945297,9.73647
0.423111,-0.938156,9.7448
0.475479,-0.83223,9.88643
0.386215,-0.759628,9.91261
0.395737,-0.867935,9.84239
0.405258,-0.883408,9.91261
0.407639,-0.700119,9.96855
0.360031,-0.653702,9.95427
0.394547,-0.70369,9.88881
0.329086,-0.76796,9.89952
0.363602,-0.90007,9.79955
0.449295,-0.902451,9.75194
0.367172,-0.76796,9.7198
0.377884,-0.663223,9.83882
0.446915,-0.748917,9.86501
0.511185,-0.875076,9.87215
0.445725,-0.8358,9.85548
0.446915,-0.852463,9.93642
0.389786,-0.763199,9.97093
0.367172,-0.669174,9.95308
0.395737,-0.735825,9.99831
0.364792,-0.814377,9.93166
0.321945,-0.752487,9.92333
0.3517,-0.779861,9.89119
0.277908,-0.77391,9.93642
0.338608,-0.760818,9.94594
0.392166,-0.77391,9.97093
0.364792,-0.802475,9.97093
0.317184,-0.817947,9.91975
0.325516,-0.798904,9.90428
0.326706,-0.715591,9.86501
0.35289,-0.789383,9.85786
0.304092,-0.785812,9.80431
0.231491,-0.751297,9.80788
0.263626,-0.756058,9.86858
0.274338,-0.70726,9.91261
0.280289,-0.700119,9.85786
0.323135,-0.814377,9.8662
0.242203,-0.76796,9.93285
0.246964,-0.695358,9.9138
0.22435,-0.670364,9.88286
0.22554,-0.732254,9.8174
0.250534,-0.779861,9.90309
0.35051,-0.820328,9.89952
0.273148,-0.734634,9.92094
0.337418,-0.779861,9.90547
0.245773,-0.827469,9.85786
0.238632,-0.790573,9.81145
0.313614,-0.720352,9.87334
0.292191,-0.63942,9.89
0.326706,-0.666794,9.88286
0.273148,-0.695358,9.84358
0.267197,-0.726303,9.82573
0.271957,-0.57753,9.91261
0.267197,-0.562057,9.88762
0.267197,-0.753677,9.84001
0.232681,-0.765579,9.8293
0.302902,-0.657272,10.0304
0.260056,-0.738205,10.0031
0.307663,-0.806046,10.0054
0.28743,-0.790573,9.98164
0.206497,-0.637039,9.99355
0.251724,-0.697739,9.9388
0.295761,-0.871506,9.8662
0.304092,-0.766769,9.90785
0.277908,-0.77272,9.9388
0.233871,-0.744156,9.91261
0.230301,-0.764389,9.9876
0.213638,-0.797714,9.86262
0.255295,-0.732254,9.92333
0.138657,-0.779861,9.8531
0.106522,-0.758438,9.83168
0.195786,-0.813187,9.8662
0.0779572,-0.970291,9.7805
0.148178,-1.01671,9.86262
0.219589,-0.927444,9.99831
0.144608,-0.941727,10.0197
0.154129,-1.01909,9.89952
0.15889,-0.997665,9.9269
0.116043,-0.725113,10.0423
0.118423,-0.591812,9.98402
0.152939,-0.70607,9.83882
0.148178,-0.902451,9.7567
0.182693,-0.782242,9.78288
0.176743,-0.565628,9.73527
0.125565,-0.476364,9.75313
0.0565338,-0.631088,9.68053
0.125565,-0.571579,9.62816
0.22435,-0.460892,9.73766
0.192215,-0.420425,9.56984
0.311234,-0.391861,9.57222
0.255295,-0.176437,9.55437
0.266006,0.156815,9.45082
0.400497,0.350815,9.39369
0.601639,0.363907,9.17232
0.668289,0.680496,9.09853
0.496902,1.31606,9.09376
0.385025,1.64812,9.17708
0.615921,1.58742,9.35442
1.03368,1.16847,9.39131
1.3455,1.21727,9.76741
1.64424,1.29463,10.2173
2.07033,0.987564,10.3649
2.22267,0.566238,10.3899
2.07866,0.792374,10.4494
1.96559,1.14705,10.6589
2.01558,1.17085,10.9124
2.25957,0.494827,11.0302
2.30479,0.51268,11.4706
2.38335,0.837601,11.899
2.79277,0.656693,12.1216
3.02605,-0.465652,11.7979
2.95583,-1.3571,11.8014
2.68089,-1.00124,12.2382
2.72493,-0.600143,12.6346
2.70351,-1.22142,12.4108
2.66185,-2.89363,11.5455
1.93346,-2.28545,11.9109
1.80611,-2.05693,12.2811
2.29765,-2.0117,12.343
2.05962,-2.26878,12.1383
1.73589,-3.09596,11.5372
1.56688,-3.68272,11.1409
1.18126,-3.13286,11.4182
0.758743,-3.01265,11.1111
0.463577,-3.28639,11.0278
0.269577,-3.64702,10.7219
-0.0493927,-4.2314,10.1626
-0.432632,-4.35161,10.0804
-0.602829,-3.63988,10.0233
-0.523087,-3.42802,9.88762
-0.770645,-3.92314,9.36156
-1.08604,-3.98622,8.89857
-1.19435,-3.29472,8.84383
-1.39668,-2.91267,8.43321
-1.69542,-2.40804,8.06068
-1.97392,-2.26045,7.52153
-1.97392,-2.6306,7.03236
-1.99416,-2.20332,6.66936
-2.38097,-1.30473,6.54796
-2.4976,-0.590622,6.47298
-2.48927,-0.682266,5.66841
-2.52736,-0.777481,5.10902
-2.66066,0.160385,5.48869
-2.75349,1.25536,5.91359
-2.97368,1.26607,5.55415
-3.1891,1.17085,5.27565
-3.49617,1.50172,5.28874
-3.33311,2.16109,5.61485
-3.16411,2.7907,6.03975
-2.82491,2.6693,6.13853
-2.66542,2.16585,5.76244
-2.69637,1.98256,5.81123
-2.70232,2.33366,6.55153
-2.13341,3.27153,7.61913
-1.83705,3.47148,7.70482
-1.55379,3.1656,7.80122
-1.79182,2.71571,7.43703
-2.04533,2.21346,7.55009
-1.81087,2.89067,8.50819
-1.41692,4.12965,9.62102
-1.32527,3.66072,9.5746
-1.55379,2.61336,9.2104
-1.5395,1.95876,9.41988
-0.958694,2.79189,10.4363
-0.614731,3.64287,11.6967
-0.620682,3.05611,11.7122
-0.518326,1.47435,11.3456
-0.28624,0.904251,11.4158
0.15889,1.80403,11.9585
-0.169601,1.46007,12.0335
-0.0743866,0.57338,11.9288
0.342178,0.315109,11.8383
0.356461,0.271072,11.5134
-0.170792,0.0961151,11.3182
-0.212448,-0.346634,11.1742
0.111282,-0.794144,11.0707
0.270767,-1.20714,10.9862
0.335037,-1.40828,10.716
0.205307,-1.17976,11.0766
0.176743,-1.34282,11.2778
0.333847,-2.28902,11.0123
0.28743,-2.47707,10.8767
0.263626,-2.54134,10.7624
0.381454,-2.75081,10.7005
0.300522,-2.51753,10.9231
0.474289,-2.90315,10.7172
0.559982,-2.96623,10.6529
0.652817,-3.03883,10.5113
0.461197,-2.61156,10.5779
0.402878,-2.35686,10.472
0.583786,-2.00694,10.3601
0.595688,-1.98433,10.0804
0.424301,-2.0248,10.0209
0.455246,-1.77486,10.0602
0.632584,-1.58324,10.1185
0.644486,-1.56181,9.97331
0.486191,-1.48564,9.85072
0.336227,-1.59038,9.7448
0.433823,-1.59514,9.80193
0.540939,-1.39757,9.98283
0.444534,-1.22499,9.94118
0.461197,-1.32973,9.99831
0.474289,-1.10835,9.78764
0.468338,-0.940536,10.0757
0.583786,-0.89769,10.1411
0.529038,-1.19286,9.89833
0.524277,-1.3821,9.69838
0.498093,-1.41899,9.68053
0.561172,-1.11073,9.84834
0.575455,-0.932205,9.97569
0.61235,-1.08098,9.89
0.617111,-1.28331,9.72337
0.450485,-1.21428,9.6353
0.437393,-0.984573,9.70195
0.429062,-1.01433,9.66148
0.508804,-1.02742,9.76146
0.487381,-0.972672,9.83882
0.339798,-1.05836,9.77455
0.435013,-1.03099,9.79955
0.452866,-1.04646,9.74718
0.450485,-1.09764,9.76027
0.470718,-1.20833,9.81145
0.431442,-1.19524,9.81383
0.385025,-0.96077,9.97569
0.48381,-0.892929,10.0566
0.54213,-1.03456,9.91142
0.604019,-1.42613,9.90428
0.517136,-1.38329,9.88643
0.474289,-1.03337,9.97688
0.427872,-1.05717,9.96022
0.420731,-1.17857,9.91023
0.393356,-1.32021,9.82097
0.450485,-1.04884,9.91142
0.41597,-1.09526,9.85905
0.408829,-1.09288,9.80193
0.41597,-1.27617,9.66267
0.460007,-1.24522,9.7924
0.452866,-1.17738,9.85786
0.41597,-1.25117,9.7686
0.461197,-1.16429,9.83406
0.407639,-1.09407,9.81502
0.388596,-0.89888,9.81502
0.48143,-0.916733,9.77336
0.437393,-1.07622,9.75551
0.444534,-1.31425,9.6722
0.396927,-1.17976,9.74242
0.35527,-1.07622,9.77336
0.321945,-1.10359,9.75789
0.388596,-1.00124,9.8781
0.387405,-1.17262,9.8293
0.357651,-1.17024,9.94237
0.345749,-1.06075,9.96974
0.344559,-1.16191,9.91142
0.410019,-1.13097,9.89238
0.511185,-1.11073,10.0269
0.48024,-1.16905,10.0959
0.448105,-1.1631,10.0471
0.494522,-1.17262,9.93999
0.533798,-1.25594,9.87334
0.505234,-1.13216,9.92213
0.445725,-1.10716,10.0316
0.463577,-1.08098,10.0007
0.455246,-0.998856,10.0293
0.387405,-0.932205,9.88762
0.349319,-0.929825,9.74837
0.315994,-0.978622,9.73885
0.293381,-0.953629,9.75194
0.266006,-0.909592,9.70909
0.305283,-0.96196,9.75432
0.411209,-1.0905,9.73885
0.393356,-1.30711,9.68291
0.458817,-1.13811,9.86262
0.435013,-1.02147,9.99474
0.369553,-1.05836,9.94475
0.370743,-1.14644,9.78407
0.370743,-1.08217,9.92213
0.492142,-1.00481,10.0352
0.451675,-0.990524,10.0471
0.427872,-1.14882,9.97331
0.35527,-1.12144,9.93047
0.393356,-0.958389,9.98045
0.398117,-0.952438,9.94832
0.396927,-1.03218,9.88167
0.364792,-1.0536,9.84239
0.315994,-0.942917,9.83525
0.356461,-0.976242,9.80788
0.321945,-0.882217,9.88881
0.337418,-0.915543,9.85072
0.332657,-1.006,9.80431
0.369553,-1.15001,9.85429
0.273148,-1.10121,9.8662
0.250534,-0.986954,9.83406
0.294571,-0.931015,9.84001
0.302902,-1.02266,9.82692
0.246964,-1.08812,9.78526
0.183884,-1.13454,9.66624
0.260056,-1.12978,9.68648
0.301712,-1.13454,9.73289
0.242203,-1.07265,9.82097
0.206497,-1.07146,9.80431
0.227921,-1.25356,9.83763
0.185074,-1.17619,9.82811
0.263626,-1.04289,9.92928
0.220779,-1.07979,9.96498
0.302902,-1.14287,9.93761
0.340988,-1.1393,9.95308
0.233871,-1.09169,9.91142
0.257675,-1.12978,9.97807
0.320755,-1.13811,9.98997
0.308853,-1.08812,9.92213
0.276718,-1.03337,9.91499
0.323135,-1.05717,9.92451
0.311234,-1.12859,9.98879
0.258865,-1.04527,9.95189
0.255295,-1.12978,9.80431
0.207687,-1.09764,9.77455
0.249344,-1.07503,9.75551
0.216019,-1.05241,9.73052
0.192215,-1.1143,9.73766
0.268387,-1.08455,9.82692
0.295761,-1.08693,9.83763
0.258865,-1.00005,9.88286
0.248154,-0.96077,9.94713
0.280289,-1.11787,9.92451
0.271957,-0.992905,10.0435
0.22673,-0.928635,9.93404
0.188644,-1.04884,9.85786
0.239822,-1.26308,9.81264
0.315994,-1.19048,9.89833
0.348129,-1.10359,10.015
0.244583,-1.0786,10.0733
0.191025,-1.03813,9.94951
0.175552,-1.15001,9.80193
0.201736,-1.1024,9.8174
0.246964,-1.06908,9.9626
0.22554,-1.04289,9.92928
0.250534,-1.14049,9.79478
0.242203,-1.23927,9.7567
0.231491,-1.15477,9.84477
0.148178,-1.02385,9.85905
0.135086,-1.00481,9.87215
0.118423,-1.07146,9.74361
0.114853,-1.11906,9.75313
0.105331,-1.11668,9.90785
0.188644,-1.13097,9.91618
0.145798,-1.14763,9.88286
0.0874786,-1.15715,9.83525
0.0684357,-1.03099,9.97807
0.107712,-1.0536,9.88405
0.181503,-1.10835,9.91975
0.239822,-1.20595,10.0197
0.1577,-1.2238,9.97807
0.144608,-1.20714,9.95903
0.148178,-1.19643,10.0804
0.116043,-1.14406,9.96974
0.148178,-1.03218,10.0007
0.183884,-0.940536,10.0233
0.235062,-0.96315,9.98402
0.280289,-1.07027,9.87334
0.218399,-1.08336,9.73409
0.136276,-1.12144,9.62102
0.123184,-1.14168,9.65196
0.0743866,-0.996475,9.72575
0.057724,-1.08574,9.82454
0.0648651,-1.04765,9.86739
0.0101166,-1.05717,9.78645
-0.00297546,-1.19524,9.696
0.0124969,-1.09407,9.83882
0.0589142,-1.09169,9.87572
0.0743866,-1.15834,10.0888
-0.00773621,-1.30235,9.90071
0.044632,-1.30711,9.90785
0.101761,-1.21785,10.0114
0.142227,-1.02504,10.0911
0.0648651,-1.20119,9.87334
0.0589142,-1.24403,9.8293
0.0791473,-1.13811,9.85191
0.0779572,-1.11906,10.009
0.00535583,-1.12978,9.88286
0.00892639,-1.16786,9.76622
0.0696259,-1.22261,9.81383
0.0136871,-1.1631,9.76741
0.0684357,-1.24403,9.90666
0.0327301,-1.13097,9.88167
-0.0601044,-0.989334,9.82811
-0.0422516,-1.00124,9.80312
0.00416565,-1.20952,9.8662
0.121994,-1.23808,9.87572
0.0267792,-1.11787,9.87929
-0.0267792,-1.05003,9.77217
-0.0648651,-1.11311,9.82811
0.0684357,-1.24165,9.86262
0.111282,-1.24165,9.89952
0.0493927,-1.22618,9.99235
-0.00773621,-1.1881,9.90904
-0.0351105,-1.27974,9.82335
-0.0351105,-1.1869,9.96141
-0.0124969,-1.13692,10.0388
0.0470123,-1.16072,9.95189
0.0208282,-1.27379,9.94594
0.0184479,-1.37614,9.87572
0.0267792,-1.26427,10.0638
0.0136871,-1.20119,9.96022
-0.0303497,-1.24522,9.85072
-0.057724,-1.2357,9.84715
0.0374908,-1.19167,9.92928
0.0124969,-1.17024,9.9388
-0.0636749,-1.18095,9.90666
-0.0874786,-1.22142,9.7805
-0.0243988,-1.2238,9.72813
-0.0458221,-1.22499,9.71147
-0.00654602,-1.20595,9.78526
0.00416565,-1.25832,9.83287
-0.0315399,-1.19524,9.82097
-0.076767,-1.15715,9.80788
-0.0791473,-1.1869,9.90785
-0.000595093,-1.22499,9.89595
-0.025589,-1.28688,9.92333
-0.0910492,-1.12025,9.97569
-0.0553436,-0.991715,10.1554
-0.0208282,-0.950058,10.159
-0.0410614,-0.926254,10.1316
-0.0458221,-0.753677,10.2316
-0.123184,-0.434708,10.2197
-0.118423,-0.397812,10.4577
0.308853,-1.23094,10.0876
-0.0220184,-2.22713,9.41869
-0.312424,-3.57442,8.33205
-0.526657,-4.61226,7.87263
-0.692093,-4.86815,7.68578
-0.382645,-5.51442,6.89192
-1.1158,-6.5118,6.24565
-0.626633,-5.71675,4.86623
-0.958694,-8.08522,2.04668
-1.41097,-9.2278,-1.11089
-1.8073,-10.2859,-1.70122
-1.71208,-9.6884,-2.17491
-1.65971,-7.85909,-3.04256
-1.87038,-8.17924,-4.65526
-2.33574,-9.36943,-6.59645
-2.45714,-9.92287,-7.73903
-2.53688,-9.11235,-7.22249
-2.51546,-8.77672,-6.41435
-2.45952,-8.88503,-5.87877
-2.39525,-9.12663,-5.91566
-2.59758,-9.63722,-6.66191
-2.65947,-10.1359,-7.14394
-2.57378,-10.4763,-6.80949
-2.52498,-10.8619,-5.81093
-2.53093,-10.5299,-4.58742
-2.20601,-9.90263,-3.10088
-1.9287,-9.78481,-1.7643
-1.85014,-10.2311,-1.23228
-1.58949,-11.1,-0.638382
-1.20744,-11.1845,0.0305023
-0.999161,-9.78004,1.69914
-0.857529,-7.54964,3.70699
-0.588547,-6.6082,4.58891
-0.457626,-5.74174,5.68864
-0.182693,-4.79079,6.92644
0.16127,-2.91029,8.30586
0.0351105,-0.821518,10.0459
0.344559,-0.406143,10.5589
0.0886688,0.117538,9.98879
0.41954,-0.183578,9.37227
0.771835,-1.05122,8.93428
1.26457,-0.70726,9.80907
0.840866,0.346054,10.6172
0.526657,0.581711,10.2494
0.54808,-0.0538483,9.44725
0.575455,-0.164536,9.30919
0.583786,-0.199051,9.35204
0.442154,-0.125259,9.70909
0.349319,-0.0181427,9.84834
0.124374,-0.118118,9.51866
0.210068,-0.225235,9.52342
0.293381,-0.0895538,9.61983
0.425491,0.179428,10.1614
0.536179,0.292496,10.4768
0.41716,0.19371,10.3292
0.206497,-0.249039,9.81145
0.246964,-0.523972,9.58055
0.35527,0.0270844,9.76622
0.314804,0.222275,10.1709
0.35408,0.228226,10.3256
0.446915,0.169907,10.2185
0.326706,0.0187531,9.84358
0.243393,0.0651703,9.72932
0.294571,0.413895,10.2518
0.389786,0.481735,10.2447
0.261246,0.12825,9.82692
0.299332,-0.303787,9.45439
0.279099,-0.0514679,9.55675
0.390976,0.222275,9.88167
0.244583,0.722153,10.178
0.110092,0.252029,9.84834
0.191025,-0.120499,9.56508
0.271957,0.00328064,9.49367
0.196976,0.437698,9.78883
0.192215,0.398422,9.95427
0.257675,0.352005,9.92213
0.231491,0.0175629,9.75789
0.181503,0.0925446,9.64125
0.141037,0.331772,9.84596
0.244583,0.480545,10.0519
0.244583,0.184189,9.81859
0.174362,0.000900269,9.77931
0.170792,0.274643,10.0173
0.235062,0.434128,10.0185
0.206497,0.491257,9.95308
0.204117,0.222275,9.87929
0.280289,0.330582,9.98997
0.261246,0.429367,9.99831
0.212448,0.315109,9.91737
0.198166,0.0401764,9.70909
0.291,0.106827,9.80312
0.370743,0.335342,9.93642
0.235062,0.457932,9.95308
0.219589,0.25798,9.85548
0.205307,0.228226,9.73766
0.248154,0.354385,9.83763
0.262436,0.601944,9.96855
0.363602,0.501968,10.034
0.229111,0.25798,9.86382
0.281479,0.166336,9.78407
0.314804,0.298447,9.83049
0.306473,0.528152,9.96141
0.249344,0.44841,9.96736
0.266006,0.169907,9.74004
0.210068,0.158005,9.69719
0.198166,0.410324,9.8662
0.171982,0.661453,10.0531
0.15889,0.555527,9.94356
0.283859,0.265121,9.8293
0.282669,0.12944,9.73052
0.177933,0.459122,9.88405
0.236252,0.712631,10.084
0.285049,0.560288,9.95546
0.191025,0.32106,9.80907
0.277908,0.123489,9.69362
0.335037,0.428177,9.96379
0.306473,0.57814,9.98283
0.293381,0.556717,9.98283
0.241013,0.419846,9.88405
0.208878,0.261551,9.68291
0.232681,0.38295,9.72218
0.231491,0.57695,9.92451
0.156509,0.563858,9.8412
0.231491,0.343674,9.82335
0.270767,0.199661,9.67696
0.181503,0.413895,9.8293
0.217209,0.595993,9.9507
0.198166,0.657883,9.9876
0.276718,0.471024,9.82216
0.282669,0.484116,9.85548
0.330276,0.716202,9.95546
0.179123,0.914963,10.0923
0.0886688,0.595993,9.8531
0.219589,0.394852,9.61983
-0.0315399,0.666214,9.67696
0.110092,1.16252,9.671
0.262436,1.75999,9.56151
0.255295,2.38841,9.16161
0.575455,2.93233,8.70458
1.092,4.10228,8.119
1.28362,5.5186,7.82384
2.16078,8.92967,2.60487
1.97273,8.71425,1.66939
2.17744,8.78447,1.49205
2.37383,8.79042,1.00645
2.33217,9.0844,0.406601
2.47023,9.08559,-0.196823
2.43095,9.18437,-0.43367
2.49165,8.95229,-0.152786
2.8987,8.85707,-0.301559
2.86299,9.11891,-0.603867
2.69756,9.19151,-1.14659
2.72731,9.05226,-1.33583
2.73088,9.10939,-1.12636
2.80705,9.33791,-1.29179
2.77373,9.5569,-1.40724
2.66661,9.52834,-1.27632
2.82967,9.85207,-0.853806
3.03438,10.0425,-0.699081
3.16411,9.78422,-0.459854
3.07603,9.3391,-0.321793
3.07842,9.58308,0.59346
3.20338,10.0056,1.50157
3.10698,9.65688,1.8015
2.70827,8.46431,1.54918
2.36192,8.75352,2.28828
2.23933,10.0235,3.63557
2.23695,10.6935,4.11998
2.59877,9.41884,4.09856
2.23338,6.92897,3.32018
2.06914,5.57692,3.68556
1.76564,7.00752,6.18257
2.10365,8.14891,8.04402
2.00963,7.35863,7.69887
1.99178,4.27486,6.39204
1.17293,1.85283,6.44917
0.80159,1.56361,7.61794
0.823013,1.92543,8.70338
0.41716,1.43031,8.77956
0.0422516,0.471024,9.06282
0.283859,-0.197861,9.17708
0.404068,-0.00505066,9.34846
-0.114853,0.00804138,9.53532
-0.16008,0.231796,10.0507
0.293381,-0.0717011,10.4196
0.579025,-0.429947,10.2518
0.430252,-0.19072,10.159
0.16127,-0.446609,9.98045
0.243393,-0.722733,10.0542
0.590927,-0.83461,10.1435
0.508804,-1.02266,9.9864
0.173172,-1.10716,9.79836
0.307663,-0.894119,9.96379
0.492142,-1.02266,9.96736
0.339798,-1.4178,9.49843
0.207687,-1.4416,9.58174
0.251724,-1.08217,9.92451
0.344559,-0.563248,10.2066
0.329086,-0.752487,9.9626
0.194595,-1.21785,9.61269
0.260056,-1.43089,9.56984
0.281479,-1.07027,9.84596
0.318375,-0.807236,10.0304
0.276718,-0.746536,9.91499
0.249344,-1.04646,9.76027
0.202927,-1.38329,9.6841
0.300522,-1.09169,9.88405
0.262436,-0.804855,9.93761
0.131516,-0.839371,9.93999
0.187454,-1.03813,9.8174
0.346939,-1.13335,9.83049
0.396927,-0.884598,10.0221
0.245773,-0.96315,9.92928
0.238632,-1.0536,9.90666
0.296951,-0.890549,9.96379
0.385025,-0.859604,10.0507
0.333847,-0.989334,9.85072
0.273148,-0.913162,9.95427
0.337418,-0.931015,10.0209
0.412399,-0.877457,10.0435
0.394547,-0.870316,9.91023
0.292191,-0.978622,9.77931
0.3517,-0.920303,9.76622
0.389786,-0.806046,9.88643
0.345749,-0.744156,9.85905
0.35408,-0.789383,9.7924
0.313614,-0.798904,9.72456
0.28743,-0.739395,9.81383
0.342178,-0.664413,9.98402
0.358841,-0.728684,9.9138
0.313614,-0.909592,9.81978
0.338608,-0.920303,9.87096
0.3517,-0.922684,9.88762
0.374313,-0.889359,9.88405
0.370743,-0.982193,9.85191
0.340988,-1.01314,9.82692
0.35289,-0.83342,9.93761
0.331467,-0.683456,9.96379
0.385025,-0.70726,9.91261
0.348129,-0.860794,9.81859
0.360031,-0.864365,9.90785
0.267197,-0.694168,9.91142
0.255295,-0.727493,9.89833
0.252914,-0.802475,9.82097
0.331467,-0.815567,9.81978
0.360031,-0.823898,9.93047
0.357651,-0.77034,9.98402
0.388596,-0.926254,9.90309
0.291,-0.840561,9.87929
0.302902,-0.604904,9.94237
0.376694,-0.552536,9.90071
0.398117,-0.654892,9.9269
0.35527,-0.735825,9.85786
0.412399,-0.741776,9.90666
0.313614,-0.690598,9.74837
0.274338,-0.673935,9.72694
0.189835,-0.700119,9.68886
0.141037,-0.692978,9.72932
0.220779,-0.666794,9.88524
0.270767,-0.653702,9.94118
0.227921,-0.814377,9.7805
0.16008,-0.96077,9.65553
0.117233,-0.864365,9.72218
0.22554,-0.894119,9.86501
0.356461,-0.848892,10.0352
0.317184,-0.845322,9.99593
0.295761,-0.935776,9.85548
0.325516,-0.903641,9.86025
0.331467,-0.757248,9.94951
0.250534,-0.825089,9.92333
0.335037,-0.822708,9.91737
0.379074,-0.933395,9.87334
0.333847,-0.910782,9.86144
0.323135,-0.814377,9.90904
0.312424,-0.800095,10.0293
0.402878,-0.746536,10.1709
0.360031,-0.785812,10.0888
0.348129,-0.889359,10.0197
0.345749,-0.854843,9.94713
0.357651,-0.807236,10.0185
0.399307,-0.741776,10.0792
0.3517,-0.844131,9.90071
0.296951,-0.803665,9.84834
0.282669,-0.806046,9.79121
0.349319,-0.765579,9.88286
0.386215,-0.669174,9.86501
0.275528,-0.664413,9.86739
0.177933,-0.64537,9.81621
0.269577,-0.665604,9.81859
0.295761,-0.702499,9.83644
0.282669,-0.717972,9.85191
0.339798,-0.712021,9.89476
0.348129,-0.783432,9.91023
0.312424,-0.757248,9.87453
0.271957,-0.64061,9.92928
0.243393,-0.634659,9.97212
0.245773,-0.544205,9.97569
0.275528,-0.597763,9.91618
0.256485,-0.656082,9.7805
0.213638,-0.621567,9.80669
0.267197,-0.596573,9.8781
0.283859,-0.612045,9.89952
0.260056,-0.612045,9.86382
0.248154,-0.609665,9.77336
0.219589,-0.64537,9.82811
0.170792,-0.573959,9.83763
0.199356,-0.547775,9.86977
0.291,-0.653702,9.83049
0.242203,-0.732254,9.76027
0.271957,-0.844131,9.76265
0.275528,-0.702499,9.84477
0.323135,-0.562057,10.0364
0.251724,-0.525162,10.0281
0.263626,-0.615616,9.9138
0.213638,-0.671555,9.79598
0.216019,-0.648941,9.92094
0.243393,-0.594193,9.95189
0.285049,-0.633469,9.90904
0.239822,-0.660843,9.84596
0.251724,-0.600143,9.90547
0.274338,-0.623947,9.95546
0.22673,-0.593002,9.96974
0.256485,-0.566818,9.93761
0.273148,-0.607285,9.92928
0.248154,-0.654892,9.95784
0.282669,-0.587051,9.97569
0.275528,-0.663223,9.97688
0.296951,-0.6418,10.009
0.335037,-0.623947,9.92333
0.279099,-0.606094,9.90071
0.235062,-0.5811,9.83525
0.258865,-0.571579,9.7805
0.299332,-0.559677,9.89238
0.298141,-0.543014,9.9745
0.279099,-0.57991,9.86382
0.22316,-0.626328,9.77931
0.285049,-0.612045,9.86501
0.337418,-0.609665,9.86739
0.337418,-0.537064,9.91737
0.275528,-0.565628,9.81621
0.217209,-0.638229,9.74837
0.22316,-0.573959,9.81383
0.251724,-0.5811,9.7924
0.263626,-0.629898,9.83287
0.230301,-0.551346,9.9019
0.241013,-0.456131,9.92213
0.268387,-0.622757,9.74718
0.230301,-0.715591,9.57698
0.187454,-0.804855,9.46272
0.169601,-0.852463,9.33299
0.076767,-0.96434,9.1747
0.00654602,-1.10954,8.93071
-0.00535583,-1.36186,8.78551
-0.0886688,-1.49159,8.65935
-0.0291595,-1.65941,8.65221
-0.0684357,-2.13191,8.49153
0.113663,-2.72581,8.2892
0.266006,-3.31972,8.24397
0.442154,-3.73271,8.32848
0.905136,-3.64583,8.97475
1.17888,-3.26735,9.80193
1.10152,-2.86864,10.5315
1.22649,-3.06621,11.0528
1.67281,-3.14833,11.6955
2.05367,-2.65083,12.2323
1.92751,-2.4973,12.2882
1.90489,-2.31044,12.9488
2.50356,-2.07835,13.0511
3.10817,-1.91173,12.8678
3.13316,-1.42732,12.9143
3.10222,-0.971481,13.1249
3.55806,-0.427567,13.2285
3.81038,0.0496979,13.0249
3.62947,0.682877,12.9916
3.71635,1.48387,13.332
3.85561,2.1956,13.2237
3.66875,2.5229,12.6215
3.48427,2.53123,12.1573
3.43309,2.87639,11.8883
3.20934,3.20726,11.5336
2.95106,3.18584,10.9659
2.52022,2.96327,10.3137
2.04533,2.83711,10.0281
1.78944,3.02397,9.70433
1.80968,3.15251,9.54604
1.455,3.20845,9.53532
1.09438,3.18584,9.22707
0.823013,3.11919,8.55818
0.429062,2.77879,8.16899
0.255295,2.93828,7.77861
0.181503,2.97041,7.36681
-0.22316,2.60622,6.79195
-0.581406,2.4265,6.22899
-1.0551,2.16347,5.84456
-1.60616,2.37294,5.72673
-2.03938,2.36223,5.75053
-1.99892,2.41698,5.46965
-1.93108,2.02303,5.19948
-2.45476,1.41841,4.68651
-2.76183,1.07326,4.57225
-2.56544,1.21013,4.58772
-2.67613,0.876877,4.81862
-3.3105,0.559097,4.92693
-3.4807,0.467453,4.84718
-3.24623,-0.0145721,4.63295
-3.50807,-0.915543,4.39967
-3.45451,-1.1274,5.50655
-3.11055,-0.343063,6.6515
-3.91869,-0.0859833,6.4099
-4.20314,-1.56776,5.86717
-3.34145,-2.25688,6.36348
-3.1534,-1.48564,8.04997
-3.40572,-1.50111,8.27849
-3.19267,-3.28639,7.69649
-2.88084,-4.20879,8.13448
-2.51665,-2.99718,9.76027
-2.62257,-1.93434,10.6172
-2.7166,-3.06978,10.3446
-2.19768,-3.88625,10.4577
-1.78706,-4.56465,10.7791
-2.31313,-4.65511,10.6946
-2.52022,-3.86839,11.4837
-1.78349,-2.94362,12.6643
-1.41573,-3.25188,12.6786
-1.28242,-3.89339,12.1454
-0.7397,-3.91957,12.0573
-0.395737,-2.87935,13.0059
-0.319565,-2.145,12.9892
-0.0363007,-2.33543,12.3108
0.368362,-2.45326,12.2347
0.634964,-1.95576,12.4679
0.508804,-1.09288,12.4275
0.586166,-0.681076,12.0799
0.842056,-0.702499,11.83
1.0063,-0.70726,11.6527
1.02534,-0.723923,11.3099
1.13841,-0.1931,11.2135
1.04558,0.388901,11.1766
0.99678,0.860214,11.3123
1.13365,0.645981,11.0314
1.20863,0.311539,10.5113
1.3336,0.278214,10.2435
1.20863,0.25441,10.0066
1.01582,0.430557,10.0483
1.06105,0.237747,9.87691
1.06462,-0.112167,9.52937
1.03487,-0.300217,9.36751
0.808731,-0.200241,9.31157
0.681381,-0.434708,9.50795
0.614731,-0.727493,9.38536
0.429062,-0.884598,9.32823
0.390976,-0.976242,9.4532
0.437393,-0.907211,9.66148
0.426682,-0.752487,9.81859
0.375504,-0.959579,9.85429
0.238632,-1.26665,9.81502
0.390976,-1.19405,9.96617
0.477859,-1.14168,9.99117
0.35051,-1.26546,10.0566
0.338608,-1.32735,9.94475
0.368362,-1.27617,9.92333
0.291,-1.23689,9.95546
0.242203,-1.21785,9.98045
0.261246,-1.20476,9.88048
0.219589,-1.20238,9.84239
0.22316,-1.14644,9.95784
0.22554,-1.09645,9.87453
0.237442,-1.15596,9.85429
0.236252,-1.29164,9.7924
0.292191,-1.1024,9.9388
0.339798,-0.985764,9.91261
0.242203,-1.05836,9.91618
0.320755,-0.994095,9.93166
0.332657,-1.03694,9.80431
0.187454,-1.10002,9.74123
0.252914,-1.17857,9.86977
0.250534,-1.12383,9.87334
0.296951,-1.09407,9.85429
0.28981,-1.23094,9.72932
0.252914,-1.28331,9.78169
0.319565,-0.988144,10.0352
0.381454,-1.006,10.0447
0.299332,-1.14406,9.91618
0.317184,-1.24284,9.89595
0.329086,-1.42375,9.74837
0.260056,-1.28569,9.84001
0.196976,-1.07384,9.93166
0.244583,-1.11787,9.90428
0.251724,-1.17143,9.81383
0.262436,-1.20357,9.83049
0.264816,-1.12263,9.86262
0.211258,-1.05836,9.85191
0.196976,-1.02147,9.8412
0.22435,-1.08098,9.77812
0.22316,-1.05479,9.80193
0.218399,-1.02147,9.91261
0.308853,-1.09288,9.97331
0.368362,-1.51659,9.76384
0.329086,-1.31783,9.84239
0.233871,-1.27141,9.95546
0.283859,-1.24522,9.93047
0.270767,-1.3571,9.80073
0.326706,-1.3452,9.87572
0.270767,-1.2119,9.96022
0.261246,-1.20119,9.93285
0.244583,-1.34877,9.78407
0.214828,-1.37019,9.74361
0.177933,-1.1393,9.94356
0.194595,-1.12621,9.97926
0.212448,-1.30235,9.85072
0.22435,-1.37972,9.83406
0.285049,-1.25594,9.85667
0.217209,-1.15477,9.9269
0.16127,-1.28926,9.80907
0.186264,-1.33449,9.79359
0.266006,-1.15834,9.87691
0.249344,-1.15477,9.87453
0.16008,-1.12502,9.79955
0.179123,-1.20357,9.87453
0.227921,-1.19643,9.88524
0.28981,-1.21666,9.87215
0.283859,-1.27498,9.88643
0.216019,-1.31664,9.85786
0.298141,-1.30235,9.84953
0.262436,-1.22142,9.87572
0.279099,-1.21904,9.9138
0.245773,-1.25117,9.92333
0.242203,-1.29402,9.90904
0.231491,-1.29997,9.82811
0.196976,-1.31664,9.91737
0.105331,-1.22142,9.95903
0.187454,-1.22856,10.0162
0.152939,-1.2845,9.85905
0.106522,-1.38448,9.75908
0.0624847,-1.48564,9.73647
0.089859,-1.3083,9.81978
0.131516,-1.22737,9.93999
0.0720062,-1.22261,9.77931
0.076767,-1.15358,9.73289
0.120804,-1.0536,9.80073
0.131516,-1.00838,9.82811
0.0410614,-1.06432,9.80907
0.106522,-1.17619,9.75194
0.16246,-1.36067,9.71861
0.111282,-1.31783,9.87096
0.0636749,-1.27498,9.97807
0.102951,-1.394,9.90904
0.106522,-1.5392,9.89833
0.131516,-1.62846,9.87096
0.100571,-1.38329,9.99117
0.105331,-1.36186,9.93642
0.057724,-1.47612,9.8055
0.125565,-1.43446,9.84358
0.149368,-1.10954,9.9269
0.111282,-0.984573,9.98402
0.104141,-1.08098,9.91975
0.0850983,-1.20714,9.78169
0.0601044,-1.17857,9.73052
-0.0196381,-1.00362,9.79716
0.0136871,-1.04051,9.94951
0.0374908,-1.25832,9.86501
0.104141,-1.39281,9.80312
0.141037,-1.41542,9.82335
0.0862885,-1.45589,9.93047
0.148178,-1.45351,9.98879
0.0827179,-1.47612,9.96736
0.057724,-1.36781,9.92333
-0.00178528,-1.26189,9.83644
-0.0279694,-1.32973,9.9388
0.0696259,-1.35353,9.84596
0.107712,-1.30116,9.75789
0.100571,-1.20595,9.58412
0.0839081,-0.902451,9.53056
0.177933,-0.679886,9.41155
0.185074,-0.427567,9.2711
0.16127,0.0151825,9.00807
0.379074,0.163956,8.80574
0.593307,0.211563,8.65578
0.720657,0.518631,8.79741
0.924179,0.976852,9.11281
1.09676,1.28987,9.27705
1.14555,1.29939,9.51033
1.09438,1.37914,9.80669
1.25029,1.39699,10.153
1.4062,1.17442,10.3875
1.4193,0.76857,10.4827
1.75612,0.659073,10.9933
2.31551,0.0877838,11.3016
2.95464,-0.692978,11.2123
3.12364,-1.25951,11.611
3.21291,-1.30116,12.1811
3.2498,-1.24879,12.6572
3.05104,-1.97838,12.5477
2.93678,-2.29735,12.6691
2.76302,-1.7939,13.1154
2.70708,-1.69511,13.3403
2.67375,-2.37709,13.2773
2.95821,-3.5768,12.6203
2.67256,-3.55537,12.7179
2.06914,-3.2852,12.8548
1.94417,-3.64107,12.7726
1.97154,-4.16951,12.1085
1.73946,-4.59084,11.542
1.21815,-4.28615,11.4539
1.067,-4.0493,11.2373
0.819443,-3.92314,10.9088
0.382645,-4.3159,10.2863
0.0779572,-4.18379,9.66386
-0.314804,-3.49467,9.4651
-0.573074,-3.03288,9.21159
-0.884903,-2.91386,8.72481
-1.2372,-3.14119,7.79051
-1.75017,-3.3828,7.00618
-2.08223,-2.76985,6.8705
-2.10841,-2.21999,6.89192
-2.21315,-2.03194,6.66936
-2.54164,-1.91887,6.15877
-2.9225,-1.75343,5.96477
-3.28313,-1.07384,5.71245
-3.59496,-0.569199,5.8279
-3.6628,-0.281174,6.00404
-3.74968,-0.163345,5.84456
-3.91393,0.0449371,5.61247
-3.70802,0.406754,5.56963
-3.53426,0.501968,5.66841
-3.52235,0.352005,5.61128
-3.44142,0.665024,5.70531
-3.57591,1.2744,6.03261
-3.36406,1.71596,6.48369
-2.99153,2.0623,6.52177
-2.93678,2.59908,6.98595
-3.17006,2.79665,6.80147
-2.92369,2.80736,6.72292
-2.5833,2.50029,6.69911
-2.40358,2.64073,7.3192
-2.06676,3.11681,7.53224
-2.03819,3.48933,7.77861
-1.88823,3.20131,7.99879
-1.75374,3.17751,8.33205
-1.34669,3.22273,8.51057
-1.25862,3.01921,8.84264
-1.51689,2.59669,8.78789
-1.31813,2.42055,9.44011
-0.955124,2.74309,10.0959
-0.580215,3.06206,10.5208
-0.433823,2.88948,10.8231
-0.35527,2.38008,10.929
-0.185074,1.70644,10.7648
-0.00654602,1.69334,11.0695
-0.171982,1.70049,11.636
-0.038681,1.38747,12.1537
0.461197,1.15895,12.4715
0.631393,1.03398,12.5596
0.576645,1.11729,12.312
0.539749,0.901871,12.0835
0.583786,0.863785,11.8669
0.694473,0.363907,11.436
0.60997,0.0068512,11.0457
0.344559,-0.551346,10.5577
0.446915,-0.881027,10.466
0.723038,-0.475174,10.7434
0.435013,-0.222855,10.9076
0.22435,-0.552536,10.7422
0.294571,-0.996475,10.5946
0.373123,-1.10597,10.6172
0.346939,-0.879837,10.7969
0.220779,-0.478745,10.8338
0.136276,-0.732254,10.766
0.249344,-0.908401,10.91
0.369553,-1.00719,10.7279
0.251724,-1.49159,10.6196
0.0981903,-1.24522,10.7207
0.0315399,-1.11073,10.7624
0.00654602,-1.16667,10.4768
0.0553436,-1.37852,10.2363
-0.0981903,-1.46184,10.0852
-0.174362,-1.43922,9.88405
-0.0922394,-1.59276,9.74123
-0.155319,-1.67964,9.50795
-0.201736,-1.42851,9.55794
-0.131516,-1.30592,9.47701
-0.243393,-1.13692,9.52104
-0.326706,-0.860794,9.54604
-0.276718,-0.441849,9.71385
-0.208878,-0.659653,9.7317
-0.249344,-0.607285,9.76027
-0.135086,-0.396622,9.96498
-0.106522,-0.0836029,10.1149
-0.113663,-0.13002,10.0685
-0.136276,-0.354965,9.91261
0.00535583,-0.647751,9.76265
-0.0398712,-0.391861,9.96022
-0.101761,0.00447083,10.0685
-0.0172577,-0.0895538,10.0828
-0.070816,-0.253799,9.96617
-0.0636749,-0.290695,9.74837
-0.138657,-0.156204,9.82216
-0.193405,0.00209045,9.91142
-0.0910492,-0.0705109,9.93166
-0.0208282,-0.229996,9.82573
-0.127945,-0.364487,9.7317
-0.150558,-0.264511,9.86858
-0.164841,-0.180008,9.88643
-0.0612946,-0.220474,9.87929
-0.0803375,-0.293076,9.86501
-0.112473,-0.381149,9.89238
-0.121994,-0.331161,10.0293
-0.0862885,-0.233566,10.0221
-0.132706,-0.155014,9.96855
-0.212448,-0.302597,9.79716
-0.152939,-0.464462,9.80312
-0.175552,-0.518021,9.66624
-0.237442,-0.370438,9.81502
-0.239822,-0.300217,9.90071
-0.264816,-0.433517,9.83049
-0.299332,-0.488266,9.84477
-0.306473,-0.381149,9.91023
-0.227921,-0.160965,10.0542
-0.220779,-0.0467072,10.1935
-0.170792,-0.25499,10.1352
-0.118423,-0.431137,10.0233
-0.127945,-0.421616,10.0114
-0.194595,-0.409714,9.92928
-0.230301,-0.554916,9.81859
-0.242203,-0.658462,9.71028
-0.281479,-0.650131,9.73052
-0.28862,-0.462082,9.84001
-0.317184,-0.374008,9.93047
-0.260056,-0.337112,9.91618
-0.217209,-0.363297,10.0043
-0.229111,-0.357346,10.0602
-0.369553,-0.218094,9.95784
-0.296951,-0.370438,9.95665
-0.264816,-0.363297,9.91618
-0.360031,-0.407333,9.88048
-0.356461,-0.456131,9.75313
-0.279099,-0.444229,9.74837
-0.264816,-0.351395,9.81621
-0.336227,-0.272842,9.8055
-0.325516,-0.176437,9.88881
-0.291,-0.334732,9.85667
-0.325516,-0.473984,9.83644
-0.337418,-0.377579,9.83406
-0.329086,-0.349014,9.88405
-0.292191,-0.496597,9.97331
-0.375504,-0.671555,9.78883
-0.35527,-0.457321,9.92333
-0.302902,-0.357346,10.1054
-0.201736,-0.235947,10.1649
-0.0970001,-0.308548,10.0638
-0.0850983,-0.271652,10.0483
-0.0791473,-0.293076,10.0269
-0.164841,-0.377579,9.83287
-0.258865,-0.354965,9.73766
-0.294571,-0.38472,9.72337
-0.257675,-0.337112,9.70671
-0.245773,-0.327591,9.72813
-0.321945,-0.269272,9.86501
-0.294571,-0.0931244,10.0173
-0.28862,-0.0693207,10.0066
-0.207687,-0.247849,10.0304
-0.0850983,-0.262131,10.0281
-0.0886688,-0.12764,10.1661
-0.107712,-0.268082,10.0602
-0.0874786,-0.291885,9.97807
-0.0351105,-0.416855,9.92808
-0.0886688,-0.297836,9.98283
-0.149368,-0.203812,9.9507
-0.130325,-0.274033,9.87929
-0.0696259,-0.19548,9.9995
-0.194595,-0.145493,10.1161
-0.206497,-0.241898,10.0554
-0.207687,-0.221664,10.0519
-0.212448,-0.149063,9.99593
-0.22316,-0.113358,10.0126
-0.246964,-0.039566,9.9507
-0.299332,-0.090744,9.87691
-0.270767,-0.202621,9.70909
-0.392166,-0.38472,9.64006
-0.399307,-0.208572,9.71266
-0.387405,-0.0812225,9.71861
-0.337418,-0.105026,9.77217
-0.379074,-0.307358,9.76741
-0.469528,-0.268082,9.76741
-0.577835,-0.0705109,9.71028
-0.536179,-0.00267029,9.89595
-0.470718,-0.0371857,9.91261
-0.487381,-0.0883637,9.90071
-0.485001,-0.0728912,10.0221
-0.435013,-0.158585,9.94237
-0.333847,-0.32283,9.91023
-0.330276,-0.368057,9.95665
-0.349319,-0.279984,9.94594
-0.339798,-0.213333,10.0447
-0.420731,-0.201431,9.91142
-0.393356,-0.118118,9.94713
-0.388596,-0.0621796,9.84596
-0.348129,-0.134781,9.89357
-0.313614,-0.140732,10.0054
-0.241013,-0.0609894,10.0602
-0.231491,-0.108597,10.0233
-0.28624,-0.106216,9.99235
-0.282669,-0.0526581,9.94713
-0.192215,-0.114548,10.0031
-0.232681,0.00209045,9.9876
-0.218399,-0.0788422,9.83406
-0.242203,-0.0336151,9.78288
-0.220779,-0.0764618,9.82573
-0.212448,-0.0574188,9.79598
-0.175552,-0.0098114,9.85786
-0.256485,0.0163727,9.82573
-0.280289,-0.045517,9.9388
-0.252914,-0.0121918,9.95427
-0.311234,0.0723114,9.91737
-0.312424,0.0592194,9.93523
-0.35051,0.0354156,9.93404
-0.292191,0.0782623,9.99117
-0.336227,0.158005,9.96855
-0.338608,0.152054,9.90071
-0.28981,0.0782623,9.92213
-0.237442,0.0949249,9.9269
