0.367172,0.788803,9.76146
0.340988,0.798325,9.78764
0.317184,0.829269,9.82097
0.336227,0.793564,9.89714
0.374313,0.712631,9.82097
0.400497,0.776901,9.78764
0.452866,0.786423,9.82097
0.460007,0.795944,9.7924
0.538559,0.791184,9.82811
0.54808,0.798325,9.77336
0.421921,0.974472,9.36394
0.462387,0.912582,9.30205
0.526657,0.891159,9.33775
0.517136,0.983994,9.36394
0.476669,1.03398,9.39726
0.488571,1.02922,9.45677
0.650436,0.922104,9.49248
0.743271,0.884018,9.51628
0.826584,0.829269,9.56151
0.826584,0.76738,9.59245
1.07414,0.724533,10.0519
1.10509,0.710251,10.0876
1.13603,0.679306,10.1233
1.10985,0.734055,10.0733
1.10271,0.698349,10.1328
1.1765,0.693588,10.0995
1.18126,0.681686,10.0304
1.03368,0.691208,9.95903
1.01463,0.684067,9.85905
0.962265,0.719772,9.85191
0.883713,0.788803,9.85667
0.859909,0.772141,9.87572
0.752792,0.717392,9.84001
0.669479,0.64122,9.78764
0.700424,0.555527,9.81621
0.683762,0.607895,9.83525
0.690903,0.712631,9.81859
0.686142,0.64122,9.70433
0.8004,0.657883,9.69243
0.862289,0.629318,9.87334
1.00511,0.181808,10.1518
0.857529,0.165146,10.2185
0.809921,0.105637,10.2923
0.795639,0.0913544,10.3566
0.764694,0.203232,10.3589
0.726608,0.410324,10.3018
0.657578,0.600754,10.3661
0.631393,0.841171,10.3589
0.629013,0.874496,10.178
0.524277,0.812607,10.0804
0.67186,0.629318,9.68529
0.878952,0.474594,9.671
1.02415,0.374619,9.59245
0.997971,0.348434,9.57579
0.99321,0.431747,9.65196
0.957504,0.536484,9.70909
1.01701,0.57933,9.73766
1.02653,0.51268,9.65434
0.974167,0.476975,9.61864
0.869431,0.453171,9.60197
0.633774,0.874496,9.9019
0.700424,0.929245,9.91142
0.698044,0.953049,9.9138
0.693283,0.96019,9.87096
0.740891,0.8983,9.97569
0.726608,0.781662,10.0447
0.705185,0.788803,10.0304
0.693283,0.848312,10.0971
0.633774,0.872116,10.0923
0.529038,0.824509,10.0733
0.35051,0.57457,9.63054
0.457626,0.655502,9.64006
0.531418,0.667404,9.63292
0.526657,0.688828,9.74956
0.512375,0.524582,9.56865
0.445725,0.388901,9.56627
0.438583,0.367477,9.59245
0.555222,0.443649,9.6234
0.643295,0.467453,9.65434
0.67186,0.45079,9.67815
0.398117,0.738815,9.74004
0.362411,0.776901,9.65672
0.262436,0.838791,9.65434
0.171982,0.860214,9.61864
0.0981903,0.843552,9.6353
0.176743,0.70549,9.60197
0.281479,0.795944,9.75432
0.343369,0.89592,9.71623
0.398117,0.900681,9.78764
0.450485,0.941147,9.83049
0.390976,0.853073,9.79002
0.41716,0.772141,9.76384
0.457626,0.691208,9.86858
0.505234,0.729294,9.85667
0.531418,0.662643,9.87096
0.5457,0.731674,9.93047
0.576645,0.717392,9.90428
0.581406,0.774521,9.92571
0.626633,0.800705,9.90666
0.648056,0.855453,9.90904
0.633774,0.757858,9.9138
0.605209,0.700729,9.93761
0.60997,0.63884,9.92808
0.559982,0.572189,9.86382
0.533798,0.536484,9.85905
0.526657,0.645981,9.86144
0.457626,0.669785,9.79955
0.448105,0.653122,9.81621
0.440964,0.679306,9.77336
0.445725,0.743576,9.74242
0.590927,0.755478,9.79478
0.531418,0.645981,9.86144
0.509995,0.674545,9.75432
0.598068,0.657883,9.79002
0.564743,0.588852,9.77098
0.550461,0.562668,9.79716
0.645676,0.460312,9.81859
0.638535,0.38176,9.80193
0.590927,0.462692,9.91856
0.562363,0.474594,9.90666
0.443344,0.603134,9.8781
0.460007,0.657883,9.81145
0.490952,0.674545,9.95189
0.538559,0.610275,9.92333
0.550461,0.600754,9.89476
0.536179,0.57933,9.87572
0.536179,0.612656,9.8662
0.488571,0.607895,9.94475
0.529038,0.555527,9.87096
0.536179,0.595993,9.84953
0.555222,0.417465,9.7805
0.507614,0.441269,9.83049
0.509995,0.415085,9.81859
0.476669,0.415085,9.8781
0.488571,0.581711,9.85191
0.469528,0.634079,9.84715
0.462387,0.645981,9.81859
0.498093,0.636459,9.81383
0.471909,0.657883,9.82573
0.431442,0.660263,9.86382
0.517136,0.362717,9.82335
0.464767,0.415085,9.85667
0.426682,0.365097,9.7924
0.460007,0.343674,9.8662
0.490952,0.31749,9.73052
0.486191,0.391281,9.77098
0.474289,0.353195,9.78288
0.395737,0.393661,9.78764
0.376694,0.426987,9.74004
0.388596,0.422226,9.76384
0.393356,0.398422,9.98521
0.386215,0.429367,10.0281
0.450485,0.403183,9.98521
0.429062,0.472214,9.95427
0.402878,0.436508,10.0185
0.467148,0.434128,9.97093
0.424301,0.412704,10.0233
0.424301,0.298447,9.91142
0.383835,0.327011,9.94475
0.369553,0.376999,9.93761
0.379074,0.393661,9.88762
0.312424,0.334152,9.86382
0.402878,0.277023,9.87096
0.393356,0.31749,9.83525
0.367172,0.348434,9.79478
0.326706,0.403183,9.84953
0.336227,0.462692,9.83763
0.340988,0.529343,9.83525
0.279099,0.44841,9.75194
0.229111,0.441269,9.83287
0.343369,0.305588,9.74718
0.345749,0.286545,9.79002
0.362411,0.227036,9.7567
0.340988,0.217514,9.70671
0.386215,0.277023,9.81859
0.307663,0.291306,9.76384
0.345749,0.303207,9.77336
0.395737,0.346054,9.82097
0.395737,0.348434,9.96617
0.410019,0.260361,9.91618
0.298141,0.260361,9.82335
0.291,0.32225,9.81145
0.283859,0.327011,9.7567
0.262436,0.315109,9.85429
0.243393,0.25322,9.7924
0.302902,0.212753,9.78526
0.291,0.303207,9.83287
0.28862,0.410324,9.85429
0.345749,0.346054,9.89476
0.410019,0.296066,9.92808
0.348129,0.186569,9.85667
0.379074,0.169907,9.86144
0.295761,0.210373,9.83763
0.343369,0.150864,9.80669
0.367172,0.179428,9.82335
0.343369,0.217514,9.79478
0.331467,0.262741,9.82811
0.367172,0.353195,9.86144
0.362411,0.372238,9.89
0.293381,0.269882,9.89714
0.35527,0.18895,9.86144
0.331467,0.146103,9.80907
0.317184,0.103256,9.93047
0.383835,0.0413666,9.91142
0.433823,0.131821,9.93761
0.393356,0.088974,9.9019
0.35527,0.12468,9.88762
0.317184,0.19371,9.89476
0.302902,0.110397,9.88762
0.333847,0.0128021,9.79716
0.250534,0.198471,9.95427
0.321945,0.172287,10.0971
0.393356,0.0199432,9.98283
0.440964,-0.0728912,9.94951
0.410019,-0.0014801,10.0304
0.424301,0.186569,10.0661
0.452866,0.18895,10.1637
0.421921,0.167526,10.0757
0.448105,0.0865936,10.0971
0.471909,0.0128021,10.0447
0.333847,-0.0562286,9.9876
0.312424,-0.0110016,10.0757
0.35051,0.0508881,10.078
0.367172,0.0651703,10.0947
0.35289,-0.0705109,10.0423
0.293381,-0.199051,9.9995
0.260056,-0.196671,9.93047
0.193405,-0.0871735,10.0995
0.267197,-0.0229034,10.1352
0.321945,0.100876,10.1352
-0.0279694,-1.36543,10.0043
0.0243988,-1.25594,9.91856
-0.0970001,-0.656082,9.15685
0.317184,-2.68416,9.37108
-0.166031,-2.66274,8.72362
-0.406448,-3.00075,8.68553
0.0124969,-3.57442,8.31895
-0.456436,-5.80244,7.62151
-0.173172,-6.80934,6.52653
-0.446915,-7.57582,6.39323
-1.34193,-9.68483,0.147141
-1.46333,-10.0871,-0.245621
-1.88942,-10.1133,-0.795486
-2.14888,-9.85146,-0.943069
-1.98225,-9.64674,-1.82857
-2.06795,-9.53725,-1.88094
-2.26552,-9.15163,-2.49745
-2.14174,-8.80647,-3.00923
-2.02748,-8.99452,-3.48293
-2.07271,-9.37538,-3.53529
-1.93703,-10.318,-3.49721
-1.88466,-10.5822,-3.39247
-1.83943,-10.6489,-3.42818
-1.9156,-10.7798,-3.44484
-1.79897,-11.2464,-3.05922
-1.82991,-11.2606,-3.02351
-1.83943,-11.1416,-2.7093
-1.72041,-10.7869,-2.13087
-1.61092,-10.3442,-1.51198
-1.35384,-9.91811,-0.774063
-0.35408,-6.99739,4.86742
-0.0351105,-6.27376,5.91716
-0.239822,-5.30019,6.40514
-0.299332,-4.67177,6.86217
0.440964,-4.16713,7.51439
0.424301,-3.71248,7.96904
-0.0279694,-3.26735,8.40465
0.205307,-3.46492,6.92406
0.550461,-3.48396,7.90239
0.745651,-1.50825,8.44511
0.786118,-0.437088,8.73076
0.767075,0.955429,10.2542
1.0313,2.65263,11.3158
0.914658,3.00969,11.8824
0.912277,2.87639,12.2394
0.871811,2.27415,11.592
0.914658,1.12206,10.8041
0.814682,0.353195,10.178
0.645676,0.212753,9.94475
0.567123,0.303207,9.64482
0.476669,0.431747,9.90428
0.526657,0.479355,9.83287
0.505234,0.6436,9.81383
0.500473,0.660263,9.80907
0.588547,0.693588,9.74956
0.605209,0.605514,9.85191
0.667099,0.465073,9.84953
0.598068,0.303207,9.85667
0.595688,0.272263,9.71147
0.579025,0.315109,9.74242
0.621872,0.410324,9.85429
0.595688,0.38652,9.8662
0.60759,0.486496,9.92571
0.559982,0.541245,9.95427
0.562363,0.631699,9.99235
0.571884,0.63884,10.04
0.490952,0.531723,9.97569
0.54332,0.457932,9.89238
0.619492,0.374619,9.88286
0.586166,0.281784,9.74242
0.524277,0.25322,9.85667
0.521896,0.365097,9.89
0.462387,0.498398,9.93285
0.505234,0.569809,9.99235
0.571884,0.498398,10.09
0.555222,0.391281,9.96617
0.5457,0.267502,9.93047
0.586166,0.210373,9.89
0.488571,0.205612,9.79955
0.500473,0.217514,9.72575
0.526657,0.236557,9.74004
0.600449,0.227036,9.89238
0.567123,0.327011,9.94237
0.488571,0.376999,10.009
0.524277,0.346054,10.0019
0.412399,0.246078,9.91142
0.436203,0.19371,9.88286
0.498093,0.18895,9.87096
0.507614,0.265121,9.84239
0.571884,0.246078,9.86144
0.524277,0.284164,9.82335
0.61235,0.246078,9.82097
0.60759,0.25322,9.97331
0.60997,0.184189,9.93999
0.721848,0.0199432,9.84239
0.726608,-0.039566,9.84477
0.764694,0.0270844,9.91856
0.724228,0.117538,9.98997
0.702805,0.150864,9.96617
0.664719,0.19371,9.91142
0.762314,0.526962,9.72337
0.769455,0.498398,9.69719
0.728989,0.479355,9.6591
0.688522,0.396042,9.6353
0.702805,0.379379,9.63768
0.707565,0.277023,9.70671
0.726608,0.286545,9.70671
0.752792,0.336533,9.71147
0.752792,0.286545,9.66386
0.728989,0.286545,9.79716
0.636154,0.457932,9.87096
0.633774,0.548386,9.88762
0.636154,0.484116,9.84239
0.579025,0.476975,9.92808
0.552841,0.467453,9.78526
0.588547,0.410324,9.82811
0.659958,0.374619,9.83287
0.67662,0.372238,9.82335
0.588547,0.391281,9.85429
0.640915,0.431747,9.88286
0.652817,0.5103,9.93761
0.633774,0.474594,10.0019
0.714706,0.429367,9.95427
0.712326,0.32225,9.88762
0.712326,0.2556,9.84715
0.648056,0.279404,9.82335
0.640915,0.160385,9.78288
0.650436,0.243698,9.80193
0.702805,0.293686,9.83763
0.783737,0.38176,9.86382
0.809921,0.57933,9.76384
0.848007,0.526962,9.76384
0.781357,0.557907,9.78526
0.764694,0.569809,9.78764
0.788498,0.5103,9.80431
0.828964,0.457932,9.85191
0.876572,0.405563,9.87572
0.807541,0.443649,9.89714
0.781357,0.560288,9.88762
0.859909,0.548386,10.0138
0.99321,0.726913,10.009
1.03368,0.584091,9.94237
0.986069,0.57933,9.85429
0.938461,0.665024,9.8781
0.897995,0.6436,9.89
0.843246,0.6436,9.76384
0.824203,0.531723,9.74004
0.748032,0.629318,9.6591
0.750412,0.660263,9.56627
0.724228,0.626938,9.78288
0.498093,0.25798,9.72337
0.407639,0.284164,9.6353
0.321945,0.25798,9.70433
0.376694,0.310349,9.77336
0.455246,0.38652,9.81859
0.457626,0.474594,9.76384
0.405258,0.541245,9.71623
0.326706,0.693588,9.71147
0.402878,0.665024,9.64006
0.41716,0.814987,9.71385
0.633774,0.750717,10.09
0.562363,0.698349,9.93999
0.605209,0.679306,9.92808
0.721848,0.695969,10.009
0.786118,0.822128,10.1066
0.750412,0.83403,10.0328
0.631393,0.83641,9.92094
0.569504,0.907822,9.88286
0.631393,0.926865,9.81383
0.645676,0.974472,9.77574
0.743271,0.938766,9.71147
0.769455,0.938766,9.74242
0.809921,0.948288,9.83763
0.690903,0.993515,9.64482
0.629013,0.967331,9.67577
0.540939,0.912582,9.69481
0.569504,1.0078,9.71385
0.60997,1.06731,9.80431
0.626633,1.06017,9.73527
0.555222,1.08159,9.80907
0.343369,1.08397,9.92808
0.257675,0.953049,9.82335
0.236252,0.919724,9.75908
0.195786,0.972092,9.93285
0.183884,1.08159,9.86858
0.302902,1.09111,9.94713
0.41954,1.11491,9.97331
0.440964,1.11491,9.94713
0.424301,1.10539,9.93523
0.360031,1.10777,9.97093
0.324326,1.06255,9.84477
0.345749,0.888779,9.80907
0.388596,0.848312,9.83525
0.450485,0.936386,9.85667
0.512375,0.96019,9.91856
0.531418,0.96257,9.8662
0.54808,0.922104,9.88762
0.574264,0.795944,9.89476
0.593307,0.684067,9.84715
0.564743,0.805466,9.82097
0.495712,0.70311,9.79002
0.429062,0.779282,9.69243
0.581406,0.774521,9.75432
0.576645,0.788803,9.74242
0.557602,0.800705,9.69957
0.505234,0.879257,9.76384
0.412399,0.924484,9.73052
0.393356,0.957809,9.72337
0.433823,0.929245,9.671
0.490952,0.841171,9.64006
0.402878,0.843552,9.69243
0.48381,0.850693,9.66863
0.555222,0.824509,9.671
0.657578,0.817368,9.71147
0.617111,0.891159,9.7448
0.462387,0.874496,9.74242
0.400497,0.850693,9.70433
0.495712,0.800705,9.76384
0.552841,0.755478,9.74956
0.581406,0.795944,9.68767
0.398117,1.04112,9.99235
0.443344,0.983994,10.0328
0.555222,0.945908,9.96855
0.567123,1.02208,10.0352
0.559982,1.06731,10.0304
0.531418,0.998276,9.99712
0.562363,0.981613,10.009
0.638535,0.96019,9.97807
0.61235,0.96257,9.96141
0.529038,1.01494,9.89476
0.117233,1.07683,9.58769
0.195786,1.09825,9.61388
0.381454,1.10301,9.58293
0.450485,1.17442,9.57817
0.402878,1.08873,9.58769
0.336227,1.04588,9.57103
0.386215,1.01732,9.63292
0.436203,1.0197,9.69957
0.445725,1.01018,9.66863
0.490952,0.988754,9.68529
0.255295,1.14824,9.78764
0.229111,1.06493,9.71861
0.293381,1.11491,9.71385
0.374313,1.10777,9.74956
0.345749,1.153,9.79478
0.298141,1.17442,9.88048
0.276718,1.14586,9.84001
0.245773,1.10063,9.79478
0.276718,1.13872,9.89476
0.312424,1.17918,9.90428
0.60997,1.153,10.0114
0.614731,1.03398,9.94237
0.559982,0.931625,9.82097
0.564743,0.891159,9.80193
0.507614,0.924484,9.89238
0.471909,0.8983,9.69719
0.402878,1.07445,9.85905
0.426682,1.10539,9.91142
0.405258,1.11967,10.0019
0.312424,1.21489,9.98521
0.712326,2.08372,9.80907
1.03606,2.63835,9.77812
0.869431,2.96208,9.80193
1.00987,3.25963,9.41393
1.14555,3.23106,8.74266
1.24553,3.50719,8.46416
1.57878,4.33318,8.12376
1.76683,4.46172,7.61674
1.75731,4.8759,7.01451
1.6859,5.7852,6.79314
2.15245,7.17296,3.81053
2.32146,7.85612,3.41301
2.45238,8.61308,3.18449
2.1834,8.96776,2.69176
1.90965,9.32719,2.27043
1.79301,9.08916,2.22282
1.68352,8.99156,1.92052
1.67876,8.92253,1.74199
1.7097,8.95824,1.80864
1.93822,9.01299,1.56584
2.03819,8.87968,-0.331314
1.93346,9.01537,-0.412247
1.87633,9.42479,-0.388443
1.85014,9.77708,-0.424149
1.90251,9.70329,-0.459854
1.8549,9.54143,-0.397964
1.92632,9.28673,-0.364639
2.03105,9.3629,-0.231339
2.15007,9.52477,-0.0480499
2.18101,9.61522,0.166183
2.22624,9.27721,2.27281
2.15721,9.54143,2.67271
2.09532,9.85564,3.16307
2.13103,9.93419,3.50346
1.93822,9.42003,3.34874
1.93108,8.74638,3.5963
1.85252,7.92754,3.95573
1.99297,7.27055,4.26042
1.90251,6.35173,4.83647
1.72636,5.90184,4.87218
1.62163,6.23271,4.91978
1.48119,6.99443,5.33397
1.55022,7.71568,5.91478
1.54784,8.33458,6.38133
1.71446,7.23961,6.82646
1.67162,6.39934,7.03831
1.52403,5.09251,6.62413
1.44786,3.66191,6.60985
1.25743,3.17394,6.47893
1.06462,3.70952,7.20494
0.529038,2.74785,9.45201
0.824203,3.58336,10.1423
1.01225,3.97374,10.4732
0.890854,3.65715,10.378
0.567123,2.41222,9.83525
0.41478,1.02208,9.34727
0.210068,0.179428,8.93071
-0.0136871,-0.534683,8.89977
0.133896,-0.720352,8.9926
0.1577,-0.0371857,9.36632
0.169601,0.700729,9.98045
0.219589,1.0435,10.2256
0.383835,0.864975,10.2494
0.555222,0.434128,10.3589
0.681381,0.0199432,10.4113
0.876572,-0.315689,10.2233
0.762314,-0.413284,10.2471
0.659958,-0.413284,10.159
0.517136,-0.406143,10.2042
0.626633,-0.508499,10.2042
0.790878,-0.184769,9.93047
0.759934,-0.0919342,10.0638
0.788498,-0.0990753,10.0804
0.807541,-0.0609894,9.98045
0.774216,-0.203812,9.88524
0.812302,-0.299026,9.94951
0.881332,-0.410904,9.90666
0.914658,-0.427567,9.93999
0.886093,-0.260941,9.95665
0.893234,-0.013382,10.0876
0.881332,-0.263321,9.57103
0.783737,-0.232376,9.67577
0.733749,-0.0824127,9.77098
0.73613,-0.0324249,9.77336
0.762314,-0.0324249,9.95665
0.707565,0.0318451,9.88286
0.752792,0.0413666,9.96617
0.774216,0.0128021,9.85905
0.776596,-0.139542,9.85429
0.774216,-0.351395,9.70433
0.740891,0.0651703,9.72099
0.836105,-0.0443268,9.78764
0.990829,-0.184769,9.79955
1.0313,-0.180008,9.81859
1.00749,-0.132401,9.94951
1.05272,-0.220474,9.99235
0.962265,-0.299026,9.88048
0.86705,-0.270462,9.75432
0.881332,-0.19191,9.69481
0.852768,-0.151443,9.72099
0.719467,0.141342,9.97569
0.73851,0.169907,9.98045
0.719467,0.293686,10.0709
0.850388,0.360336,10.0757
0.86705,0.25798,10.0971
0.807541,0.0318451,9.94237
0.759934,-0.0657501,9.84953
0.731369,0.0675507,9.7805
0.707565,0.0128021,9.77574
0.695663,0.0556488,9.82097
0.781357,-0.137161,9.79955
0.838486,-0.120499,9.79716
0.850388,-0.0538483,9.91618
0.838486,-0.0538483,9.9138
0.731369,0.0199432,9.93523
0.690903,0.088974,9.85905
0.655197,0.0556488,9.79478
0.67662,0.122299,9.81859
0.714706,0.0794525,9.95903
0.717087,0.103256,9.94237
0.683762,-0.0014801,9.69005
0.724228,-0.141922,9.7448
0.762314,-0.096695,9.82811
0.755173,-0.0205231,9.85429
0.762314,-0.0014801,9.73766
0.769455,0.0723114,9.80431
0.719467,0.153244,9.85191
0.731369,0.115158,9.89476
0.759934,0.0675507,9.91142
0.73851,0.0651703,9.7567
0.759934,0.0913544,9.86858
0.750412,0.212753,9.89238
0.767075,0.262741,9.93285
0.767075,0.341293,10.0352
0.8004,0.312729,10.059
0.826584,0.229416,9.99235
0.850388,0.024704,9.88524
0.790878,-0.0538483,9.82573
0.790878,-0.0728912,9.72337
0.788498,-0.0728912,9.71861
0.702805,0.148483,9.83287
0.733749,0.215134,9.85191
0.702805,0.286545,9.84239
0.705185,0.243698,9.89476
0.709946,0.186569,9.85905
0.67186,0.229416,9.7448
0.681381,0.117538,9.77574
0.669479,0.0675507,9.7448
0.733749,0.19371,9.7448
0.755173,0.217514,9.6591
0.728989,0.184189,9.69005
0.833725,0.0746918,9.68529
0.857529,0.0580292,9.78764
0.819443,-0.0229034,9.79716
0.814682,0.150864,9.8781
0.757553,0.158005,9.94713
0.831345,0.131821,9.87096
0.783737,0.12468,9.7805
0.712326,0.138962,9.74004
0.752792,0.115158,9.76622
0.769455,0.0294647,9.81383
0.812302,0.0913544,9.88286
0.819443,0.177048,9.90428
0.745651,0.167526,9.93523
0.664719,0.205612,9.92333
0.659958,0.25798,9.97807
0.645676,0.210373,9.88048
0.745651,0.155624,9.88286
0.745651,0.19371,9.82573
0.740891,0.155624,9.9019
0.621872,0.165146,9.81621
0.636154,0.12468,9.82573
0.679001,0.148483,9.83287
0.774216,0.069931,9.79716
0.819443,0.122299,9.86144
0.845627,0.262741,9.89238
0.814682,0.243698,9.91856
0.762314,0.262741,9.93047
0.659958,0.288925,9.86382
0.633774,0.231796,9.83763
0.769455,0.172287,9.81145
0.73851,0.184189,9.85905
0.719467,0.25798,9.96141
0.712326,0.243698,9.81859
0.719467,0.177048,9.73527
0.717087,0.172287,9.78288
0.721848,0.12706,9.84239
0.733749,0.141342,9.84953
0.705185,0.148483,9.69243
0.683762,0.238937,9.671
0.679001,0.291306,9.7567
0.695663,0.38414,9.85905
0.774216,0.429367,9.88524
0.819443,0.372238,9.93047
0.790878,0.250839,9.9138
0.764694,0.215134,9.80193
0.781357,0.238937,9.82573
0.778976,0.138962,9.79478
0.776596,0.19371,9.79716
0.733749,0.200851,9.80669
0.709946,0.229416,9.77574
0.717087,0.2556,9.76146
0.740891,0.331772,9.81383
0.750412,0.272263,9.82811
0.707565,0.334152,9.9138
0.67662,0.312729,9.84239
0.702805,0.248459,9.83049
0.698044,0.167526,9.72099
0.740891,0.160385,9.76384
0.733749,0.281784,9.69005
0.719467,0.2556,9.85191
0.750412,0.286545,9.88524
0.831345,0.329391,9.91618
0.819443,0.32225,9.96617
0.771835,0.274643,9.88048
0.733749,0.186569,9.93285
0.731369,0.217514,9.86382
0.728989,0.277023,9.78764
0.686142,0.31987,9.78764
0.843246,0.293686,9.95903
0.905136,0.274643,10.0138
0.952744,0.217514,9.97331
0.902756,0.212753,9.94237
0.840866,0.274643,9.82097
0.826584,0.207993,9.84477
0.890854,0.158005,9.91618
0.969406,0.219894,9.93285
0.978928,0.284164,9.91142
0.988449,0.327011,9.90666
0.978928,0.224655,9.85667
1.00987,0.105637,9.80431
0.945602,0.0913544,9.7686
0.817062,0.184189,9.67339
0.728989,0.169907,9.72813
0.679001,0.205612,9.80431
0.771835,0.329391,9.7805
0.740891,0.288925,9.77336
0.790878,0.305588,9.84715
0.778976,0.32225,9.86858
0.745651,0.0961151,9.72575
0.73613,0.143723,9.74956
0.73613,0.227036,9.83287
0.67424,0.284164,9.89476
0.633774,0.267502,9.81145
0.67186,0.181808,9.83763
0.650436,0.19133,9.79955
0.602829,0.165146,9.76146
0.662338,0.205612,9.85905
0.712326,0.284164,9.80431
0.750412,0.343674,9.84477
0.688522,0.307968,9.80669
0.679001,0.246078,9.72337
0.679001,0.186569,9.70671
0.67662,0.117538,9.60912
0.664719,0.0913544,9.58769
0.659958,0.160385,9.55675
0.695663,0.069931,9.52104
0.648056,-0.0490875,9.36632
0.638535,-0.25856,9.19969
0.788498,-1.47969,8.79265
0.681381,-1.52016,8.95451
0.717087,-1.45827,9.04259
0.840866,-1.50111,9.07829
0.895615,-1.6606,8.99022
1.00749,-1.78676,9.16399
1.0313,-2.02003,9.13066
1.11461,-2.1581,9.21874
1.09319,-2.0724,9.45915
1.1884,-2.07716,9.64244
2.19292,-2.07716,11.3777
2.27147,-2.01527,11.6443
2.42381,-1.9391,11.8919
2.54759,-1.90102,11.8229
2.59044,-1.88435,11.8157
2.64995,-1.83199,11.9633
2.85704,-1.62489,12.1704
3.00938,-1.25356,12.4751
3.19505,-0.908401,12.4798
3.22124,-0.687027,12.4394
3.23076,-0.44899,12.337
3.14507,-0.277603,12.4537
3.18315,-0.182388,12.5584
3.2379,-0.0348053,12.7179
3.38786,0.269882,12.8321
3.57115,0.598373,12.9393
3.70921,0.919724,12.8131
3.69017,1.10301,12.587
3.52116,1.08635,12.3132
3.41405,1.09587,11.9609
2.91179,2.06944,11.3944
3.00224,1.98613,11.2778
2.97844,2.18132,11.1064
2.73802,2.55504,11.0373
2.56664,2.8026,10.9945
2.39525,2.97636,10.8017
2.24528,3.27867,10.7969
2.16673,3.38341,10.7469
2.15959,3.68333,10.785
2.02391,3.86186,10.6684
1.80016,3.84996,10.5137
1.5764,3.71904,10.0947
1.35027,3.48814,9.80669
1.23601,3.32628,9.49724
1.01463,3.31914,9.18065
0.933701,3.40959,9.01878
0.793259,3.49052,8.82121
0.579025,3.54765,8.73076
0.393356,3.56908,8.45225
0.188644,3.64287,8.19518
-1.29909,2.84306,6.59795
-1.40858,2.60979,6.6765
-1.47762,2.67406,6.63365
-1.47524,2.73357,6.64793
-1.50856,2.78831,6.65031
-1.68471,2.72404,6.47655
-1.8799,2.5598,6.4099
-2.10603,2.29796,6.31468
-2.07033,2.15752,6.23613
-1.94893,2.09563,6.29088
-1.93703,2.06944,6.4099
-1.93941,1.8933,6.30992
-2.15126,1.79808,6.12187
-2.31075,1.80522,6.13615
-2.45595,1.929,6.15044
-2.5345,1.92424,6.20757
-2.67732,2.02898,6.29088
-2.57497,1.90758,6.23375
-2.76302,1.64812,6.13615
-2.89632,1.41722,6.18852
-2.91774,-0.141922,6.13853
-3.21291,-0.951248,5.75291
-3.57472,-1.38924,5.69102
-3.56044,-1.57252,5.96477
-3.37953,-1.19167,6.22899
-3.26527,-0.541824,6.69554
-3.20576,-0.00386047,7.18114
-3.40334,0.181808,7.4882
-3.64613,-0.351395,7.41203
-3.61281,-0.920303,7.58818
-3.24385,-1.6963,7.48106
-3.08437,-2.26997,7.31444
-2.95345,-2.66512,7.51439
-2.94154,-2.61751,7.78337
-2.96297,-2.26759,8.15947
-3.13673,-1.98195,8.4832
-3.33192,-2.0486,8.65459
-3.37953,-2.55324,8.68077
-3.18672,-2.91029,9.03783
-2.86775,-3.09834,9.34489
-1.77992,-2.93172,11.0326
-2.14174,-3.30782,10.8564
-2.29646,-3.30544,10.7969
-2.19173,-2.97456,11.2468
-1.75374,-2.40327,11.9038
-1.40144,-1.90578,12.1561
-1.24672,-1.72963,12.1442
-1.18245,-1.84627,11.9276
-1.02534,-2.03194,11.4587
-0.851578,-2.23427,11.4039
-0.592117,-2.53419,11.542
-0.427872,-2.60799,11.5444
-0.385025,-2.61751,11.611
-0.668289,-2.23189,11.8133
-0.849197,-1.71059,11.9347
-0.861099,-1.00124,11.88
-0.725418,-0.356155,11.9776
-0.392166,0.0580292,12.0157
-0.0351105,0.288925,11.98
0.207687,0.181808,11.88
0.424301,0.0223236,11.2611
0.276718,-0.146683,11.2063
0.293381,-0.158585,11.1659
0.507614,-0.0419464,11.2278
0.648056,0.277023,11.2944
0.771835,0.612656,11.3682
0.809921,0.645981,11.2278
0.67424,0.412704,11.0088
0.602829,0.0961151,10.7184
0.557602,-0.139542,10.4946
0.559982,-0.199051,10.3994
0.60997,-0.203812,10.4089
0.721848,-0.199051,10.3518
0.757553,-0.189529,10.3613
0.752792,-0.0657501,10.3232
0.662338,0.00804138,10.2923
0.61235,-0.184769,10.2661
0.617111,-0.294266,10.159
0.631393,-0.370438,10.1019
0.640915,-0.439468,10.2161
0.652817,-1.56062,9.54961
0.629013,-1.46303,9.55437
0.590927,-1.16786,9.6591
0.519516,-0.967911,9.86382
0.512375,-0.929825,9.9876
0.538559,-1.03456,9.87096
0.540939,-1.14644,9.8662
0.498093,-1.12025,9.78288
0.54808,-1.32497,9.72337
0.60997,-1.63441,9.66624
0.581406,-1.81056,9.53056
0.488571,-1.71535,9.49248
0.48381,-1.40828,9.671
0.450485,-1.1512,9.66624
0.412399,-0.984573,9.83525
0.41478,-0.948868,9.98521
0.462387,-0.972672,9.83049
0.505234,-1.18214,9.80431
0.54332,-1.33925,9.74004
0.579025,-1.46779,9.72575
0.555222,-1.47017,9.70671
0.533798,-1.32735,9.83049
0.460007,-1.19405,9.82097
0.424301,-1.21785,9.82811
0.293381,-1.2964,9.76384
0.238632,-1.37972,9.73527
0.276718,-1.40114,9.66148
0.310043,-1.22261,9.62102
0.291,-1.13216,9.73052
0.307663,-1.13216,9.85191
0.402878,-1.07265,9.94951
0.362411,-1.07265,9.91142
0.450485,-1.17738,9.92808
0.436203,-1.26308,9.92094
0.471909,-1.29402,9.93999
0.450485,-1.2726,9.89714
0.471909,-1.28212,10.0519
0.514755,-1.31068,10.0019
0.54332,-1.36543,9.93999
0.562363,-1.30116,9.93285
0.60759,-1.19643,9.93999
0.617111,-1.25117,9.99235
0.593307,-1.2845,9.89714
0.462387,-1.23927,9.80193
0.388596,-1.12978,9.81145
0.471909,-1.08217,9.86144
0.431442,-1.06313,9.92094
0.460007,-1.08693,9.82097
0.476669,-1.07979,9.77336
0.509995,-1.175,9.7567
0.576645,-1.14168,9.85191
0.533798,-1.0536,9.88524
0.512375,-1.13454,9.86382
0.505234,-0.848892,9.95189
0.495712,-0.929825,9.94237
0.54332,-1.00124,9.8781
0.526657,-1.04408,9.8781
0.54808,-1.02028,9.79478
0.460007,-1.06313,9.77098
0.460007,-1.13454,9.66863
0.505234,-0.996475,9.65434
0.431442,-0.858414,9.73052
0.538559,-0.698929,9.83287
0.557602,-0.665604,9.91856
0.61235,-0.691788,9.98521
0.648056,-0.672745,10.009
0.640915,-0.808426,9.96855
0.669479,-0.982193,9.75908
0.636154,-0.903641,9.83287
0.631393,-0.83461,9.96379
0.669479,-0.83223,9.94237
0.762314,-0.760818,10.0209
0.648056,-0.751297,10.0304
0.54332,-0.739395,9.92094
0.54808,-0.822708,9.8781
0.557602,-0.827469,9.94713
0.621872,-0.891739,9.85667
0.593307,-0.917923,9.85905
0.562363,-0.994095,9.77574
0.488571,-1.10835,9.72337
0.440964,-0.925064,9.77098
0.495712,-0.753677,9.84953
0.536179,-0.687027,9.90428
0.524277,-0.682266,9.94951
0.521896,-0.682266,9.8781
0.569504,-0.727493,9.87096
0.586166,-0.856033,9.87334
0.600449,-0.89888,9.84477
0.662338,-0.996475,9.87096
0.583786,-0.958389,9.85429
0.569504,-0.865555,9.95427
0.593307,-0.796524,9.91618
0.60759,-0.839371,9.88524
0.514755,-0.851273,9.8662
0.490952,-0.872696,9.86144
0.424301,-0.796524,9.7805
0.400497,-0.83461,9.74718
0.436203,-0.817947,9.78764
0.436203,-0.841751,9.77812
0.35527,-0.860794,9.71147
0.367172,-0.827469,9.72813
0.395737,-0.787003,9.84001
0.431442,-0.760818,9.84715
0.464767,-0.794144,9.78764
0.448105,-0.856033,9.8781
0.519516,-0.884598,9.88048
0.619492,-1.04884,9.84715
0.590927,-1.0179,9.77812
0.574264,-1.07741,9.83287
0.54808,-1.06313,9.8781
0.455246,-0.920303,9.80907
0.457626,-0.941727,9.87096
0.464767,-0.858414,9.88524
0.48381,-0.710831,9.84715
0.443344,-0.715591,10.0661
0.407639,-0.753677,9.89714
0.460007,-0.808426,9.85191
0.424301,-0.932205,9.92571
0.426682,-0.8965,9.82811
0.410019,-0.851273,9.84001
0.440964,-0.889359,9.85429
0.429062,-0.734634,9.86858
0.474289,-0.684647,10.04
0.452866,-0.701309,9.93047
0.400497,-0.744156,9.82811
0.395737,-0.815567,9.79716
0.455246,-0.822708,9.94475
0.474289,-0.822708,9.90904
0.490952,-0.858414,9.89476
0.533798,-0.891739,9.83049
0.569504,-0.860794,9.85429
0.526657,-0.872696,9.85191
0.445725,-0.870316,9.79716
0.469528,-0.844131,9.89238
0.48381,-0.787003,9.88762
0.455246,-0.806046,9.93047
0.445725,-0.825089,9.86144
0.41478,-0.853653,9.89714
0.383835,-0.889359,9.94713
0.386215,-0.906021,9.82097
0.338608,-0.848892,9.84715
0.317184,-0.89888,9.87572
0.438583,-0.83699,9.92094
0.445725,-0.808426,9.92094
0.433823,-0.784622,9.97331
0.407639,-0.784622,9.9138
0.343369,-0.779861,9.98521
0.41954,-0.789383,9.99474
0.41716,-0.844131,9.95427
0.338608,-0.806046,9.83525
0.35051,-0.758438,9.82811
0.407639,-0.827469,9.73766
0.383835,-0.8965,9.76622
0.400497,-0.813187,9.86382
0.367172,-0.722733,9.86144
0.429062,-0.732254,9.94713
0.529038,-0.796524,9.89238
0.493332,-0.760818,9.89952
0.429062,-0.763199,9.91618
0.357651,-0.820328,9.81859
0.362411,-0.827469,9.9138
0.314804,-0.83223,9.81621
0.310043,-0.925064,9.71385
0.383835,-0.891739,9.79002
0.369553,-0.817947,9.85429
0.362411,-0.789383,9.78764
0.310043,-0.70845,9.74956
0.269577,-0.696548,9.83287
0.329086,-0.739395,9.85191
0.312424,-0.777481,9.88048
0.276718,-0.777481,9.83525
0.274338,-0.751297,9.80907
0.267197,-0.70607,9.89476
0.283859,-0.687027,9.89714
0.324326,-0.672745,9.94713
0.298141,-0.672745,9.96141
0.271957,-0.667984,9.94951
0.269577,-0.629898,9.92571
0.295761,-0.70369,9.92571
0.362411,-0.820328,9.85429
0.336227,-0.787003,9.85667
0.340988,-0.801285,9.89238
0.35527,-0.877457,9.89952
0.381454,-0.891739,9.84715
0.324326,-0.827469,9.88762
0.381454,-0.701309,9.91618
0.35527,-0.696548,9.81621
0.283859,-0.758438,9.86858
0.300522,-0.813187,9.96617
0.319565,-0.865555,9.8781
0.41478,-0.829849,9.94713
0.410019,-0.820328,9.96379
0.405258,-0.758438,9.9876
0.443344,-0.763199,9.94475
0.338608,-0.748917,9.88048
0.331467,-0.739395,9.91142
0.231491,-0.739395,9.88762
0.195786,-0.765579,9.84477
0.200546,-0.76796,9.78288
0.269577,-0.817947,9.8662
0.293381,-0.810806,9.80907
0.333847,-0.746536,9.77812
0.231491,-0.653702,9.82573
0.267197,-0.653702,9.89714
0.214828,-0.689407,9.83049
0.376694,-0.698929,9.92094
0.367172,-0.787003,9.92333
0.300522,-0.787003,9.92094
0.317184,-0.787003,9.91856
0.345749,-0.665604,9.95903
0.348129,-0.63942,9.95427
0.312424,-0.677505,9.9876
0.345749,-0.725113,9.93999
0.329086,-0.77272,9.95665
0.329086,-0.76796,9.98997
0.338608,-0.798904,10.0638
0.310043,-0.83223,10.0162
0.374313,-0.851273,10.0495
0.388596,-0.886978,10.0471
0.369553,-0.860794,10.0019
0.333847,-0.915543,9.95427
0.28862,-0.889359,9.84001
0.207687,-0.779861,9.88286
0.16246,-0.746536,9.80669
0.141037,-0.741776,9.67815
0.28624,-0.077652,9.0164
0.374313,0.103256,9.08781
0.464767,0.177048,9.10686
0.471909,0.38414,9.27348
0.562363,0.546005,9.31395
0.559982,0.603134,9.25206
0.626633,0.419846,9.17589
0.783737,0.405563,9.29253
0.814682,0.536484,9.28538
0.843246,0.760239,9.35442
0.793259,0.991135,9.34727
0.852768,1.21965,9.48058
0.984879,1.33153,9.49486
0.906326,1.29106,9.43416
0.953934,1.93019,9.79478
1.16579,2.2682,9.9388
1.41335,2.24321,10.1994
1.82396,2.2206,10.7553
1.91441,2.1111,10.9897
1.84062,1.85878,11.2004
2.34169,1.06493,11.5824
3.00462,0.83641,11.9693
3.17125,0.951859,12.4358
3.15221,0.18895,12.6369
3.02843,-1.28331,12.5929
2.98082,-1.04646,13.1106
2.98082,-0.701309,13.7307
2.79872,-1.15715,13.6581
2.79872,-1.86769,13.4855
2.73802,-2.52705,13.1559
2.63686,-2.30211,13.1344
2.55235,-2.17714,13.0702
2.47023,-2.67226,12.7179
2.11198,-3.67082,11.8633
1.61687,-4.10524,11.2397
1.08247,-3.34947,11.0088
0.762314,-2.71867,11.2004
0.471909,-2.90553,10.6053
0.0696259,-4.29805,9.671
-0.131516,-4.75746,9.03188
-0.464767,-3.52205,9.07591
-0.724228,-2.8365,9.05806
-1.12175,-2.89482,8.47249
-1.28719,-3.67439,7.74171
-1.33003,-3.78984,7.04784
-1.58949,-2.9829,6.83836
-1.98821,-2.04027,6.68602
-2.53093,-1.44399,6.62294
-2.71779,-1.48564,6.53487
-2.47499,-1.37376,6.38371
-2.73921,-0.591812,6.34444
-3.11769,0.0544586,6.14091
-2.85347,0.425797,6.17781
-2.78087,0.297256,5.79933
-3.38905,-0.19548,5.1483
-3.35454,0.133011,5.38991
-3.12007,1.29701,5.7672
-3.02129,1.92543,5.91716
-2.88203,1.75285,5.90883
-2.82848,1.73619,5.9005
-1.18245,2.94304,9.17232
-1.25981,2.35271,9.21516
-1.28362,2.54909,10.0721
-1.02177,3.31319,10.6422
-0.964645,3.15013,10.666
-1.19792,2.36104,10.5589
-0.955124,1.82545,10.9302
-0.427872,2.27534,11.5848
-0.588547,2.31819,11.6931
-0.700424,1.84212,11.6479
-0.230301,1.40175,11.761
0.269577,0.549576,11.6884
0.0601044,0.269882,11.4313
-0.135086,0.102066,11.1933
0.000595093,0.292496,11.3075
0.219589,0.422226,11.6741
0.151749,-0.584671,11.2301
0.0839081,-1.45827,11.0278
0.401688,-1.9641,10.9219
0.302902,-1.20357,11.248
0.129135,-1.08098,11.1504
0.340988,-1.37138,11.2492
0.420731,-1.9998,11.1885
0.385025,-2.19737,10.7767
0.167221,-1.87245,10.4839
0.245773,-1.75938,10.6184
0.373123,-1.9641,10.478
0.439774,-2.15334,10.3494
0.448105,-2.20213,10.1899
0.382645,-1.97362,10.3185
0.525467,-1.80937,10.2816
0.457626,-2.14857,10.1161
0.395737,-2.0367,9.99712
0.41835,-1.71773,10.0376
0.383835,-1.39995,10.1292
0.469528,-1.52968,10.159
0.512375,-1.73558,9.98045
0.399307,-1.66298,9.8531
0.232681,-1.25356,9.82216
0.296951,-1.10359,9.94356
0.22673,-1.20357,9.84596
0.245773,-1.05717,9.84953
0.249344,-0.778671,9.86977
0.276718,-0.608475,10.015
0.339798,-0.720352,9.9507
0.267197,-0.752487,9.93404
0.388596,-0.816757,10.0007
0.430252,-0.921494,9.92571
0.395737,-1.06908,9.92571
0.401688,-1.0298,9.9388
0.405258,-0.848892,9.85072
0.456436,-0.738205,9.9019
0.329086,-0.76915,9.7924
0.264816,-0.746536,9.78288
0.294571,-0.607285,9.79716
0.177933,-0.45137,9.7567
0.217209,-0.562057,9.71266
0.343369,-0.756058,9.86739
0.370743,-0.720352,9.84001
0.411209,-0.688217,10.0138
0.375504,-0.909592,9.81026
0.3517,-1.04884,9.64125
0.367172,-0.745346,9.75432
0.47905,-0.762009,9.86858
0.54451,-0.876266,9.88762
0.530228,-0.878647,9.94713
0.448105,-0.878647,9.95427
0.405258,-0.83699,9.8412
0.398117,-0.822708,9.83882
0.475479,-0.750107,10.084
0.369553,-0.712021,10.0197
0.374313,-0.915543,9.87215
0.454056,-0.779861,9.88405
0.368362,-0.714401,9.92571
0.385025,-0.748917,9.88762
0.530228,-0.712021,10.015
0.470718,-0.831039,9.90666
0.407639,-0.813187,9.86739
0.440964,-0.744156,9.86977
0.432632,-0.811996,9.85429
0.458817,-0.869125,9.93523
0.494522,-0.739395,10.009
0.533798,-0.667984,10.1328
0.518326,-0.804855,9.97569
0.498093,-0.995285,9.81859
0.405258,-0.989334,9.74956
0.371933,-0.697739,9.85667
0.424301,-0.719162,9.97093
0.445725,-0.775101,9.94118
0.41835,-0.858414,9.84239
0.381454,-0.872696,9.76503
0.488571,-0.727493,9.81264
0.425491,-0.722733,9.8055
0.476669,-0.851273,9.78169
0.526657,-0.931015,9.78764
0.506424,-0.859604,9.81383
0.498093,-0.8358,9.81383
0.465958,-0.741776,9.72694
0.504044,-0.814377,9.8412
0.537369,-0.840561,9.93285
0.524277,-0.76915,9.94951
0.458817,-0.782242,9.99712
0.473099,-0.809616,9.90309
0.538559,-0.852463,9.85548
0.442154,-0.751297,9.87096
0.460007,-0.748917,9.97926
0.570694,-0.801285,10.0745
0.625443,-0.829849,9.98045
0.515945,-0.942917,9.92094
0.517136,-0.933395,9.86739
0.568314,-0.827469,10.0352
0.525467,-0.731064,10.034
0.502853,-0.882217,9.91975
0.521896,-0.995285,9.85667
0.517136,-0.917923,9.84001
0.498093,-0.728684,10.0102
0.449295,-0.725113,9.97926
0.456436,-0.931015,9.84953
0.460007,-0.877457,9.85548
0.431442,-0.83461,9.83049
0.532608,-0.903641,9.85429
0.468338,-0.96077,9.83049
0.538559,-0.910782,9.81502
0.531418,-0.873886,9.80193
0.431442,-0.948868,9.77217
0.439774,-0.8965,9.74718
0.387405,-0.781052,9.76622
0.41716,-0.687027,9.89595
0.439774,-0.732254,9.89357
0.429062,-0.821518,9.92213
0.536179,-0.801285,9.96022
0.506424,-0.766769,9.94594
0.475479,-0.906021,9.80312
0.462387,-0.89888,9.8412
0.531418,-0.788193,9.94951
0.502853,-0.784622,9.95784
0.458817,-0.796524,9.92333
0.432632,-0.76915,9.85191
0.486191,-0.725113,9.88881
0.463577,-0.814377,9.88405
0.501663,-0.866745,9.9507
0.513565,-0.806046,10.0304
0.468338,-0.748917,9.89595
0.41954,-0.859604,9.83644
0.370743,-0.852463,9.76027
0.465958,-0.710831,9.88048
0.505234,-0.709641,9.88167
0.475479,-0.873886,9.80788
0.465958,-0.728684,9.8174
0.433823,-0.76796,9.8007
0.474289,-0.907211,9.80431
0.461197,-0.872696,9.91499
0.367172,-0.903641,9.75551
0.41954,-0.790573,9.77693
0.504044,-0.823898,9.89952
0.399307,-0.813187,9.90785
0.440964,-0.753677,9.93047
0.485001,-0.861984,9.9388
0.437393,-0.844131,9.93642
0.411209,-0.822708,9.92333
0.382645,-0.807236,9.94832
0.412399,-0.804855,9.92451
0.488571,-0.8358,9.99593
0.489761,-0.854843,10.0031
0.41954,-0.986954,9.85786
0.399307,-0.878647,9.83049
0.371933,-0.815567,9.81621
0.375504,-0.796524,9.88167
0.385025,-0.845322,9.8662
0.368362,-0.840561,9.82335
0.385025,-0.875076,9.72694
0.356461,-0.760818,9.82335
0.400497,-0.647751,9.89238
0.387405,-0.886978,9.77217
0.463577,-0.952438,9.78764
0.41716,-0.788193,9.9019
0.430252,-0.794144,9.91499
0.451675,-0.845322,9.96617
0.437393,-0.816757,9.92808
0.394547,-0.766769,9.9138
0.383835,-0.70369,9.91737
0.433823,-0.764389,9.87453
0.488571,-0.851273,9.89595
0.424301,-0.847702,9.89476
0.468338,-0.766769,9.88762
0.444534,-0.734634,9.93285
0.499283,-0.728684,9.93642
0.504044,-0.857224,10.0054
0.411209,-0.803665,9.91023
0.395737,-0.688217,9.9102
0.358841,-0.76915,9.93047
0.35289,-0.664413,9.89595
0.421921,-0.825089,9.9019
0.477859,-0.90007,9.92094
0.41478,-0.817947,9.95427
0.371933,-0.696548,9.95546
0.349319,-0.826279,9.93404
0.385025,-0.956009,9.87215
0.380264,-0.914352,9.94237
0.370743,-0.687027,10.059
0.275528,-0.689407,9.92451
0.364792,-0.801285,9.9019
0.381454,-0.96553,9.85072
0.386215,-0.864365,9.90071
0.362411,-0.740585,9.92333
0.385025,-0.848892,9.85548
0.385025,-0.867935,9.85667
0.362411,-0.785812,9.81264
0.248154,-0.716782,9.7805
0.349319,-0.701309,9.837
0.442154,-0.710831,9.77931
0.41954,-0.798904,9.81264
0.307663,-0.792953,9.79716
0.339798,-0.816757,9.83882
0.387405,-0.76915,9.86977
0.396927,-0.729874,9.97688
0.399307,-0.850082,9.89595
0.396927,-0.847702,9.91142
0.293381,-0.77272,9.91261
0.312424,-0.76915,9.84239
0.367172,-0.758438,9.86262
0.375504,-0.731064,9.91023
0.462387,-0.726303,9.92333
0.35051,-0.745346,9.86262
0.362411,-0.717972,9.79716
0.318375,-0.478745,9.89
0.298141,-0.189529,10.0531
0.314804,-0.0169525,10.2732
0.410019,-0.304977,10.2732
0.574264,-0.851273,10.0304
0.582596,-2.13905,9.34013
0.00178528,-1.89626,8.29991
0.0327301,-4.64082,7.66911
0.00773621,-6.00002,7.12282
-0.0220184,-5.96431,7.26088
-0.0136871,-6.31184,6.66698
-0.376694,-6.96883,5.14592
-0.100571,-7.59129,3.63676
-0.280289,-10.218,1.08263
-0.874191,-10.2656,0.253067
-1.04439,-9.73839,-0.553879
-1.13484,-10.024,-1.88332
-1.51927,-10.0347,-2.84975
-1.68471,-9.58604,-3.34605
-1.68471,-9.25279,-3.88521
-1.57521,-9.15401,-5.0504
-1.77397,-9.62889,-5.13252
-2.05247,-9.78838,-5.27534
-2.231,-9.41823,-5.50862
-2.32741,-9.45274,-5.8145
-2.36192,-9.04332,-6.13704
-2.52141,-9.54201,-6.57265
-2.5833,-10.1621,-6.88805
-2.35121,-10.662,-6.48933
-2.17149,-10.8084,-5.69548
-1.99059,-10.6608,-4.79451
-1.84538,-10.318,-3.94829
-1.64186,-10.4418,-2.81047
-1.47643,-10.5251,-1.72026
-1.18245,-10.4799,-0.271805
-0.953934,-9.22542,1.30757
-0.733749,-7.6758,3.13332
-0.703995,-7.56154,3.74269
-0.881332,-7.8936,4.045
-0.442154,-6.50941,4.77101
0.201736,-3.32448,7.25612
-0.179123,-1.67369,8.61055
0.200546,-0.809616,9.5508
-0.256485,-0.174057,9.69957
-0.104141,0.543625,9.32228
0.248154,1.66597,9.95546
-0.0624847,2.35628,10.5767
-0.000595093,1.91353,10.2328
0.251724,1.48506,9.87334
0.192215,0.967331,9.69838
0.320755,0.838791,9.60792
0.464767,0.775711,9.80907
0.375504,0.712631,9.72694
0.254105,0.610275,9.84477
0.168411,0.360336,9.60554
0.216019,0.441269,9.69838
0.216019,0.550766,9.81145
0.196976,0.720962,9.82692
0.180313,0.669785,9.85429
0.267197,0.461502,9.63411
0.292191,0.70311,9.93761
0.317184,0.839981,10.1376
0.241013,0.757858,10.0507
0.180313,0.334152,9.76622
0.057724,0.148483,9.60078
0.143417,0.540054,9.8293
0.156509,0.543625,9.91618
0.175552,0.368668,10.065
0.248154,0.350815,10.0162
0.181503,0.422226,9.9388
0.135086,0.435318,9.78883
0.105331,0.534103,9.81264
0.144608,0.565048,9.97569
0.146988,0.541245,9.94356
0.185074,0.417465,9.8055
0.125565,0.366287,9.73052
0.131516,0.570999,9.78883
0.231491,0.653122,9.97212
0.211258,0.662643,9.90666
0.188644,0.567429,9.86025
0.22673,0.432938,9.7924
0.275528,0.609085,9.84834
0.237442,0.548386,9.8174
0.256485,0.419846,9.87334
0.244583,0.51387,9.83882
0.176743,0.481735,9.86858
0.145798,0.410324,9.87215
0.136276,0.498398,9.80788
0.102951,0.51268,9.81978
0.156509,0.484116,9.88167
0.183884,0.553146,9.96379
0.106522,0.503159,9.91142
0.138657,0.519821,9.83763
0.193405,0.471024,9.88405
0.195786,0.363907,9.83287
0.210068,0.38533,9.91499
0.145798,0.567429,9.93999
0.116043,0.601944,9.93047
0.118423,0.626938,9.85191
0.142227,0.504349,9.81978
0.15889,0.551956,9.91618
0.250534,0.666214,10.0078
0.217209,0.691208,9.89
0.183884,0.548386,9.76027
0.192215,0.407944,9.68291
0.235062,0.522202,9.89238
0.114853,0.559097,9.94594
0.149368,0.580521,9.85786
0.123184,0.620987,9.86739
0.144608,0.630508,9.95546
0.210068,0.572189,9.92571
0.154129,0.556717,9.94237
0.123184,0.585281,9.8174
0.104141,0.594803,9.79359
0.126755,0.692398,9.91499
0.0672455,0.718582,9.83049
0.119614,0.57933,9.79598
0.121994,0.503159,9.68886
0.107712,0.487686,9.76146
0.0910492,0.650742,9.86382
0.0601044,0.693588,9.9138
0.0660553,0.590042,9.8293
0.117233,0.588852,9.7805
0.0827179,0.676926,9.81145
0.15889,0.798325,9.89595
0.218399,0.734055,9.87453
0.0993805,0.680496,9.78883
-0.00416565,0.685257,9.7079
0.038681,0.762619,9.89
0.151749,0.722153,9.80431
0.163651,0.584091,9.81621
0.0874786,0.422226,9.7198
0.0993805,0.660263,9.81621
0.118423,0.584091,9.96379
0.076767,0.607895,9.92451
0.0791473,0.529343,9.89595
0.102951,0.566238,9.76979
0.0791473,0.64241,9.89119
0.0827179,0.600754,9.88762
0.188644,0.492447,9.84834
0.123184,0.609085,9.83644
0.0755768,0.819748,9.94951
0.0684357,0.70311,9.9269
0.243393,0.556717,9.94951
0.170792,0.618607,9.89476
0.0993805,0.743576,9.85429
0.0839081,0.580521,9.7686
0.121994,0.610275,9.76265
0.105331,0.751907,9.85429
0.176743,0.775711,9.96141
0.130325,0.738815,9.8662
0.108902,0.725723,9.80312
0.118423,0.837601,9.95427
0.0589142,0.76976,9.95546
0.00773621,0.688828,9.92333
0.0553436,0.893539,10.0661
0.114853,1.0685,10.2578
0.176743,1.05898,10.2399
0.124374,1.06493,10.184
0.0541534,1.01732,10.0792
-0.0422516,1.26488,10.1447
-0.0791473,1.57433,10.2387
0.0315399,1.71834,10.2578
-0.168411,1.44579,9.88524
-0.245773,1.07802,9.48772
0.188644,1.92186,9.64125
0.256485,3.01088,9.51271
0.233871,3.26915,8.99498
0.667099,3.70476,8.37013
0.971786,4.6938,8.06425
1.20744,5.34364,7.62508
1.3455,5.68999,7.00856
1.49785,6.39101,6.67055
1.47643,6.66356,6.08022
1.45024,6.9623,5.38396
1.50499,7.32649,4.91859
1.71089,7.40623,4.49608
1.79897,7.50383,4.00691
2.01439,7.98943,3.51418
2.02867,8.25484,2.97502
2.02748,8.58571,2.40492
2.09294,8.89754,2.04073
1.9525,9.1201,1.43492
1.81206,8.7928,0.964798
1.91798,8.63451,0.492294
2.05247,8.57976,0.203079
2.13579,8.37981,-0.480087
2.4381,8.95348,-0.527695
2.52736,9.62593,-0.4301
2.41072,10.1484,-0.397964
2.37025,9.85326,-0.640762
2.29884,8.99275,-1.29417
2.33098,8.99989,-1.59053
2.49998,8.98323,-1.30013
2.75468,9.0594,-1.24181
2.67851,9.36409,-1.01091
2.62972,9.48073,-0.68837
2.66423,9.51881,-0.339645
2.64876,9.46288,-0.120651
2.77135,9.80208,0.793411
2.82729,10.5983,1.29686
2.85109,10.4864,1.70271
2.61067,9.92943,1.71819
2.34526,9.7997,2.30257
2.10603,10.0746,3.15712
0.769455,1.74333,8.04997
0.921799,1.54219,8.62959
0.368362,2.33128,9.31395
0.35527,2.31819,9.78645
0.571884,1.8933,9.93523
0.485001,0.659073,9.43416
0.00297546,-0.0288544,9.21635
0.0803375,0.344864,9.82811
0.494522,0.874496,10.4065
0.581406,0.854263,10.4946
0.473099,0.398422,10.2709
0.436203,-0.0288544,10.0923
0.620682,0.158005,10.3137
0.67543,0.315109,10.4827
0.54213,0.0211334,10.3268
0.54808,0.0746918,10.1197
0.557602,0.159195,9.91499
0.534988,0.356766,10.0673
0.41835,0.134201,9.93761
0.317184,-0.0883637,9.77574
0.379074,0.0639801,9.81502
0.304092,0.405563,9.85429
0.180313,0.57695,9.86382
0.156509,0.504349,9.84001
0.163651,0.424606,9.80312
0.331467,0.285355,9.87215
0.454056,0.442459,9.84834
0.382645,0.359146,9.7198
0.305283,0.146103,9.57103
0.362411,0.141342,9.69124
0.324326,0.328201,9.76503
0.285049,0.444839,9.77336
0.301712,0.516251,9.79598
0.318375,0.597183,9.93642
0.437393,0.594803,10.0435
0.489761,0.437698,9.96141
0.371933,0.348434,9.84834
0.333847,0.437698,9.91499
0.382645,0.481735,9.87572
0.505234,0.375809,9.8293
0.487381,0.177048,9.75551
0.427872,0.199661,9.70314
0.485001,0.275833,9.76979
0.440964,0.305588,9.73885
0.375504,0.399612,9.78883
0.373123,0.64122,9.91142
0.443344,0.626938,9.99117
0.435013,0.526962,9.97212
0.475479,0.491257,9.96498
0.424301,0.503159,9.92808
0.41597,0.341293,9.87572
0.439774,0.206802,9.82811
0.369553,0.12944,9.63649
0.348129,0.361526,9.78288
0.323135,0.476975,9.96022
0.35408,0.466263,9.9876
0.364792,0.311539,9.95546
0.335037,0.297256,9.92333
0.319565,0.379379,9.84953
0.306473,0.350815,9.87691
0.321945,0.325821,9.87453
0.310043,0.307968,9.85667
0.374313,0.315109,9.89833
0.332657,0.31749,9.89
0.329086,0.334152,9.90309
0.282669,0.353195,9.88881
0.339798,0.356766,9.91737
0.392166,0.372238,9.91499
0.349319,0.401993,9.94951
0.342178,0.352005,10.009
0.448105,0.286545,9.88286
0.382645,0.32225,9.85429
0.296951,0.440079,9.88524
0.358841,0.424606,9.89714
0.385025,0.312729,9.83168
0.373123,0.359146,9.89476
0.313614,0.437698,9.86262
0.357651,0.482925,9.7924
0.361221,0.392471,9.71623
0.340988,0.410324,9.7567
0.356461,0.403183,9.87096
0.312424,0.405563,9.80431
0.346939,0.280594,9.79716
0.348129,0.397232,9.79598
0.371933,0.475784,9.93761
0.315994,0.499588,9.9864
0.35527,0.423416,9.96855
0.374313,0.392471,9.91618
0.377884,0.355576,9.86739
0.28862,0.506729,9.83168
0.258865,0.486496,9.88048
0.298141,0.435318,9.90547
0.362411,0.373428,9.8055
0.368362,0.365097,9.73409
0.283859,0.294876,9.69838
0.285049,0.442459,9.83644
0.360031,0.523392,9.92928
0.41478,0.44841,9.89476
0.312424,0.337723,9.80788
0.308853,0.302017,9.79478
0.400497,0.387711,9.96855
0.311234,0.419846,9.88762
0.282669,0.488876,9.91499
0.274338,0.424606,9.85786
0.331467,0.331772,9.84834
0.377884,0.315109,9.82811
0.320755,0.343674,9.79598
0.318375,0.306778,9.74956
0.301712,0.334152,9.79598
0.236252,0.501968,9.89357
0.314804,0.504349,9.8412
0.330276,0.32106,9.80073
0.260056,0.31987,9.7567
0.283859,0.4496,9.85667
0.312424,0.412704,9.89952
0.360031,0.418655,9.85072
0.295761,0.287735,9.82335
0.296951,0.378189,9.83763
0.248154,0.487686,9.87929
0.268387,0.498398,9.90309
0.379074,0.335342,9.87096
0.35408,0.362717,9.79121
0.264816,0.355576,9.83644
0.238632,0.422226,9.86025
0.344559,0.418655,9.89952
0.300522,0.388901,9.7805
0.302902,0.313919,9.73885
0.198166,0.346054,9.66386
0.220779,0.488876,9.81978
0.323135,0.525772,9.9864
0.311234,0.421036,9.89476
0.293381,0.292496,9.81145
0.305283,0.279404,9.89238
0.306473,0.423416,10.0114
0.332657,0.331772,9.94118
0.254105,0.31749,9.84001
0.211258,0.362717,9.92928
0.269577,0.497208,10.0173
0.342178,0.474594,9.96379
0.368362,0.316299,9.88762
0.269577,0.401993,9.85429
0.321945,0.357956,9.82097
0.346939,0.404373,9.85667
0.311234,0.411514,9.88048
0.307663,0.38295,9.86144
0.327896,0.417465,9.90309
0.408829,0.481735,9.91142
0.333847,0.44722,9.87215
0.298141,0.418655,9.8781
0.300522,0.443649,9.91499
0.340988,0.498398,9.88048
0.310043,0.378189,9.76146
0.325516,0.366287,9.77455
0.251724,0.361526,9.8781
0.292191,0.491257,9.89357
0.271957,0.437698,9.85072
0.325516,0.387711,9.80669
0.331467,0.286545,9.90071
0.318375,0.344864,9.89952
0.270767,0.424606,9.94713
0.155319,0.405563,9.9019
0.181503,0.409134,9.90785
0.260056,0.403183,9.87691
0.154129,0.401993,9.82454
0.150558,0.337723,9.89119
0.214828,0.409134,10.0114
0.22554,0.401993,9.94594
0.186264,0.300827,9.8662
0.219589,0.235367,9.83882
0.274338,0.266312,9.8043
0.164841,0.648361,9.71861
0.107712,0.436508,9.52699
0.0339203,0.0901642,9.21516
0.0232086,-0.106216,9.02354
-0.114853,-0.168106,8.84145
-0.0910492,-0.379959,8.726
-0.107712,-0.614426,8.71053
-0.148178,-1.07741,8.62602
-0.127945,-1.369,8.5558
0.044632,-1.45351,8.73314
0.179123,-1.61537,8.93071
0.358841,-1.71178,9.03545
0.41478,-1.87007,9.16399
0.540939,-2.06883,9.2473
0.712326,-2.0724,9.55556
0.861099,-2.11049,9.83882
1.01582,-1.93672,10.3756
1.17293,-1.66536,11.2123
1.5276,-1.37376,11.8467
1.66804,-1.46065,12.0918
3.41643,1.72191,12.6608
3.31169,2.32533,12.5025
3.10579,3.55956,12.5263
3.08437,3.80949,12.1787
2.644,3.38103,11.3837
2.24886,3.09895,10.7814
2.04414,3.26796,10.5815
1.79897,3.46434,10.3601
1.48476,3.50124,10.1507
1.26457,3.41911,9.79836
1.19435,3.13228,9.30086
0.857529,2.76689,8.92952
0.440964,2.48006,8.53914
0.125565,2.72166,8.26659
0.0886688,3.02754,8.08806
-0.281479,3.15965,7.55486
-0.728989,2.87996,7.25255
-1.14674,2.84663,6.75624
-1.4062,2.62645,6.43846
-1.74422,2.72881,6.35039
-1.97868,2.8633,6.35515
-2.40715,2.8383,6.12425
-2.46785,2.72524,6.0338
-2.43095,2.39912,6.1552
-2.74873,1.80522,5.76125
-3.02962,1.29225,5.51964
-3.23433,1.6255,5.66365
-3.05699,1.86235,5.92192
-3.1653,1.47554,5.88979
-3.74373,0.645981,5.68507
-3.92821,0.304398,5.72435
-3.54021,0.64122,6.20638
-3.56996,0.57576,6.31825
-3.79967,0.199661,6.25398
-4.27693,-0.339493,6.37657
-4.22694,-0.750107,6.63246
-3.93535,-0.906021,6.94786
-3.72945,-0.539444,7.57271
-4.19005,-0.381149,7.85716
-4.51735,-1.28212,7.78456
-3.9651,-2.01527,7.68935
-3.71159,-2.64964,7.80122
-4.05199,-2.41399,8.119
-4.22218,-1.27736,9.00688
-4.04009,-1.23213,9.42583
-3.87465,-2.08907,9.25801
-3.20576,-3.02455,9.19969
-2.77849,-3.22807,9.68172
-2.59639,-2.56752,10.3363
-2.16792,-2.42113,10.4339
-1.81801,-3.25783,10.3197
-1.55141,-3.27568,10.8683
-1.48357,-2.36281,11.4706
-1.79539,-1.54753,11.5015
-1.53117,-2.06169,11.2409
-1.06224,-2.6068,11.3158
-0.602829,-2.55681,11.7276
-0.342178,-1.50825,12.3061
-0.282669,-1.05836,12.1073
-0.280289,-0.926254,12.0788
-0.229111,-0.632278,12.1918
0.0827179,-0.848892,12.0454
0.424301,-1.13811,11.6122
0.568314,-1.05241,11.5396
0.6064,-0.199051,11.6348
0.845627,0.530533,11.7741
0.869431,0.565048,11.3301
0.845627,-0.0407562,10.8398
0.755173,-0.0645599,10.4982
0.842056,0.168716,10.3482
0.880142,0.866165,10.5351
0.725418,0.859024,10.5053
0.757553,0.424606,10.2411
0.878952,0.210373,10.078
0.99559,0.25679,10.1114
0.983688,0.466263,10.1471
0.933701,0.144913,10.0316
0.882523,-0.308548,9.76027
0.667099,-0.503738,9.54485
0.637344,-0.333542,9.58531
0.533798,-0.377579,9.54604
0.41954,-0.309738,9.62816
0.404068,-0.477554,9.64244
0.498093,-0.631088,9.696
0.534988,-0.809616,9.72099
0.523087,-0.913162,9.85191
0.47905,-1.19405,9.72456
0.461197,-1.09407,9.86501
0.467148,-0.846512,10.0733
0.396927,-0.760818,10.1637
0.401688,-0.947678,10.1257
0.406448,-0.867935,10.1733
0.48262,-0.788193,10.178
0.401688,-0.728684,10.2399
0.368362,-0.816757,10.0352
0.281479,-0.944107,9.94594
0.308853,-1.006,9.91618
0.260056,-0.931015,9.77931
0.258865,-1.01671,9.7567
0.300522,-0.934586,9.7924
0.310043,-1.03694,9.81383
0.332657,-1.04408,9.8174
0.238632,-0.954819,9.79478
0.307663,-0.904831,9.9019
0.325516,-0.884598,9.9138
0.380264,-0.951248,9.88524
0.357651,-1.1512,9.79478
0.399307,-1.13097,9.7567
0.337418,-0.997665,9.78288
0.22197,-0.817947,9.7924
0.22316,-0.795334,9.86501
0.282669,-0.865555,9.89476
0.325516,-0.840561,9.95189
0.28862,-0.719162,9.99474
0.318375,-0.670364,9.99117
0.342178,-0.820328,9.98045
0.407639,-0.935776,9.9138
0.374313,-0.926254,9.92571
0.279099,-0.813187,9.85072
0.28624,-0.838181,9.79955
0.263626,-0.972672,9.73527
0.236252,-0.889359,9.85667
0.275528,-0.914352,9.87572
0.28862,-0.910782,9.92333
0.306473,-0.931015,9.84596
0.28624,-1.06789,9.87096
0.313614,-1.05479,9.95189
0.319565,-0.969101,9.97212
0.338608,-0.891739,9.95665
0.306473,-0.851273,9.96974
0.238632,-0.815567,9.93642
0.273148,-0.908401,9.97807
0.242203,-0.90007,9.90547
0.340988,-0.817947,9.90666
0.266006,-0.827469,9.82097
0.207687,-0.863174,9.84953
0.266006,-0.847702,9.85548
0.213638,-0.815567,9.94237
0.208878,-0.867935,9.86739
0.230301,-0.966721,9.89
0.217209,-0.986954,9.97569
0.231491,-0.932205,9.94356
0.271957,-0.914352,9.93523
0.315994,-0.928635,9.94356
0.230301,-0.946487,9.94356
0.276718,-0.986954,9.92094
0.202927,-1.10359,9.77217
0.16127,-1.03099,9.8055
0.0886688,-0.840561,9.82335
0.185074,-0.809616,9.9388
0.186264,-0.90126,9.88167
0.22316,-0.910782,9.89119
0.28862,-0.988144,9.9507
0.256485,-0.902451,10.0209
0.206497,-0.748917,9.99117
0.212448,-0.841751,9.94237
0.16127,-0.850082,9.83406
0.194595,-0.877457,9.91975
0.200546,-0.907211,9.83882
0.285049,-1.10597,9.90547
0.293381,-1.04408,9.88524
0.170792,-0.941727,9.91856
0.156509,-0.939346,9.84001
0.107712,-0.956009,9.81145
0.168411,-0.904831,9.79955
0.142227,-0.784622,9.90904
0.0363007,-0.713211,9.89833
0.0398712,-0.738205,9.75551
0.0839081,-0.848892,9.8174
0.16008,-0.781052,9.88881
0.0874786,-0.820328,9.90666
0.057724,-0.866745,9.85905
0.0743866,-0.845322,9.90071
0.0755768,-0.934586,9.90666
0.076767,-0.915543,9.91618
0.076767,-0.923874,9.92213
0.0684357,-0.873886,9.88643
0.0434418,-0.89769,9.89119
0.0803375,-1.00481,9.96736
0.189835,-0.909592,9.98997
0.144608,-0.894119,9.90309
0.117233,-1.02028,9.85072
0.0958099,-0.90126,9.88762
0.133896,-0.926254,9.87691
0.1577,-0.89888,9.78764
0.125565,-0.988144,9.86144
0.107712,-0.904831,9.8662
0.146988,-0.847702,9.9507
0.179123,-0.83223,9.94356
0.22673,-0.972672,9.84834
0.16127,-0.970291,9.8662
0.0815277,-1.14644,9.81145
0.0886688,-0.923874,9.82454
0.116043,-0.762009,9.97212
0.0267792,-0.745346,9.88762
0.0636749,-0.856033,9.93404
0.154129,-0.841751,9.94237
0.0850983,-0.747726,9.94118
0.0660553,-0.746536,9.98402
0.070816,-0.712021,9.79598
0.696854,1.2494,8.95213
0.943222,1.45412,9.23064
1.14912,1.5779,9.66148
1.31099,1.75642,10.0816
1.48833,1.88496,10.3423
1.97987,1.57195,10.6053
2.64519,1.30296,11.1135
2.93321,1.13277,11.4003
2.97249,0.507919,11.6812
3.08556,-0.0728912,11.6527
3.18672,-0.276413,12.0109
3.16649,-0.431137,12.3227
3.20695,-0.946487,12.4215
3.27956,-0.934586,12.8619
3.12126,-0.763199,13.0785
2.88918,-1.10478,12.9262
2.72969,-1.82246,12.7345
2.63924,-1.74153,12.7869
2.4012,-1.52254,12.9202
2.42024,-1.77486,12.8476
2.30122,-2.27711,12.4334
1.99892,-3.27687,12.0109
1.64543,-3.61131,11.5527
1.20387,-3.16737,11.6693
0.770645,-3.05431,11.5444
0.431442,-3.31972,10.8493
0.208878,-4.08739,10.0495
-0.0850983,-3.83269,9.83882
-0.48381,-3.28639,9.75908
-0.794449,-2.79366,9.34251
-1.23244,-2.83412,8.75813
-1.67519,-3.5042,7.88692
-1.9287,-3.41493,7.36085
-2.23576,-2.92101,7.11449
-2.3036,-2.47945,7.25017
-2.44524,-2.18785,7.09663
-2.88441,-1.78914,6.67888
-3.21767,-1.62608,6.11235
-3.14983,-1.45946,6.18614
-3.26527,-0.683456,6.2159
-3.82823,-0.375198,6.06712
-3.83656,-0.181198,6.26231
-3.70207,0.240128,6.0088
-3.80443,0.337723,5.66722
-3.83418,0.338913,5.3911
-3.61281,0.582901,5.67555
-3.55687,1.07088,6.03023
-3.57115,0.989944,5.72911
-3.30455,1.02446,5.71483
-3.18553,1.47316,5.97786
-3.31645,1.80403,5.9124
-3.03438,2.29677,6.54558
-2.38454,3.08467,7.36443
-2.37383,3.17155,7.16209
-2.64876,2.50624,6.56224
-2.29289,2.14919,7.04427
-1.69185,3.29295,8.04521
-2.47975,3.81425,8.15114
-2.5714,3.65358,8.11067
-2.21434,3.13347,8.51057
-1.68947,2.56099,8.74504
-1.73708,2.47292,8.76408
-2.02272,2.74309,9.49367
-1.99059,2.85735,10.1542
-1.63948,2.85378,10.3792
-1.34193,2.83235,10.5541
-1.31218,2.49196,10.76
-1.27528,2.42293,11.2611
-1.03487,2.41817,11.4099
-0.599258,2.15157,11.5955
-0.294571,1.73143,11.7229
-0.306473,1.24226,11.6027
-0.404068,1.00423,11.4372
-0.250534,0.710251,11.4003
-0.35051,0.522202,11.4944
-0.643295,0.655502,11.592
-0.412399,0.400803,11.417
-0.150558,-0.462082,11.173
-0.212448,-0.747726,11.1933
-0.219589,-0.813187,11.2599
-0.231491,-0.953629,10.8362
-0.28981,-1.39519,10.6232
-0.180313,-1.61061,10.8124
0.0541534,-1.9391,10.7112
0.0493927,-2.27354,10.566
0.0327301,-1.87245,10.6291
-0.0291595,-1.49754,10.3946
-0.057724,-1.61418,10.2851
0.152939,-1.90102,10.3946
0.230301,-2.48064,10.1959
0.300522,-2.55205,9.83406
0.275528,-2.31044,10.0602
0.332657,-2.33543,10.0138
0.255295,-2.66035,10.1364
0.282669,-2.44374,10.2601
0.22316,-1.97243,10.3934
0.138657,-1.71059,10.4054
0.0660553,-1.6606,10.2387
0.0243988,-1.77605,10.178
0.166031,-1.28093,10.2994
0.22554,-1.22737,10.2982
0.129135,-1.47493,10.0126
0.244583,-1.65346,9.84477
0.293381,-1.52016,9.78526
0.183884,-1.46303,9.93523
0.204117,-1.37972,9.88881
0.217209,-1.4904,9.77336
0.246964,-1.34996,9.76384
0.28743,-1.32735,9.78883
0.295761,-1.23451,9.81621
0.331467,-1.11906,10.0007
0.22316,-1.08455,9.9995
0.213638,-1.33806,9.89
0.196976,-1.35829,9.81621
0.135086,-1.14882,9.85429
0.0410614,-1.16429,9.77931
0.177933,-1.26665,9.85429
0.28743,-1.15596,9.94475
0.330276,-1.07146,10.034
0.311234,-1.00957,10.0423
0.330276,-1.12978,9.97569
0.388596,-1.32735,9.91142
0.348129,-1.26189,9.90904
0.329086,-1.10121,9.89833
0.283859,-1.09288,9.94118
0.277908,-1.07979,9.94713
0.28981,-0.96196,9.94237
0.263626,-0.856033,9.94237
0.211258,-0.875076,9.86382
0.227921,-0.908401,9.81264
0.0970001,-0.683456,9.82454
0.179123,-0.709641,9.97212
0.166031,-0.803665,9.86977
0.205307,-0.928635,9.90904
0.129135,-0.907211,9.84834
0.176743,-0.77153,9.92451
0.198166,-0.883408,9.97569
0.206497,-0.882217,10.0162
0.242203,-0.831039,10.0792
0.194595,-0.77153,10.0031
0.200546,-0.823898,9.86262
0.154129,-0.853653,9.90904
0.156509,-0.921494,9.93523
0.150558,-0.844131,9.95427
0.127945,-0.745346,9.90904
0.149368,-0.831039,9.76265
0.155319,-0.865555,9.80669
0.102951,-0.906021,9.78288
0.0874786,-0.906021,9.82097
0.116043,-0.853653,9.94713
0.101761,-0.757248,9.90309
0.116043,-0.662033,10.0447
0.0779572,-0.689407,9.9269
0.100571,-1.05122,9.82692
0.00535583,-0.986954,9.86144
-0.0553436,-0.779861,9.96141
-0.0886688,-0.839371,9.87929
-0.0624847,-1.03099,9.89238
0.0220184,-0.940536,9.86858
0.0565338,-0.922684,9.94237
0.0862885,-0.853653,9.95308
0.137466,-0.854843,9.88167
0.0303497,-0.863174,9.83644
-0.0279694,-0.763199,9.7924
-0.102951,-0.787003,9.85429
-0.207687,-0.802475,9.81978
-0.120804,-0.90007,9.93285
-0.0541534,-0.940536,9.93285
-0.00773621,-0.90126,10.0066
-0.00297546,-1.1393,9.90071
0.0482025,-0.83699,9.91261
-0.0541534,-0.698929,9.92808
-0.0220184,-0.895309,9.87453
-0.0505829,-0.829849,9.81859
0.0101166,-0.76915,9.94594
-0.0815277,-0.77391,9.89833
-0.145798,-0.733444,9.87334
-0.186264,-0.710831,9.87215
-0.170792,-0.77391,9.81859
-0.0565338,-0.722733,9.97569
-0.0374908,-0.691788,10.0066
0.0482025,-0.829849,9.94951
0.0660553,-0.90126,9.91499
0.0434418,-0.890549,9.91499
-0.0470123,-0.859604,9.86144
0.00416565,-0.715591,9.96498
-0.0410614,-0.791763,9.85191
-0.0422516,-0.828659,9.8055
-0.0315399,-0.723923,9.77336
0.00416565,-0.701309,9.80073
-0.00535583,-0.701309,9.89238
-0.0398712,-0.728684,9.86858
0.0696259,-0.77153,9.92451
-0.044632,-0.687027,9.84001
-0.0755768,-0.734634,9.88881
-0.0589142,-0.523972,9.94356
-0.076767,-0.522781,9.99117
-0.000595093,-0.717972,9.93642
-0.0124969,-0.908401,9.88
-0.00416565,-0.895309,9.8662
-0.107712,-0.967911,9.93285
-0.130325,-0.851273,9.90666
-0.0684357,-0.808426,10.059
-0.137466,-0.858414,9.9626
-0.22316,-0.906021,9.99117
-0.208878,-0.817947,10.0197
-0.167221,-0.871506,10.0733
-0.152939,-0.940536,9.96617
-0.185074,-0.722733,9.92928
-0.16246,-0.633469,9.98283
-0.230301,-0.596573,9.89357
-0.137466,-0.614426,9.88881
-0.101761,-0.584671,9.89952
-0.142227,-0.543014,9.9388
-0.0374908,-0.429947,10.0304
-0.0720062,-0.428757,10.1197
-0.143417,-0.394241,9.9995
-0.139847,-0.356155,9.95903
-0.133896,-0.302597,10.0554
-0.487381,-0.224045,9.9269
-0.559982,-0.287125,9.82692
-0.461197,-0.284744,9.95427
-0.335037,-0.185959,10.015
-0.248154,-0.158585,10.0542
-0.342178,-0.260941,9.8531
-0.260056,-0.440659,9.83763
-0.296951,-0.32164,9.76384
-0.270767,-0.220474,9.71385
-0.205307,-0.253799,9.74956
