0.0291595,0.662643,9.99712
0.0243988,0.693588,9.9876
0.0696259,0.622177,9.86382
0.0339203,0.64122,9.88286
0.0220184,0.688828,9.86858
-0.025589,0.726913,9.86382
0.0720062,0.70311,9.93761
0.0720062,0.610275,9.7686
0.0315399,0.560288,9.70909
0.0196381,0.455551,9.60197
-0.0327301,0.498398,9.54961
-0.0160675,0.565048,9.5139
-0.0184479,0.57933,9.53532
-0.00654602,0.550766,9.52342
-0.0374908,0.603134,9.45439
-0.0398712,0.612656,9.45915
-0.00416565,0.593613,9.44011
-0.0422516,0.424606,9.51152
0.0648651,0.327011,9.53294
0.0553436,0.372238,9.59007
0.0101166,0.355576,9.56627
-0.0398712,0.338913,9.502
0.0291595,0.350815,9.47819
0.0434418,0.288925,9.56389
0.038681,0.298447,9.68529
-0.0232086,0.31749,9.74004
0.00535583,0.210373,9.71147
-0.0565338,0.131821,9.64958
-0.070816,0.172287,9.75432
-0.106522,0.262741,9.79955
0.0172577,0.372238,10.1209
-0.0374908,0.496017,10.2209
-0.00178528,0.541245,10.2066
-0.0232086,0.460312,10.159
-0.0351105,0.410324,10.1518
0.00297546,0.443649,10.1852
-0.025589,0.45079,10.1019
0.0434418,0.267502,10.0447
0.0886688,0.088974,9.9138
0.119614,0.200851,9.98521
0.102951,0.265121,10.09
0.0791473,0.324631,10.1447
0.0339203,0.260361,10.0757
0.0243988,0.200851,10.0661
0.129135,0.108017,10.009
0.202927,0.0318451,10.1138
0.257675,0.0223236,10.0471
0.1577,0.0723114,10.0304
0.117233,0.131821,9.99474
0.0910492,0.160385,9.89952
-0.0113068,0.248459,9.89476
-0.0327301,0.155624,9.94237
-0.0660553,0.119919,9.79716
-0.0660553,0.100876,9.7686
-0.0470123,0.0389862,9.7805
-0.025589,0.0961151,9.81383
-0.0422516,0.122299,9.83049
-0.101761,0.0318451,9.65434
-0.135086,0.0651703,9.77098
-0.125565,-0.0181427,9.74004
-0.194595,0.117538,9.69957
-0.194595,0.0913544,9.73052
-0.146988,0.0294647,9.81145
-0.0850983,-0.0514679,9.83287
-0.0779572,0.0104218,9.89714
-0.111282,-0.0157623,9.84953
-0.0303497,-0.0324249,9.88286
0.0601044,0.0104218,9.79478
0.145798,0.112778,9.83287
0.169601,0.181808,9.97569
0.0934296,-0.541824,9
0.117233,-0.717972,9.90666
0.0363007,-0.560867,9.98045
0.0958099,-0.372818,9.98283
0.105331,-0.170486,9.9995
0.0862885,-0.110977,9.95903
0.0434418,-0.039566,9.97093
0.0124969,0.0199432,10.0328
-0.00654602,0.0342255,10.0923
0.119614,-0.096695,9.95189
0.0601044,-0.0609894,10.0614
0.038681,-0.0300446,10.0066
0.0672455,0.0366058,10.0828
0.119614,0.0556488,10.0447
0.124374,0.12468,10.0804
0.0458221,0.200851,10.04
-0.0303497,0.155624,9.95665
-0.0755768,0.0294647,9.88762
-0.00416565,-0.0110016,9.8781
0.0291595,-0.0895538,9.88762
-0.168411,0.0342255,9.85429
-0.213638,-0.0514679,9.83525
-0.199356,-0.0348053,9.92571
-0.206497,-0.0014801,9.96141
-0.192215,0.0175629,10.0209
-0.230301,-0.0348053,9.90904
-0.266006,-0.156204,9.87096
-0.294571,-0.177628,9.87096
-0.301712,-0.172867,9.92808
-0.270767,-0.134781,9.91142
-0.301712,-0.134781,9.91618
-0.327896,-0.151443,9.84477
-0.3517,-0.208572,9.76384
-0.394547,-0.210953,9.68053
-0.373123,-0.199051,9.72575
-0.365982,-0.160965,9.77574
-0.41835,-0.0943146,9.77574
-0.446915,-0.0324249,9.83525
-0.392166,0.00566101,9.89238
-0.280289,-0.118118,9.93999
-0.192215,-0.12764,9.94475
-0.0422516,-0.122879,9.9138
-0.0541534,-0.0705109,9.84953
-0.0779572,-0.0752716,9.90428
-0.125565,-0.0205231,9.87334
-0.120804,-0.0181427,9.8662
-0.111282,0.0199432,9.88524
-0.0779572,0.00804138,9.90428
-0.0874786,-0.120499,9.86144
-0.104141,-0.096695,9.90666
-0.120804,-0.0348053,9.97331
-0.0184479,-0.0467072,10.0471
-0.0636749,-0.0871735,10.0447
-0.0374908,-0.120499,10.0685
-0.0208282,-0.118118,10.0685
0.0124969,-0.125259,10.0471
0.0101166,-0.113358,10.0328
-0.0374908,-0.158585,10.0661
0.00773621,-0.134781,9.9995
-0.044632,-0.0490875,10.0162
-0.0232086,-0.170486,9.82573
-0.0327301,-0.132401,9.77336
0.00535583,-0.113358,9.8662
0.076767,-0.0419464,9.91856
0.0648651,-0.00862122,9.93999
0.038681,-0.0752716,9.84953
0.0124969,-0.12764,9.76384
0.0124969,-0.146683,9.77336
0.0601044,-0.101456,9.80907
0.00773621,0.0389862,9.86144
-0.0612946,0.0913544,9.70909
-0.118423,0.0723114,9.65196
-0.135086,-0.013382,9.76622
-0.089859,-0.0562286,9.76146
-0.120804,-0.0490875,9.80907
-0.089859,-0.0800324,9.89238
0.000595093,-0.0538483,9.94475
-0.00892639,-0.0110016,9.89476
-0.0755768,0.0604095,9.87096
-0.0422516,0.024704,9.96141
-0.0517731,-0.151443,9.84715
-0.0993805,-0.0276642,9.91618
-0.070816,0.0556488,10.0566
-0.0874786,-0.0014801,9.96617
-0.0684357,-0.0943146,9.93523
-0.0850983,-0.187149,9.88524
-0.0517731,-0.225235,9.91856
-0.0398712,-0.215714,9.93761
0.0315399,-0.19429,9.93761
0.0124969,-0.208572,9.88286
0.0220184,-0.115738,9.94713
0.057724,-0.0419464,9.97093
0.107712,-0.0324249,10.0352
0.141037,-0.096695,10.0709
0.0862885,-0.0824127,9.9138
0.0720062,-0.096695,9.86144
0.102951,-0.120499,9.8662
0.0886688,-0.0824127,9.83049
0.0720062,0.0627899,9.83287
-0.0279694,0.069931,9.79478
-0.0184479,0.0104218,9.87096
-0.0160675,-0.039566,9.94713
0.0529633,-0.0205231,9.98045
0.0196381,-0.00862122,9.86858
0.0148773,-0.0943146,9.84953
0.0148773,-0.0800324,9.9019
-0.0136871,-0.0609894,9.90904
0.0172577,0.0223236,9.97093
0.0101166,0.108017,9.9019
-0.0303497,-0.0252838,9.95427
-0.0922394,0.00328064,9.99474
-0.0612946,0.0270844,9.89
-0.0922394,0.0556488,10.0209
-0.127945,-0.0300446,9.93285
-0.137466,-0.0514679,9.85667
-0.139847,-0.125259,9.84715
-0.144608,-0.139542,9.83525
-0.0660553,-0.220474,9.84953
-0.0565338,-0.172867,9.85191
-0.0470123,-0.134781,9.89476
-0.00654602,-0.153824,9.98283
-0.0160675,-0.101456,9.92808
-0.0470123,-0.222855,9.90904
-0.00416565,-0.19429,9.98997
0.00535583,-0.0824127,9.93047
-0.0422516,-0.0728912,9.82097
-0.0351105,-0.132401,9.84953
-0.0374908,-0.058609,9.90428
-0.0208282,-0.122879,9.89476
-0.0136871,-0.096695,9.89
-0.0946198,-0.0800324,9.7686
-0.0755768,-0.0300446,9.7567
-0.025589,-0.158585,9.72099
-0.113663,-0.0990753,9.74004
-0.106522,-0.113358,9.8662
-0.0208282,-0.0348053,9.86382
0.0172577,-0.0229034,9.89476
0.00535583,-0.108597,9.87096
0.0410614,-0.106216,9.89952
0.0291595,-0.0324249,9.87096
-0.15889,-0.0157623,9.92808
-0.106522,-0.0562286,10.0519
-0.0660553,-0.0728912,10.1447
-0.025589,-0.234756,10.1661
-0.044632,-0.32283,10.1899
-0.0422516,-0.168106,10.2018
-0.0684357,-0.106216,10.2447
-0.0398712,-0.0824127,10.2113
-0.00178528,-0.0348053,10.2233
0.102951,0.0651703,10.2732
0.133896,0.143723,10.2375
0.0958099,0.174667,10.1066
0.0101166,0.212753,10.1209
0.0339203,0.158005,10.0685
0.0315399,0.112778,10.0733
0.126755,0.0318451,10.0995
0.143417,0.0223236,9.9995
0.0339203,0.148483,9.88524
0.112473,0.222275,9.90428
0.00773621,0.25798,9.79716
-0.101761,-0.175247,9.8
-0.0946198,-0.113358,9.86858
-0.0327301,-0.101456,9.85905
-0.113663,-0.0800324,9.81383
-0.111282,-0.110977,9.83763
-0.108902,-0.160965,9.75432
-0.0970001,-0.137161,9.69005
-0.156509,-0.0895538,9.68053
-0.204117,0.0294647,9.66148
-0.206497,0.0413666,9.85667
-0.196976,0.0151825,9.84953
-0.142227,-0.120499,9.85667
-0.0660553,-0.196671,9.86382
-0.135086,-0.153824,9.87096
-0.125565,-0.0824127,9.80907
-0.154129,-0.0562286,9.84001
-0.144608,-0.0348053,10.0304
-0.220779,-0.0824127,9.96141
-0.146988,-0.277603,9.99712
-0.106522,-0.313309,9.91856
-0.0184479,-0.332352,9.85429
-0.151749,-0.251419,9.81621
-0.146988,-0.227615,9.80907
-0.0684357,-0.0824127,9.79478
0.0363007,-0.0895538,9.77812
0.0696259,-0.168106,9.7686
0.114853,-0.134781,9.70195
0.117233,-0.144302,9.76384
0.167221,-0.199051,9.91856
0.307663,-0.403763,10.1161
0.431442,-0.503738,10.1185
0.386215,-0.529922,10.059
0.276718,-0.556107,9.96141
0.195786,-0.603714,9.85191
0.174362,-0.470413,9.87572
0.171982,-0.415665,9.93999
0.0886688,-0.353775,9.82335
0.0339203,-0.360916,9.72575
-0.00178528,-0.441849,9.77098
0.0172577,-0.482315,9.74718
0.291,-0.748917,9.82335
0.179123,-0.851273,9.82811
0.0839081,-0.83699,9.69243
-0.0850983,-0.606094,9.60197
-0.204117,-0.484695,9.82097
-0.273148,-0.341873,9.86858
-0.406448,-0.268082,9.86382
-0.475479,-0.341873,9.7805
-0.48262,-0.360916,9.71385
-0.346939,-0.408524,9.91618
-0.206497,-0.346634,10.0876
0.0696259,-0.382339,10.1661
0.188644,-0.379959,10.2328
0.291,-0.503738,10.1566
0.255295,-0.684647,10.1376
0.219589,-0.813187,10.0852
0.112473,-0.825089,10.0542
-0.0327301,-0.794144,10.109
-0.0660553,-0.679886,10.159
-0.0493927,-0.651321,10.228
-0.206497,-0.546585,9.89
-0.142227,-0.489456,9.92094
-0.135086,-0.437088,9.86144
-0.185074,-0.291885,9.92094
-0.142227,-0.277603,9.85429
-0.15889,-0.291885,9.72813
-0.156509,-0.415665,9.66386
-0.189835,-0.363297,9.57817
-0.249344,-0.227615,9
-0.273148,-0.151443,9.71623
-0.218399,-0.13002,9.68529
-0.332657,-0.156204,9.81383
-0.332657,-0.196671,9.9995
-0.256485,-0.0895538,10.0043
-0.132706,-0.153824,10.09
-0.113663,-0.101456,10.0923
-0.125565,-0.0348053,10.0352
-0.177933,0.0984955,9.97331
-0.220779,0.174667,9.97093
-0.232681,0.25798,9.94951
-0.35408,-1.09407,9.14018
-0.592117,-3.25307,8.44273
-0.901566,-4.02907,8.3499
-0.92775,-4.46944,7.49297
-0.758743,-5.30257,7.32158
-0.742081,-5.91432,6.73601
-0.680191,-6.46895,6.18376
-0.718277,-6.95692,5.45061
-0.699234,-7.40681,4.98405
-0.625443,-8.18282,4.77934
-2.22267,-9.68483,-4.62
-2.14174,-9.83479,-4.60884
-2.16316,-9.92287,-4.74928
-2.1584,-10.0824,-4.8445
-2.19173,-10.2204,-5.06111
-2.07271,-10.5656,-4.77547
-2.09175,-10.7441,-4.81117
-2.10127,-11.1154,-4.72786
-2.09889,-11.1416,-4.73976
-2.05367,-11.3916,-4.55885
-1.89418,-11.4511,-4.0923
-1.7823,-11.3725,-3.43056
-1.57759,-11.1773,-2.7093
-1.34669,-10.4894,-2.29988
-1.13484,-10.3275,-1.45247
-0.73732,-10.2752,-0.286087
-0.458817,-10.2323,0.597031
-0.401688,-9.92525,1.28496
-0.437393,-9.88716,2.04192
-0.473099,-9.74672,2.42516
-0.689712,-9.84431,2.71556
-0.580215,-9.74672,3.1226
-0.425491,-9.3611,3.20116
-0.332657,-8.77553,3.54869
-0.282669,-7.78529,3.86766
0.300522,-6.05714,5.5125
0.398117,-4.43611,7.01689
-0.0517731,-3.31734,8.01665
0.0696259,-3.46968,8.39513
0.486191,-3.23402,9.04021
0.400497,-3.29829,8.3499
0.5457,-2.94838,9.18541
0.576645,-2.12953,9.10448
0.0791473,-2.02718,9.28777
0.0458221,-1.09883,9.51866
0.338608,-0.156204,9.97093
0.476669,0.538864,10.5851
0.41478,1.1768,11.2635
0.390976,1.53148,11.2682
0.212448,0.924484,10.954
0.581406,0.324631,10.0971
0.538559,0.293686,10.1709
0.457626,0.203232,10.0328
0.495712,0.122299,9.96379
0.348129,-0.0609894,9.77812
0.431442,-0.313309,9.64958
0.436203,-0.225235,9.57341
0.412399,-0.0752716,9.63054
0.536179,0.262741,9.81859
0.388596,0.522202,9.93761
0.443344,0.398422,9.95665
0.464767,0.391281,9.99474
0.462387,0.310349,10.0328
0.398117,0.312729,9.87096
0.302902,0.203232,9.83049
0.283859,0.134201,9.73766
0.186264,-0.0443268,9.6472
0.302902,-0.0705109,9.56865
0.336227,0.0794525,9.70195
0.35051,0.272263,9.84715
0.338608,0.174667,9.76146
0.469528,0.410324,9.95903
0.426682,0.412704,10.0661
0.440964,0.376999,10.059
0.35527,0.200851,10.0162
0.398117,-0.103836,9.83049
0.440964,-0.279984,9.63054
0.41478,-0.177628,9.60197
0.407639,-0.00862122,9.70195
0.519516,0.262741,9.84953
0.590927,0.467453,10.009
0.524277,0.434128,10.0733
0.559982,0.346054,10.0043
0.576645,0.229416,9.94237
0.605209,0.0556488,9.87334
0.633774,0.00804138,9.90666
0.590927,-0.096695,9.74956
0.569504,-0.0562286,9.83049
0.564743,0.119919,9.86382
0.662338,0.250839,9.98045
0.567123,0.153244,9.96855
0.533798,0.179428,9.83525
0.48381,0.0984955,9.77336
0.524277,0.0437469,9.85905
0.514755,0.0508881,9.9019
0.550461,0.00804138,10.0043
0.586166,0.0151825,9.93761
0.540939,0.0151825,9.92808
0.529038,-0.0895538,9.89
0.41716,-0.0705109,9.82097
0.593307,0.134201,9.97807
0.550461,0.0270844,9.95903
0.443344,-0.241898,9.85191
0.386215,-0.244278,9.84239
0.429062,-0.0943146,9.85905
0.505234,-0.0300446,9.79716
0.505234,0.160385,9.77812
0.493332,0.224655,9.78764
0.450485,0.174667,9.74956
0.379074,0.0746918,9.7924
0.683762,-0.139542,9.88524
0.667099,-0.172867,9.7924
0.657578,-0.0443268,9.82097
0.659958,-0.00862122,9.95903
0.645676,-0.0276642,9.82573
0.60759,0.0318451,9.89476
0.600449,0.12944,9.98521
0.605209,0.150864,10.0019
0.540939,0.179428,9.96617
0.486191,0.200851,9.92333
0.410019,0.31749,9.99235
0.298141,0.341293,9.94951
0.329086,0.172287,9.92808
0.376694,0.0627899,9.83287
0.48143,-0.0205231,9.7805
0.500473,-0.0490875,9.75432
0.474289,-0.0229034,9.76384
0.452866,0.100876,9.78526
0.452866,0.243698,9.86382
0.412399,0.312729,9.95665
0.557602,0.396042,9.92571
0.576645,0.300827,9.94237
0.464767,0.25322,9.73766
0.410019,0.236557,9.69719
0.41716,0.155624,9.65196
0.426682,0.12944,9.671
0.486191,0.179428,9.70195
0.455246,0.277023,9.72099
0.388596,0.38414,9.72575
0.369553,0.476975,9.80431
0.490952,0.38652,9.93523
0.486191,0.329391,9.87572
0.512375,0.343674,9.8781
0.517136,0.327011,9.86858
0.443344,0.403183,9.94475
0.498093,0.436508,9.88524
0.464767,0.410324,9.92808
0.386215,0.472214,9.91856
0.41954,0.426987,9.95427
0.367172,0.398422,9.89952
0.462387,0.305588,9.8662
0.440964,0.310349,9.80431
0.393356,0.327011,9.82335
0.41954,0.327011,9.77812
0.400497,0.388901,9.78526
0.460007,0.417465,9.78764
0.533798,0.426987,9.77336
0.462387,0.434128,9.7448
0.431442,0.443649,9.82811
0.400497,0.441269,9.78526
0.505234,0.605514,9.79955
0.467148,0.584091,9.77812
0.498093,0.462692,9.70909
0.529038,0.372238,9.76146
0.493332,0.441269,9.87572
0.457626,0.555527,9.91856
0.402878,0.76976,9.93761
0.426682,0.729294,9.87572
0.462387,0.662643,9.86382
0.524277,0.557907,9.75432
0.509995,0.393661,9.83287
0.412399,0.474594,9.92808
0.343369,0.553146,9.85429
0.369553,0.586472,9.92571
0.455246,0.572189,10.0638
0.460007,0.603134,9.96379
0.486191,0.550766,9.95189
0.455246,0.553146,9.87572
0.424301,0.629318,9.89238
0.410019,0.6436,9.82573
0.345749,0.70311,9.79478
0.402878,0.629318,9.72337
0.400497,0.507919,9.71861
0.317184,0.617416,9.70433
0.276718,0.786423,9.70195
0.183884,0.922104,9.79002
0.129135,0.950668,9.56627
0.233871,0.967331,9.65434
0.5457,1.15776,9.66863
0.798019,1.38152,9.81145
1.44786,4.24748,7.83812
1.44548,4.57121,7.40013
1.42168,5.29723,7.12877
1.14317,5.56383,7.20018
0.99559,6.12798,6.81932
1.15508,6.416,6.67888
1.41454,6.55882,6.46465
1.75017,7.0468,6.70982
1.91441,7.11583,6.88835
1.88109,7.08012,6.60271
2.67613,8.95348,0.908859
2.55949,9.04631,0.804123
2.57854,9.24864,0.65416
2.54283,9.44145,0.551804
2.60948,9.47478,0.413742
2.51903,9.23674,0.178085
2.48332,9.27245,0.130478
2.4738,9.14152,0.225693
2.4857,9.06535,0.225693
2.52855,9.17247,0.394699
2.56664,9.34386,0.547043
2.69994,9.52477,0.816025
2.81419,9.89848,1.03026
2.94511,10.2246,1.28258
2.94273,10.5245,1.35637
2.88799,10.7554,1.5587
2.83086,10.7983,1.64915
2.73564,10.5888,1.95622
2.73564,10.3984,2.30138
2.75468,10.1794,2.64891
2.74516,10.1484,3.15593
2.54283,9.98656,3.38683
2.43095,9.61284,3.34874
2.3524,9.15343,3.49394
2.15245,8.8535,3.43681
2.12151,8.45598,3.51537
2.00725,7.99895,4.02238
1.95964,7.67522,4.36516
1.90251,7.56334,5.06261
1.90965,7.48717,5.5363
1.9406,6.97063,5.69341
1.86205,6.08751,5.89574
1.84062,5.23534,5.70769
1.91679,4.61168,6.12901
1.89061,4.82353,6.22661
1.73112,4.95445,6.98595
1.46214,5.03777,7.24065
1.27409,4.42839,7.31682
1.01701,3.46196,7.35252
0.92894,2.49553,7.10496
0.574264,-0.153824,8.41893
0.514755,0.172287,8.65697
0.502853,0.731674,9.48772
0.564743,1.35771,10.4089
0.826584,2.04802,10.7588
0.99559,1.96471,11.0588
0.700424,1.56956,10.6208
0.538559,0.0842133,9.43773
0.476669,-1.36067,8.98784
0.476669,-1.9391,8.73076
0.621872,-1.60109,9.2354
0.586166,-0.806046,9.79716
0.619492,-0.482315,10.2518
0.67662,-0.539444,10.2375
0.67186,-0.734634,10.2113
0.486191,-0.889359,10.0638
0.567123,-1.36067,9.94237
0.688522,-1.47017,10.0185
0.824203,-1.4178,10.1209
0.93132,-1.41066,10.09
0.740891,-1.17976,9.60197
0.721848,-0.934586,9.73052
0.793259,-0.806046,9.84001
0.73851,-0.663223,9.89714
0.73851,-0.606094,10.09
0.740891,-0.737015,10.1042
0.809921,-0.83461,9.94951
0.793259,-0.894119,9.78526
0.795639,-0.884598,9.77812
0.762314,-0.808426,9.76384
0.909897,-0.756058,9.79478
0.914658,-0.967911,9.70195
0.893234,-0.986954,9.71385
0.859909,-0.89888,9.72575
0.838486,-0.791763,9.76622
0.857529,-0.634659,9.87334
0.871811,-0.537064,9.92094
0.843246,-0.508499,9.94237
0.838486,-0.64418,9.83049
0.807541,-0.803665,9.77336
0.888474,-1.03218,9.66386
0.855148,-0.925064,9.72575
0.852768,-0.891739,9.77812
0.909897,-0.872696,9.80193
0.926559,-0.886978,9.90428
0.926559,-0.782242,9.89238
0.919418,-0.658462,10.0114
0.855148,-0.57991,10.0876
0.878952,-0.632278,10.0233
0.855148,-0.787003,9.80193
0.852768,-0.76796,9.79478
0.824203,-0.810806,9.74242
0.859909,-0.806046,9.71385
0.86467,-0.808426,9.73052
0.845627,-0.701309,9.80431
0.852768,-0.670364,9.80907
0.859909,-0.6418,9.90666
0.897995,-0.656082,9.94713
0.886093,-0.667984,9.90666
0.831345,-0.70369,9.86858
0.869431,-0.886978,9.74718
0.86467,-0.813187,9.69957
0.869431,-0.675125,9.71861
0.890854,-0.722733,9.86858
0.878952,-0.653702,9.94237
0.807541,-0.544205,9.91856
0.824203,-0.63942,9.82097
0.845627,-0.746536,9.83049
0.857529,-0.851273,9.72575
0.845627,-0.875076,9.6
0.895615,-1.12025,9.69719
0.900375,-1.04408,9.7567
0.871811,-0.917923,9.81621
0.86705,-0.813187,9.83287
0.850388,-0.746536,9.8781
0.812302,-0.658462,9.99712
0.80516,-0.756058,9.80431
0.824203,-0.851273,9.77098
0.895615,-0.870316,9.79002
0.895615,-0.929825,9.80907
0.845627,-0.687027,9.93285
0.86705,-0.653702,9.94951
0.890854,-0.656082,9.98521
0.821823,-0.613236,9.93999
0.926559,-0.694168,9.90666
0.924179,-0.83461,9.79002
0.833725,-0.984573,9.74956
0.814682,-1.03694,9.73766
0.812302,-0.915543,9.71385
0.840866,-0.763199,9.75432
0.809921,-0.663223,9.83763
0.862289,-0.722733,9.7924
0.852768,-0.775101,9.83287
0.86467,-0.729874,9.80669
0.774216,-0.637039,9.82335
0.786118,-0.670364,9.81145
0.80278,-0.651321,9.85667
0.86467,-0.682266,9.81145
0.881332,-0.727493,9.75194
0.888474,-0.808426,9.81859
0.924179,-0.825089,9.80193
0.919418,-0.784622,9.84715
0.933701,-0.734634,9.82811
0.938461,-0.713211,9.86382
0.921799,-0.720352,9.94951
0.905136,-0.798904,9.8781
0.947983,-0.877457,9.86858
0.959885,-0.787003,9.84001
0.976547,-0.784622,9.88286
0.955124,-0.725113,9.89476
0.983688,-0.627518,9.97807
0.976547,-0.622757,10.0614
0.936081,-0.684647,9.93523
0.945602,-0.753677,9.9138
0.921799,-0.822708,9.78764
0.921799,-0.787003,9.7924
0.936081,-0.651321,9.89
0.843246,-0.565628,9.91618
0.821823,-0.51564,9.91142
0.871811,-0.489456,9.95665
0.890854,-0.729874,9.85191
0.92894,-0.648941,9.7805
0.969406,-0.63942,9.7686
0.940842,-0.672745,9.79002
0.938461,-0.667984,9.79002
0.876572,-0.563248,9.82335
0.871811,-0.682266,9.79478
0.840866,-0.729874,9.73766
0.850388,-0.758438,9.80193
0.950363,-0.777481,9.7805
0.776596,-0.96077,8.94975
0.721848,-1.02028,9.04497
0.614731,-1.03456,8.94737
0.686142,-1.1512,8.95451
0.767075,-1.27022,8.95213
0.786118,-1.40828,8.95927
0.721848,-1.53682,8.88548
0.60759,-1.67726,8.94023
0.559982,-1.75581,9.00688
0.595688,-1.79628,9.20207
0.695663,-1.79866,9.46629
0.73613,-1.76057,9.49724
0.793259,-1.75343,9.61864
0.886093,-1.86293,9.62578
0.840866,-1.9391,9.68529
0.945602,-2.16048,9.61626
1.00273,-2.31282,9.67577
0.974167,-2.44136,9.74956
0.997971,-2.44374,9.76384
1.10033,-2.45088,9.7805
1.81682,-1.99385,10.4613
1.88109,-2.01051,10.5113
1.89775,-2.06526,10.5851
1.91917,-2.09145,10.7612
1.93584,-2.12953,10.7446
2.01439,-2.1938,11.035
2.25005,-2.19142,11.292
2.38811,-2.35567,11.3158
2.45,-2.4128,11.6062
2.55711,-2.42946,11.6277
2.69279,-2.40804,11.6229
2.74754,-2.26997,11.5943
2.94035,-2.03194,11.7681
3.09508,-1.69154,11.8538
3.24742,-1.69154,11.8633
3.17601,-1.70821,12.0061
3.18553,-1.6487,12.1156
3.226,-1.4416,12.2585
3.33788,-1.22499,12.5965
3.55211,-0.906021,12.6965
3.49022,2.0742,11.9371
3.3831,2.35747,11.9205
3.27599,2.47649,11.7538
3.06413,2.44316,11.5705
2.77611,2.37175,11.4491
2.71422,2.23369,11.2635
2.68089,2.28844,11.2159
2.74754,2.46458,11.1135
2.50713,2.75023,10.885
2.22862,2.84306,10.7588
1.98582,3.11205,10.5898
1.57878,3.25249,10.6041
1.43834,3.4691,10.4851
1.39549,3.63335,10.3185
1.41454,3.53337,9.92094
1.41692,3.15727,9.4901
1.31932,2.74547,9.38536
1.04558,2.42412,9.05687
0.809921,2.26463,8.91405
0.581406,2.35747,8.96166
-0.54213,3.093,7.45964
-0.515945,2.91924,7.27873
-0.682571,2.80498,6.90977
-0.777786,2.71452,6.65031
-0.953934,2.80022,6.4099
-1.21101,2.88591,6.17424
-1.39192,2.90257,6.0338
-1.59901,3.00255,5.9481
-1.71089,3.13109,6.00761
-1.91798,3.2144,6.23613
-2.89394,2.13133,5.89574
-2.87965,2.0266,6.10521
-2.93916,1.78142,6.06712
-3.00581,1.61479,5.87193
-3.18434,1.32915,5.73387
-3.22719,1.11967,5.57201
-3.21291,0.891159,5.52678
-3.27718,0.750717,5.67436
-3.3224,0.679306,5.72673
-3.62709,0.779282,5.93858
-3.66042,0.926865,6.15044
-3.53902,0.872116,6.35277
-3.36049,0.645981,6.41704
-3.17244,0.205612,6.29564
-3.10103,-0.277603,6.15044
-3.20576,-0.932205,5.99809
-3.25099,-1.43684,5.95287
-3.26527,-1.69392,6.11949
-3.35097,-1.35353,6.26707
-3.26765,-0.694168,6.76457
-3.27003,-0.472794,7.27159
-3.39143,-0.45137,7.40965
-3.58186,-0.763199,7.25731
-3.808,-1.37733,7.26207
-3.92226,-2.26521,7.07164
-3.70802,-3.25783,7.15495
-3.36049,-3.8791,7.31682
-3.02724,-3.91243,7.54533
-2.9344,-3.37685,8.00475
-3.39381,-2.50801,8.57365
-2.6678,-2.24141,11.0112
-2.61781,-1.60109,11.6396
-2.79158,-1.42494,11.6205
-2.90822,-1.94386,11.3492
-2.97963,-2.52467,10.9612
-2.75349,-3.11501,10.9754
-2.40834,-3.36018,11.0635
-2.1346,-3.42207,11.004
-2.02748,-3.49586,10.9255
-1.98463,-3.56013,10.866
-0.763504,-2.05336,11.4087
-0.718277,-1.84389,11.61
-0.432632,-1.4297,11.6777
-0.232681,-0.984573,11.8586
-0.111282,-0.682266,11.8824
0.0220184,-0.482315,11.6943
0.0291595,-0.413284,11.5824
0.0124969,-0.334732,11.4872
0.0315399,-0.327591,11.4444
0.331467,-0.132401,11.4468
0.450485,0.136581,11.1326
0.557602,0.0604095,11.035
0.595688,-0.189529,10.9136
0.488571,-0.379959,10.7207
0.48143,-0.337112,10.6279
0.429062,-0.225235,10.4994
0.567123,0.0199432,10.4684
0.526657,-0.0181427,10.4446
0.529038,-0.0348053,10.4994
0.536179,-0.115738,10.4137
-0.0850983,-0.96315,9.77812
-0.0636749,-1.00838,9.78764
0.000595093,-1.05122,9.81859
0.00535583,-1.11311,9.72813
-0.104141,-1.31068,9.60912
-0.127945,-1.30592,9.54723
-0.132706,-1.35591,9.69481
-0.180313,-1.49397,9.60912
-0.206497,-1.43922,9.60197
-0.113663,-1.45589,9.62816
-0.194595,-1.63203,9.86382
-0.135086,-1.54158,9.83763
-0.182693,-1.63679,9.85191
-0.144608,-1.68916,9.83049
-0.146988,-1.62251,9.79478
-0.170792,-1.58919,9.88762
-0.149368,-1.72725,9.77336
-0.123184,-1.75819,9.78288
-0.123184,-1.73677,9.83049
-0.156509,-1.68916,9.84477
-0.168411,-1.57491,9.86858
-0.135086,-1.5511,9.87572
-0.0922394,-1.6487,9.95189
-0.0612946,-1.57967,9.93999
-0.111282,-1.563,9.98045
-0.127945,-1.57014,9.99712
-0.125565,-1.5392,10.0185
-0.173172,-1.50349,9.96617
-0.194595,-1.51778,9.86382
-0.230301,-1.58681,9.7924
-0.106522,-1.67012,9.89714
-0.192215,-1.61537,9.88286
-0.237442,-1.6725,9.92094
-0.22316,-1.62489,9.79955
-0.230301,-1.58205,9.79002
-0.199356,-1.63441,9.88048
-0.194595,-1.64156,9.85667
-0.139847,-1.55348,9.8781
-0.118423,-1.53444,9.9876
-0.089859,-1.61061,9.90428
-0.104141,-1.62013,9.94951
-0.0850983,-1.62489,9.81859
-0.194595,-1.60823,9.78764
-0.175552,-1.51302,9.81859
-0.108902,-1.52016,9.87334
-0.106522,-1.57967,9.76384
-0.0589142,-1.58681,9.77574
-0.0684357,-1.63203,9.69243
-0.123184,-1.52968,9.72575
-0.16127,-1.46541,9.87572
-0.216019,-1.41066,9.7805
-0.156509,-1.4059,9.7567
-0.0779572,-1.51778,9.78288
-0.127945,-1.54872,9.74004
-0.154129,-1.52968,9.72337
-0.0946198,-1.39162,9.82811
-0.116043,-1.394,9.8781
-0.142227,-1.31306,9.84001
-0.144608,-1.41066,9.85667
-0.120804,-1.41066,9.8781
-0.180313,-1.44637,9.88762
-0.220779,-1.4297,9.79955
-0.251724,-1.42732,9.74242
-0.244583,-1.47731,9.73052
-0.239822,-1.51302,9.78764
-0.206497,-1.59871,9.80193
-0.180313,-1.52492,9.84953
-0.175552,-1.45827,9.91856
-0.0946198,-1.37972,10.059
-0.089859,-1.41542,10.0923
-0.175552,-1.56062,9.94475
-0.194595,-1.62489,9.87572
-0.154129,-1.6606,9.75908
-0.16127,-1.6963,9.75908
-0.142227,-1.65822,9.82335
-0.149368,-1.58443,9.90904
-0.16127,-1.50825,9.92333
-0.130325,-1.5511,9.88286
-0.166031,-1.58919,9.77098
-0.185074,-1.62013,9.82335
-0.22554,-1.57014,9.83763
-0.28743,-1.563,9.86144
-0.266006,-1.53206,9.88286
-0.199356,-1.51302,9.89714
-0.273148,-1.45589,9.84477
-0.268387,-1.49159,9.75908
-0.199356,-1.58681,9.73766
-0.182693,-1.61775,9.75908
-0.125565,-1.52968,9.82335
-0.196976,-1.4059,9.85667
-0.154129,-1.37019,9.74956
-0.189835,-1.34639,9.72337
-0.185074,-1.40828,9.85429
-0.139847,-1.43684,9.91142
-0.0422516,-1.35829,10.1304
-0.0184479,-1.4416,10.0828
-0.0684357,-1.45113,9.98521
-0.0660553,-1.52968,9.7805
-0.0493927,-1.48683,9.83525
-0.0470123,-1.56062,9.80669
-0.0636749,-1.61775,9.84239
-0.108902,-1.44637,9.84953
-0.149368,-1.39638,9.90904
-0.163651,-1.48921,9.87096
-0.125565,-1.48921,9.92094
-0.170792,-1.47017,10.0043
-0.127945,-1.53206,9.94951
-0.132706,-1.60347,9.89952
-0.118423,-1.58443,9.9138
-0.116043,-1.54872,9.80907
-0.0660553,-1.65822,9.68767
-0.135086,-1.67726,9.68529
-0.185074,-1.59157,9.77098
-0.211258,-1.37257,9.78526
-0.144608,-1.38686,9.91142
-0.139847,-1.41304,9.84953
-0.163651,-1.49397,9.83287
-0.139847,-1.49635,9.93761
-0.116043,-1.53206,9.88762
-0.0946198,-1.57967,9.88524
-0.101761,-1.52016,9.88524
-0.130325,-1.46779,9.85905
-0.220779,-1.50349,9.74956
-0.244583,-1.58443,9.74242
-0.244583,-1.58681,9.72337
-0.211258,-1.54158,9.84715
-0.182693,-1.46541,9.86144
-0.168411,-1.45827,9.70195
-0.182693,-1.49159,9.72337
-0.163651,-1.56062,9.76384
-0.187454,-1.63203,9.66863
-0.204117,-1.65584,9.68529
-0.189835,-1.63441,9.66863
-0.182693,-1.49159,9.73527
-0.0922394,-1.36067,9.83763
-0.0850983,-1.2726,9.94951
-0.0874786,-1.27974,10.0304
-0.104141,-1.4416,9.89238
-0.0589142,-1.60109,9.93047
-0.0279694,-1.57491,9.93047
-0.113663,-1.68678,9.71385
-0.168411,-1.6487,9.76622
-0.139847,-1.55586,9.81145
-0.0731964,-1.48683,9.90904
-0.0946198,-1.36543,9.93523
-0.130325,-1.29402,9.93523
-0.15889,-1.43446,9.92333
-0.175552,-1.52968,9.88048
-0.175552,-1.50111,9.8662
-0.135086,-1.52016,9.93523
-0.0470123,-1.49873,9.8662
-0.101761,-1.52254,9.87096
-0.16127,-1.56538,9.82097
-0.185074,-1.47255,9.76622
-0.201736,-1.59157,9.74242
-0.208878,-1.65346,9.72337
-0.199356,-1.56538,9.74004
-0.125565,-1.51778,9.91618
-0.101761,-1.49397,9.89476
-0.185074,-1.45113,9.92571
-0.154129,-1.46303,9.83287
-0.189835,-1.46065,9.79955
-0.192215,-1.61775,9.74718
-0.177933,-1.62013,9.72099
-0.237442,-1.50349,9.64006
-0.277908,-1.41066,9.80669
-0.232681,-1.37019,9.92571
-0.196976,-1.29402,10.0257
-0.15889,-1.29402,9.95427
-0.15889,-1.3083,9.85667
-0.168411,-1.43922,9.77574
-0.106522,-1.55824,9.69481
-0.144608,-1.74391,9.56389
-0.187454,-1.71773,9.59959
-0.166031,-1.47493,9.69957
-0.0779572,-1.2964,9.89476
-0.132706,-1.20357,9.87572
-0.16127,-1.18929,9.77574
-0.0970001,-1.24165,9.72099
-0.108902,-1.37972,9.66148
-0.0660553,-1.51064,9.59483
-0.0470123,-1.46541,9.51866
-0.044632,-1.27974,9.58531
-0.00178528,-1.28212,9.57103
-0.00416565,-1.08455,9.59721
-0.0160675,-0.927444,9.58769
-0.00654602,-0.727493,9.61388
0.00535583,-0.660843,9.58293
0.0315399,-0.691788,9.50676
0.117233,-0.672745,9.37108
0.48381,-0.120499,9.35442
0.583786,0.0746918,9.3925
0.664719,0.0746918,9.62578
0.700424,-0.0657501,9.68767
0.874191,-0.125259,9.61626
0.876572,-0.0919342,9.62578
0.943222,-0.0371857,9.77336
0.99559,-0.00386047,9.79478
1.01463,-0.0728912,9.8662
1.00035,-0.00386047,9.89476
0.955124,0.186569,9.80193
1.02892,0.260361,9.80669
0.955124,0.281784,9.88524
1.16936,0.069931,10.0971
1.47881,-0.453751,10.2947
1.83348,-0.582291,10.3232
1.8311,-0.391861,10.4208
1.70494,-0.077652,10.5232
1.60497,0.324631,10.7755
1.61925,0.6436,11.0635
2.66423,-0.246658,12.3299
2.77849,-0.744156,12.368
3.03319,-1.77724,11.9562
3.28551,-2.62227,11.7276
3.40453,-2.94838,11.73
3.32835,-2.86269,11.9657
3.30455,-2.63179,12.3894
3.38072,-2.47231,12.7417
3.3593,-2.27235,12.9297
3.17125,-2.33424,12.8417
2.92607,-2.79604,12.5846
2.76183,-3.33876,12.1133
2.70708,-3.56252,11.8348
2.52379,-3.51491,11.9371
2.29051,-3.2364,12.1014
2.16197,-2.96742,12.2847
2.22148,-2.61275,12.6369
2.00011,-2.54134,12.5251
1.95726,-2.96504,12.3037
1.88347,-3.41493,11.9919
1.97154,-3.71724,11.7229
2.08818,-3.86244,11.4039
1.93822,-3.92909,11.2754
1.67876,-3.87672,11.2778
1.36693,-3.722,11.2682
1.24553,-3.62917,11.5253
1.0789,-3.83626,11.5039
1.01463,-3.84816,11.254
0.828964,-3.8315,10.9635
0.786118,-3.88625,10.5494
0.362411,-3.99098,10.1518
0.0553436,-4.19807,9.97331
-0.0612946,-4.20522,9.76622
-0.266006,-3.90529,9.68767
-0.492142,-3.7458,9.55437
-0.470718,-3.43874,9.53532
-0.944412,-3.31972,9.37346
-1.0063,-3.26973,9.34966
-1.13722,-3.3578,9.17351
-1.26338,-3.28877,8.84502
-3.4438,-0.470413,5.64342
-3.39857,-0.382339,5.59581
-3.15102,-0.237137,5.70769
-3.05104,0.0342255,5.83147
-3.10579,0.51268,5.85289
-3.23671,0.884018,5.89574
-3.50331,1.12682,5.76006
-3.6985,1.18871,5.40776
-3.6985,1.06017,5.4149
-3.53664,1.06731,5.54582
-3.2867,1.28868,5.791
-3.201,1.54338,5.97667
-3.29384,1.71477,5.93144
-3.50331,1.70763,5.89574
-3.53902,1.70049,5.86003
-3.36525,1.8195,5.9481
-3.15102,1.92424,5.97667
-3.06532,2.08372,6.12187
-2.81538,2.30986,6.44322
-2.66304,2.55504,6.567
-2.65828,2.22417,6.62889
-2.54878,1.79808,6.45988
-2.36549,1.8933,6.54082
-2.13698,2.27177,6.83122
-2.0489,2.5955,6.99071
-2.09413,2.76213,7.27159
-2.32503,2.69786,7.44536
-2.38454,2.50743,7.46678
-2.22981,2.47649,7.29778
-2.02748,2.45268,7.27397
-1.90846,2.1837,9.43297
-1.63472,1.74333,9.47343
-1.30147,1.53624,9.54485
-0.951553,1.88615,10.1804
-0.825394,2.37413,10.7707
-0.827774,2.79308,11.0016
-0.899185,2.60741,11.1445
-0.861099,2.27892,11.1278
-0.875381,1.90044,11.1254
-0.823013,1.60051,11.1778
-0.820633,1.22679,11.273
-0.668289,0.912582,11.4111
-0.456436,1.13634,11.7324
-0.120804,1.71953,11.9895
-0.0422516,2.1718,12.3775
-0.0303497,2.10277,12.3108
-0.15889,1.65526,12.0061
-0.258865,1.28392,11.8657
-0.089859,0.793564,11.8633
-0.0922394,0.441269,12.0228
0.100571,-0.798904,11.1992
0.0886688,-0.667984,11.0992
0.188644,-0.829849,11.0445
0.35527,-0.967911,11.0683
0.490952,-1.31783,10.8779
0.564743,-1.66536,10.866
0.650436,-2.12239,10.9731
0.812302,-2.29854,11.0326
0.771835,-1.96529,11.1587
0.614731,-1.72011,11.1849
0.762314,-2.16048,9.7448
0.764694,-2.27235,9.70909
0.767075,-2.41042,9.68767
0.812302,-2.47707,9.75194
0.781357,-2.5699,9.82811
0.793259,-2.32948,9.89476
0.757553,-2.01289,9.97807
0.764694,-1.88911,10.0757
0.73851,-1.87483,9.96855
0.743271,-1.92006,9.97331
0.759934,-1.70583,9.92094
0.809921,-1.46065,9.96141
0.8004,-1.45351,10.0066
0.80516,-1.40114,10.1185
0.824203,-1.22975,9.99474
0.826584,-1.20119,9.90428
0.828964,-1.31544,9.90666
0.86705,-1.21785,9.9138
0.767075,-1.18929,10.0471
0.700424,-1.09883,9.96617
0.650436,-1.0179,10.1542
0.698044,-1.02028,10.2042
0.809921,-0.977432,10.1471
0.840866,-1.0298,10.1756
0.950363,-1.00362,10.1328
0.883713,-1.03218,10.159
0.859909,-0.953629,10.0352
0.881332,-0.913162,10.0352
0.983688,-0.986954,10.1328
1.09557,-1.06551,10.3232
1.16222,-0.929825,10.347
1.14793,-0.925064,10.3185
1.10271,-0.929825,10.2994
1.0432,-0.972672,10.328
0.959885,-1.06313,10.1376
0.883713,-0.953629,10.0304
0.919418,-0.910782,9.90428
0.883713,-0.932205,9.69957
0.845627,-0.975052,9.61864
0.862289,-1.04884,9.73052
0.807541,-0.779861,9.80193
0.943222,-0.670364,9.86144
0.848007,-0.6418,9.91856
0.909897,-0.756058,9.94237
0.905136,-0.777481,9.90428
0.890854,-0.817947,9.87572
0.838486,-0.972672,9.66863
0.795639,-1.02028,9.57103
0.850388,-0.858414,9.63768
0.828964,-0.798904,9.69005
0.774216,-0.796524,9.79716
0.790878,-0.863174,9.78288
0.719467,-0.941727,9.70909
0.733749,-1.02028,9.70195
0.826584,-1.16548,9.68291
0.793259,-1.08455,9.70195
0.814682,-0.953629,9.76622
0.767075,-0.867935,9.83287
0.726608,-0.870316,9.89
0.752792,-0.808426,9.88048
0.731369,-0.758438,9.90904
0.778976,-0.829849,9.90428
0.759934,-0.891739,9.82097
0.828964,-0.787003,9.71623
0.840866,-0.846512,9.91142
0.793259,-0.870316,9.82335
0.876572,-0.906021,9.74956
0.838486,-0.865555,9.85905
0.836105,-0.894119,9.89
0.795639,-0.801285,9.89952
0.819443,-0.813187,9.91618
0.859909,-0.763199,9.91142
0.921799,-0.877457,9.89238
0.843246,-0.934586,9.84953
0.8004,-0.906021,9.80907
0.840866,-0.956009,9.81621
0.869431,-0.877457,9.91142
0.862289,-0.825089,9.87334
0.845627,-0.827469,9.94475
0.850388,-0.779861,9.92333
0.845627,-0.822708,9.90904
0.852768,-0.744156,9.89238
0.897995,-0.863174,9.84715
0.850388,-0.936966,9.83525
0.945602,-0.806046,9.93999
0.86705,-0.751297,9.90666
0.840866,-0.820328,9.9019
0.836105,-0.825089,9.98045
0.852768,-0.798904,9.9995
0.874191,-0.739395,9.99712
0.878952,-0.744156,9.99474
0.881332,-0.817947,9.92094
0.907516,-0.77034,9.9876
0.871811,-0.803665,9.99474
0.8004,-0.763199,9.92333
0.795639,-0.803665,9.94951
0.73851,-0.827469,9.90428
0.764694,-0.765579,9.84953
0.836105,-0.725113,9.82097
0.759934,-0.682266,9.7924
0.719467,-0.820328,9.73052
0.731369,-0.858414,9.80193
0.798019,-0.934586,9.84953
0.790878,-0.90126,9.76146
0.750412,-0.889359,9.73527
0.769455,-0.910782,9.69481
0.733749,-0.863174,9.77812
0.778976,-0.787003,9.78764
0.767075,-0.829849,9.83287
0.750412,-0.875076,9.76384
0.821823,-0.951248,9.74242
0.771835,-0.96077,9.78764
0.717087,-0.910782,9.7567
0.669479,-0.865555,9.79955
0.640915,-0.856033,9.82097
0.638535,-0.827469,9.78764
0.633774,-0.884598,9.83287
0.650436,-0.856033,9.77336
0.667099,-0.825089,9.79955
0.700424,-0.760818,9.84953
0.700424,-0.839371,9.84715
0.788498,-0.856033,9.93047
0.783737,-0.765579,9.92808
0.750412,-0.872696,9.96141
0.80278,-0.932205,9.99712
0.850388,-0.96315,10.0733
0.826584,-0.83699,9.92094
0.833725,-0.803665,9.90666
0.819443,-0.951248,9.90428
0.850388,-0.956009,9.82811
0.838486,-0.996475,9.86144
0.852768,-1.00362,9.81383
0.8004,-0.934586,9.7448
0.769455,-0.991715,9.66863
0.783737,-0.991715,9.68291
0.733749,-0.986954,9.76146
0.740891,-0.970291,9.80193
0.707565,-0.796524,9.80431
0.714706,-0.76796,9.9138
0.745651,-0.810806,9.81145
0.700424,-0.732254,9.81859
0.679001,-0.801285,9.74718
0.586166,-0.8965,9.68767
0.562363,-0.994095,9.7686
0.524277,-1.00124,9.72813
0.781357,-0.920303,9.99235
0.745651,-0.825089,10.0304
0.778976,-0.851273,9.93761
0.726608,-0.939346,9.87572
0.693283,-0.932205,9.81383
0.686142,-0.944107,9.83525
0.698044,-0.917923,9.84715
0.755173,-0.979813,9.85429
0.8004,-0.953629,9.82811
0.774216,-0.894119,9.93285
0.790878,-0.83461,9.92808
0.688522,-0.858414,9.76622
0.667099,-0.83461,9.80669
0.764694,-0.801285,9.8781
0.757553,-0.882217,9.84953
0.719467,-0.777481,9.76146
0.769455,-0.815567,9.85191
0.707565,-0.83223,9.81145
0.667099,-0.825089,9.76146
0.60759,-0.841751,9.68767
0.648056,-0.920303,9.73289
0.583786,-0.934586,9.73052
0.659958,-0.925064,9.70195
0.693283,-0.958389,9.63292
0.774216,-1.04646,9.74004
0.757553,-0.913162,9.84715
0.748032,-0.886978,9.88524
0.681381,-0.913162,9.81383
0.650436,-0.956009,9.73289
0.712326,-0.913162,9.79716
0.709946,-0.89888,9.75194
0.681381,-0.96077,9.92333
0.774216,-0.977432,9.85905
0.80516,-0.917923,9.83525
0.762314,-0.956009,9.89238
0.719467,-1.02266,9.85667
0.745651,-1.06551,9.87572
0.769455,-0.975052,9.8781
0.721848,-0.925064,9.84953
0.700424,-0.913162,9.91618
0.633774,-0.817947,9.85905
0.650436,-0.851273,9.86144
0.662338,-0.822708,9.84239
0.60997,-0.863174,9.89
0.705185,-0.906021,9.89952
0.659958,-0.929825,9.84477
0.629013,-0.917923,9.88524
0.664719,-0.925064,9.88286
0.624252,-0.894119,9.89
0.633774,-0.758438,9.8781
0.60997,-0.791763,9.93761
0.664719,-0.808426,9.94237
0.757553,-0.910782,9.93047
0.774216,-0.96315,9.93285
0.717087,-1.06075,9.8781
0.733749,-1.09407,9.88048
0.721848,-1.06075,9.84477
0.662338,-1.03694,9.88048
0.724228,-0.998856,9.87334
0.67424,-0.915543,9.84001
0.740891,-0.817947,9.88524
0.67424,-0.877457,9.88048
0.659958,-0.860794,9.88048
0.624252,-0.844131,9.72337
0.61235,-0.83699,9.78764
0.645676,-0.903641,9.74956
0.693283,-0.891739,9.68767
0.681381,-0.794144,9.79478
0.67662,-0.784622,9.74004
0.636154,-0.729874,9.80431
0.614731,-0.594193,9.93047
0.621872,-0.739395,9.84477
0.73613,-0.920303,9.85191
0.762314,-0.922684,9.7805
0.683762,-0.820328,9.76622
0.652817,-0.891739,9.84477
0.67662,-0.779861,9.83049
0.624252,-0.829849,9.85905
0.621872,-0.779861,9.79002
0.657578,-0.848892,9.74956
0.721848,-0.806046,9.95903
0.640915,-0.83461,9.95189
0.61235,-0.853653,9.97807
0.726608,-0.886978,9.9876
0.750412,-0.858414,9.97093
0.719467,-0.906021,9.94475
0.73613,-0.934586,9.9138
0.774216,-0.956009,9.91142
0.767075,-0.877457,10.0162
0.714706,-0.753677,9.98045
0.462387,-0.810806,9.75432
0.526657,-0.929825,9.80193
0.552841,-0.936966,9.80907
0.526657,-1.00838,9.71147
0.550461,-0.929825,9.79478
0.60997,-0.877457,9.89476
0.600449,-0.791763,9.93047
0.54332,-0.765579,9.94713
0.519516,-0.825089,9.90428
0.426682,-0.77034,9.87334
0.493332,-0.853653,9.93285
0.517136,-0.889359,9.76146
0.48381,-0.972672,9.76384
0.60997,-1.00362,9.88286
0.648056,-0.936966,9.93285
0.702805,-0.939346,9.93761
0.536179,-0.70607,10.0257
0.567123,-0.739395,10.1185
0.550461,-0.815567,9.94713
0.550461,-0.83223,9.95189
0.498093,-0.765579,9.89952
0.509995,-0.798904,9.98997
0.538559,-0.698929,9.92571
0.571884,-0.696548,9.94951
0.559982,-0.827469,9.95903
0.617111,-0.858414,9.9019
0.667099,-0.920303,9.83525
0.60759,-0.944107,9.80431
0.571884,-0.817947,9.83525
0.529038,-0.789383,9.9138
0.571884,-0.70369,9.87572
0.517136,-0.746536,9.94951
0.488571,-0.729874,9.86144
0.48381,-0.815567,9.90904
0.509995,-0.851273,9.89714
0.48381,-0.806046,9.81145
0.460007,-0.803665,9.75432
0.47905,-0.760818,9.8662
0.54332,-0.694168,9.9019
0.533798,-0.658462,9.93285
0.460007,-0.775101,9.82811
0.457626,-0.865555,9.82811
0.526657,-0.903641,9.79002
0.502853,-0.839371,9.74956
0.493332,-0.908401,9.77574
0.521896,-0.894119,9.86382
0.512375,-0.927444,9.86382
0.464767,-0.815567,9.90904
0.500473,-0.76796,9.98997
0.460007,-0.758438,9.97331
0.488571,-0.858414,9.95427
0.452866,-0.870316,9.8662
0.405258,-0.982193,9.83525
0.469528,-0.996475,9.83763
0.429062,-0.929825,9.83763
0.448105,-0.90126,9.89
0.488571,-0.884598,9.89
0.443344,-0.83461,9.94475
0.440964,-0.89888,9.9138
0.407639,-0.877457,9.88286
0.493332,-0.83699,9.84715
0.429062,-0.717972,9.89
0.336227,-0.696548,9.90428
0.457626,-0.722733,9.86858
0.512375,-0.956009,9.83049
0.448105,-0.944107,9.88524
0.474289,-0.8965,9.80669
0.398117,-0.715591,9.84239
0.41716,-0.729874,9.92333
0.448105,-0.665604,9.96855
-0.28981,-5.97145,6.95738
-0.0755768,-6.00716,7.48582
0.269577,-5.89766,5.43871
0.124374,-7.42824,4.6151
-0.346939,-8.55415,3.42967
-0.665909,-8.53987,3.01311
-0.620682,-8.88026,2.24663
-0.746841,-9.08736,2.12761
-0.763504,-8.98976,1.7776
-1.02773,-9.47536,0.944565
-1.21577,-10.0181,0.373276
-1.31575,-10.4394,-0.550308
-1.42525,-10.2299,-0.450333
-1.52284,-10.0419,-0.950211
-1.27052,-9.79433,-1.2787
-1.33003,-9.4706,-1.9214
-1.67281,-9.06355,-2.06422
-1.77278,-8.86836,-2.37843
-1.79897,-9.01595,-2.795
-1.85847,-9.32301,-3.0616
-1.95845,-9.04927,-3.99471
-1.8799,-9.2635,-4.47078
-1.88942,-9.24446,-5.61812
-2.12746,-9.48964,-6.06325
-2.28813,-9.75862,-5.67406
-2.41072,-9.1183,-5.16109
-2.46309,-9.32301,-5.30629
-2.55354,-9.90144,-6.23225
-2.44524,-10.8119,-6.25249
-2.42857,-11.0345,-5.59312
-0.138657,-4.27544,6.59914
0.269577,-2.40565,9.07829
0.477859,-0.808426,9.75789
0.312424,0.794754,10.8291
0.22316,1.33867,10.9112
0.114853,-0.152634,9.71623
0.230301,-0.83223,9.31395
0.0946198,-0.408524,9.60197
0.127945,0.0973053,9.91142
0.150558,0.159195,9.75313
0.124374,-0.247849,9.55318
0.144608,-0.96196,9.15685
0.150558,-0.778671,9.33656
0.133896,-0.441849,9.73409
0.117233,-0.488266,9.93523
0.1577,-0.717972,9.79955
0.0755768,-0.864365,9.55318
0.137466,-0.673935,9.63411
0.183884,-0.358536,9.88048
0.250534,-0.171677,10.1209
0.252914,-0.296646,10.0031
0.304092,-0.331161,9.96855
0.188644,-0.631088,9.67458
0.141037,-0.534683,9.80193
0.216019,-0.313309,9.93523
0.22554,-0.175247,10.0471
0.280289,-0.369247,9.89595
0.329086,-0.547775,9.8781
0.331467,-0.556107,9.9388
0.280289,-0.275223,10.0304
0.256485,-0.344254,9.91499
0.254105,-0.3871,9.8531
0.22673,-0.341873,9.90547
0.189835,-0.252609,9.9019
0.268387,-0.205002,9.99117
0.299332,-0.282364,9.96974
0.270767,-0.379959,9.89833
0.282669,-0.346634,9.90428
0.313614,-0.228806,9.94356
0.349319,-0.184769,10.015
0.361221,-0.343063,9.87572
0.291,-0.343063,9.88762
0.255295,-0.302597,9.87572
0.207687,-0.159775,9.92094
0.268387,-0.168106,9.9388
0.264816,-0.138351,9.86501
0.263626,-0.135971,9.91023
0.255295,-0.13002,9.93404
0.28981,-0.162155,9.89833
0.319565,-0.203812,9.92571
0.383835,-0.172867,9.93047
0.35408,-0.109787,9.93642
0.285049,-0.174057,9.92451
0.213638,-0.235947,9.79716
0.217209,-0.227615,9.77574
0.22197,-0.0955048,9.86382
0.252914,-0.132401,9.76027
0.189835,-0.159775,9.79955
0.183884,-0.150253,9.86382
0.338608,-0.0312347,9.97807
0.327896,-0.026474,10.0257
0.296951,-0.146683,9.93523
0.314804,-0.197861,9.93166
0.338608,-0.112167,10.0328
0.383835,-0.0240936,10.0114
0.267197,-0.0978851,9.91856
0.275528,-0.118118,9.85191
0.261246,-0.0824127,9.87215
0.324326,0.154434,9.94713
0.298141,0.217514,10.0721
0.373123,-0.0157623,9.94951
0.389786,0.0306549,9.89952
0.371933,0.0746918,9.92094
0.358841,0.224655,9.96617
0.335037,0.0556488,9.87334
0.337418,-0.0514679,9.82454
0.346939,-0.165726,9.79598
0.340988,0.0163727,9.79002
0.312424,0.0830231,9.88524
0.314804,0.088974,9.84001
0.277908,-0.0312347,9.74004
0.295761,0.0782623,9.82216
0.241013,0.19371,9.84477
0.277908,0.117538,9.83763
0.275528,0.00447083,9.79598
0.380264,-0.0240936,9.8412
0.294571,0.186569,9.88524
0.252914,0.144913,9.86501
0.276718,0.0473175,9.82454
0.279099,-0.00743103,9.77574
0.219589,0.0449371,9.84953
0.264816,0.0830231,9.83525
0.264816,0.147293,9.90785
0.254105,0.104446,9.94594
0.277908,0.0235138,9.89357
0.326706,0.0520782,9.87215
0.343369,0.0544586,10.0078
0.252914,0.0151825,9.99831
0.252914,0.110397,9.98283
0.258865,0.106827,9.96379
0.271957,0.182999,9.93523
0.236252,0.181808,9.99831
0.214828,0.165146,10.0423
0.28981,0.0342255,9.93642
0.35527,0.00447083,9.86025
0.28862,0.00447083,9.83525
0.241013,0.135391,9.90904
0.210068,0.140152,9.90547
0.314804,0.0496979,9.88643
0.28624,-0.0467072,9.78407
0.291,0.106827,9.84239
0.302902,0.19252,9.84596
0.302902,0.108017,9.85786
0.212448,0.121109,9.86739
0.28743,0.148483,9.86025
0.250534,0.181808,9.84834
0.246964,0.0330353,9.77693
0.300522,0.00328064,9.7686
0.298141,0.075882,9.84715
0.249344,0.161575,9.86977
0.194595,0.12944,9.84953
0.167221,0.0818329,9.89476
0.231491,0.171097,9.93999
0.260056,0.271072,10.0971
0.258865,0.146103,10.0828
0.382645,0.0830231,10.1066
0.35527,0.182999,10.1399
0.340988,0.221085,10.0828
0.363602,0.118729,9.98879
0.349319,0.0865936,9.9507
0.261246,0.146103,9.91261
0.279099,0.284164,9.91023
0.245773,0.161575,9.76503
0.130325,0.0366058,9.62935
0.163651,0.0937347,9.70433
0.207687,0.123489,9.68291
0.212448,0.00209045,9.77812
0.238632,0.0425568,9.76027
0.195786,0.0532684,9.7567
0.195786,0.237747,9.89
0.171982,0.298447,9.89833
0.101761,0.32106,9.83168
0.0850983,0.134201,9.84596
0.171982,0.347244,9.91856
0.0612946,0.426987,9.91975
-0.0136871,0.142532,9.69838
-0.177933,0.153244,9.81859
-0.179123,0.442459,9.87929
-0.261246,0.7043,9.94237
-0.076767,0.910202,9.98997
0.291,0.969711,10.1007
0.523087,1.07921,10.1292
0.848007,1.2625,10.3946
0.859909,0.949478,9.93166
1.26814,1.2625,9.66029
1.46095,2.41222,9.75908
1.26933,2.9966,9.31395
1.5157,3.42982,9.02116
1.75136,3.97731,8.24992
1.67638,5.58168,7.93333
1.17174,5.64714,6.69316
1.56331,6.0161,5.98976
1.80254,7.32768,5.49464
1.18126,8.37624,5.10307
1.49547,8.0537,4.30922
1.56212,7.89778,3.632
1.69899,8.31911,3.11784
1.59901,8.71901,2.33113
1.64067,8.89278,1.77888
1.8549,8.94395,1.69081
1.99178,8.84041,1.13976
2.03343,8.78328,0.388748
2.35359,8.95705,0.317337
2.34764,8.95229,-0.0254364
2.34288,8.62736,-0.445572
2.38097,8.37386,-0.825241
2.47261,8.97133,-0.837143
2.48451,9.07368,-1.0966
2.51308,8.99037,-1.29298
2.5583,8.84041,-1.21681
2.72493,9.51286,-1.22038
2.77135,9.7997,-1.62743
2.70827,9.71876,-1.69646
2.69637,9.38432,-1.51198
2.73326,9.45097,-1.12636
2.8261,9.74852,-0.37178
2.82967,9.6783,-0.042099
2.77968,9.40813,-0.00520325
2.57973,9.92824,0.892197
2.44405,10.2674,1.86101
2.47975,9.35219,1.78484
2.30717,8.46788,1.64558
1.94417,8.77495,2.51799
1.86562,9.21889,3.1833
2.07985,8.37743,3.83672
2.57854,7.4467,5.08403
2.12746,7.411,6.06474
1.48357,7.18724,6.52296
1.74303,5.76973,6.33849
1.83943,5.31032,6.70982
1.30742,4.12132,6.96095
0.67662,3.13585,7.83098
1.11461,2.90614,8.69624
1.24196,2.77641,9.02473
0.711136,2.1718,9.11995
0.621872,1.72191,9.4175
1.02296,1.35176,9.68291
0.714706,0.665024,9.48058
0.295761,0.332962,9.77336
0.408829,0.158005,9.9864
0.461197,-0.350204,9.87215
0.396927,-0.908401,9.75908
0.525467,-0.64061,10.1709
0.336227,-0.352585,10.2768
0.317184,-0.948868,10.1899
0.557602,-1.57133,9.94475
0.604019,-1.17976,10.2221
0.427872,-0.89769,10.1828
0.208878,-1.23094,9.71385
0.22554,-1.46303,9.65196
0.262436,-1.23927,9.71504
0.257675,-1.15715,9.66029
0.402878,-0.621567,10.0102
0.448105,-0.44899,10.0757
0.455246,-1.13097,9.54842
0.523087,-1.39638,9.43297
0.593307,-0.983383,9.6591
0.526657,-0.566818,9.83049
0.432632,-0.932205,9.5865
0.450485,-1.16786,9.59483
0.502853,-0.83342,9.79002
0.498093,-0.490646,9.95189
0.413589,-0.77391,9.8412
0.437393,-1.17857,9.66505
0.5457,-1.0667,9.84953
0.581406,-0.625137,10.0578
0.504044,-0.684647,9.98879
0.504044,-0.929825,9.89119
0.432632,-1.13335,9.80907
0.54689,-0.790573,9.98521
0.599258,-0.583481,10.0423
0.557602,-0.823898,9.9507
0.48024,-1.10121,9.70671
0.520706,-1.03218,9.86262
0.501663,-0.683456,10.0769
0.558792,-0.619186,10.0471
0.493332,-1.02504,9.8055
0.568314,-1.07146,9.77098
0.630203,-0.712021,10.0352
0.502853,-0.77034,9.93642
0.452866,-1.0298,9.73409
0.521896,-0.869125,9.80431
0.54451,-0.751297,9.94951
0.507614,-0.826279,9.85548
0.533798,-0.902451,9.85429
0.517136,-0.838181,9.88048
0.579025,-0.83461,9.9138
0.538559,-0.801285,9.92333
0.493332,-0.814377,9.88167
0.448105,-0.77272,9.96498
0.473099,-0.731064,9.86262
0.455246,-0.876266,9.79598
0.467148,-0.957199,9.84834
0.473099,-0.859604,9.89
0.512375,-0.804855,9.96498
0.477859,-0.848892,9.83644
0.499283,-0.860794,9.83882
0.536179,-0.801285,9.9269
0.5457,-0.734634,9.90428
0.515945,-0.820328,9.83287
0.540939,-0.848892,9.89952
0.539749,-0.64537,9.93404
0.529038,-0.64061,9.93166
0.48024,-0.904831,9.86025
0.54808,-0.802475,9.91023
0.614731,-0.677505,9.92094
0.519516,-0.722733,9.9138
0.48024,-0.892929,9.80907
0.505234,-0.775101,9.85072
0.460007,-0.613236,9.94237
0.451675,-0.688217,9.84596
0.537369,-0.852463,9.74599
0.615921,-0.754868,9.88167
0.538559,-0.552536,10.0007
0.500473,-0.783432,9.77812
0.462387,-0.956009,9.66029
0.469528,-0.906021,9.68291
0.442154,-0.77153,9.85429
0.514755,-0.607285,9.93642
0.514755,-0.653702,10.0233
0.48381,-0.747726,9.95308
0.396927,-0.826279,9.89714
0.550461,-0.850082,9.86144
0.511185,-0.682266,9.84715
0.425491,-0.802475,9.81978
0.465958,-0.920303,9.79359
0.54213,-0.83699,9.91618
0.583786,-0.689407,9.9626
0.47905,-0.647751,9.9
0.444534,-0.747726,9.94356
0.537369,-0.684647,10.04
0.568314,-0.648941,10.034
0.561172,-0.792953,9.96141
0.573074,-0.781052,9.93285
0.531418,-0.831039,9.90309
0.562363,-0.795334,9.9138
0.526657,-0.70369,10.0031
0.549271,-0.613236,9.97688
0.537369,-0.803665,9.91856
0.490952,-0.882217,9.77455
0.470718,-0.64299,9.91023
0.494522,-0.473984,9.84001
0.502853,-0.675125,9.74242
0.511185,-0.886978,9.68648
0.505234,-0.629898,9.79598
0.48262,-0.433517,9.80431
0.402878,-0.569199,9.77455
0.501663,-0.70845,9.74956
0.536179,-0.664413,9.76027
0.559982,-0.603714,9.82216
0.54332,-0.632278,9.81859
0.537369,-0.598953,9.88881
0.504044,-0.51088,9.79121
0.540939,-0.443039,9.70909
0.402878,-0.533493,9.49129
0.367172,-0.712021,9.2592
0.338608,-0.981003,9.04973
0.312424,-1.14406,8.94142
0.155319,-1.58681,8.70696
1.5276,-3.01622,11.2182
1.91322,-3.23521,11.6622
2.02153,-3.03288,12.0692
2.27623,-2.82341,12.5715
2.88441,-2.29021,12.9
3.2141,-2.37709,12.6822
3.44023,-2.10097,12.6941
3.68541,-1.37376,12.6619
3.58543,-0.51326,12.7583
3.39381,-0.0193329,12.7964
3.60567,0.615036,13.1047
3.67232,1.05064,12.925
3.5771,1.25298,12.512
3.33311,1.49815,12.3465
3.23671,1.82545,12.3156
3.16649,2.27058,12.0014
2.97487,2.57408,11.6253
2.65233,2.67406,11.2611
2.47856,2.66335,10.7898
2.26195,2.55861,10.5148
1.89061,2.23964,9.66863
1.41335,1.82545,8.79622
0.875381,2.34795,8.50105
0.592117,2.87282,8.4832
0.380264,3.13347,8.27254
0.179123,3.1787,8.0952
0.105331,3.13823,7.59889
-0.138657,3.03468,7.00261
-0.694473,2.80022,6.59557
-1.17888,2.27296,6.20995
-1.3586,2.24321,6.17305
-1.45976,2.84901,6.39204
-1.8311,2.85616,6.24327
-2.10246,2.22536,5.8517
-2.03819,1.68739,5.59462
-2.2191,1.67311,5.597
-2.644,1.93138,5.91478
-2.62495,1.91948,6.12425
-2.50951,1.32201,5.93501
-2.80229,0.669785,5.54582
-3.14388,0.106827,5.4756
-3.08675,0.141342,5.88384
-2.99867,-0.0538483,6.05879
-3.41405,-0.63942,6.08617
-3.26051,-1.34639,6.27303
-2.7654,-1.48683,6.77171
-2.84871,-1.62489,7.44179
-3.19505,-1.76057,7.92381
-3.09984,-1.94029,8.32848
-3.17125,-2.81508,8.04759
-3.09746,-4.05406,7.74648
-2.91774,-4.15642,8.46178
-3.04033,-3.4066,9.21516
-2.8011,-3.50777,9.6472
-2.44286,-3.39946,10.1423
-2.23457,-3.84459,10.5232
-2.08223,-3.87196,10.5006
-1.99654,-4.46825,10.5613
-1.6859,-4.03145,11.3337
-1.54427,-3.76366,11.179
-1.64067,-4.34804,10.8279
-1.25386,-4.2921,11.4146
-1.00273,-3.4673,12.0716
-0.86348,-2.73772,12.4715
-0.690903,-2.74724,12.3025
-0.340988,-2.93291,11.949
0.104141,-2.87459,11.9526
0.142227,-2.41637,11.7467
0.285049,-1.36305,11.9502
0.665909,-0.846512,12.1752
0.900375,-0.697739,11.8562
0.636154,-1.15596,11.1706
0.574264,-1.17857,10.6755
0.720657,-0.583481,11.0123
0.753983,-0.0348053,11.2301
0.888474,-0.414475,10.8838
0.846817,-0.697739,10.5934
0.771835,-0.710831,10.5672
0.757553,-0.434708,10.5101
0.73732,-0.205002,10.4756
0.659958,-0.438278,10.2256
0.518326,-0.748917,9.84358
0.455246,-1.03218,9.66148
0.413589,-1.12025,9.63292
0.294571,-0.809616,9.67577
0.145798,-1.06313,9.56627
0.174362,-1.22023,9.42107
0.201736,-1.32854,9.44368
0.16008,-1.42018,9.43178
0.101761,-1.588,9.51866
0.200546,-1.63918,9.64958
0.207687,-1.45113,9.75075
0.139847,-1.59038,9.671
0.0458221,-1.63322,9.56032
0.15889,-1.47731,9.78526
0.212448,-1.38567,9.88405
0.154129,-1.62727,9.88167
0.142227,-1.58443,9.98283
0.193405,-1.46779,10.09
0.310043,-1.46541,9.94594
0.173172,-1.23927,10.1221
0.371933,-1.27974,10.0673
0.368362,-1.47374,9.89595
0.233871,-1.56538,9.73647
0.237442,-1.4178,9.83287
0.338608,-1.37852,9.93166
0.362411,-1.45232,9.91499
0.348129,-1.40947,10.0388
0.35289,-1.31306,9.94832
0.485001,-1.36662,9.99355
0.449295,-1.33568,9.96498
0.293381,-1.21071,9.87096
0.205307,-1.24046,9.77098
0.189835,-1.20595,9.77336
0.380264,-1.27498,9.85667
0.387405,-1.31783,9.82573
0.254105,-1.39043,9.78883
0.285049,-1.36781,9.72099
0.304092,-1.33925,9.76741
0.321945,-1.27498,9.89595
0.344559,-1.23689,9.81026
0.233871,-1.36305,9.71385
0.312424,-1.32973,9.7924
0.345749,-1.23451,9.83049
0.299332,-1.2964,9.83049
0.279099,-1.37376,9.83763
0.205307,-1.19762,9.78407
0.22435,-1.18214,9.8174
0.305283,-1.17738,9.87096
0.333847,-1.20476,9.96855
0.305283,-1.17857,9.87929
0.340988,-1.28093,9.84239
0.35408,-1.16072,9.76027
0.28743,-1.13692,9.91737
0.335037,-1.22975,9.85786
0.312424,-1.21309,9.95427
0.338608,-1.24165,9.87453
0.405258,-1.10597,10.0245
0.399307,-1.24165,9.89
0.35408,-1.2,9.8531
0.381454,-1.22618,9.88167
0.460007,-1.20476,9.89952
0.349319,-1.21666,9.82216
0.317184,-1.34996,9.75432
0.402878,-1.34282,9.84953
0.371933,-1.11906,9.90666
0.35289,-1.05479,9.90904
0.268387,-1.11668,9.80431
0.307663,-1.26189,9.73527
0.250534,-1.11192,9.86262
0.337418,-1.06075,9.88048
0.370743,-1.14406,9.90428
0.432632,-1.3083,9.84715
0.440964,-1.16905,9.9388
0.335037,-1.12859,9.94237
0.339798,-1.16191,9.89714
0.364792,-1.31306,9.83525
0.343369,-1.25713,9.82692
0.348129,-1.20476,9.83049
0.315994,-1.22023,9.84715
0.251724,-1.12383,9.75194
0.291,-1.15834,9.79121
0.326706,-1.19524,9.85667
0.276718,-1.14525,9.79478
0.292191,-1.19286,9.84953
0.28981,-1.20119,9.81264
0.400497,-1.26308,9.85786
0.412399,-1.25356,9.90309
0.306473,-1.19405,9.93404
0.269577,-1.15358,9.82097
0.169601,-1.08693,9.76146
0.207687,-1.08693,9.8531
0.233871,-1.09526,9.77812
0.292191,-1.16072,9.85548
0.35289,-1.22023,9.81145
0.367172,-1.27736,9.91261
0.386215,-1.23213,9.82454
0.363602,-1.12978,9.9542
0.291,-1.12859,9.90785
0.315994,-1.17024,9.94475
0.293381,-1.10835,9.96379
0.275528,-1.10835,9.97093
0.293381,-1.08931,10.0078
0.214828,-1.06313,9.92808
0.296951,-1.23332,9.87691
0.271957,-1.27974,9.7686
0.239822,-1.28807,9.73409
0.220779,-1.18095,9.83763
0.273148,-1.1869,9.86025
0.116043,-1.01909,9.95903
0.206497,-1.13573,9.94832
0.187454,-1.10716,9.90666
0.216019,-1.02385,9.90785
0.180313,-1.05479,9.84596
0.155319,-1.31187,9.69362
0.198166,-1.27855,9.67934
0.256485,-1.11549,9.7567
0.249344,-1.00957,9.73409
0.256485,-0.958389,9.77693
0.390976,-0.892929,9.72694
0.402878,-0.852463,9.77574
0.377884,-0.814377,9.7448
0.336227,-0.748917,9.67458
0.410019,-0.794144,9.73409
0.369553,-0.851273,9.77812
0.413589,-0.96434,9.85786
0.395737,-0.923874,9.91023
0.285049,-1.08931,9.87096
0.329086,-1.06789,10.0043
0.394547,-0.920303,10.2661
0.396927,-1.20714,10.2352
0.413589,-1.38567,10.0733
0.399307,-1.43565,10.1197
0.312424,-1.40709,10.0376
0.310043,-1.29164,9.98402
0.262436,-0.966721,9.75075
0.305283,-0.975052,9.66029
0.382645,-0.932205,9.61269
0.295761,-0.764389,9.63768
0.310043,-0.759628,9.62816
0.402878,-0.794144,9.63054
0.395737,-0.548965,9.64125
0.407639,-0.307358,9.60674
0.526657,-0.160965,9.53532
0.721848,-0.144302,9.34727
0.895615,-0.0550385,9.20326
1.08009,0.315109,9.20802
1.18245,0.77095,9.3199
1.05867,1.14467,9.35442
1.00511,1.30891,9.69243
1.18959,1.51958,10.0293
1.33479,1.65407,10.2173
1.42049,1.54338,10.4077
1.61568,1.40651,10.6886
1.72993,1.31367,11.0766
2.56783,-1.64156,12.894
2.53569,-2.05336,12.7381
2.03581,-2.9222,11.9835
1.83229,-2.75081,12.0133
1.81444,-2.44612,12.0514
1.5276,-2.52705,11.8252
1.16936,-3.15904,11.1183
0.844437,-3.7946,10.6077
0.433823,-3.25902,10.9052
0.285049,-2.9948,10.7362
-0.450485,-3.52324,10.0459
-0.657578,-3.25664,9.81026
-1.04201,-3.14,9.51271
-1.42644,-3.09477,8.81288
-1.50142,-2.93886,8.34395
-1.67519,-2.47469,8.14162
-2.00011,-2.17119,7.91667
-2.26076,-2.05098,7.44774
-2.41905,-1.90697,6.68721
-2.91298,-1.74748,6.11592
-3.1403,-0.969101,6.22304
-3.17482,-0.226425,6.47417
-3.43785,-0.0812225,6.14091
-3.47951,-0.0609894,5.76244
-3.5164,0.530533,5.71126
-3.48308,0.818558,5.63033
-3.63066,1.18871,5.61009
-3.7473,1.5041,5.73387
-3.70207,1.5041,5.56487
-3.99724,1.47435,5.59819
-3.90083,2.11705,5.92787
-3.70326,2.39198,6.19804
-3.61519,2.17537,6.29564
-3.27718,2.48006,6.60747
-2.98558,3.43459,7.05141
-2.95345,3.17989,6.85979
-2.94035,2.79427,6.78004
-2.7892,2.60384,6.89906
-2.14174,3.2382,7.63341
-1.47047,3.78807,8.26064
-2.0977,3.33937,7.98689
-2.25957,2.70976,7.94405
-1.89894,2.99184,8.3856
-1.91679,3.22392,8.64983
-1.75612,2.90019,9.0652
-1.67876,2.54314,9.60317
-1.58116,2.19917,9.78288
-1.03963,2.27773,9.94713
-0.431442,2.39793,10.5696
-0.435013,2.15276,10.7184
-0.763504,1.43864,10.672
-0.705185,1.19109,10.8029
-0.73494,1.1042,10.9671
-0.456436,1.18633,11.1968
-0.189835,1.18275,11.5146
-0.0993805,0.518631,11.8157
-0.129135,0.175858,11.8943
0.0458221,0.109207,11.7181
0.28624,0.121109,11.7586
-0.0458221,0.243698,12.0478
-0.249344,-0.751297,10.6827
-0.264816,-1.1869,10.2197
-0.191025,-1.60347,10.1578
-0.168411,-1.5023,10.1019
-0.135086,-1.47374,10.1364
-0.104141,-1.3571,10.228
-0.195786,-1.18452,10.4982
-0.108902,-1.01076,10.3804
-0.0565338,-1.11073,10.1292
0.0208282,-0.973862,10.2947
0.123184,-0.673935,10.3815
0.0410614,-0.309738,10.4482
0.113663,-0.302597,10.2387
0.0970001,-0.197861,10.0673
0.057724,-0.454941,9.8055
0.0101166,-0.469223,9.64363
0.0791473,-0.283554,9.696
0.0815277,-0.0217133,9.73289
-0.00416565,0.00923157,9.67339
0.0601044,-0.0562286,9.73885
0.192215,-0.0931244,9.74718
0.285049,-0.000289917,9.74718
0.198166,0.293686,9.95308
0.210068,0.263931,9.98045
0.269577,0.0770721,9.91499
0.205307,-0.215714,9.81026
0.245773,-0.219284,9.7448
0.150558,0.111588,10.0162
0.208878,0.204422,10.0876
0.220779,0.137772,10.0531
0.260056,-0.25618,9.81859
0.261246,-0.281174,9.85191
0.255295,-0.180008,9.90666
0.274338,-0.208572,9.87572
0.285049,-0.155014,9.81978
0.1577,-0.213333,9.77693
0.143417,-0.268082,9.88286
0.0731964,-0.134781,9.93642
0.101761,-0.177628,9.96141
0.123184,-0.166916,9.90309
0.105331,-0.229996,9.86501
0.121994,-0.25499,9.98164
0.0696259,-0.215714,10.0221
0.110092,-0.222855,9.9745
0.0505829,-0.269272,9.92333
-0.000595093,-0.403763,9.76503
0.123184,-0.38829,9.85072
0.0934296,-0.354965,9.8531
0.0351105,-0.303787,9.93047
0.0553436,-0.216904,9.88524
0.0815277,-0.270462,9.93404
0.0684357,-0.229996,9.86025
0.025589,-0.212143,9.95784
0.124374,-0.269272,9.94475
0.133896,-0.344254,10.0197
0.100571,-0.332352,9.97331
0.104141,-0.243088,9.94594
0.125565,-0.182388,9.96379
0.0922394,-0.182388,9.99117
0.119614,-0.316879,9.93047
0.146988,-0.354965,9.84001
0.0648651,-0.229996,9.9019
0.125565,-0.134781,9.96736
0.164841,-0.285934,9.9019
0.173172,-0.377579,9.8662
0.150558,-0.291885,9.92094
0.0970001,-0.215714,9.89595
0.0946198,-0.265701,9.81264
0.0803375,-0.406143,9.71147
0.0612946,-0.207382,9.85548
0.143417,-0.57515,9.67458
0.274338,-0.409714,9.92928
0.22316,-0.310928,10.0971
0.144608,-0.145493,10.0376
0.0815277,-0.654892,9.78526
0.207687,-0.290695,9.88405
0.169601,-0.25499,10.0483
0.139847,-0.232376,9.9507
0.0874786,-0.508499,9.83763
0.124374,-0.443039,9.85191
0.156509,-0.308548,9.88881
0.181503,-0.282364,9.89476
0.149368,-0.469223,9.85786
0.133896,-0.635849,9.75908
0.250534,-0.434708,9.8662
0.238632,-0.272842,9.9745
0.142227,-0.370438,9.84358
0.0993805,-0.469223,9.86144
0.0874786,-0.45018,9.80312
0.0839081,-0.262131,10.0066
0.076767,-0.249039,10.009
0.0839081,-0.269272,9.89119
0.0684357,-0.407333,9.72813
0.143417,-0.529922,9.84358
0.241013,-0.352585,9.90071
0.214828,-0.374008,9.89
0.179123,-0.491837,9.90785
0.213638,-0.51088,9.91142
0.238632,-0.466843,9.94475
0.241013,-0.38829,10.0412
0.275528,-0.612045,10.078
0.283859,-0.650131,10.0066
0.267197,-0.366867,10.0209
0.230301,-0.38829,10.078
0.183884,-0.550156,9.95784
0.236252,-0.678696,9.83644
0.163651,-0.614426,9.83763
0.126755,-0.394241,9.91023
0.183884,-0.415665,9.95784
0.202927,-0.669174,9.8293
0.166031,-0.526352,9.90309
0.238632,-0.435898,9.96974
0.22673,-0.544205,9.85429
0.22554,-0.541824,9.81502
0.156509,-0.562057,9.91856
0.0113068,-0.566818,9.77098
0.0934296,-0.625137,9.78883
0.0696259,-0.533493,9.86739
0.131516,-0.441849,9.96141
0.321945,-0.277603,10.0078
0.386215,-0.253799,10.1221
0.41954,-0.358536,10.1602
0.460007,-0.595383,10.1471
0.436203,-0.528732,9.9995
0.471909,-0.489456,10.0447
0.445725,-0.44899,10.0352
0.396927,-0.45256,10.0031
0.271957,-0.520401,9.82811
0.124374,-0.412094,9.81502
0.218399,-0.437088,9.8662
0.217209,-0.441849,9.78407
0.231491,-0.469223,9.76027
0.281479,-0.528732,9.79836
0.245773,-0.570389,9.77098
0.201736,-0.508499,9.74123
0.101761,-0.377579,9.7924
-0.00178528,-0.426376,9.68529
0.025589,-0.588242,9.65672
0.0541534,-0.32045,9.82454
-0.0327301,-0.262131,9.91737
-0.0612946,-0.439468,9.88881
-0.00654602,-0.604904,9.81978
-0.0589142,-0.289505,9.93523
0.0160675,-0.318069,9.98402
0.0839081,-0.673935,9.81145
0.132706,-0.709641,9.76146
0.266006,-0.377579,9.96498
0.308853,-0.250229,10.0495
0.28862,-0.288315,10.0661
0.330276,-0.38353,9.91023
0.308853,-0.159775,10.009
0.313614,-0.0193329,10.0043
0.248154,-0.176437,9.96617
0.257675,-0.266891,9.8781
0.312424,-0.337112,9.81145
0.300522,-0.314499,9.81621
0.232681,-0.312119,9.7567
0.114853,-0.264511,9.8055
0.107712,-0.185959,9.77455
0.257675,-0.151443,9.94475
0.258865,-0.0645599,10.0007
0.285049,-0.12645,10.0364
0.335037,-0.0336151,10.1042
0.269577,-0.145493,9.96736
0.0922394,-0.238327,9.75908
-0.0422516,-0.327591,9.71028
0.0803375,-0.203812,9.77336
0.0684357,-0.0288544,9.82573
0.107712,-0.175247,9.70671
0.170792,-0.241898,9.78764
0.188644,-0.237137,9.84953
0.111282,-0.0240936,9.94118
0.0791473,-0.12764,9.90666
0.154129,-0.0229034,9.88881
0.266006,0.00209045,10.0043
0.266006,-0.0717011,9.99117
0.314804,-0.19429,10.0233
0.258865,-0.252609,9.97093
0.144608,-0.266891,9.83168
0.220779,-0.12645,9.82097
0.246964,-0.176437,9.77455
0.296951,-0.243088,9.86382
0.302902,-0.0502777,9.85072
0.390976,0.0294647,9.86858
0.314804,-0.0300446,9.76146
0.238632,-0.0383759,9.6722
0.325516,-0.0609894,9.7567
0.337418,0.177048,9.88286
0.227921,0.0413666,9.84001
0.248154,0.0996857,9.85191
0.280289,0.121109,9.92808
0.349319,0.146103,9.96022
0.398117,-0.105026,9.93642
0.392166,-0.121689,9.90547
0.487381,-0.122879,10.0566
0.446915,-0.0752716,9.9995
0.5457,-0.112167,10.0304
0.490952,-0.0526581,9.97688
0.396927,-0.0812225,9.93761
0.374313,-0.0574188,9.89357
0.444534,-0.00624084,9.85786
0.357651,0.0806427,9.86262
0.318375,0.088974,9.9138
0.362411,0.103256,9.9745
0.368362,-0.0681305,9.80073
0.374313,0.0806427,9.87453
0.35408,0.0163727,9.80193
0.394547,-0.0407562,9.88524
0.41478,-0.108597,9.87096
0.408829,-0.201431,9.77455
0.361221,-0.0978851,9.80193
0.35408,-0.0205231,9.92333
0.406448,0.0473175,9.94475
0.361221,-0.0240936,9.8531
0.28981,-0.0276642,9.83882
0.280289,0.0711212,9.86977
0.321945,0.0139923,9.92094
0.346939,0.141342,10.0173
0.314804,-0.183578,9.93999
0.385025,-0.0943146,9.94951
0.360031,0.00566101,9.98997
0.348129,-0.013382,9.99712
0.292191,-0.138351,9.85786
0.401688,-0.0205231,9.9019
0.432632,-0.0217133,9.86144
0.385025,-0.0990753,9.76979
0.358841,-0.110977,9.77812
0.327896,-0.121689,9.69243
