0.248154,1.30296,9.72575
0.291,1.27678,9.77098
0.176743,1.34343,9.71623
0.193405,1.43626,9.76622
0.164841,1.45055,9.75908
0.22197,1.25536,9.64006
0.164841,1.24345,9.62578
0.179123,1.22441,9.6472
0.186264,1.23631,9.64958
0.169601,1.34819,9.72813
0.362411,1.31725,9.67577
0.362411,1.24345,9.55437
0.260056,1.19823,9.55913
0.243393,1.22917,9.61626
0.329086,1.15776,9.70671
0.348129,1.13634,9.75908
0.307663,1.1411,9.72575
0.28862,1.13872,9.64006
0.357651,1.12444,9.64482
0.436203,1.04826,9.69005
0.35289,1.18871,9.83287
0.371933,1.1411,9.83763
0.398117,1.05778,9.80907
0.433823,1.07207,9.7805
0.333847,1.16966,9.68767
0.250534,1.14348,9.63292
0.22435,1.18394,9.58293
0.195786,1.17442,9.62578
0.252914,0.988754,9.55199
0.293381,1.03874,9.502
0.60759,0.941147,9.90428
0.740891,1.12206,10.0852
0.836105,1.15538,10.0447
0.750412,1.17442,9.97569
0.650436,1.21013,9.93285
0.590927,1.17918,9.7924
0.493332,1.28392,9.90428
0.448105,1.31963,9.76146
0.393356,1.27916,9.72575
0.333847,1.11967,9.68529
0.986069,0.945908,9.97807
1.03844,0.848312,9.95665
1.01463,0.764999,10.0114
0.890854,0.912582,10.0138
0.840866,0.950668,10.1185
0.859909,0.957809,10.0043
0.914658,0.89592,9.84715
0.895615,0.912582,9.88524
0.921799,0.967331,9.98997
1.0432,0.955429,9.93047
1.75493,0.784042,9.83287
1.68828,0.812607,9.82573
1.65971,0.710251,9.78526
1.47404,0.738815,9.86144
1.35741,0.731674,9.94951
1.286,0.745956,9.88048
1.23363,0.810226,9.77336
1.15269,0.914963,9.8662
1.27647,1.0078,9.9138
1.36693,1.09111,9.97807
1.32884,1.26012,10.0043
1.30266,1.44102,10.1828
1.30028,1.57433,10.2352
1.26219,1.57671,10.1304
1.13841,1.48387,10.1233
1.15508,1.31248,9.98997
1.20268,1.13872,9.78764
1.16222,1.0554,9.80193
1.10509,1.04588,9.83049
0.964645,1.12682,9.81383
0.47905,1.08159,9.39012
0.521896,1.16966,9.39
0.486191,1.15776,9.41155
0.490952,1.09349,9.41393
0.524277,1.12444,9.52104
0.526657,1.19823,9.55913
0.488571,1.2506,9.64006
0.552841,1.41246,9.72099
0.526657,1.51482,9.76622
0.586166,1.39818,9.72813
0.614731,1.30772,9.72813
0.569504,1.23155,9.69957
0.526657,1.10539,9.58769
0.398117,1.03398,9.55437
0.440964,1.14586,9.48534
0.452866,1.21727,9.55199
0.336227,1.19109,9.59721
0.293381,1.28868,9.64482
0.267197,1.28392,9.6353
0.174362,1.31963,9.6115
0.141037,1.2982,9.6234
0.141037,1.34581,9.69005
0.233871,1.32677,9.68291
0.269577,1.41246,9.67339
0.310043,1.39818,9.76384
0.22673,1.37199,9.75432
0.22673,1.40294,9.81621
0.41954,1.25298,9.9019
0.533798,1.2625,9.93285
0.583786,1.20537,9.80907
0.602829,1.16728,9.87096
0.505234,1.10539,9.80193
0.438583,1.11015,9.80669
0.398117,1.153,9.93999
0.390976,1.07445,9.81859
0.336227,1.07683,9.88286
0.262436,1.19347,9.95427
0.243393,1.19585,9.94713
0.28862,1.13634,9.9138
0.252914,1.13396,9.97807
0.0815277,0.886398,9.73527
0.117233,0.795944,9.85191
0.0696259,0.745956,9.75908
0.141037,0.712631,9.85429
0.181503,0.748337,9.85905
0.22435,0.795944,9.8662
0.217209,0.786423,9.84239
0.243393,0.76738,9.79716
0.321945,0.669785,9.84239
0.312424,0.581711,9.81621
0.338608,0.517441,9.84477
0.340988,0.474594,9.8662
0.324326,0.517441,9.83287
0.379074,0.595993,9.81859
0.41716,0.717392,9.77098
0.398117,0.653122,9.77574
0.467148,0.615036,9.77336
0.400497,0.698349,9.79716
0.460007,0.753098,9.85191
0.367172,0.860214,9.81621
0.321945,0.903061,9.8662
0.35051,0.869736,9.79478
0.383835,0.793564,9.71385
0.340988,0.83165,9.77574
0.319565,0.788803,9.77098
0.291,0.869736,9.73527
0.324326,0.876877,9.77098
0.35289,0.855453,9.80669
0.41954,0.803085,9.81383
0.381454,0.805466,9.76146
0.336227,0.584091,9.79716
0.248154,0.793564,9.85429
0.264816,0.860214,9.85429
0.281479,0.838791,9.93523
0.345749,0.784042,9.89714
0.348129,0.660263,9.87572
0.429062,0.584091,9.86144
0.405258,0.710251,9.83049
0.371933,0.791184,9.83287
0.271957,0.876877,9.86144
0.245773,0.881638,9.88524
0.248154,0.874496,9.83287
0.271957,0.776901,9.85191
0.267197,0.653122,9.77098
0.283859,0.655502,9.80431
0.35051,0.750717,9.7924
0.295761,0.822128,9.72337
0.274338,0.855453,9.77574
0.28862,0.812607,9.7448
0.217209,0.864975,9.80193
0.174362,0.881638,9.7567
0.195786,0.786423,9.75908
0.217209,0.695969,9.76146
0.205307,0.695969,9.81859
0.233871,0.665024,9.84001
0.22673,0.684067,9.77336
0.191025,0.76738,9.88048
0.214828,0.760239,9.93523
0.210068,0.698349,9.93047
0.219589,0.610275,9.94951
0.333847,0.665024,9.85429
0.331467,0.6436,9.86858
0.376694,0.676926,9.87572
0.407639,0.686447,9.84239
0.445725,0.755478,9.85429
0.445725,0.688828,9.81383
0.402878,0.686447,9.81859
0.345749,0.774521,9.80193
0.410019,0.812607,9.79478
0.460007,0.817368,9.79478
0.260056,0.867355,9.76146
0.217209,0.805466,9.72099
0.238632,0.843552,9.77574
0.283859,0.876877,9.86382
0.348129,0.943527,9.83763
0.369553,0.983994,9.84001
0.381454,0.936386,9.74956
0.331467,0.893539,9.72337
0.260056,0.910202,9.78764
0.262436,0.893539,9.72813
0.241013,0.817368,9.76146
0.321945,0.745956,9.74242
0.317184,0.819748,9.70909
0.374313,0.917343,9.79716
0.329086,0.993515,9.74004
0.264816,0.919724,9.68291
0.260056,0.824509,9.66386
0.340988,0.750717,9.72099
0.383835,0.774521,9.70671
0.300522,0.884018,9.72575
0.229111,0.891159,9.7567
0.217209,0.876877,9.68767
0.217209,0.83641,9.68053
0.243393,0.869736,9.66863
0.310043,0.874496,9.68291
0.300522,0.893539,9.84001
0.243393,0.969711,9.88048
0.214828,0.964951,9.81145
0.264816,0.950668,9.81145
0.319565,0.843552,9.82335
0.22435,0.829269,9.81621
0.245773,0.850693,9.77812
0.255295,0.869736,9.82097
0.164841,0.819748,9.84715
0.183884,0.848312,9.87572
0.174362,0.867355,9.7924
0.145798,0.924484,9.77812
0.150558,0.941147,9.83287
0.167221,0.912582,9.83763
0.155319,0.936386,9.68053
0.0672455,0.967331,9.69481
0.129135,0.969711,9.82097
0.136276,0.981613,9.77812
0.243393,0.972092,9.86382
0.252914,0.948288,9.81859
0.243393,0.903061,9.78764
0.245773,0.83403,9.81859
0.264816,0.886398,9.83763
0.267197,0.891159,9.79955
0.217209,0.891159,9.85905
0.202927,0.722153,9.84477
0.22673,0.757858,9.86858
0.238632,0.812607,9.89
0.191025,0.879257,9.87572
0.143417,0.914963,9.83763
0.0934296,0.884018,9.86144
0.119614,0.910202,9.87334
0.126755,0.919724,9.8781
0.210068,0.89592,9.87334
0.212448,0.905441,9.82335
0.193405,0.983994,9.82573
0.174362,0.964951,9.81621
0.186264,0.948288,9.75908
0.195786,0.957809,9.70433
0.145798,0.879257,9.64482
0.252914,0.988754,9.73052
0.155319,1.17442,9.64958
0.133896,1.02208,9.671
0.150558,0.788803,9.67577
0.124374,0.917343,9.62816
0.193405,0.988754,9.89238
0.176743,0.972092,9.87572
0.155319,0.986374,9.84953
0.186264,0.998276,9.83049
0.169601,0.96019,9.85191
0.112473,1.00066,9.84001
0.145798,1.05302,9.96141
0.198166,1.01494,9.97093
0.195786,1.00542,9.87572
0.198166,0.998276,9.96855
0.0482025,1.06493,9.64482
0.133896,1.11491,9.62102
0.169601,1.18394,9.71385
0.155319,1.21489,9.68767
0.110092,1.11015,9.55675
0.0172577,1.11015,9.54723
-0.0541534,1.08397,9.55437
-0.0850983,1.04588,9.46629
-0.0303497,1.06017,9.64482
0.1577,1.09349,9.69243
0.181503,1.14824,9.71147
0.114853,1.22679,9.78288
0.100571,1.23393,9.71623
0.0839081,1.23393,9.73527
0.176743,1.37437,9.70433
0.250534,1.42674,9.78764
0.252914,1.31248,9.82573
0.267197,1.3101,9.83049
0.274338,1.23869,9.94475
0.333847,1.22203,9.7924
0.121994,1.36009,9.79716
0.148178,1.40532,9.93761
0.155319,1.541,9.98997
0.255295,1.63622,10.1471
0.305283,1.6386,10.1614
0.28624,1.61479,10.0804
0.22673,1.66002,10.009
0.171982,1.71001,9.94713
0.22673,1.64098,10.0257
0.171982,1.62907,10.0352
0.148178,1.62431,10.0281
0.124374,1.6981,10.128
0.143417,1.85997,10.09
0.193405,2.05278,10.1447
0.314804,2.00517,10.259
0.343369,1.82188,9.99235
0.148178,1.50529,9.67339
-0.0970001,1.38628,9.56151
-0.0993805,1.42436,9.57103
0.0529633,1.69334,9.7686
1.57878,6.37791,5.96715
1.66447,7.03252,6.02904
1.53593,7.23247,6.09331
1.2122,7.60619,5.2697
1.35027,7.60619,4.83885
1.48357,7.75377,4.70079
1.55498,7.86327,4.82695
1.65733,7.93944,4.78886
1.72398,7.97038,4.56987
1.82634,8.17033,4.47942
2.03343,8.09654,4.26518
2.21672,8.21556,4.03191
2.18578,8.61308,3.87004
2.29289,8.84398,3.79625
2.13579,9.06535,3.53203
1.9763,9.11296,3.31541
1.80492,8.92253,3.08452
1.73589,8.85112,2.83934
1.81444,8.77257,2.76555
1.76207,8.74162,2.76555
1.66685,9.2177,1.12071
1.65971,9.24864,1.21593
1.71208,9.42717,1.14452
1.843,9.59856,1.39684
1.95012,9.76756,1.56346
2.05009,9.91515,1.66344
2.14531,9.94133,1.86101
2.20006,10.0008,1.91576
2.30241,10.0365,2.06572
2.36192,10.1008,2.11809
2.36192,10.1913,2.1657
2.3643,10.1698,2.23473
2.41191,10.2579,2.39183
2.39049,10.3389,2.56322
2.3643,10.5221,2.85362
2.30956,10.5459,3.31541
2.22624,10.4126,3.70103
2.21434,10.0127,3.89861
2.20482,9.48668,4.24852
2.15245,9.02013,4.59605
2.10484,8.41551,4.85551
2.0739,8.27269,5.04832
1.98106,8.30602,5.34587
2.01677,8.37029,5.6458
2.05009,8.42503,5.84337
1.9763,8.0894,6.20995
1.75969,7.75377,6.49559
1.70018,7.19438,6.43846
1.65019,6.08751,6.51463
1.51451,5.43053,6.36943
1.27409,4.81639,6.567
1.2003,4.2332,7.05022
1.34074,3.8571,7.4882
1.51689,3.35484,7.41203
1.49071,2.87163,7.65007
1.38597,2.73357,7.72148
1.1884,2.52409,8.10948
0.93132,2.63121,8.49272
0.783737,2.74309,8.95451
0.562363,2.80022,8.78551
-0.132706,0.588852,9.3925
-0.0470123,0.248459,9.27586
0.0791473,0.0437469,9.34251
0.143417,-0.0824127,9.2711
-0.0113068,-0.163345,9.35204
-0.168411,-0.0895538,9.58293
-0.130325,-0.0110016,9.70195
-0.0351105,0.227036,9.8781
0.107712,0.581711,9.99235
0.129135,0.938766,10.1352
0.171982,0.934006,10.2185
0.28624,0.662643,10.2685
0.326706,0.462692,10.2637
0.364792,0.267502,10.1233
0.321945,0.12944,10.1542
0.329086,-0.013382,10.0495
0.367172,-0.0300446,10.0376
0.321945,-0.00624084,10.0614
0.35289,0.12944,10.0542
0.314804,0.25322,9.9876
0.333847,0.229416,9.97331
0.357651,0.172287,10.0114
0.364792,0.12706,9.94475
0.326706,0.207993,10.0162
0.22435,0.0937347,9.93523
0.171982,0.100876,9.84953
0.250534,0.117538,9.9019
0.295761,0.141342,9.95427
0.179123,0.219894,9.83287
0.124374,0.296066,9.80431
0.395737,0.25798,9.8781
0.326706,0.210373,9.88048
0.317184,0.215134,9.89714
0.343369,0.177048,9.86144
0.41954,0.136581,9.91618
0.438583,0.246078,9.81621
0.452866,0.310349,9.89238
0.47905,0.315109,9.79478
0.500473,0.324631,9.77098
0.471909,0.327011,9.73527
0.376694,0.398422,9.85905
0.410019,0.412704,9.84477
0.450485,0.298447,9.81145
0.436203,0.212753,9.70433
0.374313,0.262741,9.84477
0.35527,0.388901,9.81145
0.383835,0.307968,9.88048
0.400497,0.260361,9.86144
0.395737,0.229416,9.90666
0.41478,0.312729,9.95427
0.464767,0.131821,9.93523
0.48381,0.134201,9.99474
0.486191,0.184189,9.95427
0.48381,0.229416,9.98521
0.486191,0.300827,10.0257
0.376694,0.293686,10.0423
0.35289,0.181808,9.97569
0.317184,0.141342,9.88524
0.371933,0.0770721,9.84715
0.445725,-0.0014801,9.868
0.424301,0.184189,9.81621
0.426682,0.136581,9.81145
0.388596,0.131821,9.79478
0.376694,0.0508881,9.75908
0.317184,0.00566101,9.81383
0.329086,0.0794525,9.84953
0.429062,0.100876,9.97569
0.436203,0.0627899,9.90666
0.445725,0.0413666,9.94475
0.457626,0.0556488,9.92571
0.507614,0.150864,9.97331
0.507614,0.155624,9.93285
0.371933,0.112778,9.91618
0.35051,0.0937347,9.85667
0.35527,0.12468,9.7805
0.429062,0.143723,9.85905
0.443344,0.0984955,9.92808
0.507614,0.119919,10.0019
0.555222,0.0651703,9.96141
0.529038,0.0913544,9.91618
0.433823,0.100876,9.98997
0.48381,0.146103,9.96379
0.507614,0.0770721,9.88762
0.448105,0.122299,9.84953
0.474289,0.112778,9.92333
0.47905,0.19133,9.88524
0.495712,0.12468,9.9138
0.460007,0.108017,9.85905
0.405258,0.103256,9.81145
0.450485,0.0770721,9.85667
0.452866,0.0723114,9.85667
0.407639,0.138962,9.85905
0.436203,0.153244,9.89238
0.426682,0.172287,9.9138
0.488571,0.162766,9.92571
0.533798,0.160385,9.96855
0.424301,0.0746918,9.88048
0.367172,-0.0252838,9.77098
0.405258,-0.0443268,9.80907
0.488571,-0.013382,9.84239
0.526657,0.0984955,9.89476
0.521896,0.12468,9.89714
0.48143,0.184189,9.85191
0.398117,0.153244,9.86382
0.438583,0.0556488,9.86858
0.462387,0.0389862,9.91142
0.464767,0.000900269,9.83049
0.457626,0.00328064,9.83525
0.460007,-0.00386047,9.7567
0.364792,0.103256,9.82811
0.395737,0.117538,9.92094
0.319565,0.138962,9.92333
0.371933,0.186569,9.86144
0.41716,0.210373,9.90428
0.460007,0.186569,9.91142
0.450485,0.0937347,9.83525
0.514755,0.0770721,9.78764
0.474289,0.0366058,9.86144
0.448105,0.0556488,9.84239
0.426682,0.0794525,9.83525
0.41478,0.0294647,9.89952
0.426682,0.0604095,9.83763
0.412399,0.0128021,9.93047
0.426682,0.0175629,9.91142
0.462387,-0.0110016,9.89476
0.433823,0.0342255,9.92094
0.402878,0.0794525,9.95189
0.412399,0.12944,9.98997
0.41716,0.160385,10.0043
0.410019,0.103256,9.96855
0.462387,0.0318451,9.90428
0.460007,-0.00386047,9.81859
0.433823,-0.013382,9.7924
0.433823,-0.039566,9.80669
0.400497,-0.013382,9.81145
0.371933,0.0128021,9.85429
0.395737,0.0627899,9.87096
0.436203,0.112778,9.87334
0.426682,0.165146,9.77336
0.348129,0.148483,9.72813
0.343369,0.108017,9.75194
0.348129,0.0984955,9.80669
0.333847,0.0770721,9.84001
0.345749,0.0746918,9.79955
0.426682,0.141342,9.85429
0.455246,0.112778,9.82097
0.412399,0.0556488,9.82335
0.393356,0.0556488,9.79716
0.421921,0.000900269,9.84953
0.412399,0.0675507,9.94951
0.455246,0.0532684,9.85667
0.386215,0.110397,9.85429
0.362411,0.0675507,9.85191
0.357651,0.117538,9.92333
0.379074,0.153244,9.94237
0.362411,0.131821,9.87096
0.326706,0.0794525,9.81621
0.390976,0.0770721,9.82335
0.400497,0.0723114,9.79955
0.388596,0.122299,9.91856
0.455246,0.155624,9.93761
0.500473,0.224655,9.93285
0.555222,0.238937,10.0661
0.48143,0.177048,10.109
0.469528,0.331772,10.2447
0.476669,0.453171,10.0947
0.514755,0.522202,10.1542
0.41954,0.529343,10.1614
0.400497,0.565048,10.3661
0.374313,-3.23878,8.82121
0.167221,-3.71248,8.44511
-0.0351105,-4.24092,8.27373
-0.00654602,-4.36708,8.09758
-0.070816,-4.80031,8.24278
-0.0827179,-5.12642,7.84526
-0.125565,-5.32875,7.64293
-0.477859,-5.44777,7.53819
-0.323135,-5.39064,7.3192
-0.168411,-5.55727,6.63603
-1.45143,-9.60866,-0.17659
-1.3943,-9.09212,-0.700272
-1.37288,-8.94692,-1.1216
-1.6371,-8.88026,-1.61671
-1.96321,-8.66127,-2.04994
-2.01796,-8.79457,-2.9164
-1.89656,-9.23494,-3.31154
-1.88942,-9.3611,-3.76857
-1.88466,-9.34206,-4.5041
-1.87514,-9.64674,-4.94447
-1.99416,-9.50868,-5.46101
-2.10365,-9.2635,-5.55623
-2.1584,-8.93501,-5.83711
-2.30479,-8.53511,-6.08705
-2.39882,-8.84456,-6.87733
-2.39406,-8.8874,-6.7964
-2.41786,-8.58748,-6.48219
-2.41072,-8.53035,-6.35127
-2.34883,-8.55177,-6.34413
-2.28694,-8.72316,-6.40602
-2.19887,-9.02309,-6.48933
-2.19649,-9.23018,-6.57503
-2.27028,-9.23494,-6.60359
-2.28932,-9.24922,-6.61549
-2.31551,-9.14925,-6.51314
-2.39406,-9.19447,-6.41316
-2.51308,-9.15163,-6.38222
-2.47023,-9.31587,-6.13466
-2.52022,-9.33254,-5.98708
-2.44643,-9.2397,-5.92995
-1.57759,-10.268,-3.25203
-1.52522,-10.1609,-2.78786
-1.33003,-9.78957,-1.52864
-1.19911,-9.81337,-0.793106
-1.06819,-9.63484,-0.278946
-1.02296,-9.43727,0.137619
-1.02773,-9.28731,0.946945
-0.984879,-9.0826,1.4016
-0.915848,-9.03499,2.28947
-0.818253,-8.61842,2.91313
-0.527847,-7.53773,4.28423
-0.363602,-7.045,4.59367
-0.525467,-6.87361,5.51726
-0.665909,-6.45229,5.31493
-0.604019,-6.45705,5.74577
-0.423111,-6.23567,5.77672
-0.254105,-5.61678,6.02904
-0.0827179,-4.61226,6.48607
0.0958099,-3.50777,7.22636
0.112473,-2.62227,7.97856
0.728989,1.20299,9.06401
0.645676,2.02898,9.28777
0.633774,2.76689,9.6234
0.431442,3.36674,10.1257
0.443344,3.94041,10.4161
0.54332,3.87138,10.0876
0.571884,3.21678,9.9019
0.531418,2.96446,9.64482
0.48381,2.41936,9.30443
0.559982,2.14323,9.16637
0.5457,2.15276,9.15208
0.540939,2.04564,9.09019
0.486191,2.21465,9.25206
0.376694,2.42412,9.72575
0.326706,2.5717,9.81383
0.300522,2.4384,9.76384
0.317184,2.14323,9.69481
0.371933,1.71477,9.32823
0.445725,1.48625,9.3806
0.424301,1.57909,9.43773
0.517136,1.40294,9.41393
0.512375,1.63383,9.59483
0.498093,1.8933,9.75432
0.488571,2.01231,9.80669
0.431442,2.15514,9.84001
0.41954,2.26225,9.97807
0.381454,2.15514,9.92333
0.426682,2.03136,9.84001
0.424301,1.9409,9.72813
0.41478,1.82903,9.61388
0.407639,1.80284,9.47343
0.364792,1.82664,9.46867
0.312424,1.88139,9.46867
0.321945,2.05992,9.5258
0.364792,2.02898,9.72575
0.369553,1.99089,9.76146
0.412399,1.95995,9.84953
0.429062,1.88377,9.80431
0.386215,1.86711,9.68767
0.340988,1.82426,9.6115
0.424301,1.67906,9.68291
0.340988,1.6862,9.64482
0.300522,1.6505,9.51152
0.300522,1.70287,9.54723
0.317184,1.80522,9.4901
0.362411,1.81474,9.60197
0.333847,1.85759,9.63768
0.252914,1.80998,9.59483
0.283859,1.71953,9.53532
0.219589,1.6743,9.46391
0.279099,1.63145,9.53532
0.343369,1.77666,9.52342
0.35527,1.82903,9.66863
0.371933,1.85521,9.71623
0.412399,1.78618,9.72337
0.395737,1.65526,9.69957
0.41478,1.62669,9.6115
0.410019,1.5648,9.58531
0.383835,1.50768,9.51628
0.48381,1.50768,9.57341
0.302902,1.62193,9.61864
0.35289,1.66002,9.69243
0.429062,1.71477,9.81859
0.440964,1.79332,9.83287
0.41954,1.8195,9.82573
0.369553,1.81236,9.77336
0.340988,1.76952,9.68053
0.41954,1.62907,9.69957
0.424301,1.57195,9.62816
0.436203,1.62907,9.68767
0.407639,1.79332,9.72575
0.421921,1.75285,9.74004
0.390976,1.75285,9.72813
0.360031,1.69334,9.71623
0.395737,1.58861,9.671
0.35051,1.49339,9.57579
0.35051,1.43626,9.59007
0.400497,1.43626,9.61388
0.407639,1.62431,9.73527
0.398117,1.8076,9.80907
0.412399,1.55052,9.58769
0.400497,1.52434,9.55437
0.440964,1.45769,9.60197
0.455246,1.54338,9.60435
0.402878,1.54576,9.57817
0.371933,1.75285,9.67339
0.362411,1.77666,9.77812
0.429062,1.70049,9.75908
0.364792,1.63383,9.75908
0.431442,1.56242,9.73766
0.424301,1.56956,9.65196
0.390976,1.6624,9.67339
0.386215,1.72905,9.75432
0.395737,1.77428,9.75432
0.381454,1.78142,9.75432
0.35051,1.75761,9.77098
0.41478,1.73857,9.78764
0.379074,1.69096,9.67577
0.405258,1.61717,9.61388
0.357651,1.67192,9.68291
0.41478,1.66478,9.65434
0.343369,1.71953,9.68767
0.35527,1.70049,9.6115
0.331467,1.70049,9.61864
0.379074,1.71715,9.65434
0.371933,1.71477,9.66624
0.329086,1.59337,9.56865
0.410019,1.56004,9.60912
0.443344,1.53862,9.59959
0.443344,1.61479,9.69481
0.488571,1.57671,9.70671
0.474289,1.7838,9.7686
0.486191,1.82903,9.74004
0.41716,1.76952,9.73289
0.395737,1.74333,9.61388
0.386215,1.63383,9.62578
0.395737,1.61241,9.6472
0.360031,1.5529,9.59721
0.438583,1.60051,9.66386
0.455246,1.62193,9.65434
0.47905,1.64098,9.77098
0.512375,1.63622,9.83287
0.540939,1.60765,9.64244
0.48143,1.62669,9.66863
0.374313,1.58385,9.62816
0.28862,1.51482,9.56151
0.262436,1.5648,9.61626
0.336227,1.66716,9.64244
0.336227,1.71953,9.65672
0.329086,1.72905,9.69719
0.371933,1.83855,9.80431
0.321945,1.79094,9.74004
0.369553,1.62907,9.69005
0.393356,1.48149,9.64958
0.331467,1.50768,9.63768
0.317184,1.54814,9.63054
0.340988,1.60765,9.6591
0.343369,1.62907,9.67815
0.383835,1.68144,9.62102
0.305283,1.69572,9.68529
0.279099,1.59099,9.73289
0.317184,1.541,9.70195
0.326706,1.48863,9.55675
0.321945,1.52672,9.56389
0.305283,1.58385,9.56151
0.267197,1.75523,9.671
0.321945,1.7957,9.71623
0.326706,1.73619,9.77098
0.300522,1.75523,9.7448
0.319565,1.73143,9.671
0.348129,1.59813,9.62102
0.362411,1.52434,9.57103
0.381454,1.55052,9.6115
0.324326,1.64574,9.66624
0.317184,1.64336,9.60674
0.345749,1.71953,9.65196
0.35051,1.64812,9.66624
0.400497,1.54338,9.62102
0.433823,1.53148,9.59007
0.410019,1.49577,9.55199
0.371933,1.60527,9.54246
0.302902,1.74809,9.62578
0.343369,1.81712,9.79002
0.383835,1.81236,9.72575
0.41954,1.73857,9.72337
0.448105,1.65288,9.69719
0.490952,1.51958,9.671
0.488571,1.42912,9.64482
0.498093,1.44817,9.54723
0.443344,1.51244,9.58769
0.379074,1.58623,9.59959
0.324326,1.66716,9.6591
0.343369,1.59337,9.68529
0.386215,1.56718,9.63054
0.386215,1.62907,9.6472
0.374313,1.70763,9.68767
0.400497,1.71953,9.65434
0.379074,1.72191,9.67815
0.398117,1.74571,9.56627
0.376694,1.71715,9.6472
0.467148,1.78142,9.44725
0.455246,1.79094,9.59483
0.495712,1.81236,9.45915
0.521896,1.88139,9.4901
0.452866,1.94804,9.37346
0.471909,1.98375,9.29015
0.457626,2.15276,9.21159
0.467148,2.23845,9.1259
0.576645,2.21941,9.03307
0.652817,2.30034,8.86406
1.05748,3.45482,8.70219
1.15984,3.35008,8.90453
1.24791,3.37389,8.92833
1.28362,3.5905,8.9807
1.36931,3.59288,9.08305
1.53117,3.55241,9.19731
1.58592,3.50957,9.31871
1.51689,3.54527,9.48772
1.52641,3.68333,9.70195
1.52641,3.8452,10.078
3.29503,2.57646,12.4108
3.42119,2.4384,12.7322
3.55925,1.96471,12.7774
3.58781,1.29106,12.4394
3.46403,0.8983,12.1204
3.27361,0.876877,12.2894
3.14983,1.31963,12.4203
3.00462,1.49101,12.506
2.87608,1.75285,12.5251
2.67137,1.6505,12.6441
2.51189,1.11015,12.5036
2.65709,0.353195,12.1228
2.90227,-0.456131,11.8824
3.04033,-0.851273,11.8181
2.92369,-0.332352,12.1347
2.64281,0.0961151,12.5846
2.52617,0.327011,13.0749
2.55235,0.500778,13.601
2.56902,0.338913,13.7724
2.44762,-0.403763,13.4725
2.26433,-1.28212,12.5989
2.18101,-2.24855,11.9585
2.01439,-2.69368,11.7967
1.65733,-2.74605,11.6443
1.57878,-2.85793,11.5634
1.37169,-2.89601,11.3563
1.25743,-3.06502,11.2492
0.983688,-3.13405,11.0254
0.957504,-3.15547,10.866
0.924179,-3.12929,10.5898
0.824203,-3.15785,10.2161
0.714706,-3.40779,9.88524
0.395737,-3.39113,9.68767
0.117233,-3.37685,9.55199
-0.0398712,-3.08882,9.283
-0.301712,-3.05074,8.87596
-0.385025,-3.15309,8.56889
-0.401688,-3.24593,8.17851
-0.663528,-3.11024,7.74528
-0.956314,-3.00075,7.52153
-1.02534,-3.06264,7.35728
-1.20387,-3.10072,7.03355
-1.4062,-2.95552,6.83836
-1.54427,-2.65083,6.74553
-1.85609,-2.5937,6.50749
-1.98701,-2.63893,6.15282
-2.09889,-2.52943,5.70055
-2.14174,-2.36995,5.62437
-2.21315,-1.97719,5.58867
-2.25838,-1.57967,5.5482
-2.18697,-1.28212,5.64104
-2.31551,-1.11549,5.60057
-2.44643,-1.01314,5.62199
-2.54878,-0.813187,5.72673
-2.48451,-0.613236,5.8886
-2.31551,-0.196671,6.13139
-2.20839,0.31749,6.29326
-2.22743,0.624557,6.29088
-2.51308,0.838791,6.10759
-2.75826,0.693588,6.01952
-2.84157,0.51268,5.73625
-2.77968,0.341293,5.68626
-2.63924,0.486496,5.9005
-2.59877,0.774521,6.23613
-2.63686,1.03874,6.38609
-2.94392,1.25536,6.23137
-3.16292,1.38152,5.99095
-3.37953,1.44817,5.80052
-3.27003,1.43626,5.93858
-3.01533,1.73143,6.19566
-2.67018,2.23607,6.5789
-2.44405,2.44554,6.82884
-2.26076,2.50981,6.90501
-2.23457,2.33604,6.87407
-2.21553,2.09325,6.77885
-1.98463,1.8195,6.95024
-1.73232,2.09087,7.14781
-1.59901,2.40031,7.18828
-1.6371,2.84068,7.24065
-1.54903,2.99303,7.3073
-1.21101,3.0573,7.37157
-0.851578,3.14775,7.57866
-0.637344,3.18822,8.09044
-0.580215,3.0811,8.44749
-0.689712,2.8264,8.44988
-0.982498,2.59789,8.18089
-1.14198,2.46458,7.75481
-1.11342,2.65977,8.05473
-0.946793,2.9359,8.59746
-0.753983,3.01683,8.85692
-0.677811,3.04778,9.12828
-0.534988,3.07396,9.13066
-0.327896,3.0811,9.27586
-0.185074,3.25011,9.40678
-0.315994,3.4929,9.64006
-0.470718,3.78807,9.95427
-0.423111,3.37865,10.2923
-0.163651,2.83116,10.2113
0.00297546,2.3051,10.1685
0.379074,2.07658,10.1066
0.512375,2.08134,10.347
0.571884,2.40508,10.6565
0.60997,2.75975,11.1635
0.54332,3.17632,11.6372
0.486191,3.26677,11.6896
0.47905,3.13347,11.6515
0.669479,2.93114,11.4468
0.848007,2.54076,11.0849
0.990829,2.17894,10.9897
1.09319,1.79094,11.2754
1.23601,1.6862,11.2397
1.43358,1.71239,11.5444
1.51689,1.79332,11.9419
1.50737,2.12419,12.2632
1.37645,2.35033,12.3204
1.33122,2.4384,12.2561
1.37645,2.19084,12.218
1.46214,1.61003,12.0514
1.46214,1.2744,11.6062
1.49785,0.774521,11.1135
1.54546,0.234177,11.0635
1.70732,-0.118118,11.104
1.78587,-0.229996,11.2944
1.70732,-0.249039,11.4634
1.65971,-0.32283,11.6824
1.56688,-0.598953,11.5301
1.71446,-0.884598,11.4253
1.81682,-0.925064,11.4134
1.89299,-0.925064,11.2587
1.87871,-1.15834,11.2825
1.95488,-1.47017,11.1302
2.00249,-2.0605,11.0826
1.97392,-2.06288,11.1968
2.13341,-1.78438,11.4111
2.18101,-1.43208,11.7062
2.21672,-1.29878,11.7086
2.23814,-1.21071,11.6205
2.2191,-1.34401,11.4277
2.12627,-1.70821,11.1207
2.1096,-1.92958,10.9969
2.13579,-1.96053,10.9112
2.14531,-1.73201,10.8136
2.11674,-1.59633,10.8755
2.01439,-1.49159,10.6541
1.79539,-1.43446,10.5089
1.62639,-1.39162,10.3685
1.59068,-1.18214,10.5018
1.65733,-0.820328,10.6898
1.61449,-0.684647,10.7803
1.53355,-0.696548,10.6898
1.5407,-0.815567,10.5851
1.41454,-0.789383,10.4422
1.25743,-1.00124,10.1637
1.26219,-1.1512,10.0114
1.24553,-1.17976,10.04
1.29076,-1.10121,10.0304
1.28123,-1.04884,9.85667
1.1765,-0.908401,9.82335
1.14555,-0.90126,9.79716
1.17174,-1.1631,9.78288
1.13841,-1.24165,9.76622
1.14079,-1.22499,9.74242
1.16222,-1.09169,9.73289
1.14317,-0.984573,9.74004
1.13603,-0.894119,9.70671
1.08366,-0.748917,9.56865
1.02653,-0.70369,9.55913
0.978928,-0.70845,9.46391
0.974167,-0.732254,9.37822
0.983688,-0.779861,9.17113
1.01939,-0.672745,9.26396
1.02415,-0.601334,9.31395
0.986069,-0.432327,9.32823
0.909897,-0.234756,9.36394
0.883713,-0.12764,9.28062
0.881332,-0.00862122,9.42345
0.897995,0.0366058,9.51866
0.952744,0.131821,9.70671
1.00035,0.150864,9.71385
1.00273,0.105637,9.59007
0.99559,-0.0371857,9.5258
1.05748,-0.172867,9.45439
1.04082,-0.268082,9.38298
0.988449,-0.120499,9.51152
0.950363,-0.0443268,9.65672
0.988449,0.205612,9.64958
1.0432,0.31749,9.90666
1.08366,0.443649,10.059
1.17888,0.293686,10.0733
1.2122,0.150864,10.0542
1.15031,-0.0300446,10.0328
1.08842,-0.158585,9.90428
1.03606,-0.318069,9.70195
1.0313,-0.265701,9.68291
1.02653,-0.0514679,9.7567
1.01701,0.169907,9.93285
0.997971,0.412704,10.0423
1.05986,0.443649,10.1994
1.0551,0.2556,10.0947
1.0432,0.0818329,10.0804
1.08604,-0.0443268,9.89
1.05986,-0.156204,9.74956
1.07652,-0.277603,9.68767
1.11461,-0.237137,9.70671
1.0789,-0.101456,9.88048
1.04796,0.0151825,9.90428
1.06462,-0.0324249,9.93523
1.10747,-0.110977,9.90666
1.15746,-0.182388,9.88286
1.12889,-0.310928,9.82573
1.13603,-0.358536,9.73052
1.0551,-0.375198,9.59721
1.03606,-0.291885,9.6472
0.99559,-0.251419,9.69957
1.07652,-0.153824,9.66148
1.00035,-0.160965,9.63768
1.02653,-0.13002,9.69957
1.03606,-0.110977,9.69957
1.05034,-0.0895538,9.77098
1.08366,-0.058609,9.76622
1.11937,-0.110977,9.74004
1.0789,-0.13002,9.68529
1.0313,-0.108597,9.62816
1.00987,-0.146683,9.64244
0.974167,-0.141922,9.68291
0.952744,-0.0110016,9.64006
0.959885,0.00804138,9.73289
0.959885,0.0651703,9.83763
0.971786,0.0865936,9.88762
1.06224,0.0508881,9.80193
1.00987,0.0723114,9.72813
0.947983,0.0794525,9.7686
0.957504,0.0627899,9.85905
0.957504,0.000900269,9.97569
0.988449,-0.0300446,9.97093
0.981308,0.0627899,9.98045
1.00273,0.0580292,9.9138
1.067,-0.00862122,9.89952
0.983688,-0.0324249,9.88762
1.00035,-0.0633698,9.85905
0.874191,-0.0205231,9.80907
0.924179,-0.0847931,9.73289
0.902756,-0.0014801,9.75432
0.945602,0.0865936,9.79955
0.897995,0.0556488,9.76384
0.997971,-0.0157623,9.79478
0.955124,-0.0181427,9.79955
0.962265,0.0485077,9.81621
0.945602,-0.0181427,9.76622
0.964645,-0.0752716,9.72575
0.943222,0.0984955,9.77574
0.919418,0.0318451,9.7567
0.848007,0.0461273,9.76146
0.840866,0.122299,9.85191
0.924179,0.0937347,9.93761
0.964645,0.103256,9.93523
0.945602,0.160385,10.0066
0.907516,0.112778,10.059
0.909897,0.0961151,9.96617
0.86705,0.0508881,9.94237
0.914658,0.0366058,9.89952
0.93132,0.00804138,9.80431
0.952744,0.024704,9.87334
0.938461,0.205612,9.88762
0.940842,0.186569,9.78764
0.969406,0.172287,9.82097
0.940842,0.205612,9.80193
0.909897,0.243698,9.83049
0.938461,0.243698,9.82097
0.921799,0.277023,9.77098
0.881332,0.196091,9.75194
0.86467,0.215134,9.67815
0.828964,0.117538,9.74004
1.25029,7.44194,6.71696
1.05034,7.89421,6.1671
1.22887,7.86803,5.78148
1.35979,7.62999,5.16972
1.48833,7.35149,4.6508
1.81444,7.24199,4.33897
2.07152,7.46336,4.1057
2.15959,7.37529,4.18425
2.0858,7.51335,3.59392
2.01201,7.8466,2.96074
-0.394547,-1.11311,8.23326
-0.794449,-0.70369,8.68791
-1.07295,-0.615616,9.32109
-0.977737,-0.76796,9.69243
-0.54451,-1.06313,9.87334
-0.127945,-0.989334,10.3756
0.295761,-0.558487,10.9445
0.559982,-0.215714,11.2659
0.583786,-0.187149,11.4515
0.512375,-0.210953,11.254
0.762314,-0.591812,11.0135
0.881332,-0.827469,11.0064
1.02653,-1.25117,10.8636
1.10985,-1.31068,10.8826
1.05034,-1.23927,10.7826
0.902756,-1.23451,10.5018
0.843246,-1.25832,10.4303
0.776596,-1.07503,10.5018
0.721848,-0.889359,10.4565
0.728989,-0.922684,10.2661
0.493332,-1.12025,9.6472
0.505234,-1.08217,9.69243
0.67186,-1.08217,9.73766
0.767075,-0.96077,9.84001
0.809921,-0.925064,9.8662
0.845627,-0.975052,9.74956
0.762314,-1.10597,9.57817
0.726608,-1.15358,9.56865
0.745651,-1.11787,9.51628
0.752792,-1.16548,9.54961
0.767075,-1.03694,9.53532
0.636154,-0.815567,9.75432
0.571884,-0.646561,9.72813
0.529038,-0.556107,9.80431
0.531418,-0.472794,9.83763
0.626633,-0.544205,9.8781
0.667099,-0.665604,9.79002
0.657578,-0.775101,9.62816
0.540939,-0.808426,9.62816
0.595688,-0.860794,9.77098
0.61235,-0.846512,9.77574
0.600449,-0.720352,9.78288
0.640915,-0.646561,9.87572
0.657578,-0.725113,9.79716
0.60759,-0.803665,9.7805
0.583786,-0.8965,9.73527
0.67662,-1.06789,9.68767
0.819443,-0.722733,9.99474
0.852768,-0.658462,10.0495
0.826584,-0.532303,10.0828
0.757553,-0.489456,10.0971
0.757553,-0.629898,9.97569
0.752792,-0.827469,9.82811
0.786118,-0.939346,9.82097
0.771835,-0.922684,9.78526
0.705185,-0.808426,9.73289
0.712326,-0.777481,9.69719
0.683762,-0.732254,9.84953
0.752792,-0.679886,9.84715
0.728989,-0.501358,9.83763
0.833725,-0.394241,10.0519
0.767075,-0.399002,10.0852
0.726608,-0.584671,10.0185
0.705185,-0.689407,9.89952
0.762314,-0.77272,9.83763
0.776596,-0.777481,9.7924
0.755173,-0.803665,9.72575
0.845627,-0.57753,9.8781
0.871811,-0.665604,9.89714
0.824203,-0.6418,9.8662
0.80278,-0.701309,9.83525
0.790878,-0.691788,9.82573
0.786118,-0.632278,9.85667
0.798019,-0.537064,9.87334
0.726608,-0.475174,9.90666
0.598068,-0.441849,9.81383
0.526657,-0.315689,9.76146
0.517136,-0.353775,9.71147
0.509995,-0.415665,9.68053
0.519516,-0.548965,9.58055
0.555222,-0.689407,9.5377
0.562363,-0.658462,9.76622
0.626633,-0.508499,9.72813
0.650436,-0.468033,9.85667
0.626633,-0.360916,9.97807
0.721848,-0.284744,10.1352
0.759934,-0.318069,10.1328
0.664719,-0.477554,10.0138
0.586166,-0.382339,9.95427
0.586166,-0.446609,10.0043
0.617111,-0.529922,9.89476
0.60759,-0.544205,9.79478
0.645676,-0.660843,9.79955
0.633774,-0.537064,9.90428
0.771835,-0.484695,9.94237
0.745651,-0.356155,9.97331
0.679001,-0.427567,9.97331
0.700424,-0.429947,9.95189
0.648056,-0.484695,9.84953
0.690903,-0.560867,9.7686
0.712326,-0.479935,9.79478
0.688522,-0.456131,9.74956
0.686142,-0.468033,9.76146
0.662338,-0.465652,9.75908
0.695663,-0.527542,9.74718
0.643295,-0.456131,9.77098
0.717087,-0.437088,9.68529
0.602829,-0.353775,9.90904
0.750412,-0.401382,9.84239
0.750412,-0.315689,9.8662
0.776596,-0.353775,9.88286
0.764694,-0.437088,9.9019
0.757553,-0.477554,9.84239
0.712326,-0.487076,9.81383
0.688522,-0.434708,9.84715
0.705185,-0.349014,9.89714
0.700424,-0.32045,9.92808
0.686142,-0.263321,9.91856
0.705185,-0.277603,9.93523
0.693283,-0.329971,9.93999
0.655197,-0.403763,10.0495
0.707565,-0.463272,10.0138
0.769455,-0.356155,10.059
0.762314,-0.268082,10.0328
0.719467,-0.301407,10.0304
0.712326,-0.341873,9.97569
0.681381,-0.446609,9.91142
0.619492,-0.484695,9.74718
0.621872,-0.453751,9.85429
0.614731,-0.441849,9.74242
0.681381,-0.439468,9.86382
0.731369,-0.377579,9.93999
0.709946,-0.344254,9.89
0.717087,-0.356155,9.92808
0.728989,-0.460892,9.88524
0.745651,-0.437088,9.88286
0.752792,-0.377579,9.87572
0.667099,-0.470413,9.82335
0.669479,-0.460892,9.80193
0.683762,-0.508499,9.74242
0.662338,-0.465652,9.80669
0.61235,-0.389481,9.74956
0.638535,-0.410904,9.70671
0.571884,-0.299026,9.72337
0.569504,-0.32045,9.7924
0.643295,-0.341873,9.82335
0.67424,-0.389481,9.9019
0.740891,-0.368057,9.94951
0.731369,-0.296646,9.9138
0.795639,-0.360916,9.89476
0.717087,-0.468033,9.88524
0.686142,-0.463272,9.94475
0.657578,-0.45137,9.9019
0.648056,-0.446609,9.94475
0.664719,-0.389481,9.93285
0.638535,-0.315689,10.0519
0.633774,-0.275223,9.9995
0.740891,-0.434708,9.78764
0.645676,-0.377579,9.77336
0.574264,-0.394241,9.83287
0.574264,-0.379959,9.87572
0.640915,-0.403763,9.84715
0.726608,-0.522781,9.83049
0.681381,-0.534683,9.74242
0.726608,-0.472794,9.84239
0.667099,-0.344254,9.89952
0.602829,-0.301407,10.0209
0.61235,-0.232376,10.0661
0.619492,-0.139542,9.98997
0.67186,-0.251419,9.90428
0.640915,-0.346634,9.84715
0.669479,-0.470413,9.80669
0.595688,-0.410904,9.7686
0.590927,-0.415665,9.84001
0.576645,-0.339493,9.93999
0.657578,-0.32283,9.85667
0.60997,-0.332352,9.94713
0.624252,-0.299026,9.84239
0.667099,-0.341873,9.9138
0.721848,-0.408524,9.88762
0.728989,-0.432327,9.85191
0.702805,-0.410904,9.70671
0.588547,-0.32283,9.69005
0.598068,-0.446609,9.56865
0.614731,-0.563248,9.61626
0.621872,-0.413284,9.78288
0.669479,-0.377579,9.80669
0.664719,-0.415665,9.89952
0.659958,-0.441849,9.81621
0.631393,-0.446609,9.80193
0.621872,-0.427567,9.81145
0.652817,-0.418045,9.82573
0.60759,-0.318069,9.8662
0.640915,-0.25618,9.88286
0.698044,-0.184769,10.0757
0.686142,-0.172867,10.1185
0.695663,-0.253799,10.0281
0.559982,-0.508499,9.80669
0.650436,-0.532303,9.84001
0.636154,-0.377579,9.84239
0.662338,-0.344254,10.04
0.67186,-0.351395,10.0209
0.640915,-0.356155,9.93999
0.588547,-0.427567,9.96379
0.567123,-0.460892,9.84477
0.557602,-0.498978,9.73289
0.640915,-0.563248,9.80669
0.819443,-0.444229,9.84715
0.80278,-0.458511,9.85429
0.769455,-0.444229,9.90428
0.707565,-0.418045,9.94237
0.626633,-0.394241,9.8662
0.588547,-0.382339,9.81145
0.562363,-0.44899,9.73527
0.624252,-0.437088,9.76146
0.686142,-0.458511,9.68767
0.717087,-0.477554,9.71147
0.681381,-0.377579,9.76622
0.67424,-0.306168,9.87096
0.633774,-0.351395,9.84715
0.652817,-0.308548,9.93523
0.698044,-0.229996,9.98045
0.728989,-0.232376,9.95427
0.705185,-0.363297,9.80669
0.726608,-0.453751,9.70433
0.67186,-0.539444,9.65672
0.619492,-0.51326,9.64244
0.650436,-0.584671,9.87334
0.740891,-0.444229,9.97093
0.755173,-0.279984,10.0923
0.755173,-0.337112,10.0566
0.755173,-0.368057,9.97331
0.750412,-0.358536,9.94237
0.700424,-0.403763,9.7924
0.640915,-0.475174,9.84001
0.598068,-0.437088,9.73052
0.555222,-0.3871,9.77574
0.524277,-0.341873,9.76146
0.48381,-0.272842,9.82097
0.559982,-0.337112,9.83525
0.474289,-0.432327,9.88286
0.502853,-0.572769,9.75432
0.536179,-0.729874,9.7686
0.557602,-0.627518,9.94713
0.631393,-0.57515,9.99712
0.640915,-0.51326,10.0447
0.667099,-0.363297,10.2566
0.705185,-0.332352,10.4208
0.73851,-0.353775,10.5232
0.631393,-0.377579,10.4899
0.559982,-0.372818,10.3518
0.493332,-0.441849,10.2185
0.421921,-0.941727,9.59959
0.452866,-1.39876,9.30681
0.319565,-1.59157,8.65459
0.310043,-1.84627,8.28801
0.552841,-0.794144,8.77599
0.626633,0.18895,8.85454
0.721848,1.6505,9.7448
0.455246,3.0811,9.98283
0.440964,3.38579,9.54008
0.509995,3.47386,8.81883
0.476669,3.60478,7.80003
0.60759,3.55479,7.12163
0.640915,4.32603,6.86693
0.817062,5.41148,6.40514
0.769455,6.98967,6.80742
0.921799,8.56072,6.70506
0.924179,9.80803,7.24541
0.862289,9.97227,7.37157
1.05748,9.01537,6.76933
1.19554,7.8228,5.76958
1.2122,6.98967,5.06737
1.16698,8.01442,3.62605
1.24077,9.27721,3.36421
1.36336,8.4048,3.09523
1.62282,8.39528,2.468
1.2372,8.99275,1.99788
1.40263,9.03917,1.78008
1.59425,9.16652,1.35637
1.62044,9.32362,1.34804
1.34312,9.22603,0.837448
1.2979,9.2653,0.7827
1.40382,9.25102,0.604172
1.33955,9.58427,0.512527
1.46928,9.20223,0.514908
1.60616,9.39622,0.564896
1.55736,9.58189,0.623215
1.83586,9.43074,0.674393
2.14769,9.70448,0.957657
2.17744,10.4829,1.523
2.12746,10.69,1.58846
2.09413,10.296,2.00859
1.92632,10.5888,2.84053
1.74065,11.1018,4.05571
1.52522,10.9411,4.69484
1.49428,10.2829,4.7365
1.54665,8.52858,5.18758
1.64067,7.33482,5.84099
1.11937,6.77425,6.20876
1.05629,5.31389,6.10878
0.907516,4.257,6.79552
0.486191,2.6562,6.64674
0.16127,1.08516,6.786
-0.0208282,-0.325211,7.56914
-0.313614,-0.864365,7.60603
-0.826584,-1.70107,7.40132
-0.974167,-1.58205,8.28206
-0.477859,-0.827469,9.68648
-0.431442,-0.807236,10.0459
-0.485001,-1.55348,10.0745
-0.166031,-1.53801,10.3137
0.057724,-1.21309,10.7053
-0.0827179,-1.14763,10.9338
-0.0529633,-1.97957,10.6565
0.0148773,-2.04503,10.4934
-0.111282,-1.69987,10.328
0.0505829,-1.5154,9.86858
-0.0529633,-1.25594,9.94832
0.0196381,-1.20238,9.89714
-0.0648651,-1.30592,9.68767
-0.0660553,-1.38329,9.70909
-0.15889,-1.29164,9.66148
-0.1577,-1.30473,9.70314
-0.0553436,-1.3821,9.87096
0.0374908,-1.37614,9.89476
0.00892639,-1.35353,10.0102
-0.0279694,-1.23451,9.95546
-0.100571,-1.15358,9.64601
-0.108902,-1.36186,9.43416
0.0315399,-1.51302,9.45439
-0.0136871,-1.56181,9.4532
-0.00178528,-1.58562,9.63649
0.16127,-1.54872,9.89
0.212448,-1.52016,9.91499
0.125565,-1.48683,9.99355
0.116043,-1.43565,10.1173
0.0874786,-1.20595,10.0578
0.0672455,-1.3083,10.0685
0.000595093,-1.38686,9.96617
0.0196381,-1.50706,9.83644
-0.0220184,-1.43208,9.82216
0.0553436,-1.3214,9.9019
0.0565338,-1.29164,10.0043
0.00892639,-1.43803,9.7567
0.00654602,-1.48326,9.71147
0.0482025,-1.37733,9.8412
-0.0208282,-1.36186,9.94118
-0.0529633,-1.43208,9.85905
0.0148773,-1.42613,9.84715
0.0410614,-1.32497,9.92333
-0.000595093,-1.30116,9.93404
-0.0267792,-1.31664,9.93047
0.00416565,-1.33092,9.83168
-0.000595093,-1.32497,9.80193
-0.0101166,-1.37257,9.65434
-0.151749,-1.44041,9.64839
-0.105331,-1.48326,9
0.117233,-1.57372,9.70314
0.0850983,-1.6237,9.61626
0.0743866,-1.42256,9.85786
0.0529633,-1.39519,9.99117
0.0410614,-1.24522,9.98164
-0.0101166,-1.27379,9.90428
-0.0624847,-1.29283,9.81264
-0.00892639,-1.50349,9.75075
-0.00892639,-1.58205,9.77455
-0.0267792,-1.51659,9.86858
0.0398712,-1.49278,9.96617
0.0636749,-1.4904,10.1102
0.213638,-1.44041,10.1709
0.217209,-1.37733,10.1935
0.156509,-1.29045,10.1292
0.0553436,-1.32378,9.89357
-0.0636749,-1.5154,9.63173
-0.0315399,-1.45708,9.66029
-0.0482025,-1.26189,9.77098
0.00773621,-1.20476,9.79359
-0.106522,-1.37733,9.66029
-0.113663,-1.45708,9.64006
-0.00535583,-1.34758,9.73766
0.00654602,-1.13454,9.91975
-0.0493927,-1.28569,9.89952
-0.0327301,-1.44875,9.84001
0.0589142,-1.44518,9.93404
0.070816,-1.42375,10.0126
0.108902,-1.42494,9.9507
0.118423,-1.45827,9.90547
-0.0160675,-1.3571,9.75194
-0.0791473,-1.43922,9.77098
-0.0589142,-1.46422,9.77812
0.0755768,-1.36543,9.86382
-0.0291595,-1.44756,9.84358
-0.0315399,-1.49397,9.81502
-0.0291595,-1.40709,9.84477
-0.0720062,-1.38091,9.91499
0.025589,-1.37376,9.96736
-0.0279694,-1.41304,10.0162
-0.00416565,-1.43684,9.90666
-0.0339203,-1.51897,9.87929
-0.0553436,-1.44399,9.93166
-0.0363007,-1.4059,9.94118
-0.132706,-1.36543,9.91737
-0.141037,-1.48207,9.76384
0.0148773,-1.44518,9.83049
0.0410614,-1.40352,9.8662
-0.0398712,-1.44399,9.78407
-0.0946198,-1.52254,9.67339
-0.0648651,-1.65346,9.71623
-0.118423,-1.5761,9.71504
-0.0648651,-1.48207,9.82573
-0.00178528,-1.36424,9.89
-0.0279694,-1.41542,9.81026
-0.0958099,-1.51064,9.73289
-0.0946198,-1.43803,9.81621
0.0541534,-1.39519,9.89
-0.0208282,-1.52849,9.84239
-0.0493927,-1.34877,9.90428
0.0196381,-1.29759,10.0519
0.119614,-1.38567,10.0102
0.057724,-1.51778,9.86739
0.0184479,-1.50945,9.86739
-0.0113068,-1.32021,9.95784
0.0410614,-1.41304,9.98045
0.0493927,-1.49635,9.94237
-0.00416565,-1.51302,9.84001
-0.0672455,-1.55705,9.84953
-0.0232086,-1.40471,9.88167
0.0220184,-1.29283,9.93404
-0.0422516,-1.38329,9.77931
-0.076767,-1.52254,9.62697
-0.0624847,-1.48921,9.7924
-0.0505829,-1.36662,9.77812
-0.00654602,-1.29283,9.87572
-0.0505829,-1.42375,9.81264
-0.0541534,-1.54396,9.88167
0.0196381,-1.44518,9.92928
0.0303497,-1.54277,9.8781
-0.0827179,-1.57729,9.84596
-0.0624847,-1.47017,9.92213
0.00535583,-1.36305,10.0495
-0.0482025,-1.41899,9.88524
-0.137466,-1.54753,9.88048
-0.150558,-1.38686,9.88167
-0.0624847,-1.34401,9.89476
-0.111282,-1.40709,9.96379
-0.145798,-1.32021,9.98045
-0.0493927,-1.42375,9.89952
0.0374908,-1.13454,10.1173
0.170792,-0.673935,10.7267
0.0327301,-0.504929,10.76
-0.268387,-1.55705,9.71385
-0.311234,-2.90791,8.7379
-0.599258,-3.81126,8.3249
-0.520706,-4.00288,8.09044
0.0339203,-4.00526,6.86217
-0.48024,-6.94859,4.19258
-0.925369,-7.61986,2.65962
-0.834915,-7.82338,1.43135
-0.990829,-8.32683,-0.132553
-1.21101,-9.56938,-2.06303
-1.80968,-9.57176,-3.66978
-2.31313,-9.52058,-4.63621
-2.46785,-9.3849,-5.27653
-2.67137,-8.86479,-5.51338
-2.79158,-8.1364,-5.51695
-2.79396,-8.30659,-5.79308
-3.05818,-8.58986,-6.46791
-2.82372,-8.59581,-6.53694
-2.65114,-9.04451,-6.53337
-2.83324,-9.44798,-6.8083
-2.93797,-9.5432,-6.72499
-2.87132,-9.48726,-6.47862
-3.00462,-9.59795,-6.29533
-3.06532,-10.1883,-6.55122
-3.04509,-10.5215,-6.52504
-2.97606,-10.3049,-6.39174
-2.66542,-10.0907,-5.57289
-2.62257,-10.0693,-4.31606
-2.39763,-10.1799,-3.46864
-2.11436,-10.2561,-2.72478
-1.9525,-10.1633,-1.85594
-1.65852,-9.52891,-0.718124
-1.2003,-8.43394,1.5218
-1.02177,-7.07594,2.80244
-1.29433,-5.4204,4.09142
-0.556412,-3.67558,5.78624
-0.199356,-1.63918,7.03236
-0.121994,-0.994095,7.59056
0.191025,1.51601,8.93666
0.424301,3.61549,11.4075
0.564743,4.33318,11.5848
0.587357,3.10014,10.5137
0.6064,1.94328,9.84239
0.390976,0.992325,9.06639
0.368362,0.455551,8.80217
0.129135,1.1768,10.1054
0.282669,0.795944,9.75194
0.237442,0.939957,9.8412
0.262436,1.1411,10.1173
0.344559,1.18513,10.153
0.269577,0.96376,9.89952
0.308853,0.735245,9.72456
0.335037,0.710251,9.57936
0.216019,0.881638,9.82097
0.261246,1.01613,10.0043
0.249344,0.828079,9.68886
0.217209,0.868546,9.62221
0.230301,0.869736,9.8293
0.28981,0.860214,9.9745
0.35527,0.812607,9.93523
0.293381,0.874496,9.78526
0.242203,0.743576,9.7198
0.296951,0.792374,9.80073
0.340988,0.757858,9.81978
0.212448,0.723343,9.74123
0.22554,0.731674,9.82216
0.310043,0.889969,9.91023
0.327896,0.970901,9.9388
0.311234,0.848312,9.88762
0.241013,0.838791,9.78764
0.338608,0.881638,9.85548
0.345749,0.924484,9.91975
0.276718,0.83403,9.81978
0.183884,0.751907,9.78526
0.282669,0.537674,9.66386
0.310043,0.712631,9.81026
0.291,0.863785,9.88286
0.28862,0.982803,9.94951
0.340988,0.847122,9.86977
0.35408,0.632889,9.83882
0.275528,0.625748,9.81502
0.299332,0.751907,9.85548
0.281479,0.70192,9.74004
0.273148,0.606705,9.68172
0.236252,0.546005,9.65791
0.274338,0.603134,9.77336
0.326706,0.729294,9.86858
0.323135,0.663834,9.83406
0.245773,0.653122,9.86977
0.276718,0.680496,9.83049
0.349319,0.756668,9.86144
0.3517,0.781662,9.87929
0.28743,0.747147,9.87096
0.315994,0.612656,9.80073
0.336227,0.728104,9.81145
0.364792,0.778091,9.89119
0.317184,0.751907,9.96974
0.317184,0.76857,10.0352
0.313614,0.856644,9.95189
0.374313,0.817368,9.91142
0.406448,0.788803,9.90428
0.3517,0.679306,9.90666
0.393356,0.742386,9.94118
0.41954,0.740005,9.87215
0.392166,0.743576,9.86858
0.306473,0.675736,9.81026
0.361221,0.761429,9.86382
0.349319,0.740005,9.88405
0.332657,0.754288,9.7448
0.291,0.799515,9.73289
0.28981,0.811417,9.7317
0.271957,0.760239,9.696
0.312424,0.749527,9.79002
0.385025,0.825699,9.7686
0.396927,0.712631,9.76979
0.358841,0.711441,9.81145
0.324326,0.845932,9.84358
0.367172,0.813797,9.86501
0.376694,0.817368,9.84715
0.335037,0.776901,9.79955
0.380264,0.757858,9.84239
0.427872,0.76619,9.72218
0.332657,0.725723,9.7079
0.335037,0.699539,9.79478
0.294571,0.841171,9.7686
0.343369,0.811417,9.81145
0.389786,0.785233,9.86262
0.306473,0.869736,9.89119
0.28743,0.900681,9.89357
0.342178,0.847122,9.77098
0.319565,0.718582,9.75075
0.304092,0.76738,9.80788
0.295761,0.901871,9.83168
0.361221,0.819748,9.85667
0.407639,0.730484,9.84596
0.331467,0.791184,9.88524
0.383835,0.884018,9.87096
0.404068,0.818558,9.85548
0.370743,0.83522,9.80907
0.317184,0.810226,9.81383
0.327896,0.886398,9.85905
0.255295,0.848312,9.72456
0.296951,0.89949,9.73052
0.308853,0.861404,9.63768
0.212448,0.941147,9.79836
0.307663,0.931625,9.74361
0.332657,0.973282,9.66267
0.230301,0.920914,9.6234
0.267197,0.817368,9.62816
0.298141,1.04945,9.86382
0.374313,1.08397,9.89238
0.452866,1.07921,9.93047
0.494522,0.875687,9.91975
0.620682,0.657883,9.90309
0.620682,0.837601,10.0138
0.60759,0.880447,10.0221
0.67543,0.947098,9.92571
0.67067,0.89592,9.83763
0.580215,1.03993,9.88762
0.536179,1.05659,9.8412
0.630203,1.02565,9.9507
0.580215,1.13515,9.89238
0.580215,1.06017,9.85548
0.507614,1.13277,9.86025
0.443344,1.1292,9.8174
0.454056,1.03993,9.76622
0.487381,1.03874,9.81978
0.475479,1.15062,9.76265
0.340988,1.08278,9.73527
0.357651,1.07921,9.74123
0.41835,1.10658,9.78526
0.323135,1.1161,9.82454
0.337418,1.14824,9.88643
0.301712,1.19466,9.95308
0.358841,1.25655,9.99355
0.22554,1.27797,9.96617
0.070816,1.09468,9.85905
0.0529633,0.868546,9.4651
0.467148,1.30296,9.71266
0.565933,1.98732,9.38536
0.405258,1.61241,8.13329
0.9944,2.26106,6.92882
1.41573,4.66167,5.86955
1.31337,7.65022,5.82552
1.1039,9.44859,5.95882
1.17888,9.41051,5.65294
1.44072,7.80614,4.27351
1.64067,7.62761,3.44991
1.24553,8.52144,2.17284
0.977737,9.03441,1.58965
1.33122,9.02965,1.56465
1.57521,8.95467,1.40279
1.31218,9.39622,0.622025
1.26219,9.77232,0.111435
1.4431,10.0699,0.175705
1.62877,9.93895,0.14476
1.60258,9.61522,-0.246811
1.59901,9.54619,-0.380112
1.7466,9.86159,-0.378922
1.78825,9.85921,-0.377731
1.65138,9.50334,-0.215866
1.62044,9.39146,0.0233612
1.72874,9.72234,0.491104
1.86919,9.77351,0.730331
2.03938,10.1199,1.43968
1.9644,10.6471,2.44896
1.93346,11.0173,3.18925
2.10484,10.784,3.70103
1.9287,10.1865,4.03072
1.70732,8.69282,4.26399
1.36336,7.88588,4.90669
1.21458,7.14201,6.02666
1.26933,5.80901,6.19447
0.918228,3.64406,6.02428
0.401688,1.24702,6.25993
0.252914,-0.309738,7.06212
0.231491,-0.496597,8.2523
0.218399,-1.03694,8.14281
0.143417,-1.34639,8.8224
0.621872,-0.539444,10.1304
0.907516,-0.013382,10.5434
0.667099,-0.149063,10.3768
0.748032,-0.633469,10.403
1.03011,-0.477554,10.4684
0.86467,-0.429947,10.2482
0.783737,-0.51207,10.2804
0.834915,-0.44899,10.2197
0.757553,-0.366867,9.99355
0.655197,-0.44899,10.059
0.626633,-0.560867,10.1078
0.694473,-0.553726,10.0352
0.730179,-0.653702,9.79121
0.762314,-0.454941,9.85548
0.679001,-0.180008,9.89476
0.667099,-0.0597992,10.0209
0.652817,-0.0609894,9.9995
0.587357,-0.045517,9.89952
0.5457,-0.114548,9.74599
0.617111,-0.216904,9.76741
0.742081,-0.25975,9.92808
0.8004,-0.13002,10.0102
0.712326,-0.279984,9.92213
0.637344,-0.337112,9.72218
0.621872,-0.335922,9.65077
0.559982,-0.107407,9.76265
0.654007,0.112778,9.95665
0.73851,0.0366058,9.99593
0.812302,-0.112167,9.87334
0.775406,-0.122879,9.85667
0.728989,-0.0431366,9.85786
0.824203,0.131821,9.97926
0.840866,0.0663605,9.9745
0.843246,-0.268082,9.61626
0.767075,-0.314499,9.5508
0.764694,-0.0098114,9.74004
0.874191,0.221085,9.93999
0.795639,0.12468,9.78645
0.693283,-0.112167,9.58888
0.60759,-0.0919342,9.63887
0.661148,0.0854034,9.79836
0.73732,0.196091,9.90666
0.749222,0.056839,9.92094
0.762314,-0.109787,9.86025
0.856339,-0.0693207,9.88286
0.86705,-0.0788422,9.88286
0.851578,-0.0705109,9.9388
0.824203,-0.107407,9.94951
0.762314,-0.0990753,9.96617
0.788498,-0.155014,9.93999
0.759934,-0.0978851,9.86501
0.707565,-0.0276642,9.92333
0.658768,0.00804138,10.0031
0.786118,0.115158,10.0531
0.830154,0.0068512,10.034
0.789688,-0.158585,9.85429
0.743271,-0.205002,9.8055
0.73494,-0.132401,9.82573
0.733749,0.00566101,9.91737
0.719467,-0.00267029,9.84001
0.709946,-0.0943146,9.88881
0.742081,-0.138351,9.83525
0.809921,-0.0252838,9.84477
0.748032,-0.0145721,9.87453
0.693283,-0.0407562,9.82335
0.733749,-0.0836029,9.83763
0.700424,-0.0800324,9.73647
0.669479,-0.045517,9.74718
0.681381,-0.0276642,9.81145
0.657578,0.0485077,9.86977
0.681381,0.037796,9.85905
0.694473,0.024704,9.84834
0.669479,0.0794525,9.81502
0.689712,-0.0157623,9.79955
0.756363,-0.0229034,9.86501
0.831345,-0.0217133,9.829
0.701614,-0.125259,9.71147
0.659958,-0.141922,9.72813
0.724228,-0.0288544,9.83287
0.784927,-0.0538483,9.8781
0.693283,-0.0550385,9.83882
0.694473,-0.132401,9.83763
0.728989,-0.0014801,9.84239
0.709946,0.0782623,9.89476
0.724228,0.0306549,9.94475
0.718277,-0.0431366,9.85905
0.761124,-0.0955048,9.91499
0.820633,-0.077652,9.88762
0.709946,0.0520782,9.98402
0.743271,0.0473175,9.95427
0.758743,0.0235138,9.93166
0.794449,-0.0014801,9.94951
0.703995,0.0401764,9.8662
0.689712,-0.0383759,9.7805
0.680191,-0.140732,9.78407
0.712326,-0.0895538,9.80907
0.730179,0.0306549,9.87334
0.696854,0.0913544,9.8174
0.646866,-0.0847931,9.70552
0.613541,-0.185959,9.69362
0.701614,-0.0824127,9.7924
0.700424,-0.0538483,9.83168
0.709946,-0.00505066,9.93047
0.759934,-0.0478973,9.83049
0.740891,-0.12764,9.78883
0.706375,-0.0633698,9.85191
0.762314,0.0544586,9.97688
0.7397,-0.0181427,9.92928
0.656387,-0.0847931,9.83882
0.684952,-0.114548,9.81026
0.650436,-0.0728912,9.81145
0.668289,-0.0443268,9.82573
0.631393,-0.0145721,9.91975
0.683762,-0.0919342,9.85072
0.638535,-0.13121,9.83882
0.708755,-0.0145721,10.0138
0.811111,0.137772,10.0983
0.823013,-0.0824127,9.9876
0.73732,-0.206192,9.81264
0.700424,-0.164536,9.80312
0.811111,0.0770721,9.97807
0.955124,0.173477,10.0661
0.874191,0.0116119,9.91499
0.831345,-0.0740814,9.8055
0.812302,0.0925446,9.85905
0.821823,0.194901,9.84001
0.727798,0.0949249,9.71742
0.73494,0.0306549,9.74599
0.689712,0.0199432,9.73052
0.683762,0.0437469,9.78883
0.752792,0.0199432,9.89
0.780167,0.104446,10.0054
0.809921,0.0282745,9.95665
0.753983,-0.0693207,9.90547
0.73851,-0.090744,9.89357
0.784927,-0.0633698,9.9745
0.723038,-0.00743103,10.0304
0.649246,-0.0383759,10.0114
0.693283,-0.077652,9.96736
0.701614,0.0401764,10.0293
0.67543,-0.0348053,9.97926
0.717087,-0.0633698,9.93999
0.714706,-0.00386047,9.90428
0.73494,0.0139923,9.91261
0.751602,0.130631,9.97807
0.690903,0.185379,9.84834
0.614731,0.123489,9.7079
0.624252,0.0342255,9.59959
0.634964,0.215134,9.56389
0.577835,0.25798,9.5865
0.460007,-0.0383759,9.47105
0.60878,-0.150253,9.46867
0.536179,0.0163727,9.62578
0.636154,0.113968,9.74361
0.640915,0.0877838,9.79598
0.639725,-0.0371857,9.76146
0.625443,-0.0443268,9.83644
0.579025,0.0687408,9.9269
0.623062,0.249649,10.0864
0.654007,0.162766,10.0697
0.60878,0.138962,10.0364
0.631393,0.133011,10.103
0.699234,0.0580292,10.1268
0.652817,0.247269,10.1078
0.559982,0.198471,10.0281
0.500473,0.232986,10.0102
0.362411,0.38533,9.94475
0.279099,0.265121,9.49248
0.327896,-0.523972,8.2773
0.705185,0.0270844,7.57985
0.430252,3.17155,8.32848
0.28624,4.74736,7.98213
0.681381,5.27104,6.98476
0.786118,6.78496,6.98119
1.07771,7.65855,6.61223
1.09557,8.04298,6.13615
1.09676,8.0894,5.37444
1.15746,7.85374,4.59724
1.12532,7.64903,3.8022
1.19316,8.23698,3.244
1.0313,9.10939,2.78459
0.957504,9.31529,2.61201
1.00987,9.34029,1.6801
1.11104,9.86635,1.59917
1.19078,9.70924,1.5825
1.39073,9.23912,1.28615
1.41692,9.40099,1.15523
1.39668,9.60332,0.908859
1.48119,9.545,0.701767
1.33122,9.60689,0.572037
1.30504,9.63783,0.675583
1.38121,9.6176,0.674393
1.30385,9.59141,0.688675
1.43834,9.79732,0.85173
1.52403,9.7997,1.14095
1.75255,10.3198,1.75984
1.843,10.9185,2.51204
1.843,10.5317,3.12617
1.86681,9.60332,3.29756
1.8073,9.24388,4.00572
1.68471,9.68663,4.95192
1.61449,9.24745,5.7303
1.5038,8.20842,5.82909
1.17888,6.88017,5.94215
1.11937,5.78877,6.27065
1.24434,4.76759,6.86574
0.983688,4.27724,8.01189
1.10033,2.97993,8.1797
1.09676,0.756668,7.66911
0.123184,-0.114548,7.74528
-0.0839081,-0.825089,8.11186
0.171982,-0.610855,9.09734
0.199356,0.0675507,9.90428
0.0398712,-0.331161,9.56032
0.0624847,-1.36662,9.27705
0.129135,-1.72606,9.2473
0.0422516,-1.57967,9.51509
0.0434418,-1.27498,10.1602
0.346939,-1.05836,10.5244
0.563553,-1.01195,10.4232
0.583786,-1.40352,10.2387
0.562363,-1.588,10.0983
0.558792,-1.26665,10.2018
0.569504,-1.10359,10.2554
0.534988,-1.23689,10.0221
0.437393,-1.27736,9.77455
0.318375,-1.42613,9.65434
0.313614,-1.50349,9.72337
0.515945,-1.28212,9.88167
0.571884,-1.26546,9.8055
0.496902,-1.23332,9.71623
0.461197,-1.28093,9.64601
0.54332,-1.21785,9.71623
0.523087,-0.96434,9.90309
0.576645,-0.83223,10.0257
0.620682,-0.925064,9.81621
0.594498,-1.21666,9.66505
0.555222,-1.31902,9.66624
0.558792,-1.10478,9.8174
0.618301,-0.929825,9.91737
0.558792,-0.972672,9.79836
0.486191,-1.16072,9.72456
0.589737,-1.13454,9.90785
0.60878,-0.889359,10.0376
0.655197,-0.877457,10.0757
0.604019,-0.96553,10.0078
0.620682,-1.06789,9.83168
0.552841,-1.2119,9.7079
0.525467,-1.08217,9.8055
0.580215,-0.966721,10.0007
0.698044,-0.907211,10.0412
0.567123,-1.01076,9.87215
0.557602,-1.04289,9.82692
0.625443,-1.00719,9.89357
0.580215,-1.01909,9.90666
0.47905,-1.03456,9.78169
0.505234,-1.1024,9.69243
0.531418,-1.12263,9.78407
0.501663,-1.0786,9.84715
0.47905,-1.16786,9.74956
0.526657,-1.13216,9.78526
0.523087,-1.09288,9.83882
0.652817,-1.10716,9.86262
0.746841,-1.16548,9.83168
0.667099,-1.17262,9.88524
0.633774,-1.13811,9.94594
0.61235,-1.09288,9.94832
0.579025,-1.12978,9.87929
0.515945,-1.05241,9.83287
0.638535,-1.08931,9.90904
0.6064,-1.04051,9.94951
0.623062,-0.982193,9.89119
0.67662,-0.908401,9.90666
0.501663,-0.883408,9.89357
0.517136,-0.867935,9.91975
0.588547,-0.789383,9.84834
0.538559,-0.860794,9.8412
0.615921,-0.856033,9.86858
0.715897,-0.939346,9.88643
0.652817,-0.944107,9.81264
0.632584,-0.945297,9.83168
0.661148,-0.936966,9.79121
0.700424,-0.904831,9.8055
0.669479,-0.925064,9.82335
0.683762,-0.96077,9.85191
0.654007,-0.902451,9.90428
0.605209,-0.876266,9.88405
0.60759,-0.929825,9.84715
0.604019,-0.83461,9.87929
0.549271,-0.77153,9.83763
0.54451,-0.785812,9.81978
0.550461,-0.783432,9.84239
0.648056,-0.789383,9.84834
0.623062,-0.863174,9.78407
0.598068,-0.863174,9
0.595688,-0.873886,9.81145
0.563553,-0.884598,9.86739
0.584976,-0.940536,9.88881
0.61116,-1.02266,9.81145
0.539749,-0.934586,9.82216
0.579025,-0.945297,9.84596
0.529038,-0.939346,9.89238
0.638535,-0.938156,9.89595
0.643295,-0.904831,9.82811
0.61235,-1.02623,9.80312
0.513565,-1.03813,9.66267
0.454056,-1.02147,9.72932
0.520706,-0.916733,9.89595
0.576645,-0.925064,9.87334
0.605209,-0.946487,9.95665
0.638535,-0.878647,10.0078
0.661148,-0.840561,10.0221
0.759934,-0.861984,9.94832
0.719467,-0.977432,9.84834
0.654007,-0.96196,9.82335
0.634964,-0.819138,9.85548
0.658768,-0.76915,9.9019
0.67305,-0.709641,9.93999
0.67305,-0.777481,9.95665
0.728989,-0.745346,9.97569
0.706375,-0.595383,9.95546
0.617111,-0.669174,9.92213
0.581406,-0.77391,9.85429
0.552841,-0.842941,9.77931
0.559982,-0.917923,9.83168
0.706375,-0.89769,9.90666
0.638535,-0.944107,9.87572
0.517136,-1.04765,9.83525
0.533798,-1.06908,9.7924
0.599258,-0.971481,9.77574
0.592117,-0.922684,9.83882
0.48381,-1.00719,9.7924
0.571884,-1.03694,9.79716
0.60997,-0.944107,9.87572
0.646866,-0.892929,9.86501
0.567123,-0.914352,9.8531
0.525467,-0.864365,9.86501
0.507614,-0.795334,9.92333
0.570694,-0.851273,9.79716
0.602829,-0.758438,9.91737
0.562363,-0.656082,9.92213
0.561172,-0.788193,9.89714
0.625443,-0.820328,9.84477
0.593307,-0.911972,9.84715
0.54808,-0.859604,9.81502
0.549271,-0.863174,9.85429
0.594498,-0.825089,9.95903
0.592117,-0.810806,9.92571
0.561172,-0.861984,9.86262
0.462387,-0.910782,9.8662
0.525467,-0.802475,9.93642
0.558792,-0.815567,9.94832
0.589737,-0.777481,10.0138
0.511185,-0.762009,10.015
0.490952,-0.663223,10.2137
0.525467,-0.731064,10.1471
0.507614,-0.757248,10.1507
0.500473,-0.850082,10.2363
0.490952,-0.902451,10.1816
0.475479,-0.914352,10.1102
0.526657,-0.892929,10.1268
0.573074,-0.991715,10.1637
0.536179,-0.934586,10.0173
0.568314,-0.814377,10.0162
0.604019,-0.823898,9.79478
-0.396927,6.12441,4.13188
-0.669479,7.26698,3.09642
-0.218399,9.33196,3.18687
0.300522,9.37361,3.21901
0.627823,9.45454,2.81435
0.777786,9.7509,2.2859
0.634964,9.95561,2.24306
0.773026,9.95085,2.60249
0.905136,9.4843,2.4073
0.732559,9.62355,2.06334
0.594498,10.1329,1.85387
0.793259,9.76161,1.95503
0.857529,9.30696,2.03835
0.873001,9.06535,2.07524
0.899185,9.11058,2.22997
0.933701,9.10463,2.36565
0.814682,9.326,2.46681
0.683762,9.48668,2.67867
0.626633,9.56404,2.82268
0.530228,9.56047,3.02501
0.458817,9.47121,3.14165
0.373123,9.5331,3.66771
0.227921,9.5331,4.34492
0.231491,9.33433,5.17091
0.450485,8.78685,5.89336
0.557602,8.37981,5.85289
0.502853,7.86565,6.05284
0.445725,7.37291,6.74791
0.507614,7.07536,7.55486
0.652817,6.73021,7.56914
0.655197,6.01848,8.03093
0.764694,4.62834,7.91905
0.490952,3.81664,8.07616
0.593307,3.28105,8.03331
0.740891,2.60741,7.35014
0.686142,0.988754,7.42632
0.212448,0.5103,7.21208
-0.201736,-0.0871735,7.63579
-0.54451,-0.675125,7.37633
-0.554031,-1.36781,7.56438
-0.41835,-2.00337,9.52104
-0.41597,-1.89864,9.71385
-0.28743,-1.86293,9.88048
-0.227921,-1.66536,10.0828
-0.0517731,-1.31783,10.3756
0.0291595,-1.14882,10.5827
0.0482025,-1.19167,10.4232
0.0148773,-1.40352,10.3018
0.00297546,-1.59395,10.2113
0.110092,-1.7701,10.1756
0.121994,-1.82961,10.1114
0.0339203,-1.6725,10.0923
0.0243988,-1.60585,10.2256
0.0601044,-1.49635,10.4303
0.0862885,-1.27736,10.597
0.169601,-1.18452,10.5565
0.191025,-1.1512,10.5041
0.136276,-1.34163,10.2994
0.148178,-1.46541,10.1423
0.16008,-1.62727,9.99235
0.057724,-1.08217,9.9138
0.119614,-1.21309,9.87096
0.138657,-1.18214,9.73052
0.179123,-1.11787,9.76622
0.145798,-1.11549,9.72337
0.102951,-1.07741,9.69243
0.0410614,-1.04646,9.75908
0.0624847,-1.11311,9.79478
0.1577,-1.08931,9.88286
0.212448,-1.02266,9.91856
0.238632,-1.07503,9.9138
0.219589,-1.16072,9.83525
0.176743,-1.21071,9.83049
0.169601,-1.1512,9.78288
0.171982,-1.1512,9.80193
0.131516,-1.10359,9.73766
0.0839081,-1.08455,9.84001
0.179123,-1.04884,9.84477
0.219589,-1.01076,9.94237
0.150558,-0.967911,9.93285
0.152939,-1.04884,9.8781
0.133896,-1.03694,9.8662
0.121994,-1.01314,9.8662
0.138657,-1.0417,9.85667
0.176743,-1.04646,9.90904
0.171982,-0.917923,9.97093
0.219589,-0.908401,10.0709
0.181503,-1.04884,9.98045
0.169601,-1.11311,9.96617
0.205307,-1.09645,9.96379
0.188644,-1.0536,10.0066
0.202927,-1.06551,9.90428
0.171982,-1.006,9.93047
0.231491,-0.920303,9.9995
0.241013,-0.922684,9.97331
0.198166,-1.07265,9.93047
0.212448,-1.15834,9.85667
0.217209,-1.09645,9.80431
0.248154,-1.05598,9.9138
0.202927,-0.989334,9.94951
0.255295,-0.991715,9.97807
0.236252,-0.977432,9.93047
0.245773,-0.982193,9.95189
0.176743,-0.986954,9.93523
0.188644,-1.04646,9.93047
0.1577,-1.01552,9.97093
0.1577,-0.948868,10.0519
0.207687,-0.929825,9.9138
0.188644,-0.972672,9.94237
0.133896,-1.0417,9.86858
0.131516,-0.989334,9.86382
0.112473,-0.951248,9.88524
0.0815277,-0.979813,9.9138
0.119614,-0.917923,9.9876
0.124374,-1.01314,9.91618
0.210068,-1.04408,9.89952
0.233871,-1.0417,9.88048
0.169601,-1.09645,9.7924
0.119614,-1.09645,9.79002
0.179123,-1.05836,9.82811
0.141037,-1.12025,9.76622
0.129135,-1.09645,9.76146
0.133896,-1.07979,9.79955
0.22673,-1.00362,9.88524
0.186264,-1.00124,9.92571
0.195786,-0.953629,10.0423
0.171982,-1.00362,9.89476
0.141037,-1.03218,9.89238
0.169601,-1.0536,9.85429
0.171982,-1.0536,9.96141
0.076767,-0.956009,9.88762
0.164841,-0.977432,9.89952
0.188644,-0.984573,9.8781
0.171982,-0.894119,9.91618
0.231491,-1.02742,9.93523
0.267197,-0.996475,9.91856
0.357651,-0.848892,9.87572
0.319565,-0.870316,9.91142
0.317184,-0.867935,9.85667
0.345749,-0.903641,9.88048
0.291,-0.915543,9.93047
0.255295,-0.941727,9.88048
0.193405,-0.908401,9.84239
0.236252,-0.915543,9.83049
0.269577,-0.944107,9.86382
0.307663,-0.956009,9.74004
0.295761,-0.875076,9.67815
0.248154,-0.83699,9.80193
0.236252,-0.848892,9.76146
0.212448,-0.822708,9.83525
0.22435,-0.791763,9.90428
0.231491,-0.76796,9.90666
0.229111,-0.760818,9.89476
0.198166,-0.663223,9.80907
0.133896,-0.758438,10.0162
0.00535583,-0.76796,10.0304
-0.0351105,-0.701309,10.0638
-0.0470123,-0.717972,10.0352
-0.025589,-0.753677,9.91618
-0.0351105,-0.710831,9.89714
-0.00178528,-0.782242,9.86144
-0.0113068,-0.739395,9.69957
-0.101761,-0.860794,9.68767
-0.149368,-0.998856,9.61864
-0.166031,-1.05598,9.63054
-0.111282,-1.06789,9.60197
0.0291595,-1.08455,9.66148
0.0648651,-0.953629,9.72813
0.038681,-0.925064,9.75432
0.0363007,-0.925064,9.73052
0.0124969,-0.948868,9.63292
-0.0184479,-0.894119,9.71861
0.0315399,-0.903641,9.77336
0.0958099,-0.920303,9.7924
0.386215,-0.737015,10.109
0.319565,-0.758438,10.059
0.248154,-0.856033,10.0281
0.136276,-0.894119,9.96855
0.193405,-0.996475,9.93047
0.138657,-0.913162,9.96855
0.188644,-0.717972,10.0376
0.207687,-0.741776,10.09
0.241013,-0.663223,10.0114
0.231491,-0.617996,10.0661
0.281479,-0.615616,9.99712
0.262436,-0.615616,9.88286
0.300522,-0.732254,9.87096
0.28624,-0.729874,9.83525
0.295761,-0.656082,9.83049
0.22435,-0.722733,9.671
0.22435,-0.725113,9.66624
0.186264,-0.710831,9.65196
0.274338,-0.632278,9.7567
0.340988,-0.598953,9.6472
0.300522,-0.684647,9.84953
0.35289,-0.63942,9.82573
0.364792,-0.570389,9.97569
0.41478,-0.556107,10.0447
0.467148,-0.527542,10.0614
0.464767,-0.437088,10.0185
0.440964,-0.477554,10.0685
0.426682,-0.470413,9.97807
0.41716,-0.479935,9.95427
0.443344,-0.434708,9.98045
0.493332,-0.463272,9.98045
0.464767,-0.453751,10.0066
0.371933,-0.420425,9.98283
0.369553,-0.375198,10.0471
0.35051,-0.377579,10.0114
0.390976,-0.268082,9.95427
0.412399,-0.196671,9.97093
0.490952,-0.277603,10.0685
0.433823,-0.341873,10.0114
0.407639,-0.403763,9.82335
0.295761,-0.494217,9.7567
0.155319,-0.551346,9.7686
0.198166,-0.57991,9.72575
0.293381,-0.432327,9.71385
0.395737,-0.356155,9.82573
0.445725,-0.325211,9.87334
0.436203,-0.239517,9.92808
0.471909,-0.151443,9.98997
0.381454,0.0318451,10.0376
0.388596,0.069931,9.9876
-0.0684357,0.0175629,9.80669
0.0315399,-0.0752716,9.7448
0.0696259,-0.144302,9.73289
0.0553436,-0.184769,9.70909
0.191025,-0.215714,9.84239
0.283859,-0.246658,9.92094
0.329086,-0.170486,9.95189
0.357651,-0.279984,9.99712
0.376694,-0.377579,9.92571
0.407639,-0.44899,9.91856
0.476669,-0.391861,9.94237
0.509995,-0.301407,10.0233
0.562363,-0.189529,10.0804
0.595688,-0.120499,10.0852
0.588547,-0.0943146,10.0519
0.559982,-0.19429,9.89476
0.471909,-0.244278,9.92808
0.364792,-0.294266,9.83049
0.329086,-0.268082,9.86382
0.379074,-0.303787,9.8662
0.421921,-0.213333,9.93999
0.452866,-0.239517,9.93523
0.440964,-0.182388,9.89952
0.455246,-0.244278,9.88048
0.517136,-0.287125,9.94951
0.488571,-0.249039,9.91856
0.426682,-0.182388,9.99235
0.41716,-0.106216,10.09
0.431442,-0.172867,10.1328
0.433823,-0.234756,10.059
0.410019,-0.275223,10.009
0.367172,-0.25618,10.0185
0.426682,-0.339493,10.0542
0.455246,-0.287125,9.95903
0.412399,-0.218094,10.0757
0.402878,-0.184769,10.0614
0.35289,-0.218094,10.0376
0.312424,-0.137161,10.0423
0.35527,-0.215714,9.9995
0.35527,-0.232376,9.97331
0.61235,-0.458511,9.82097
0.633774,-0.422806,9.86382
0.662338,-0.410904,9.77812
0.605209,-0.401382,9.83287
0.67186,-0.389481,9.78764
0.60997,-0.425186,9.72813
0.536179,-0.413284,9.69957
0.562363,-0.334732,9.80907
0.60997,-0.275223,9.78764
0.643295,-0.149063,10.0281
