-0.401688,0.536484,9.81383
-0.292191,0.555527,9.88048
-0.311234,0.610275,9.81145
-0.327896,0.665024,9.84715
-0.313614,0.629318,9.81859
-0.261246,0.565048,9.91142
-0.242203,0.541245,9.86144
-0.311234,0.631699,9.8781
-0.263626,0.612656,9.93047
-0.268387,0.657883,9.92571
-0.304092,0.738815,9.99712
-0.282669,0.738815,9.85905
-0.28981,0.70311,9.88762
-0.282669,0.760239,9.84715
-0.292191,0.726913,9.80907
-0.335037,0.674545,9.80669
-0.332657,0.669785,9.7567
-0.394547,0.63884,9.66148
-0.399307,0.612656,9.71861
-0.382645,0.617416,9.69481
-0.232681,0.762619,10.0471
-0.266006,0.814987,10.0519
-0.313614,0.710251,9.99235
-0.282669,0.665024,9.94475
-0.311234,0.717392,9.98045
-0.320755,0.743576,9.94951
-0.280289,0.669785,9.96379
-0.315994,0.645981,9.93047
-0.320755,0.581711,9.8662
-0.325516,0.481735,9.71623
-0.139847,0.474594,9.89714
-0.0517731,0.44841,9.91856
0.0363007,0.467453,9.85191
-0.0232086,0.536484,9.86144
-0.0470123,0.469833,9.82097
-0.104141,0.493637,9.75432
-0.194595,0.569809,9.75432
-0.249344,0.543625,9.84239
-0.306473,0.560288,9.671
-0.285049,0.584091,9.66863
0.0315399,0.724533,9.91856
0.0291595,0.748337,9.91618
0.0243988,0.753098,9.84953
0.119614,0.724533,9.88286
0.131516,0.70311,9.92094
0.121994,0.724533,9.86382
0.0410614,0.710251,9.89
-0.00178528,0.753098,9.74004
-0.0755768,0.798325,9.72575
-0.070816,0.843552,9.82097
-0.0803375,0.838791,9.83049
-0.0874786,0.814987,9.64006
-0.16127,0.860214,9.70433
-0.149368,0.710251,9.60435
-0.111282,0.710251,9.58293
-0.0589142,0.814987,9.75432
0.000595093,0.957809,9.85905
0.057724,1.00542,9.88048
0.110092,1.00542,9.81145
0.102951,0.948288,9.84239
0.195786,1.13396,9.84715
0.243393,1.03398,9.80907
0.229111,0.945908,9.71385
0.219589,1.0078,9.77574
0.257675,1.00542,9.78526
0.267197,0.972092,9.78526
0.314804,1.01494,9.74004
0.291,1.11729,9.72813
0.186264,1.19585,9.71623
0.0934296,1.1768,9.75432
0.126755,1.27202,9.77336
0.233871,1.26964,9.7448
0.276718,1.11967,9.80669
0.231491,1.01732,9.71861
0.212448,1.1292,9.73766
0.202927,1.18394,9.71385
0.150558,1.14348,9.6115
0.131516,1.09349,9.6353
0.114853,1.03874,9.62816
0.0124969,0.979233,9.6591
0.0672455,1.21013,10.1019
0.0601044,1.08397,10.0828
0.0291595,1.0554,10.04
0.057724,1.07921,9.92333
0.141037,1.03874,10.0185
0.0934296,1.0554,9.96855
0.131516,1.08635,9.96379
0.0505829,0.955429,9.92333
0.0601044,0.967331,9.85191
0.0648651,0.957809,9.85905
0.107712,0.781662,9.8781
0.207687,0.724533,9.97331
0.317184,0.819748,10.0376
0.360031,0.914963,9.91618
0.379074,1.00542,9.90428
0.393356,0.922104,9.84953
0.443344,1.02208,9.89476
0.457626,1.01732,9.9876
0.507614,0.957809,9.9019
0.431442,0.917343,9.93047
0.462387,0.907822,9.95427
0.431442,0.914963,9.8781
0.405258,0.948288,9.72337
0.367172,0.862595,9.59245
0.445725,0.934006,9.60674
0.524277,0.979233,9.69719
0.400497,0.950668,9.59959
0.398117,0.693588,9.58055
0.41716,0.70787,9.58055
0.448105,0.850693,9.67815
0.412399,0.572189,9.77336
0.245773,0.488876,9.7567
0.231491,0.305588,9.82573
0.295761,0.369858,9.89238
0.310043,0.603134,9.89238
0.269577,0.657883,9.83049
0.305283,0.57933,9.82335
0.269577,0.593613,9.7924
0.22197,0.622177,9.87096
0.0910492,0.665024,9.91618
0.0696259,0.672165,9.90666
0.0505829,0.757858,9.91856
0.167221,0.70311,9.90428
0.22673,0.676926,10.009
0.207687,0.70787,9.95903
0.0434418,0.672165,9.97569
0.141037,0.588852,9.97569
0.0196381,0.5103,9.88286
0.0529633,0.469833,9.86382
0.145798,0.519821,9.85429
0.205307,0.595993,9.91856
0.138657,0.522202,9.85429
0.0148773,0.481735,9.75908
0.0315399,0.407944,9.72575
0.0743866,0.291306,9.80193
0.0672455,0.38414,9.77574
0.0220184,0.360336,9.81859
-0.0113068,0.38176,9.79002
-0.0303497,0.507919,9.72575
0.0291595,0.481735,9.79478
0.0648651,0.455551,9.80193
0.0339203,0.391281,9.81621
0.198166,0.429367,9.84239
0.169601,0.44841,9.78526
0.200546,0.291306,9.79478
0.114853,0.236557,9.96379
0.0934296,0.241318,10.009
0.152939,0.315109,10.0185
0.181503,0.307968,10.0376
0.171982,0.291306,9.97093
0.145798,0.203232,9.9995
0.141037,0.131821,10.0162
0.0672455,0.0675507,9.99235
0.0743866,0.100876,10.0542
0.0743866,0.229416,10.1185
-0.00416565,0.248459,10.0757
-0.0398712,0.205612,9.96141
-0.0993805,0.117538,9.94713
-0.106522,0.25798,9.86858
-0.196976,0.307968,9.79716
-0.218399,0.281784,9.74004
-0.194595,0.19371,9.68291
-0.139847,0.241318,9.74004
-0.137466,0.229416,9.72813
-0.113663,0.207993,9.85429
-0.0565338,0.167526,9.9138
-0.0589142,0.25798,9.89
-0.127945,0.369858,9.92333
-0.142227,0.222275,9.89476
-0.16127,0.150864,9.81383
-0.251724,0.134201,9.74242
-0.308853,0.222275,9.75194
-0.365982,0.338913,9.73766
-0.332657,0.400803,9.7448
-0.277908,0.362717,9.80193
-0.220779,0.281784,9.76146
-0.182693,0.19133,9.73527
-0.123184,0.279404,9.72337
0.000595093,0.334152,9.9019
0.00535583,0.422226,9.88048
0.110092,0.398422,9.93047
0.0553436,0.460312,9.95189
0.0291595,0.324631,9.94713
0.0220184,0.108017,9.84239
-0.00654602,0.00566101,9.86144
0.0172577,0.0723114,9.91856
0.0339203,0.155624,9.98045
-0.00416565,0.198471,9.93047
-0.0922394,0.298447,9.91618
-0.137466,0.334152,9.88048
-0.15889,0.38176,9.85191
-0.106522,0.350815,9.93047
-0.0993805,0.343674,9.92808
-0.0803375,0.372238,9.89476
-0.111282,0.350815,9.84477
-0.0636749,0.277023,9.95903
0.0101166,0.238937,10.0138
0.0624847,0.243698,10.1138
-0.0946198,0.0794525,9.87572
-0.0850983,0.131821,9.80907
-0.168411,0.169907,9.87572
-0.170792,0.146103,9.82811
-0.125565,0.184189,9.82335
-0.101761,0.222275,9.87334
-0.0422516,0.0913544,9.90666
-0.0755768,0.131821,9.79478
-0.149368,0.12944,9.81859
-0.125565,0.069931,9.79716
-0.139847,0.162766,9.81621
-0.0993805,0.200851,9.89238
-0.142227,0.262741,9.79955
-0.154129,0.19371,9.85429
-0.189835,0.165146,9.79955
-0.204117,0.12944,9.80669
-0.166031,0.0580292,9.86382
-0.194595,0.117538,9.7924
-0.199356,0.0627899,9.87334
-0.163651,0.108017,9.87572
-0.16127,0.234177,9.96855
-0.123184,0.260361,10.04
-0.0779572,0.162766,10.0995
-0.070816,0.138962,10.0804
0.00773621,0.119919,10.1304
0.0434418,0.112778,10.1542
0.171982,0.0342255,10.1685
0.112473,0.088974,10.1209
0.121994,0.108017,10.1233
0.076767,0.229416,10.1066
0.0934296,0.167526,9.80431
0.0339203,0.196091,9.79002
0.00773621,0.207993,9.83763
0.121994,0.243698,9.7686
0.0839081,0.231796,9.7805
0.0124969,0.234177,9.7805
-0.0160675,0.32225,9.73289
-0.0755768,0.293686,9.72575
-0.0946198,0.291306,9.6472
-0.089859,0.388901,9.68053
-0.144608,0.415085,9.89
-0.0232086,0.45079,9.90428
0.0172577,0.51268,9.9995
0.0291595,0.443649,9.91856
0.00535583,0.360336,9.92333
0.114853,0.25322,9.94713
0.0720062,0.284164,9.88286
0.0267792,0.312729,9.89476
-0.00416565,0.310349,9.816
0.0101166,0.329391,9.84715
-0.0660553,0.424606,9.9138
-0.044632,0.479355,9.87572
-0.0113068,0.526962,9.92808
-0.0351105,0.426987,9.9019
-0.089859,0.369858,9.81383
-0.0612946,0.403183,9.83763
-0.0422516,0.336533,9.7805
-0.0113068,0.348434,9.78526
-0.0636749,0.398422,9.72813
-0.0160675,0.374619,9.84477
0.0434418,0.357956,9.76622
0.0505829,0.379379,9.78288
0.000595093,0.379379,9.82573
0.000595093,0.346054,9.80669
-0.00892639,0.284164,9.81859
0.0243988,0.327011,9.78288
0.0196381,0.338913,9.85667
-0.0565338,0.407944,9.86858
-0.0827179,0.438889,9.84715
-0.0803375,0.362717,9.91856
0.0958099,0.267502,9.97331
0.150558,0.338913,10.0804
0.155319,0.396042,10.0995
0.145798,0.503159,10.0257
0.0601044,0.493637,9.96141
-0.0160675,0.476975,9.87572
0.0624847,0.398422,9.87096
0.0220184,0.334152,9.82335
-0.025589,0.227036,9.79716
0.00297546,0.112778,9.86144
0.0505829,0.069931,9.87334
0.0934296,0.210373,9.91618
0.0243988,0.227036,9.97331
-0.0160675,0.217514,10.0352
0.0220184,0.281784,9.89238
0.0672455,0.291306,9.9876
0.107712,0.376999,10.0185
0.0648651,0.453171,9.95903
0.0624847,0.467453,10.0138
0.102951,0.536484,9.95427
0.121994,0.519821,10.0066
0.174362,0.524582,9.96617
0.131516,0.505539,9.88286
0.126755,0.51506,9.89952
0.0910492,0.441269,9.84953
0.0910492,0.374619,9.87334
0.0601044,0.334152,9.84001
0.0720062,0.376999,9.9019
0.0624847,0.45079,9.85429
-0.0232086,0.443649,9.7805
-0.0327301,0.469833,9.79955
-0.0232086,0.443649,9.76384
0.00297546,0.396042,9.72575
0.0672455,0.38414,9.8781
0.0720062,0.374619,9.83525
0.131516,0.298447,9.81145
0.0958099,0.303207,9.80669
0.0696259,0.346054,9.82811
0.0720062,0.398422,9.91618
0.100571,0.338913,9.85191
0.0434418,0.286545,9.89476
0.0672455,0.262741,9.92571
0.0791473,0.327011,9.97569
0.0624847,0.369858,9.96379
0.124374,0.327011,10.0376
0.0624847,0.310349,9.91856
0.0839081,0.367477,9.94951
0.0267792,0.407944,9.95903
-0.0470123,0.393661,9.84953
-0.0565338,0.341293,9.86382
-0.0779572,0.327011,9.86144
-0.0279694,0.362717,9.85191
-0.0684357,0.546005,9.83287
-0.025589,0.57695,9.87572
0.00297546,0.498398,9.81621
0.076767,0.388901,9.92333
0.0886688,0.360336,9.89952
0.0601044,0.331772,9.91618
0.000595093,0.296066,9.88524
0.0624847,0.312729,9.86144
0.0553436,0.410324,9.89
0.0743866,0.348434,9.86382
0.0243988,0.303207,9.8781
0.0601044,0.426987,9.91856
0.0910492,0.51506,9.86144
0.0291595,0.443649,9.85905
-0.0517731,0.38414,9.90428
-0.0684357,0.396042,9.88286
-0.0327301,0.419846,9.88286
0.0553436,0.44841,9.89238
0.0934296,0.441269,9.85429
0.0339203,0.400803,9.79955
0.00535583,0.372238,9.86858
-0.00178528,0.393661,9.87572
0.100571,0.396042,10.1209
0.16008,0.338913,9.95427
0.112473,0.341293,9.93285
0.0815277,0.265121,9.89952
0.0124969,0.284164,9.86382
0.0101166,0.362717,9.83525
0.00297546,0.400803,9.81145
-0.0850983,0.38176,9.73052
-0.0993805,0.422226,9.68529
-0.0803375,0.417465,9.71147
-0.0374908,0.248459,9.72813
-0.0398712,0.241318,9.74956
0.0267792,0.291306,9.78526
0.0482025,0.279404,9.88524
0.0672455,0.272263,9.88524
0.0696259,0.265121,9.89
0.0791473,0.307968,9.89476
0.0505829,0.231796,9.88524
0.0743866,0.265121,9.85667
0.00297546,0.241318,9.89714
-0.0184479,0.231796,9.84715
-0.0327301,0.277023,9.88048
0.0267792,0.329391,9.93761
0.0315399,0.324631,9.9019
0.0220184,0.393661,9.88524
0.038681,0.31749,9.84477
-0.00178528,0.269882,9.86144
-0.0303497,0.300827,9.88048
-0.00654602,0.31987,9.86382
-0.0232086,0.303207,9.87572
-0.0303497,0.293686,9.97807
0.105331,0.305588,9.96379
0.0981903,0.362717,9.93999
0.0672455,0.407944,9.94951
0.038681,0.374619,9.94951
0.0839081,0.329391,9.95903
0.0624847,0.303207,9.83763
0.0791473,0.31987,9.87096
0.0601044,0.336533,9.89238
0.0743866,0.336533,9.96855
0.105331,0.293686,9.9995
0.119614,0.31987,10.0043
0.0672455,0.338913,9.91142
0.0934296,0.305588,9.93523
0.038681,0.315109,9.97093
0.0553436,0.341293,10.0376
0.00297546,0.307968,9.99474
0.00297546,0.346054,9.88762
-0.0422516,0.374619,9.88762
-0.0541534,0.391281,9.93047
0.0172577,0.31987,9.7805
0.0243988,0.212753,9.87334
0.0101166,0.222275,9.84715
0.0339203,0.210373,9.8781
0.076767,0.272263,9.86382
0.0720062,0.279404,9.81859
-0.025589,0.288925,9.80193
-0.0589142,0.355576,9.89238
0.000595093,0.417465,9.93999
0.000595093,0.422226,9.88048
0.0553436,0.331772,9.81145
0.0291595,0.357956,9.85667
0.0458221,0.417465,9.83287
0.00773621,0.355576,9.84715
-0.0303497,0.338913,9.80431
-0.0660553,0.38176,9.89
-0.0779572,0.417465,9.84001
-0.044632,0.346054,9.88048
-0.0565338,0.296066,9.86382
0.00297546,0.412704,9.83763
-0.0684357,0.376999,9.8781
-0.101761,0.362717,9.87096
-0.0850983,0.429367,9.89
-0.0589142,0.407944,9.9019
-0.0113068,0.331772,9.91142
0.0315399,0.265121,9.82097
-0.00178528,0.234177,9.89476
0.0410614,0.222275,9.92333
0.038681,0.231796,9.9019
0.0743866,0.243698,9.90428
0.00535583,0.236557,9.91856
0.0243988,0.215134,9.93047
-0.0351105,0.246078,9.88286
-0.0470123,0.305588,9.78288
0.0243988,0.44603,9.9138
0.0553436,0.38652,9.98045
0.107712,0.324631,10.0066
0.038681,0.2556,9.95665
0.0124969,0.38652,9.94237
-0.0113068,0.376999,9.95665
-0.00416565,0.300827,9.92808
-0.0374908,0.32225,9.9019
-0.044632,0.338913,9.90904
0.000595093,0.415085,9.85429
-0.00654602,0.324631,9.8781
-0.0612946,0.300827,9.77812
-0.0374908,0.355576,9.89714
-0.025589,0.391281,9.86858
-0.00654602,0.405563,9.82097
0.0101166,0.300827,9.76146
-0.0946198,0.305588,9.81383
0.0172577,0.336533,9.81383
-0.0374908,0.479355,9.82335
-0.0351105,0.529343,9.88762
-0.070816,0.472214,9.79478
-0.0850983,0.424606,9.83287
-0.0351105,0.491257,9.98045
-0.00178528,0.462692,9.92571
-0.00178528,0.350815,9.94951
-0.0422516,0.374619,9.95903
-0.0541534,0.398422,9.94475
0.0458221,0.31987,9.99235
0.0553436,0.307968,10.04
0.145798,0.357956,10.1328
0.176743,0.2556,10.0852
0.057724,0.250839,9.99712
-0.254105,0.336533,9.88286
-0.323135,0.246078,9.9138
-0.435013,0.19133,9.83525
-0.570694,0.305588,9.90904
-0.599258,0.279404,9.89952
-0.723038,0.227036,9.96141
-0.744461,0.25322,9.95427
-0.67543,0.136581,10.0114
-0.587357,0.115158,10.0495
-0.446915,0.281784,10.0804
-0.301712,0.479355,10.0471
-0.196976,0.557907,10.1209
-0.108902,0.553146,10.0209
0.076767,0.436508,10.0043
0.174362,0.277023,9.9995
0.0220184,0.32225,9.89
-0.0493927,0.443649,9.85429
-0.130325,0.457932,9.82811
0.0101166,0.422226,9.89714
0.231491,0.300827,10.0661
-0.00892639,0.888779,9.86144
-0.0541534,0.969711,9.93047
-0.0303497,0.938766,9.83525
-0.0684357,1.02684,9.84953
-0.0565338,1.09349,9.81621
0.0101166,1.00066,9.94475
0.0529633,0.884018,10.0447
-0.00178528,0.96019,9.91142
0.0267792,0.807846,9.86144
0.0743866,0.83165,9.9995
0.164841,0.991135,10.0542
0.393356,0.857834,10.1042
0.379074,0.812607,10.0043
0.186264,0.83165,9.82811
0.038681,0.76738,9.81859
-0.0398712,0.662643,9.7805
-0.0232086,0.667404,9.72575
0.105331,0.70787,9.69243
0.186264,0.6436,9.73527
0.195786,0.626938,9.72813
-0.0398712,0.795944,9.88524
-0.132706,0.838791,9.92571
-0.104141,0.686447,9.88286
-0.15889,0.645981,9.7924
-0.237442,0.655502,9.81383
-0.116043,0.548386,9.83525
-0.173172,0.57457,9.7448
-0.230301,0.667404,9.70909
-0.292191,0.741196,9.66148
-0.28743,0.748337,9.7805
-0.404068,0.781662,9.69481
-0.48262,0.772141,9.72337
-0.487381,0.757858,9.74004
-0.515945,0.731674,9.73052
-0.518326,0.814987,9.72575
-0.439774,0.843552,9.82573
-0.423111,0.83403,9.7924
-0.518326,0.748337,9.76384
-0.625443,0.819748,9.78764
-0.527847,0.803085,9.85667
-0.41835,0.903061,9.88286
-0.282669,0.948288,9.93761
-0.216019,0.776901,9.86144
-0.349319,0.717392,9.92571
-0.385025,0.800705,9.93047
-0.254105,0.8983,10.0352
-0.244583,0.860214,9.94951
-0.239822,0.829269,9.84001
-0.254105,0.786423,9.71147
-0.185074,0.755478,9.75432
-0.0589142,0.745956,9.87096
-0.00654602,0.83403,9.77098
0.0124969,0.850693,9.68529
-0.149368,0.919724,9.70195
-0.201736,1.01732,9.68529
-0.227921,0.924484,9.61626
-0.235062,0.929245,9.56389
-0.227921,0.967331,9.55437
-0.0993805,0.903061,9.84477
0.0482025,0.943527,9.85667
0.0839081,0.879257,9.79002
0.0291595,0.922104,9.89238
0.107712,0.979233,9.93761
0.188644,0.993515,9.88762
0.181503,1.05064,9.79478
0.0243988,0.864975,9.72813
0.0243988,0.884018,9.88048
0.038681,1.06493,9.96855
0.0958099,1.30058,10.0876
0.200546,1.29106,10.078
0.176743,1.23631,10.0757
0.0291595,1.41246,10.1376
-0.0993805,1.47197,10.2185
-0.0874786,1.49101,10.2018
-0.180313,1.68144,10.228
-0.0970001,1.9409,10.2613
-0.0874786,2.12657,10.3613
0.0958099,2.01945,10.5089
0.164841,1.97661,10.3899
0.0981903,1.79332,10.2423
-0.0136871,1.47435,10.1304
-0.0208282,1.541,10.2851
0.0601044,1.72905,10.1875
0.1577,1.9528,10.2661
0.233871,1.89568,10.2042
0.119614,1.4315,9.66624
-0.0160675,1.4315,9.46629
-0.192215,1.7957,9.37108
-0.111282,2.66454,9.42107
-0.0351105,3.40007,9.45915
0.976547,4.59026,7.04546
0.874191,4.67357,6.5551
0.73613,4.87352,5.99333
0.817062,5.31627,5.70769
1.15269,6.32793,5.76244
1.31218,7.35863,6.03142
1.20982,7.90373,5.71483
1.12889,8.356,5.5244
0.947983,8.19176,5.27446
1.00987,8.0775,4.90074
1.45024,9.82945,1.77055
1.49071,9.0844,2.0919
1.56688,8.87968,2.0681
1.74065,8.3441,1.79198
1.80968,8.0656,1.4373
1.7216,8.187,1.15166
1.62401,8.53453,0.835068
1.55736,8.98204,0.78508
1.79539,9.04869,0.799362
1.90251,9.08678,0.716049
1.78349,10.2222,-0.169449
1.91679,10.6293,0.0257416
2.0739,10.2793,0.170944
2.00725,9.93181,0.00907898
1.98821,9.91038,-0.107559
2.0977,9.79613,-0.00282288
2.23576,9.8842,0.130478
2.36906,10.0842,0.416122
2.4976,10.1746,0.599411
2.63567,10.3627,0.777939
2.09294,9.84611,3.42253
2.09294,10.446,3.62248
2.02153,10.277,3.92955
1.76683,9.45335,3.63676
1.65257,8.66307,3.45586
1.67876,7.49669,3.55345
1.73589,6.16368,4.22948
1.86919,7.40862,3.75578
2.00725,7.13487,5.41966
1.82158,7.6657,5.75291
0.962265,3.04778,7.21922
0.988449,2.89543,7.80955
1.15031,3.06682,8.41417
1.47881,3.18822,8.6046
1.41216,3.03111,8.44035
0.981308,2.73833,8.50938
0.47905,2.63121,8.44511
0.200546,2.63835,8.43559
-0.142227,2.32176,8.56889
-0.0303497,1.71477,8.71172
0.155319,1.08873,10.1542
-0.0779572,0.64122,9.89952
-0.0351105,0.0984955,9.75432
0.138657,-0.203812,9.77574
0.305283,-0.153824,10.0138
0.47905,0.0128021,10.1019
0.498093,0.246078,10.2494
0.369553,0.626938,10.4803
0.324326,0.826889,10.4351
0.281479,0.719772,10.378
0.524277,0.0532684,9.95665
0.495712,-0.0110016,9.9138
0.540939,-0.0752716,9.92333
0.462387,-0.0371857,9.84001
0.407639,-0.0205231,9.82335
0.386215,-0.0847931,9.7448
0.367172,-0.0419464,9.75432
0.433823,-0.039566,9.85191
0.405258,-0.0229034,9.82811
0.455246,-0.0633698,9.74242
0.448105,-0.0847931,9.73527
0.512375,-0.0562286,9.75908
0.474289,-0.144302,9.70909
0.490952,-0.227615,9.72337
0.519516,-0.144302,9.671
0.531418,-0.229996,9.66624
0.445725,-0.232376,9.7448
0.48381,-0.134781,9.77574
0.533798,-0.0538483,9.74718
0.512375,0.0199432,9.74242
0.455246,0.103256,9.72337
0.338608,0.0508881,9.69719
0.407639,-0.0681305,9.72337
0.450485,-0.0110016,9.83525
0.519516,0.0366058,9.81383
0.502853,0.12468,9.82811
0.517136,0.169907,9.89714
0.486191,0.0913544,9.82335
0.464767,0.069931,9.71385
0.555222,0.0389862,9.69243
0.583786,0.134201,9.83525
0.564743,0.169907,9.79002
0.581406,0.12706,9.80431
0.505234,0.088974,9.8662
0.557602,0.12944,9.89476
0.500473,0.088974,9.91618
0.540939,0.0842133,9.92094
0.633774,0.0604095,9.91618
0.631393,-0.0443268,9.93761
0.614731,-0.0110016,9.98997
0.314804,-0.122879,9.93047
0.291,-0.058609,9.94713
0.248154,-0.00386047,9.96617
0.269577,-0.0324249,9.91856
0.317184,-0.0419464,9.9876
0.400497,-0.0705109,9.97807
0.467148,-0.0252838,9.8662
0.48143,0.000900269,9.97093
0.462387,0.0413666,9.96617
0.398117,0.069931,9.92333
0.398117,0.167526,10.1542
0.431442,0.181808,10.1185
0.467148,0.108017,10.0304
0.460007,-0.0300446,9.93047
0.429062,-0.180008,9.80431
0.467148,-0.180008,9.82573
0.574264,-0.115738,9.84239
0.569504,-0.039566,9.81383
0.507614,0.0270844,9.90428
0.336227,0.119919,9.75432
0.179123,0.277023,9.80669
0.171982,0.286545,9.89238
0.210068,0.334152,9.83763
0.398117,0.38176,9.99235
0.460007,0.310349,10.0614
0.519516,0.250839,10.0923
0.436203,0.162766,9.99474
0.362411,0.112778,9.8662
0.367172,0.153244,9.96379
0.390976,0.172287,9.99712
0.376694,0.250839,10.0447
0.390976,0.174667,9.97331
0.421921,0.148483,9.93047
0.424301,0.0961151,9.95427
0.457626,0.0318451,9.90904
0.500473,-0.0562286,9.9019
0.448105,0.000900269,9.82573
0.457626,0.117538,9.71385
0.383835,0.184189,9.77574
0.452866,0.248459,9.82573
0.324326,0.355576,9.93999
0.243393,0.417465,9.89476
0.281479,0.243698,9.86382
0.35289,0.215134,9.80431
0.412399,0.298447,9.80669
0.445725,0.19371,9.79716
0.431442,0.0604095,9.85667
0.47905,0.110397,9.89238
0.426682,0.179428,9.82097
0.336227,0.165146,9.95903
0.188644,0.167526,9.86144
0.148178,0.069931,9.84001
0.179123,0.0318451,9.85905
0.250534,-0.0014801,9.83525
0.293381,0.0604095,9.88286
0.35289,0.0913544,9.89
0.300522,0.117538,9.91142
0.305283,0.19371,9.96855
0.217209,0.284164,10.04
0.0482025,0.293686,9.94713
0.0458221,0.360336,9.68767
0.0529633,0.353195,9.75432
0.057724,0.274643,9.78764
-0.0208282,0.231796,9.79716
0.0267792,0.238937,9.94237
0.117233,0.243698,10.0138
0.0910492,0.241318,9.97331
-0.0136871,0.241318,9.87334
-0.118423,0.262741,9.89238
-0.089859,0.243698,9.95427
0.183884,0.0604095,9.94951
0.181503,0.0723114,9.9876
0.219589,0.203232,9.98997
0.236252,0.234177,9.9995
0.141037,0.376999,9.95189
0.133896,0.331772,10.0376
0.171982,0.443649,10.0757
0.217209,0.469833,10.0352
0.243393,0.379379,10.0447
0.255295,0.31987,9.99712
0.0958099,0.0865936,9.72575
0.100571,0.148483,9.73052
0.117233,0.184189,9.74242
0.124374,0.338913,9.76622
0.136276,0.405563,9.83287
0.129135,0.403183,9.76622
0.155319,0.393661,9.82097
0.205307,0.38414,9.80907
0.255295,0.369858,9.78526
0.245773,0.443649,9.7924
0.0601044,0.0104218,9.82097
0.00297546,0.0961151,9.65196
0.038681,0.179428,9.65434
0.00297546,0.262741,9.6591
0.038681,0.277023,9.74956
0.0624847,0.296066,9.73289
0.0434418,0.286545,9.82335
0.0672455,0.38414,9.78526
0.0791473,0.462692,9.85191
0.0315399,0.474594,9.84953
-0.294571,0.291306,10.04
-0.285049,0.234177,10.0019
-0.230301,0.229416,10.0638
-0.120804,0.203232,10.0209
-0.166031,0.19133,10.109
0.0148773,0.134201,10.0685
0.129135,0.12944,10.0233
0.198166,0.136581,10.1352
0.176743,0.150864,10.0733
0.0672455,0.0770721,9.99712
-0.089859,0.272263,9.91142
-0.156509,0.215134,9.8662
-0.15889,0.250839,9.92094
-0.106522,0.227036,9.98045
0.0339203,0.108017,9.89476
-0.0779572,0.296066,9.95665
-0.0279694,0.307968,9.96617
-0.0517731,0.2556,10.0376
-0.0422516,0.162766,9.95665
-0.0232086,0.19133,10.0257
-0.0422516,0.138962,9.84477
-0.0184479,0.134201,9.82097
-0.0279694,0.12706,9.81621
-0.0470123,0.153244,9.80669
-0.0160675,0.200851,9.82811
-0.104141,0.215134,9.80431
-0.0850983,0.25322,9.89952
-0.0565338,0.296066,9.93523
-0.104141,0.310349,10.0447
-0.0660553,0.303207,10.0852
0.0220184,0.203232,9.83049
0.152939,0.117538,9.81621
0.181503,0.177048,9.96141
0.16008,0.146103,9.95665
0.202927,0.227036,9.83763
0.195786,0.155624,9.75194
0.179123,0.143723,9.88048
0.0958099,0.0461273,9.91618
0.0910492,0.0818329,10.0043
0.183884,0.115158,10.0352
0.186264,0.0556488,10.0328
0.22435,0.0389862,10.009
0.16008,0.0270844,10.0376
0.126755,-0.0562286,10.0519
0.121994,-0.0943146,9.99474
0.0743866,-0.0514679,9.9876
0.0720062,-0.0943146,10.0566
0.105331,-0.0990753,9.91618
0.0934296,-0.058609,9.84239
0.0267792,-0.0324249,9.86858
-0.0922394,-0.0657501,9.7805
-0.0517731,0.105637,9.86144
-0.0351105,0.0984955,9.89952
-0.0660553,0.0984955,9.82097
-0.0970001,0.0532684,9.81145
-0.0565338,-0.0514679,9.78526
-0.0422516,-0.110977,9.82097
-0.0779572,-0.0895538,9.70433
-0.0731964,-0.0371857,9.68291
-0.108902,-0.00624084,9.67815
-0.273148,-0.227615,7.76671
-0.244583,-0.268082,7.40727
-0.242203,-0.396622,6.71934
-0.156509,-0.598953,6.12187
0.0243988,-0.682266,5.67198
0.22435,-0.606094,5.44347
0.529038,-0.158585,6.06236
0.771835,-0.0681305,6.47417
0.907516,0.19133,6.36467
0.883713,0.241318,6.37419
6.8037,-1.17262,6.84074
9.77916,1.44817,7.30016
10.0029,2.16228,6.96928
10.4623,2.01945,6.4218
10.8598,1.24107,5.93382
11.5097,0.538864,5.44823
12.1381,-0.113358,4.94835
12.4499,-0.734634,4.78886
12.5237,-1.30354,4.86742
12.4142,-1.42494,5.04594
11.3002,0.900681,5.38634
11.2526,1.09111,5.36253
11.1955,1.18394,5.30778
11.2169,1.15776,5.37682
11.1812,1.2625,5.56725
11.0527,1.6386,5.61247
10.8598,1.79808,5.64104
10.7146,1.86949,5.46013
10.7075,1.72191,5.38872
10.6837,1.51958,5.38872
10.8051,0.636459,4.79601
10.7623,0.348434,4.76982
10.7646,0.267502,4.79839
10.7504,0.179428,4.80077
10.6028,0.217514,4.90788
10.498,0.38652,4.91502
10.3885,0.472214,4.90788
10.5433,0.236557,5.18877
10.6528,0.103256,5.30778
10.7456,0.150864,5.41728
10.3314,-0.496597,5.86241
10.3028,-0.525162,5.90764
10.1695,-0.568008,5.96953
9.87913,-0.606094,6.05284
9.59587,-0.675125,6.09093
9.31737,-0.746536,6.19566
9.19121,-0.891739,6.38847
9.10552,-0.920303,6.53844
8.96269,-0.810806,6.63841
8.80083,-0.810806,6.77171
8.50804,-0.70607,6.84312
8.19383,-0.732254,6.77171
8.0034,-0.891739,7.06688
7.89153,-1.21071,7.15019
7.78679,-1.39638,6.90977
7.57494,-1.46303,6.84788
1.09081,-0.277603,6.72411
0.940842,-0.263321,6.84074
0.907516,-0.275223,6.88359
0.817062,-0.175247,6.92406
0.724228,-0.249039,6.90263
0.536179,-0.229996,6.88359
0.48381,-0.146683,7.13829
0.529038,-0.101456,7.48106
0.517136,0.0104218,7.72148
0.464767,0.0437469,7.8167
0.302902,0.0389862,7.80955
0.262436,-0.00624084,7.9619
0.252914,-0.0990753,7.91667
0.243393,-0.239517,8.13091
0.262436,-0.265701,8.32371
0.255295,-0.0348053,8.54985
0.276718,-0.0371857,8.74266
0.198166,0.0104218,8.82359
0.124374,0.0627899,8.82359
0.0458221,-0.00862122,8.75932
0.600449,-0.210953,9.97569
0.669479,-0.353775,10.0043
0.714706,-0.370438,9.89952
0.731369,-0.351395,9.85667
0.709946,-0.244278,9.7805
0.61235,-0.0990753,9.81145
0.567123,-0.13002,9.92094
0.569504,-0.149063,9.98521
0.614731,-0.220474,10.0757
0.624252,-0.246658,10.0519
0.624252,-0.291885,10.1019
0.67186,-0.346634,10.0495
0.643295,-0.287125,10.078
0.602829,-0.151443,10.0019
0.598068,-0.153824,10.109
0.586166,-0.139542,10.2066
0.624252,-0.134781,10.1971
0.664719,-0.158585,10.1947
0.721848,-0.180008,10.1661
0.686142,-0.272842,10.0995
0.602829,-0.25856,10.0733
0.526657,-0.244278,10.0614
0.509995,-0.237137,10.0804
0.593307,-0.25618,10.0447
0.581406,-0.284744,10.0233
0.588547,-0.222855,10.0519
0.569504,-0.294266,9.95427
0.571884,-0.332352,9.7924
0.595688,-0.394241,9.77812
0.569504,-0.501358,9.7805
0.488571,-0.334732,9.87572
0.452866,-0.408524,9.86382
0.445725,-0.425186,9.88524
0.474289,-0.308548,9.90666
0.388596,-0.332352,9.94713
0.312424,-0.327591,9.93761
0.374313,-0.260941,10.0138
0.429062,-0.244278,9.98283
0.436203,-0.294266,9.87572
0.371933,-0.334732,9.91618
0.464767,-0.470413,9.70671
0.412399,-0.477554,9.72099
0.407639,-0.439468,9.75432
0.402878,-0.375198,9.79955
0.495712,-0.389481,9.75194
0.550461,-0.365677,9.84715
0.581406,-0.337112,9.86382
0.517136,-0.299026,9.8662
0.464767,-0.337112,9.80431
0.398117,-0.382339,9.83763
0.471909,-0.334732,9.95903
0.54808,-0.489456,10.0685
0.564743,-0.589432,10.0447
0.533798,-0.670364,10.0471
0.557602,-0.701309,9.99474
0.581406,-0.594193,10.0447
0.600449,-0.572769,10.0709
0.533798,-0.432327,9.94713
0.519516,-0.351395,10.0114
0.469528,-0.382339,9.9995
0.433823,-0.458511,9.78288
0.429062,-0.470413,9.77336
0.462387,-0.446609,9.82573
0.48143,-0.460892,9.83763
0.469528,-0.394241,9.82097
0.514755,-0.425186,9.79716
0.552841,-0.396622,9.80193
0.538559,-0.379959,9.75908
0.495712,-0.532303,9.75432
0.486191,-0.522781,9.804
0.47905,-0.406143,9.84001
0.502853,-0.503738,9.9019
0.590927,-0.518021,9.80669
0.559982,-0.468033,9.81145
0.431442,-0.399002,9.70195
0.429062,-0.339493,9.72337
0.443344,-0.344254,9.86382
0.54332,-0.291885,9.83525
0.524277,-0.299026,9.85905
0.460007,-0.382339,9.80193
0.455246,-0.360916,9.88286
0.509995,-0.325211,9.84715
0.526657,-0.315689,9.91618
0.552841,-0.287125,9.97331
0.550461,-0.325211,10.0281
0.571884,-0.301407,9.94713
0.583786,-0.344254,9.95189
0.471909,-0.303787,9.89714
0.41954,-0.303787,9.85667
0.405258,-0.301407,9.90428
0.524277,-0.379959,9.98997
0.493332,-0.363297,9.9995
0.452866,-0.401382,9.98045
0.390976,-0.420425,9.92094
0.448105,-0.360916,9.89952
0.469528,-0.377579,9.84001
0.424301,-0.427567,9.84715
0.421921,-0.429947,9.73527
0.41716,-0.432327,9.72337
0.412399,-0.465652,9.78764
0.393356,-0.358536,9.94713
0.41954,-0.370438,9.91618
0.393356,-0.344254,9.9019
0.343369,-0.337112,9.93523
0.345749,-0.349014,9.94713
0.371933,-0.394241,9.93761
0.47905,-0.427567,10.0162
0.467148,-0.394241,10.0304
0.474289,-0.418045,9.97807
0.514755,-0.427567,9.99474
0.410019,-0.377579,9.91142
0.386215,-0.437088,9.93999
0.35527,-0.494217,9.99235
0.448105,-0.477554,9.95665
0.47905,-0.425186,9.89952
0.512375,-0.434708,9.89476
0.517136,-0.465652,9.94237
0.476669,-0.51088,9.95903
0.471909,-0.51564,9.96379
0.467148,-0.532303,10.0185
0.436203,-0.422806,9.9876
0.455246,-0.45137,10.0209
0.393356,-0.487076,9.94951
0.340988,-0.470413,9.85429
0.28862,-0.501358,9.9019
0.276718,-0.525162,9.77336
0.281479,-0.57991,9.74004
0.293381,-0.548965,9.79478
0.267197,-0.468033,9.82335
0.345749,-0.379959,9.84239
0.271957,-0.358536,9.91142
0.326706,-0.334732,9.86144
0.343369,-0.341873,9.86144
0.386215,-0.399002,9.84239
0.376694,-0.406143,9.75432
0.360031,-0.496597,9.82335
0.360031,-0.534683,9.82811
0.379074,-0.529922,9.85191
0.383835,-0.544205,9.83763
0.35289,-0.458511,9.89238
0.267197,-0.427567,9.97807
0.236252,-0.403763,9.89
0.248154,-0.446609,9.95189
0.276718,-0.482315,9.94237
0.367172,-0.498978,9.95665
0.41478,-0.527542,9.92333
0.386215,-0.460892,9.91856
0.340988,-0.429947,9.94713
0.35051,-0.441849,9.89
0.321945,-0.453751,9.92333
0.302902,-0.45137,9.94951
0.319565,-0.427567,9.92808
0.243393,-0.437088,9.89952
0.255295,-0.494217,9.89
0.307663,-0.482315,9.89238
0.343369,-0.506119,9.93285
0.405258,-0.475174,9.89
0.398117,-0.444229,9.90904
0.348129,-0.399002,9.95189
0.395737,-0.391861,9.82097
0.281479,-0.332352,9.85667
0.307663,-0.401382,9.84477
0.28862,-0.3871,9.89
0.367172,-0.441849,9.88524
0.393356,-0.532303,9.88762
0.369553,-0.487076,9.88524
0.324326,-0.453751,9.92571
0.345749,-0.465652,9.95665
0.379074,-0.468033,9.93523
0.374313,-0.456131,9.84001
0.371933,-0.472794,9.92571
0.307663,-0.437088,9.8781
0.340988,-0.382339,9.89952
0.22197,-0.363297,9.89
0.193405,-0.413284,9.92333
0.245773,-0.406143,9.94237
0.281479,-0.432327,9.85667
0.35051,-0.432327,9.92333
0.307663,-0.479935,9.84239
0.269577,-0.446609,9.84715
0.298141,-0.463272,9.91856
0.329086,-0.489456,9.8781
0.267197,-0.432327,9.95427
0.276718,-0.360916,9.89476
0.321945,-0.379959,9.94951
0.345749,-0.434708,9.92094
0.321945,-0.425186,9.84239
0.269577,-0.456131,9.88048
0.343369,-0.537064,9.8781
0.257675,-0.434708,9.83049
0.283859,-0.432327,9.93047
0.305283,-0.439468,9.94237
0.379074,-0.365677,9.93047
0.340988,-0.408524,10.0066
0.357651,-0.441849,9.90904
0.329086,-0.472794,9.94475
0.302902,-0.458511,9.90666
0.300522,-0.460892,9.85667
0.319565,-0.45137,9.84001
0.298141,-0.406143,9.88048
0.336227,-0.432327,9.88762
0.367172,-0.441849,9.86382
0.405258,-0.468033,9.95189
0.300522,-0.446609,10.0138
0.321945,-0.38472,9.95189
0.255295,-0.375198,9.89476
0.276718,-0.465652,9.87334
0.317184,-0.503738,9.80669
0.305283,-0.389481,9.93761
0.331467,-0.418045,9.91856
0.269577,-0.399002,9.89
0.298141,-0.413284,9.94951
0.367172,-0.418045,9.95665
0.35527,-0.477554,9.94475
0.410019,-0.529922,9.90666
0.405258,-0.57515,9.87334
0.348129,-0.57753,9.92094
0.343369,-0.51088,9.90904
0.274338,-0.548965,9.93285
0.295761,-0.429947,9.93761
0.295761,-0.375198,9.8662
0.267197,-0.329971,9.8781
0.191025,-0.346634,9.84001
0.298141,-0.432327,9.77098
0.340988,-0.360916,9.85429
0.35527,-0.315689,9.87334
0.281479,-0.329971,9.81383
0.300522,-0.332352,9.87572
0.300522,-0.379959,9.80431
0.300522,-0.394241,9.7567
0.241013,-0.429947,9.70195
0.245773,-0.460892,9.7448
0.336227,-0.468033,9.69719
0.402878,-0.406143,9.70195
0.421921,-0.38472,9.73527
0.469528,-0.268082,9.78526
0.507614,-0.227615,9.91856
0.460007,0.234177,10.2685
0.540939,0.748337,10.4994
0.579025,1.02684,10.8017
0.41954,0.872116,10.5827
0.640915,0.246078,9.95427
0.824203,-0.70607,9.86144
0.571884,-1.08455,9.81621
0.183884,-0.851273,9.85667
0.0458221,-1.03456,9.58769
0.412399,-2.15096,8.8593
0.750412,-3.87672,7.66673
-0.473099,-9.4706,2.47514
-0.363602,-9.56581,2.19902
-0.742081,-9.04213,1.60631
-0.882523,-8.74696,1.13261
-1.12294,-8.53511,0.637497
-1.2491,-8.209,0.0447845
-1.79897,-8.17806,-0.169449
-2.05128,-7.03548,-1.28346
-2.16554,-6.9355,-0.785965
-2.32265,-6.92836,-3.76143
-2.64638,-7.41158,-3.8614
-0.753983,-8.1971,-5.67049
-2.53688,-9.10878,-7.22725
-2.82967,-9.86336,-8.72212
-2.80586,-9.34206,-9.3791
-3.05104,-8.72316,-9.57667
-2.56425,-7.30327,-8.59953
-2.78682,-6.55226,-7.61287
-2.90584,-6.87599,-7.29866
-2.85823,-7.15212,-7.41292
-2.80348,-8.56844,-7.47719
-2.79634,-8.68269,-7.43672
-2.76064,-8.70888,-7.33199
-2.8011,-8.60652,-7.49861
-2.72493,-8.83742,-7.59383
-2.6916,-9.01118,-8.0699
-2.68208,-9.25398,-8.48647
-2.58449,-9.42299,-8.42696
-2.32027,-9.58247,-7.57002
-2.03224,-9.6039,-6.83687
-1.62758,-9.31111,0.97789
-1.18721,-8.985,1.27544
-1.16817,-8.26613,1.73723
-1.00392,-6.13332,2.32518
-0.456436,-2.96742,2.91313
-0.463577,-1.45113,5.01024
-0.551651,-0.301407,7.12639
-0.327896,0.265121,7.79765
-0.104141,0.850693,7.92143
0.22673,2.09325,9.60674
0.48143,2.78831,9.78526
0.436203,2.60027,9.79716
0.502853,2.50267,9.67815
0.559982,2.26225,9.77336
0.505234,1.9052,9.68529
0.48143,1.6386,9.49248
0.41716,1.61717,9.59483
0.276718,1.59337,9.54961
0.176743,1.55052,9.49962
0.143417,1.66954,9.61626
0.312424,1.91948,9.92808
0.267197,1.83379,9.7686
0.22435,1.71715,9.7805
0.267197,1.6624,9.71623
0.305283,1.59575,9.73289
0.329086,1.50768,9.73052
0.279099,1.3839,9.72099
0.195786,1.18871,9.6353
0.155319,1.13396,9.63292
0.243393,1.24821,9.69719
0.0624847,1.24583,9.64482
0.0458221,1.11015,9.64482
0.0601044,1.12682,9.66386
0.131516,1.18394,9.70671
0.207687,1.30058,9.7924
0.212448,1.49577,9.86144
0.167221,1.56242,9.85667
0.205307,1.53862,9.80669
0.231491,1.29344,9.76146
0.129135,1.26488,9.72813
0.207687,1.00542,9.58769
0.195786,0.976852,9.54485
0.252914,0.934006,9.60197
0.274338,1.11253,9.75432
0.298141,1.26726,9.83525
0.357651,1.36009,9.85429
0.262436,1.4196,9.89476
0.305283,1.36247,9.93285
0.326706,1.24583,9.95189
0.321945,1.22441,9.88762
0.155319,1.44579,9.65196
0.0886688,1.41722,9.50438
0.124374,1.2506,9.45915
0.186264,1.06969,9.49248
0.210068,1.06731,9.50914
0.28862,1.153,9.51866
0.269577,1.39342,9.68529
0.264816,1.45769,9.8662
0.238632,1.541,9.84001
0.200546,1.49577,9.80907
0.167221,1.36961,9.69005
0.188644,1.3101,9.68291
0.188644,1.27678,9.66863
0.219589,1.16966,9.66148
0.200546,1.20775,9.72099
0.231491,1.20775,9.69243
0.231491,1.22679,9.84953
0.217209,1.32915,9.76146
0.210068,1.24107,9.78526
0.191025,1.29582,9.75432
0.238632,1.37199,9.73052
0.22673,1.33629,9.70433
0.250534,1.36009,9.7924
0.269577,1.36961,9.7924
0.248154,1.41484,9.81621
0.174362,1.34105,9.74242
0.169601,1.27678,9.69481
0.179123,1.20775,9.58055
0.205307,1.22917,9.71385
0.16246,1.30296,9.85905
0.243393,1.29106,9.81383
0.200546,1.39104,9.87096
0.212448,1.50053,9.86858
0.205307,1.4315,9.85191
0.169601,1.34819,9.78526
0.250534,1.22679,9.71623
0.210068,1.18633,9.74956
0.243393,1.15538,9.68291
0.198166,1.26012,9.64482
0.131516,1.32201,9.69481
0.133896,1.34819,9.72337
0.0981903,1.41722,9.82335
0.169601,1.49101,9.87572
0.169601,1.44579,9.81383
0.131516,1.40056,9.6472
0.124374,1.20775,9.63292
0.186264,1.11491,9.65672
0.214828,1.15062,9.64244
0.16246,1.17442,9.66148
0.110092,1.25536,9.71623
0.0791473,1.23869,9.76622
0.131516,1.26964,9.76622
0.193405,1.21251,9.77812
0.260056,1.11015,9.70909
0.264816,1.06017,9.70195
0.241013,1.09349,9.68767
0.145798,1.10539,9.64244
0.119614,1.18633,9.71147
0.0839081,1.30296,9.74718
0.110092,1.33867,9.74956
0.148178,1.5172,9.79478
0.143417,1.45293,9.77336
0.124374,1.39818,9.78288
0.136276,1.37199,9.77574
0.171982,1.3101,9.85667
0.188644,1.29106,9.77336
0.200546,1.31248,9.78764
0.205307,1.29344,9.77574
0.164841,1.29106,9.82811
0.1577,1.21965,9.81145
0.181503,1.39104,9.82573
0.174362,1.36723,9.83287
0.133896,1.28868,9.9019
0.148178,1.18156,9.80907
0.191025,1.21251,9.81383
0.200546,1.20537,9.7924
0.174362,1.25774,9.69957
0.136276,1.29582,9.77098
0.143417,1.32915,9.81859
0.138657,1.35533,9.76146
0.112473,1.33153,9.67339
0.126755,1.27678,9.73052
0.133896,1.24107,9.72337
0.110092,1.23155,9.67577
0.16008,1.22679,9.77574
0.16008,1.25298,9.68767
0.126755,1.2625,9.71385
0.126755,1.24345,9.671
0.164841,1.17442,9.7448
0.181503,1.2744,9.75432
0.136276,1.36247,9.70909
0.0886688,1.4196,9.7686
0.150558,1.42674,9.73766
0.141037,1.3839,9.70671
0.193405,1.31725,9.72575
0.193405,1.28868,9.68767
0.179123,1.21489,9.69005
0.210068,1.14348,9.70671
0.22673,1.20061,9.73527
0.1577,1.31487,9.71147
0.119614,1.2625,9.71385
0.107712,1.29106,9.7924
0.136276,1.3101,9.77098
0.112473,1.31725,9.73289
0.110092,1.35295,9.7805
0.141037,1.2863,9.76146
0.152939,1.26726,9.76146
0.138657,1.34343,9.82811
0.191025,1.4077,9.80907
0.186264,1.42436,9.7924
0.155319,1.27202,9.71385
0.100571,1.22203,9.75194
0.114853,1.30772,9.65672
0.126755,1.2744,9.71861
0.112473,1.28392,9.72099
0.169601,1.26964,9.71385
0.152939,1.2744,9.71623
0.112473,1.31248,9.70671
0.114853,1.21489,9.7805
0.0720062,1.24345,9.73052
0.171982,1.21965,9.74718
0.176743,1.16966,9.671
0.0958099,1.20537,9.71861
0.212448,1.23155,9.78764
0.219589,1.24583,9.7924
0.264816,1.35533,9.85905
0.214828,1.46721,9.85905
0.193405,1.41246,9.77336
0.179123,1.41484,9.75908
0.148178,1.31248,9.72813
0.191025,1.23631,9.60912
0.210068,1.11015,9.68529
0.202927,1.24583,9.70909
0.248154,1.32677,9.87334
0.260056,1.36961,9.83763
0.269577,1.37914,9.78288
0.22435,1.21251,9.74242
0.155319,1.1292,9.67577
0.202927,1.11253,9.77812
0.243393,1.07683,9.75432
0.255295,1.11253,9.81383
0.269577,1.30296,9.79955
0.245773,1.3839,9.79716
0.279099,1.4077,9.87096
0.362411,1.39104,9.93761
0.41478,1.44102,9.95903
0.374313,1.51244,9.99235
0.402878,1.49101,9.94951
0.462387,1.36485,9.94475
0.529038,1.28868,9.96617
0.300522,1.2982,9.42583
0.302902,1.21965,9.5139
0.41478,1.18394,9.51152
0.488571,1.17442,9.59007
0.536179,1.1411,9.74956
0.655197,1.14348,9.82811
0.624252,1.04112,9.96379
0.667099,0.964951,10.0638
0.598068,0.874496,9.94237
0.643295,0.903061,9.95665
0.67662,1.00066,9.98045
0.67424,1.11015,10.0233
0.624252,1.13396,10.0209
0.595688,1.33867,10.1447
0.600449,1.39818,10.1756
0.569504,1.46721,10.009
0.450485,1.46245,9.96617
0.360031,1.43388,9.93047
0.300522,1.32439,9.79002
0.267197,1.36485,9.69719
0.521896,0.8983,10.2209
0.402878,0.841171,10.2304
0.326706,0.819748,10.2018
0.229111,0.776901,10.1304
0.252914,0.700729,9.93285
0.16246,0.648361,9.92333
0.0434418,0.726913,9.80669
-0.125565,0.855453,9.82335
-0.123184,0.974472,9.9138
0.0886688,0.860214,10.0328
0.469528,0.788803,9.66863
0.448105,0.930435,9.37346
0.41716,0.804276,9.19374
0.251724,0.844742,9.11638
0.436203,0.878067,9.12233
0.767075,0.884018,9.36037
0.878952,0.861404,9.7805
0.862289,1.03755,9.79359
0.794449,0.922104,9.80907
0.719467,0.967331,9.89952
0.567123,1.13515,9.98164
0.60997,1.3232,10.109
0.652817,1.31963,10.3696
0.552841,1.35771,10.1352
0.643295,1.17323,10.0019
0.719467,1.12801,9.89952
0.571884,1.03874,9.8781
0.413589,0.923294,9.93642
0.35408,0.720962,9.81383
0.150558,0.540054,9.75908
0.232681,0.663834,9.79359
0.185074,0.947098,10.0471
0.0160675,0.939957,9.99235
-0.107712,0.535294,9.83406
-0.142227,0.234177,9.77812
0.194595,0.379379,9.83763
0.440964,0.749527,10.0316
0.245773,0.809036,10.0983
0.16127,0.773331,10.0983
0.166031,0.89592,9.99831
0.0517731,0.655502,9.92333
0.00773621,0.617416,9.8781
0.110092,0.709061,9.81264
0.112473,0.636459,9.43178
0.702805,1.73619,9.56389
1.17293,2.97517,9.41512
0.883713,3.67619,8.46773
1.17293,4.92589,8.18208
1.08961,5.19606,7.64531
1.067,4.42839,6.61461
1.96083,4.84972,5.61842
2.13103,6.18034,5.20424
2.18101,6.20653,4.26518
2.74159,8.50001,3.80696
2.25838,10.1615,4.21519
1.85252,9.64259,3.80339
2.32384,8.41075,3.1226
2.63805,9.87825,2.87028
2.53212,9.13438,2.0312
2.35121,8.05012,0.685104
2.23933,8.82613,0.169754
2.44524,8.58095,0.356613
2.644,7.94896,-0.24205
2.47737,8.93443,-0.600296
2.77492,9.62117,-0.608627
2.93797,9.351,-0.577682
2.98558,9.51881,-0.350357
3.09508,9.98656,-0.126602
3.26646,9.97109,-0.0599518
3.27122,9.4236,-0.190872
3.27361,9.27721,0.188797
3.42,9.9568,0.905289
3.53902,10.878,1.64558
3.53902,11.4053,1.93718
3.47118,11.0268,2.6263
3.22838,10.0532,3.22377
2.92131,8.68687,3.51537
2.48808,8.01204,4.21877
2.3286,7.75258,5.21257
2.22505,7.12535,5.47084
1.63591,6.23866,5.90288
1.63115,4.76521,6.32658
1.63829,3.65715,7.05736
1.51213,2.35866,7.22874
1.20268,0.849503,7.30016
1.24315,-0.0288544,7.77504
0.949173,0.695969,8.54866
0.0493927,-0.331161,8.09044
0.335037,-2.08073,8.41774
0.621872,-1.45232,9.60554
-0.0363007,-0.454941,9.46986
-0.344559,-0.459702,9.88762
0.47905,-0.826279,10.2554
0.86467,-0.25618,10.9647
0.642105,0.242508,10.9243
0.439774,-0.523972,10.3399
0.645676,-1.1393,10.3125
0.796829,-1.02742,10.2161
0.562363,-0.437088,10.1685
0.425491,0.198471,10.4399
0.661148,-0.0812225,10.2947
0.696854,-0.231186,9.93523
0.41597,-0.715591,9.47462
0.277908,-0.788193,9.54365
0.410019,-0.754868,9.83168
0.405258,-0.613236,9.78169
0.292191,-0.626328,9.64363
0.171982,-0.633469,9.74004
0.15889,-0.733444,9.7198
0.327896,-0.627518,9.67934
0.132706,-0.57515,9.59364
0.0243988,-0.716782,9.66624
0.236252,-0.616806,9.76265
0.310043,-0.369247,9.8293
0.536179,-0.347824,9.80788
0.444534,-0.667984,9.68648
0.404068,-0.662033,9.84239
0.477859,-0.423996,9.85072
0.576645,-0.274033,9.86858
0.67067,-0.331161,9.84596
0.639725,-0.428757,9.80788
0.680191,-0.477554,9.77693
0.573074,-0.462082,9.63768
0.567123,-0.297836,9.69124
0.751602,-0.116928,9.78645
0.698044,-0.153824,9.7448
0.634964,-0.313309,9.81621
0.80278,-0.235947,9.86144
0.924179,-0.141922,10.0114
1.04558,0.0163727,10.1959
1.0432,0.0675507,10.2244
0.947983,-0.227615,10.009
0.831345,-0.646561,9.89595
0.846817,-0.473984,9.89476
0.877762,-0.240707,10.0566
0.845627,-0.249039,10.0173
0.970596,-0.145493,10.0435
1.0551,-0.144302,10.0388
1.04439,-0.140732,9.98402
1.00511,-0.19429,9.92451
1.04439,-0.339493,9.8174
0.965836,-0.25618,9.74361
0.831345,-0.0740814,9.90547
0.827774,-0.25975,9.9138
0.80397,-0.407333,9.79955
0.742081,-0.540634,9.63649
0.80516,-0.343063,9.82097
0.786118,-0.216904,9.91975
0.827774,-0.174057,9.98283
0.881332,-0.318069,9.95308
0.908707,-0.415665,9.84001
0.79921,-0.349014,9.82573
0.67662,-0.229996,9.94237
0.654007,-0.153824,9.88524
0.650436,-0.32283,9.81859
0.677811,-0.281174,9.83525
0.706375,-0.206192,9.92213
0.709946,-0.308548,9.90071
0.718277,-0.45018,9.82216
0.708755,-0.528732,9.80907
0.73732,-0.463272,9.8293
0.583786,-0.401382,9.78288
0.551651,-0.469223,9.78764
0.633774,-0.378769,9.94118
0.638535,-0.308548,9.7924
0.575455,-0.290695,9.70552
0.652817,-0.38829,9.8055
0.662338,-0.270462,9.93285
0.67662,-0.289505,9.96141
0.706375,-0.350204,9.93523
0.73613,-0.489456,9.88762
0.706375,-0.477554,9.95189
0.692093,-0.481125,9.8531
0.7397,-0.493027,9.83406
0.652817,-0.589432,9.8055
0.655197,-0.500168,9.85429
0.807541,-0.45256,9.89476
0.724228,-0.445419,9.74599
0.662338,-0.382339,9.88167
0.761124,-0.297836,10.0043
0.724228,-0.197861,9.77217
0.757553,-0.25856,9.80193
0.7397,-0.357346,9.75313
0.758743,-0.351395,9.76979
0.838486,-0.302597,9.85191
0.861099,-0.275223,9.81978
0.896805,-0.3871,9.78407
0.830154,-0.287125,9.86025
0.773026,-0.182388,9.88881
0.767075,-0.145493,9.95665
0.852768,-0.25856,9.9388
0.796829,-0.304977,9.90785
0.794449,-0.306168,9.88167
0.808731,-0.233566,9.96855
0.809921,-0.328781,9.98402
0.790878,-0.354965,9.93642
0.780167,-0.377579,9.85786
0.694473,-0.423996,9.75075
0.711136,-0.370438,9.76027
0.786118,-0.399002,9.75194
0.945602,-0.418045,9.88524
0.972977,-0.38353,9.86977
0.817062,-0.351395,9.72575
0.702805,-0.352585,9.71623
0.668289,-0.238327,9.81026
0.692093,-0.189529,9.88286
0.824203,-0.253799,9.84358
0.744461,-0.410904,9.77455
0.819443,-0.51088,9.97093
0.914658,-0.437088,9.97926
0.845627,-0.418045,9.98045
0.792068,-0.423996,9.9388
0.740891,-0.422806,9.88762
0.756363,-0.32283,9.84239
0.713516,-0.326401,9.80907
0.679001,-0.318069,9.81621
0.777786,-0.303787,9.83525
0.771835,-0.226425,9.89
0.689712,-0.313309,9.89357
0.755173,-0.32283,9.89476
0.758743,-0.338303,9.88405
0.774216,-0.38472,9.89
0.765884,-0.503738,9.80907
0.718277,-0.456131,9.83287
0.744461,-0.421616,9.78764
0.689712,-0.343063,9.88167
0.759934,-0.372818,9.83168
0.744461,-0.357346,9.7686
0.721848,-0.409714,9.75908
0.732559,-0.416855,9.76979
0.759934,-0.432327,9.85072
0.792068,-0.378769,9.89595
0.709946,-0.365677,9.88286
0.665909,-0.415665,9.91499
0.715897,-0.32402,9.87572
0.756363,-0.412094,9.91261
0.764694,-0.483505,9.79359
0.723038,-0.478745,9.88405
0.707565,-0.408524,9.88167
0.712326,-0.416855,9.8662
0.714706,-0.400192,9.84358
0.728989,-0.368057,9.89357
0.761124,-0.360916,9.95784
0.776596,-0.318069,9.91023
0.774216,-0.368057,9.9138
0.757553,-0.420425,9.85191
0.777786,-0.439468,9.83882
0.73851,-0.338303,9.88167
0.711136,-0.353775,9.88762
0.774216,-0.363297,9.87453
0.786118,-0.438278,9.84358
0.732559,-0.343063,9.82811
0.787308,-0.372818,9.91261
0.813492,-0.282364,9.94118
0.753983,-0.331161,9.89476
0.762314,-0.401382,9.83763
0.745651,-0.441849,9.84239
0.794449,-0.382339,9.78407
0.686142,-0.381149,9.82573
0.667099,-0.446609,9.8531
-0.0696259,-0.903641,9.85667
-0.0779572,-0.945297,9.76384
-0.0124969,-0.820328,9.84596
-0.0196381,-0.738205,9.91618
0.00654602,-0.951248,9.91975
0.0470123,-0.915543,9.88286
0.0113068,-0.883408,9.79598
-0.0755768,-0.885788,9.80073
-0.107712,-0.814377,9.76027
-0.0636749,-0.784622,9.88286
-0.0315399,-0.879837,9.90071
-0.0220184,-0.925064,9.85191
0.0243988,-0.921494,9.79002
-0.0208282,-0.856033,9.83882
0.00773621,-0.811996,9.96498
-0.0148773,-0.866745,9.84001
-0.0398712,-0.96315,9.85191
-0.0243988,-0.866745,9.86144
-0.0648651,-0.902451,9.82454
-0.0172577,-0.894119,9.85429
-0.0505829,-0.942917,9.84596
0.00773621,-0.891739,9.91499
0.0124969,-0.913162,9.8412
-0.0196381,-0.854843,9.8781
0.0720062,-0.821518,9.97569
0.0553436,-0.829849,9.9864
0.0267792,-0.908401,9.98402
-0.00773621,-0.935776,9.9269
-0.0470123,-0.885788,9.88048
-0.0279694,-0.750107,9.9388
-0.0731964,-0.803665,9.94118
-0.000595093,-0.936966,9.93285
0.0327301,-0.969101,9.85905
0.025589,-0.953629,9.93642
0.00297546,-0.910782,9.81621
-0.0827179,-0.872696,9.84239
-0.118423,-0.904831,9.87334
-0.0398712,-0.845322,9.90309
-0.0291595,-0.814377,9.87215
-0.0934296,-0.846512,9.83644
-0.119614,-0.840561,9.97331
-0.0553436,-0.998856,9.99117
0.0541534,-1.07503,10.0328
0.120804,-1.00838,10.1185
0.0493927,-0.945297,10.0376
0.0113068,-1.09645,9.9138
0.0113068,-1.18333,9.92808
0.0684357,-0.973862,9.91737
-0.0363007,-0.856033,9.93285
-0.0124969,-0.760818,10.0364
0.0208282,-0.692978,10.0245
-0.038681,-0.76796,9.95308
-0.0458221,-0.940536,9.8531
-0.0922394,-0.914352,9.80669
-0.0755768,-0.886978,9.85667
-0.173172,-0.870316,9.80669
-0.201736,-0.870316,9.73647
-0.216019,-0.889359,9.75194
-0.254105,-0.744156,9.92094
-0.207687,-0.787003,9.92571
-0.189835,-0.934586,9.86144
-0.251724,-1.0298,9.82454
-0.296951,-1.02623,9.71504
-0.329086,-1.08574,9.81145
-0.300522,-1.01195,9.86977
-0.302902,-1.06551,9.86739
-0.271957,-1.11311,9.80431
-0.260056,-0.950058,9.83763
-0.333847,-0.764389,9.88167
-0.395737,-0.813187,9.85429
-0.307663,-0.877457,9.81859
-0.245773,-0.841751,9.72456
-0.242203,-0.801285,9.77812
-0.22673,-0.817947,9.74361
-0.164841,-0.685837,9.80312
-0.252914,-0.763199,9.74123
-0.179123,-0.997665,9.78883
-0.0696259,-1.05717,9.89833
-0.0351105,-1.03575,10.1042
-0.0731964,-1.19405,10.0673
-0.118423,-1.36543,10.103
-0.0743866,-1.23094,10.084
-0.254105,-1.06313,10.0697
-0.325516,-1.0786,10.0197
-0.319565,-1.20595,9.82573
-0.263626,-1.15239,9.82573
-0.239822,-1.07384,9.84834
-0.268387,-0.940536,9.84001
-0.291,-0.947678,9.75789
-0.135086,-0.915543,9.87096
-0.1577,-0.881027,9.9269
-0.254105,-0.936966,9.71028
-0.210068,-0.945297,9.83644
-0.338608,-0.938156,9.90904
-0.311234,-0.936966,9.94594
-0.324326,-1.08812,9.88048
-0.232681,-1.17619,9.95189
-0.250534,-1.00838,10.0221
-0.381454,-0.966721,9.99474
-0.310043,-1.09288,9.91856
-0.282669,-1.12859,9.88881
-0.285049,-0.96553,9.88881
-0.363602,-0.903641,9.85072
-0.296951,-0.938156,9.87691
-0.261246,-1.01909,9.87929
-0.339798,-1.00838,9.78645
-0.232681,-0.951248,9.91499
-0.202927,-0.915543,9.87929
-0.327896,-0.991715,9.91737
-0.277908,-1.05122,9.88405
-0.245773,-1.06789,9.87929
-0.208878,-1.04765,9.98521
-0.285049,-1.0536,9.81859
-0.356461,-1.1143,9.74004
-0.379074,-1.09407,9.71742
-0.389786,-0.909592,9.80907
-0.452866,-0.816757,9.85667
-0.423111,-0.928635,9.83525
-0.292191,-1.00481,9.95784
-0.302902,-1.01314,10.0376
-0.208878,-1.07265,10.0566
-0.173172,-1.17143,10.0483
-0.264816,-1.13097,9.85072
-0.357651,-1.0417,9.82573
-0.35289,-0.954819,9.80788
-0.283859,-0.925064,9.92333
-0.252914,-0.934586,9.91856
-0.205307,-1.02623,9.93404
-0.348129,-1.08574,9.76622
-0.305283,-1.20952,9.72456
-0.268387,-1.16667,9.696
-0.41835,-1.11073,9.71861
-0.325516,-1.08217,9.7448
-0.317184,-0.966721,9.66863
-0.406448,-0.776291,9.59959
-0.312424,-0.552536,9.47462
-0.191025,-0.393051,9.39012
-0.369553,0.443649,8.84502
-0.183884,0.259171,8.60698
-0.137466,0.83046,8.72838
-0.108902,0.918533,8.90215
0.176743,1.00304,9.08781
0.686142,1.35533,9.57341
1.12889,1.54814,10.1721
1.29671,1.71715,10.7505
1.43834,1.69691,10.766
1.52403,1.47554,10.9754
1.91084,1.59694,11.3599
2.08699,1.51244,11.5253
2.44167,1.12801,11.6705
2.75587,0.221085,11.9014
3.15221,-0.700119,12.2632
3.84489,-1.49159,13.1594
4.36739,-1.55943,13.9509
4.51735,-1.85341,14.2913
4.45546,-2.78056,14.4341
4.51378,-3.24593,14.4068
4.18886,-3.34947,14.183
3.54497,-3.72081,13.9747
3.36287,-4.11238,13.3475
3.00105,-4.5468,12.5786
2.34526,-4.13618,12.1121
1.81563,-3.71605,11.7515
1.47524,-3.97789,11.2099
0.969406,-4.13737,10.541
0.488571,-4.22664,9.93999
0.151749,-3.65416,9.64482
-0.342178,-3.43636,9.21635
-0.814682,-3.61012,8.4951
-1.04796,-3.62917,7.99998
-1.31456,-3.37566,7.4406
-1.53236,-2.91267,6.98833
-1.7585,-2.57109,6.6765
-2.00606,-2.26759,6.58723
-2.29884,-1.52849,6.2278
-2.5464,-0.96077,5.59819
-2.68208,-0.783432,5.08165
-2.49403,-0.551346,4.96858
-2.86537,-0.275223,4.53892
-3.11412,-0.234756,4.2747
-3.00462,-0.0300446,4.39372
-3.16173,0.568619,4.57939
-3.76277,1.4077,4.32588
-4.2686,1.94804,4.50203
-4.06389,2.01469,4.59129
-3.98653,2.04683,4.73293
-3.9413,2.49434,5.00905
-3.40453,2.87877,5.94215
-2.95106,3.43221,6.55867
-3.03795,3.73094,6.40633
-2.96654,3.54646,6.30754
-2.80229,3.33104,6.45155
-2.46071,3.10728,6.64198
-2.42262,3.09538,7.05022
-2.37621,3.57622,8.10948
-1.92632,4.12727,8.92119
-1.71327,3.87138,8.74742
-1.62401,3.28224,8.80812
-1.58711,2.45387,9.39964
-1.54427,2.13252,9.5984
-1.27885,2.32652,10.1864
-0.838486,2.55861,10.8874
-0.558792,2.34319,11.1183
-0.919418,1.57314,11.0409
-0.933701,1.07326,11.2052
-0.280289,1.10777,11.8669
0.120804,1.14824,12.1418
-0.00773621,0.825699,12.1561
0.0958099,0.187759,11.9478
0.463577,-0.231186,11.9419
0.565933,-0.792953,11.9181
0.321945,-0.871506,12.149
0.320755,-0.925064,12.0966
0.54808,-1.32973,11.8181
0.367172,-1.88197,11.4682
0.421921,-2.29854,11.6253
0.638535,-2.41875,11.3801
0.532608,-3.05431,10.7695
0.444534,-3.08049,10.7386
0.405258,-2.2188,11.2932
0.587357,-2.21523,11.3301
0.771835,-3.01027,10.8957
0.629013,-3.45659,10.5529
0.512375,-3.20427,10.5946
0.321945,-2.41756,10.76
0.00178528,-2.16881,10.4649
0.111282,-2.19737,10.178
0.264816,-2.57585,9.93166
0.280289,-2.62108,10.0673
0.188644,-2.4973,9.86977
0.16246,-2.11049,9.94832
0.193405,-2.08073,9.77098
0.0660553,-2.01289,9.59364
0.0208282,-1.99742,9.41035
-0.0136871,-1.92482,9.38893
0.00178528,-1.66417,9.44249
0.142227,-1.26784,9.6591
0.0303497,-1.34758,9.67815
0.000595093,-1.52849,9.66148
0.120804,-1.47969,9.69362
0.192215,-1.3452,9.82573
0.22316,-1.04765,10.0459
0.189835,-1.05836,10.1554
0.171982,-1.15834,10.0911
0.199356,-1.24879,10.015
0.244583,-1.14406,10.0733
0.271957,-0.989334,10.1161
0.133896,-1.006,9.98283
0.22673,-1.17143,9.83882
0.35051,-1.16786,9.92094
0.35289,-0.952438,9.94832
0.230301,-0.846512,9.90666
0.174362,-0.939346,9.75551
0.22554,-1.05122,9.70552
0.238632,-1.33449,9.56865
0.208878,-1.13335,9.69124
0.220779,-0.919113,9.73766
0.138657,-0.944107,9.82097
0.148178,-1.05598,9.85429
0.100571,-1.10597,9.78288
0.0267792,-1.20714,9.70433
0.0339203,-1.21547,9.6591
0.22197,-1.22737,9.81621
0.196976,-1.17262,9.91737
0.137466,-1.2119,9.86501
0.210068,-1.23332,9.85072
0.269577,-1.16786,9.87929
0.207687,-1.05241,9.93047
0.173172,-1.0298,10.015
0.192215,-1.08455,9.96498
0.267197,-1.14049,9.90309
0.275528,-1.19405,9.9138
0.210068,-1.20595,9.82811
0.22435,-1.19643,9.8662
0.173172,-1.20119,9.83406
0.124374,-1.2119,9.76027
0.148178,-1.19881,9.85072
0.257675,-1.10835,9.98283
0.243393,-1.07503,9.92333
0.185074,-1.12978,9.92333
0.199356,-1.22856,9.83406
0.239822,-1.35948,9.80193
0.236252,-1.28926,9.82573
0.219589,-1.14763,9.79716
0.285049,-1.08217,9.86382
0.137466,-1.03099,9.75194
0.126755,-1.19524,9.7805
0.212448,-1.10002,9.85429
0.230301,-1.08812,9.8412
0.129135,-1.10359,9.79955
0.129135,-1.10359,9.9269
0.186264,-0.970291,10.0054
0.260056,-0.990524,10.0221
0.304092,-1.12025,9.9507
0.235062,-1.2357,9.92571
0.274338,-1.23689,9.92571
0.258865,-1.21785,9.8293
0.22554,-1.17857,9.8531
0.211258,-1.06908,9.85905
0.0970001,-1.10121,9.84953
0.206497,-1.26189,9.74956
0.305283,-1.32497,9.79359
0.306473,-1.15358,9.93642
0.195786,-1.09645,9.87453
0.231491,-1.17619,9.93047
0.306473,-1.22737,9.92571
0.263626,-1.26189,9.86144
0.22197,-1.21428,9.90666
0.182693,-1.14525,9.92451
0.210068,-1.12383,9.85072
0.1577,-1.17619,9.8781
0.146988,-1.2238,9.86977
0.208878,-1.23094,9.89952
0.217209,-1.17619,9.85191
0.124374,-1.2238,9.84596
0.149368,-1.20595,9.86144
0.131516,-1.17143,9.91737
0.120804,-1.22142,9.82216
0.16127,-1.2119,9.85072
0.151749,-1.19524,9.89833
0.175552,-1.22618,9.9019
0.152939,-1.20714,9.81383
0.121994,-1.23808,9.75789
0.150558,-1.22261,9.77574
0.188644,-1.20357,9.7924
0.16008,-1.18214,9.83287
0.236252,-1.1512,9
0.132706,-1.11192,9.83525
0.155319,-1.08812,9.88643
0.0720062,-1.07265,9.91737
0.1577,-1.13216,9.93285
0.275528,-1.16429,9.9876
0.191025,-1.19167,9.97807
0.106522,-1.175,9.88762
0.0565338,-1.20714,9.81978
0.1577,-1.16548,9.9138
0.271957,-1.17024,9.93999
0.200546,-1.16548,9.87929
0.117233,-1.19643,9.80431
0.0946198,-1.22618,9.76741
0.170792,-1.17857,9.89833
0.124374,-1.26546,9.79359
0.143417,-1.32616,9.84001
0.044632,-1.29997,9.79002
0.0815277,-1.21547,9.8531
0.133896,-1.08455,9.89357
0.0958099,-1.15001,9.91261
0.151749,-1.17381,9.86501
0.150558,-1.25594,9.87572
0.110092,-1.34639,9.8055
0.144608,-1.40233,9.7567
0.15889,-1.31068,9.80193
0.0886688,-1.22975,9.86025
0.0351105,-1.09407,9.86858
0.116043,-1.10835,9.85667
0.186264,-1.14168,9.91499
0.151749,-1.15953,9.951
0.0648651,-1.18571,9.91618
0.124374,-1.19881,9.91261
0.0946198,-1.3452,9.81621
0.111282,-1.29759,9.76741
0.120804,-1.23213,9.92333
0.104141,-1.17381,9.88167
0.143417,-1.2119,9.89833
0.113663,-1.22856,9.89714
0.070816,-1.2238,9.95189
0.0589142,-1.18333,9.89476
0.0612946,-1.20833,9.9138
0.0624847,-1.21309,9.82573
0.0493927,-1.20595,9.85786
0.0148773,-1.23927,9.87572
-0.00892639,-1.22142,9.8662
0.0648651,-1.22975,9.9388
0.100571,-1.21428,9.96379
0.0839081,-1.26427,9.9269
0.0196381,-1.25475,9.86739
0.0493927,-1.1274,9.86382
0.0398712,-1.17262,9.87096
0.0148773,-1.23332,9.84834
0.0124969,-1.22618,9.73052
0.0505829,-1.24879,9.76384
0.00535583,-1.19762,9.87453
-0.0243988,-1.17619,9.86501
0.0172577,-1.11549,9.86501
0.0981903,-1.25832,9.93047
0.101761,-1.31664,9.89119
0.106522,-1.19524,1
0.116043,-1.16905,10.0162
0.0470123,-1.17619,9.86858
-0.0422516,-1.17024,9.91618
0.0398712,-1.22023,10.0173
0.0993805,-1.1393,9.94713
0.0803375,-1.13097,9.90428
0.0291595,-1.19286,9.83049
-0.0220184,-1.18571,9.81502
0.00178528,-1.2238,9.83882
0.0279694,-1.2119,9.81502
-0.0172577,-1.15239,9.77336
-0.0220184,-1.17976,9.79955
-0.0363007,-1.1274,9.76265
-0.0910492,-1.08336,9.77336
-0.0696259,-1.20357,9.79955
-0.0339203,-1.28688,9.76384
0.00773621,-1.33687,9.86739
0.0862885,-1.30354,9.88286
0.0339203,-1.27141,9.88524
-0.0660553,-1.24165,9.94594
-0.0148773,-1.19524,9.88167
-0.0208282,-1.19405,9.88167
-0.0874786,-1.16072,9.93404
-0.00654602,-1.29283,9.93999
0.0493927,-1.2726,9.90428
0.0458221,-1.10597,9.92094
-0.0493927,-1.00838,9.99117
-0.0374908,-1.13454,9.8781
-0.0148773,-1.14049,9.87096
-0.00773621,-1.09526,9.9269
-0.025589,-1.15001,9.85429
-0.0351105,-1.1143,9.83168
0.0339203,-1.21785,9.87929
0.0636749,-1.15358,9.87929
0.0220184,-1.1024,9.81383
-0.0422516,-1.14168,9.83049
0.0148773,-1.15596,9.86501
-0.00535583,-1.1143,9.89952
-0.0493927,-1.12263,9.87215
-0.0315399,-1.17976,9.84596
-0.00892639,-1.18452,9.81978
-0.0529633,-1.08574,9.79716
0.00416565,-1.17857,9.87929
0.0565338,-1.22142,9.84358
0.0862885,-1.15001,9.89357
-0.0220184,-1.19643,9.8174
-0.141037,-1.1274,9.77217
-0.0529633,-1.01909,9.92094
0.0279694,-1.09883,9.90666
-0.0136871,-1.16548,9.92808
-0.0136871,-1.21785,9.91499
-0.0422516,-1.20833,9.87215
-0.0493927,-1.10597,9.88167
0.0946198,-1.07146,9.91737
0.0220184,-1.1143,9.86977
-0.00178528,-1.24165,9.77336
0.0243988,-1.22023,9.77455
0.0517731,-1.14525,9.84834
0.0589142,-0.982193,9.93999
0.0803375,-1.00838,9.90071
0.0601044,-1.16072,9.82692
0.0981903,-1.16429,9.84953
0.038681,-1.02028,9.92928
-0.0208282,-0.942917,9.97807
0.0482025,-0.936966,10.0257
0.0220184,-1.01195,9.93285
-0.0124969,-1.12383,9.84477
0.0136871,-1.17024,9.82216
0.0493927,-1.14525,9.89357
-0.00892639,-1.10359,9
0.0374908,-1.07027,9.91618
0.0303497,-1.01552,9.95903
0.0243988,-1.07146,9.95189
0.0398712,-1.12978,9.83644
0.0208282,-1.12025,9.87929
0.0196381,-1.05003,9.9019
0.000595093,-1.10121,9.83406
-0.0529633,-1.10121,9.81502
-0.00892639,-1.06313,9.82454
0.0303497,-1.21071,9.81026
0.0184479,-1.11549,9.91737
0.00654602,-1.0417,9.92094
0.0410614,-1.00838,9.89595
-0.0517731,-0.979813,9.88167
-0.0910492,-1.00243,9.83168
-0.0827179,-0.972672,9.82692
-0.118423,-1.00124,9.90785
-0.00535583,-1.09169,9.94118
-0.0601044,-1.08217,9.89
-0.0910492,-1.08693,9.91142
-0.00892639,-0.903641,10.0638
-0.100571,-0.840561,10.1185
-0.0922394,-0.803665,10.0971
0.101761,-0.777481,10.2768
0.0839081,-0.634659,10.2185
0.0172577,-0.892929,10.0923
0.0993805,-0.841751,10.3137
0.421921,-0.591812,10.2947
0.436203,-0.877457,9.93047
0.144608,-0.658462,8.84978
0.0303497,-0.401382,8.05711
0.340988,2.18251,7.99046
0.00178528,3.47029,6.81337
-0.232681,4.78426,5.58272
0.788498,7.90016,6.68483
0.957504,8.69045,7.40608
1.5157,6.83138,6.54558
1.77278,5.70427,5.17091
1.91917,6.70165,4.38658
2.03581,7.69069,3.27138
2.02986,8.68211,2.51204
2.21315,9.43193,2.37636
2.36787,9.01299,1.93242
2.40477,9.37956,1.08501
2.52498,9.53786,0.641068
2.78801,9.80089,0.217361
2.8261,10.6495,0.339951
2.76778,10.9018,0.610123
2.75468,10.8447,0.876724
2.64281,10.1639,0.576797
2.6321,9.24864,0.27211
2.77968,8.41551,-0.356308
2.78325,8.37148,-0.594345
2.71779,8.05012,-0.745499
2.70827,8.19533,-0.832382
2.67732,9.09868,-0.699081
2.99867,9.14986,-0.11113
3.11888,9.21532,0.149521
2.92131,9.89134,0.59346
2.7404,9.9937,0.624405
2.9832,9.88658,0.886246
3.05104,9.94847,1.62654
3.01176,11.1208,2.31566
2.838,11.2422,2.97621
2.56902,10.7757,3.64867
2.84038,9.76399,4.44728
3.21053,8.61903,4.57582
3.18553,8.17867,5.0995
2.54878,8.16319,5.57201
2.49879,6.83257,6.29683
2.55473,6.09703,6.8098
2.39287,2.67763,5.9481
1.92989,1.67668,5.73744
1.96321,1.17561,6.77528
1.3586,-0.0681305,6.94429
0.195786,-1.91173,6.85622
-0.645676,-2.25093,7.63341
-0.690903,-1.67131,8.46416
-0.67662,-1.35472,9.24611
-0.924179,-2.02122,9.46629
-0.67662,-2.04265,10.2185
-0.176743,-2.12358,10.547
-0.138657,-2.10335,10.4934
-0.0684357,-2.47231,10.4137
0.35051,-2.47707,10.716
0.380264,-2.57704,10.5553
0.251724,-2.69011,10.3173
0.0815277,-3.01741,9.94832
0.118423,-2.79961,10.1459
0.177933,-2.57109,10.2494
0.204117,-2.54134,10.1221
0.0636749,-2.78413,9.77098
0.0755768,-2.9579,9.51866
0.130325,-2.82817,9.44011
0.0601044,-2.79485,9.60317
0.00654602,-2.58061,9.66267
0.0684357,-2.62465,9.60792
-0.0458221,-2.64369,9.26753
-0.154129,-2.55324,9.35204
0.000595093,-2.46992,9.56627
0.139847,-2.08669,9.78407
0.0589142,-2.44969,9.45201
-0.0232086,-2.57823,9.35918
-0.0434418,-2.48183,9.49724
0.0815277,-2.26997,9.66624
0.0970001,-2.19023,9.60912
-0.0196381,-2.35924,9.48177
0.0327301,-2.53658,9.65315
0.120804,-2.38066,9.77812
0.176743,-2.11406,9.73647
0.149368,-2.07835,9.79955
0.132706,-2.30449,9.671
0.201736,-2.33781,9.68767
0.243393,-2.2057,9.63054
0.256485,-2.18666,9.62935
0.188644,-2.17595,9.70909
0.185074,-2.38066,9.71623
0.168411,-2.36043,9.671
0.148178,-2.15929,9.71385
0.145798,-1.92125,9.85905
0.173172,-1.92958,9.96141
0.219589,-2.20451,9.74004
0.183884,-2.28426,9.71504
0.0958099,-2.18309,9.74837
0.0791473,-2.20094,9.84596
0.249344,-2.05931,9.87215
0.281479,-2.32115,9.68767
0.127945,-2.4366,9.62578
0.0565338,-2.46992,9.59245
0.129135,-2.0974,9.69005
0.145798,-1.98909,9.84715
0.0660553,-2.16643,9.74956
0.0470123,-2.43184,9.59483
0.0601044,-2.25212,9.66386
0.076767,-2.05574,9.82216
0.0267792,-1.976,9.83406
0.101761,-2.22356,9.72337
0.120804,-2.41756,9.45558
0.116043,-2.42589,9.64006
0.168411,-2.19975,9.78883
0.189835,-2.17119,9.72694
0.0850983,-2.35329,9.65434
-0.0363007,-2.41042,9.65791
0.110092,-2.14262,9.73052
0.188644,-2.02718,9.79716
0.0981903,-2.27235,9.7079
0.0958099,-2.50325,9.69005
0.188644,-2.26759,9.74123
0.143417,-2.15929,9.86858
0.0934296,-2.13667,9.86501
0.0363007,-2.41637,9.671
0.0827179,-2.35091,9.60912
0.127945,-2.15334,9.7686
0.0458221,-1.99504,9.80193
0.0874786,-2.1093,9.77217
0.168411,-2.32472,9.75551
0.0684357,-2.4128,9.59959
0.070816,-2.17119,9.66981
0.0243988,-2.06645,9.76741
0.0172577,-2.17595,9.6722
0.0601044,-2.36995,9.57341
0.0160675,-2.35329,9.59364
0.0791473,-2.20094,9.68291
0.0684357,-2.06645,9.83525
0.0862885,-2.17952,9.79359
0.0946198,-2.25807,9.71147
0.108902,-2.16167,9.70671
-0.0208282,-2.07121,9.74361
0.0184479,-2.18428,9.7317
0.0232086,-2.22594,9.70195
-0.000595093,-2.29378,9.696
-0.0422516,-2.26045,9.64363
0.038681,-2.13786,9.84239
-0.0279694,-2.14976,9.76146
0.00297546,-2.22832,9.69719
0.0731964,-2.28902,9.61745
0.100571,-2.35805,9.68291
0.0434418,-2.2914,9.73885
-0.0970001,-2.30092,9.671
-0.113663,-2.28426,9.71147
-0.156509,-2.31044,9.70552
-0.141037,-2.20332,9.80193
-0.0672455,-2.13667,9.9388
-0.0279694,-2.11406,9.94118
0.0101166,-2.21046,9.97688
-0.00416565,-2.24736,9.96617
0.143417,-2.15215,10.0043
0.180313,-2.08073,9.8531
0.113663,-2.24617,9.68
0.130325,-2.29735,9.55556
0.126755,-2.27711,9.4901
-0.057724,-2.09859,9.49962
-0.126755,-1.96648,9.50676
-0.219589,-1.90459,9.61626
-0.0743866,-1.80937,9.82573
-0.038681,-1.74748,9.81383
-0.0743866,-2.01289,9.67577
0.0874786,-2.12001,9.73885
0.0624847,-1.98433,9.84239
0.0208282,-2.05455,9.80431
-0.00892639,-2.08669,9.66743
-0.0374908,-2.08073,9.61745
0.0136871,-1.93672,9.65791
0.070816,-1.84746,9.78526
0.139847,-1.85817,9.86382
0.057724,-2.00932,9.66863
-0.00892639,-2.1819,9.6115
0.116043,-2.01646,9.76503
0.212448,-1.85103,9.89
0.219589,-1.92363,9.91142
0.15889,-1.976,9.74242
0.171982,-2.02242,9.57222
0.243393,-1.93077,9.58293
0.1577,-1.79628,9.73647
0.16008,-1.88197,9.68886
0.0743866,-1.97243,9.51628
0.132706,-1.89745,9.68886
0.143417,-1.68678,9.82454
0.192215,-1.62132,9.83049
0.216019,-1.782,9.7448
0.154129,-2.06764,9.6591
0.0886688,-1.94624,9.6591
0.0208282,-1.76772,9.72337
-0.0648651,-1.63441,9.79121
0.142227,-1.61537,9.9626
0.275528,-1.63441,9.94475
0.177933,-1.59276,9.95308
0.0970001,-1.43684,10.0054
0.138657,-1.45708,9.84834
0.0779572,-1.50349,9.79716
0.0958099,-1.64632,9.73527
0.235062,-1.67012,9.7079
0.243393,-1.55824,9.73766
0.186264,-1.66893,9.74004
0.213638,-1.70345,9.62221
0.273148,-1.68083,9.74242
0.296951,-1.49754,9.80907
0.105331,-1.48802,9.76979
0.0612946,-1.41185,9.79478
0.0803375,-1.28093,9.83882
-0.0517731,-1.37972,9.71861
-0.0553436,-1.36424,9.79359
0.125565,-1.20119,10.1149
0.22435,-1.21785,10.0412
0.164841,-1.48088,9.91975
0.163651,-1.65941,9.91975
0.155319,-1.56538,9.95189
0.143417,-1.38924,10.034
0.167221,-1.40233,9.95903
0.119614,-1.44399,9.86977
0.229111,-1.35948,10.0209
0.182693,-1.33568,10.0911
0.16127,-1.35591,9.97093
0.22554,-1.38924,9.96022
0.279099,-1.36662,9.98879
0.199356,-1.36067,9.88048
0.280289,-1.36543,9.90785
0.283859,-1.36424,9.91618
0.308853,-1.46184,9.90428
0.476669,-1.54753,9.83644
0.373123,-1.40233,9.72456
0.250534,-1.34639,9.72932
0.173172,-1.27141,9.75194
0.230301,-1.22023,9.82335
0.232681,-1.27617,9.82216
0.35408,-1.25951,9.86501
0.371933,-1.20476,9.9138
0.317184,-1.2476,10.0043
0.368362,-1.28331,9.92333
0.383835,-1.2119,9.90785
0.279099,-1.34282,9.84001
0.304092,-1.31306,9.76265
0.254105,-1.22023,9.87334
0.211258,-1.28093,9.84715
0.236252,-1.44875,9.70433
0.274338,-1.52492,9.671
0.343369,-1.38924,9.74242
0.402878,-1.34877,9.80193
0.408829,-1.34282,9.86739
0.356461,-1.40352,9.80788
0.300522,-1.45232,9.79955
0.330276,-1.4059,9.8174
0.304092,-1.32973,9.93523
0.22673,-1.42018,9.86382
0.292191,-1.39162,9.92213
0.346939,-1.30711,9.98997
0.301712,-1.37376,10.0376
0.367172,-1.50587,10.0792
0.471909,-1.33568,10.0304
