0.698044,0.346054,9.86858
0.693283,0.31987,9.8662
0.695663,0.281784,9.88524
0.795639,0.265121,9.94237
0.807541,0.184189,9.81383
0.762314,0.167526,9.87572
0.790878,0.219894,9.87096
0.80278,0.277023,9.9138
0.850388,0.367477,9.9995
0.80278,0.400803,9.87572
0.73851,0.334152,9.6591
0.698044,0.310349,9.7686
0.690903,0.376999,9.79478
0.728989,0.438889,9.90904
0.745651,0.531723,9.93047
0.821823,0.519821,9.95189
0.86467,0.45079,9.94475
0.907516,0.374619,9.93523
0.859909,0.38652,9.8781
0.80278,0.455551,9.77812
0.964645,0.000900269,9.93285
0.988449,0.0556488,10.0495
0.981308,0.0770721,9.98997
1.01939,0.219894,10.0138
1.09557,0.100876,9.98283
1.13603,0.024704,10.0447
1.21696,-0.0562286,10.0685
1.1765,-0.0371857,9.9876
1.14079,-0.0014801,9.92094
1.08842,0.0532684,9.94951
0.619492,0.238937,9.87334
0.60997,0.305588,9.87334
0.567123,0.312729,9.82335
0.593307,0.405563,9.72099
0.664719,0.419846,9.81859
0.724228,0.44603,9.77574
0.695663,0.462692,9.72575
0.579025,0.405563,9.75432
0.559982,0.277023,9.73289
0.614731,0.115158,9.84477
0.329086,-0.0752716,9.7448
0.264816,-0.0871735,9.80669
0.241013,-0.0538483,9.75432
0.314804,-0.125259,9.92808
0.410019,-0.132401,9.91142
0.583786,-0.163345,9.9995
0.619492,-0.137161,9.96617
0.514755,-0.0014801,9.96855
0.464767,-0.0371857,9.92571
0.405258,-0.115738,9.90904
0.943222,0.0461273,9.94951
0.974167,0.0818329,9.93523
0.986069,0.0913544,9.92571
0.99321,0.203232,9.97569
0.99559,0.0651703,10.1114
1.04558,0.0746918,10.0947
1.0432,0.100876,10.0566
0.926559,0.131821,10.0185
0.719467,0.267502,9.96617
0.636154,0.38176,10.0471
0.438583,0.379379,9.72099
0.462387,0.298447,9.74956
0.436203,0.38176,9.80431
0.369553,0.38176,9.82573
0.241013,0.44841,9.82335
0.205307,0.557907,9.86144
0.281479,0.679306,9.93285
0.386215,0.726913,9.98521
0.493332,0.800705,10.0328
0.386215,0.776901,9.99474
0.217209,0.760239,10.078
0.181503,0.793564,10.078
0.16246,0.736435,9.90904
0.0958099,0.634079,9.82335
0.198166,0.600754,9.82335
0.305283,0.626938,9.89476
0.35051,0.546005,9.82097
0.398117,0.391281,9.7924
0.357651,0.417465,9.89238
0.445725,0.396042,9.85905
0.386215,0.403183,9.86382
0.41954,0.362717,9.7567
0.524277,0.2556,9.78526
0.517136,0.277023,9.7448
0.450485,0.300827,9.88524
0.502853,0.360336,9.97807
0.486191,0.484116,9.95903
0.431442,0.481735,10.009
0.362411,0.553146,9.83763
0.35051,0.546005,9.92808
0.298141,0.44841,9.6591
0.331467,0.45079,9.59483
0.340988,0.562668,9.76622
0.388596,0.662643,9.79716
0.390976,0.560288,9.68767
0.393356,0.417465,9.62102
0.471909,0.474594,9.67577
0.526657,0.51268,9.73766
0.5457,0.617416,9.81145
0.505234,0.567429,9.74004
0.469528,0.741196,9.87096
0.445725,0.786423,9.87096
0.460007,0.774521,9.85667
0.429062,0.724533,9.87096
0.438583,0.712631,9.89714
0.469528,0.70787,9.91142
0.536179,0.686447,9.92333
0.48143,0.700729,9.9995
0.490952,0.662643,9.93523
0.498093,0.681686,9.93761
0.443344,0.729294,9.74956
0.386215,0.764999,9.78764
0.338608,0.838791,9.84001
0.41716,0.826889,9.8662
0.443344,0.891159,9.86144
0.390976,0.855453,9.78526
0.407639,0.781662,9.79955
0.426682,0.819748,9.74718
0.429062,0.810226,9.7924
0.512375,0.755478,9.7567
0.436203,0.650742,9.71623
0.431442,0.57457,9.76384
0.486191,0.64122,9.70671
0.54332,0.734055,9.83763
0.555222,0.793564,9.83763
0.507614,0.812607,9.78288
0.519516,0.83403,9.85429
0.476669,0.855453,9.85429
0.471909,0.83641,9.79955
0.47905,0.841171,9.85667
0.509995,0.943527,9.88048
0.538559,0.872116,9.83049
0.517136,0.903061,9.81621
0.593307,0.905441,9.80669
0.624252,0.950668,9.79002
0.652817,1.00304,9.85429
0.624252,1.1292,9.88048
0.60759,1.06731,9.85667
0.583786,0.953049,9.80669
0.645676,0.855453,9.73289
0.686142,0.848312,9.72813
0.648056,0.810226,9.79716
0.598068,0.841171,9.7924
0.550461,0.903061,9.85905
0.536179,0.931625,9.82097
0.540939,0.919724,9.85191
0.571884,0.931625,9.83525
0.557602,0.969711,9.88286
0.61235,0.936386,9.82573
0.626633,0.922104,9.84715
0.536179,0.745956,9.81383
0.517136,0.748337,9.76622
0.555222,0.726913,9.80907
0.550461,0.64122,9.76146
0.495712,0.6436,9.7448
0.533798,0.631699,9.80193
0.526657,0.681686,9.77574
0.583786,0.774521,9.82573
0.60759,0.829269,9.83525
0.498093,0.862595,9.87572
0.467148,0.788803,9.81859
0.490952,0.812607,9.77574
0.500473,0.812607,9.78288
0.438583,0.83403,9.78526
0.467148,0.857834,9.81621
0.476669,0.755478,9.77574
0.448105,0.753098,9.72337
0.431442,0.753098,9.73289
0.488571,0.826889,9.77574
0.48143,0.8983,9.89952
0.362411,0.715012,9.77336
0.402878,0.760239,9.80431
0.412399,0.793564,9.78764
0.48143,0.729294,9.83049
0.452866,0.76976,9.82097
0.517136,0.822128,9.81145
0.467148,0.786423,9.7805
0.495712,0.826889,9.84477
0.438583,0.800705,9.81859
0.455246,0.76738,9.84239
0.364792,0.981613,9.88286
0.421921,0.938766,9.74956
0.307663,1.0078,9.8662
0.245773,0.988754,9.84477
0.236252,0.864975,9.77336
0.200546,0.891159,9.80193
0.291,0.945908,9.87334
0.324326,1.05302,9.96617
0.329086,1.11491,9.9995
0.41954,1.11967,10.0185
0.445725,1.13158,10.0685
0.521896,1.06017,10.0257
0.526657,1.08873,9.98521
0.552841,1.05302,10.0757
0.619492,0.995895,10.0804
0.629013,1.07921,10.1209
0.714706,1.05778,10.0209
0.717087,1.04112,10.0304
0.748032,1.0435,9.98997
0.67186,1.07445,9.96617
0.683762,1.09111,9.86382
0.602829,1.10063,9.9019
0.60997,1.21251,9.80907
0.593307,1.14586,9.77336
0.583786,1.09111,9.74718
0.579025,1.11253,9.69243
0.54332,1.17204,9.71385
0.498093,1.24345,9.53532
0.531418,1.19823,9.55199
0.440964,1.26488,9.60674
0.400497,1.1768,9.76146
0.395737,1.16252,9.75194
0.374313,1.05778,9.71385
0.348129,1.11729,9.80193
0.321945,1.06017,9.83287
0.312424,1.11967,9.82811
0.250534,1.21965,9.84477
0.252914,1.30772,9.87572
0.260056,1.34581,9.9138
0.233871,1.31725,9.85667
-0.0565338,1.43864,9.91142
0.0172577,1.39342,10.0304
0.100571,1.50529,10.0852
0.357651,1.70287,9.90904
0.583786,1.93614,9.89476
0.809921,2.66216,9.90904
0.900375,3.00255,9.83763
0.862289,3.45958,9.77812
0.862289,3.93565,9.32347
0.914658,4.20702,8.68315
1.52165,7.13963,5.66484
1.37407,7.72282,5.47917
1.35741,7.79185,5.38396
1.36217,7.74663,5.20543
1.22887,7.62047,4.98882
1.12889,7.46336,4.47466
1.11937,7.53477,4.10094
1.20744,7.42528,3.87242
1.28838,7.73949,3.632
1.4312,7.88469,3.3773
1.56212,7.94182,3.18925
1.46452,8.54643,2.95598
1.32884,8.56072,2.84886
1.26219,8.83684,2.53941
1.18602,8.63689,2.37041
1.15031,8.68687,2.13951
1.22649,8.86064,1.9229
1.16698,8.96538,1.69914
1.17412,9.11772,1.71819
1.26695,9.13438,1.8372
1.42168,9.05107,1.68248
1.45976,8.92253,1.71104
1.54308,8.96776,1.4373
1.47643,9.11058,1.68248
1.53831,9.23674,1.69914
1.67638,9.34148,1.5825
1.80016,9.29625,1.73485
1.84538,9.32719,1.71581
1.80254,9.52477,1.73961
1.77159,9.33433,1.72295
1.3098,10.1294,2.71794
1.37645,10.3508,3.0988
1.455,10.4936,3.52251
1.48119,10.5626,3.88908
1.37407,10.0889,3.97716
1.25981,9.34624,4.02
1.26933,8.63451,4.01286
1.31694,7.94896,3.93669
1.32646,7.77519,4.21043
1.32408,8.11083,4.92455
0.667099,2.37889,7.05498
0.493332,2.96922,7.86192
0.424301,3.79521,8.50224
0.376694,4.55217,9.27348
0.61235,4.55455,9.2473
0.702805,3.66191,9.26872
0.890854,2.13847,8.58318
0.657578,0.479355,8.29039
0.131516,-0.210953,8.09758
0.076767,-0.727493,7.79051
0.141037,-0.613236,9.49962
-0.0636749,-0.296646,9.84477
-0.301712,-0.122879,9.97093
-0.311234,0.196091,10.1233
-0.116043,0.350815,10.2899
0.00535583,0.365097,10.2994
0.167221,0.0794525,10.3066
0.114853,-0.19429,10.2851
0.0601044,-0.268082,10.3161
0.119614,-0.329971,10.4256
0.338608,-0.0348053,10.2637
0.321945,-0.163345,10.1257
0.293381,-0.306168,9.96141
0.191025,-0.403763,9.80907
0.110092,-0.477554,9.73527
0.114853,-0.410904,9.72813
0.198166,-0.19191,9.80907
0.167221,0.00328064,9.94475
0.138657,0.0913544,9.97807
0.167221,-0.0014801,10.059
0.364792,-0.337112,9.97331
0.393356,-0.377579,9.96617
0.293381,-0.106216,9.93999
0.319565,-0.13002,9.89714
0.324326,-0.187149,9.89714
0.364792,-0.246658,9.91856
0.412399,-0.225235,9.87334
0.426682,-0.215714,9.95427
0.455246,-0.120499,9.99712
0.424301,-0.13002,9.9995
0.267197,-0.365677,9.92094
0.219589,-0.38472,9.8781
0.229111,-0.427567,9.95665
0.200546,-0.468033,9.84001
0.281479,-0.420425,9.94237
0.326706,-0.360916,9.94713
0.360031,-0.241898,9.9876
0.345749,-0.234756,9.97331
0.279099,-0.234756,9.92571
0.257675,-0.272842,9.87334
0.283859,-0.287125,9.81621
0.188644,-0.306168,9.89238
0.152939,-0.337112,9.81145
0.217209,-0.408524,9.83525
0.307663,-0.399002,9.87334
0.28624,-0.434708,9.87096
0.22197,-0.353775,9.91618
0.269577,-0.408524,9.89714
0.271957,-0.325211,9.94713
0.229111,-0.282364,9.91142
0.238632,-0.427567,9.89476
0.205307,-0.401382,9.8662
0.183884,-0.415665,9.84715
0.210068,-0.356155,9.88524
0.219589,-0.327591,9.84239
0.214828,-0.32045,9.87572
0.212448,-0.341873,9.87572
0.243393,-0.275223,9.93285
0.257675,-0.263321,9.99712
0.243393,-0.299026,9.97093
0.207687,-0.360916,9.91856
0.250534,-0.425186,9.91856
0.264816,-0.441849,9.93523
0.321945,-0.370438,9.94475
0.267197,-0.287125,9.96855
0.186264,-0.260941,9.94951
0.214828,-0.270462,9.94951
0.264816,-0.32045,9.94713
0.271957,-0.351395,9.90904
0.181503,-0.394241,9.82335
0.186264,-0.346634,9.88524
0.22673,-0.279984,9.93523
0.236252,-0.268082,9.92094
0.217209,-0.180008,9.90904
0.152939,-0.189529,9.96141
0.167221,-0.270462,9.86382
0.214828,-0.301407,9.90428
0.22197,-0.268082,9.90904
0.245773,-0.277603,9.90428
0.260056,-0.291885,9.92571
0.271957,-0.310928,9.91856
0.22435,-0.313309,9.86382
0.205307,-0.349014,9.85429
0.119614,-0.368057,9.73289
0.102951,-0.396622,9.77098
0.138657,-0.401382,9.7686
0.164841,-0.344254,9.87334
0.231491,-0.272842,9.8781
0.176743,-0.251419,9.92333
0.181503,-0.358536,9.95665
0.212448,-0.299026,9.92094
0.119614,-0.368057,9.85667
0.0696259,-0.444229,9.87334
0.179123,-0.453751,9.91618
0.212448,-0.453751,9.94713
0.195786,-0.38472,9.97569
0.176743,-0.344254,9.97093
0.152939,-0.284744,9.96141
0.126755,-0.208572,9.93999
0.0791473,-0.308548,9.95189
0.076767,-0.308548,9.84953
0.138657,-0.265701,9.91618
0.100571,-0.294266,9.86858
0.100571,-0.260941,9.84715
0.0815277,-0.296646,9.87334
0.105331,-0.260941,9.97807
0.129135,-0.363297,9.89238
0.0720062,-0.327591,9.90666
0.16008,-0.413284,9.98521
0.176743,-0.339493,10.0614
0.252914,-0.353775,10.0495
0.248154,-0.410904,9.96379
0.22435,-0.32283,9.96141
0.214828,-0.389481,9.99474
0.193405,-0.325211,9.9995
0.169601,-0.377579,9.98521
0.1577,-0.458511,9.91142
0.231491,-0.491837,9.95427
0.248154,-0.453751,9.94951
0.271957,-0.401382,9.9876
0.283859,-0.368057,10.0162
0.28624,-0.344254,10.0828
0.238632,-0.363297,9.88286
0.229111,-0.437088,9.83525
0.176743,-0.51326,9.89714
0.229111,-0.603714,9.89238
0.262436,-0.501358,9.89238
0.205307,-0.396622,9.92094
0.138657,-0.432327,9.88524
0.0672455,-0.503738,9.79955
0.0363007,-0.506119,9.79478
-0.00654602,-0.532303,9.67339
-0.0493927,-0.541824,9.7805
0.0434418,-0.568008,9.79478
0.126755,-0.584671,9.82097
0.0648651,-0.551346,9.82811
0.0101166,-0.667984,9.79002
0.0172577,-0.608475,9.83287
0.0482025,-0.601334,9.88524
-0.0208282,-0.651321,9.77336
0.038681,-0.548965,9.78288
-0.0136871,-0.541824,9.74718
-0.0612946,-0.558487,9.76146
-0.0827179,-0.589432,9.79716
-0.0589142,-0.584671,9.79478
-0.0160675,-0.620377,9.86858
-0.0589142,-0.522781,9.86858
-0.070816,-0.525162,9.9138
-0.0232086,-0.558487,9.92571
0.0648651,-0.468033,10.2994
0.150558,-0.715591,10.0876
0.388596,-1.44637,10.3446
0.22197,-1.0417,10.3637
0.0886688,-1.05598,10.4232
0.0505829,-1.45351,10.3446
-0.132706,-1.89626,9.79002
-0.22554,-2.81032,9.18065
-0.277908,-3.77437,8.82597
-0.304092,-4.69081,8.54985
-0.492142,-4.63368,7.76195
-0.394547,-5.29781,7.83098
-0.6064,-5.15736,7.51915
-0.946793,-5.36684,7.26921
-0.713516,-5.51918,6.74553
-0.775406,-5.06215,6.15044
-0.751602,-6.31184,4.32469
-0.713516,-7.3116,3.02739
-0.139847,-8.16853,1.63487
-1.29195,-10.1823,0.65416
-1.81325,-9.40871,-2.87355
-1.71565,-9.49202,-3.48531
-1.868,-9.50392,-4.27797
-2.10365,-9.66103,-4.68263
-2.16792,-9.38252,-4.70168
-1.96797,-9.43013,-5.09682
-2.17506,-9.57771,-4.96828
-2.23933,-9.56581,-4.81355
-2.23457,-9.60509,-4.62907
-2.39168,-9.55867,-4.85759
-2.37025,-9.81099,-5.54433
-2.32979,-10.2299,-5.83949
-2.18935,-10.4561,-5.89186
-2.25838,-10.4061,-5.41817
-2.31551,-10.3632,-4.91829
-2.30598,-10.2823,-4.46126
-2.13936,-10.3966,-4.09468
-1.92989,-10.5989,-3.59242
-1.84657,-10.6084,-3.51149
-1.87038,-10.5703,-3.54481
-1.7466,-10.7536,-3.2925
-1.71089,-10.8203,-2.83784
-1.60616,-10.8584,-2.31654
-1.54189,-10.8345,-1.73335
-1.42287,-10.6346,-1.16682
-1.31337,-10.3275,-0.347977
-1.1396,-9.88002,0.168564
-1.11342,-9.72053,1.28258
-0.958694,-9.30635,1.61345
-0.80159,-9.22304,1.78484
-0.86824,-9.5182,2.47752
-0.846817,-9.24922,2.7346
-0.896805,-9.1302,3.07262
-0.999161,-8.51131,3.29875
-0.832535,-8.21852,3.53917
-0.627823,-7.90669,3.93431
-0.604019,-7.47347,4.70555
-0.430252,-6.43324,5.06499
-0.380264,-5.52156,5.84813
0.136276,-3.81007,6.91454
0.169601,0.32225,9.81621
0.0720062,0.926865,10.3685
0.0720062,1.21013,10.4042
0.0458221,1.01494,10.2113
0.231491,0.798325,9.90428
0.338608,0.64122,9.98045
0.252914,0.498398,9.91142
0.145798,0.522202,9.80669
0.238632,0.553146,9.9138
0.319565,0.63884,9.84953
0.250534,0.83165,9.93047
0.102951,1.07921,9.96617
0.0553436,0.931625,9.87572
0.0648651,0.546005,9.77336
0.133896,0.32225,9.77336
0.0958099,0.112778,9.69957
0.145798,-0.0824127,9.60912
0.171982,-0.294266,9.46629
0.16246,-0.363297,9.42583
0.0648651,-0.0110016,9.62578
0.133896,0.348434,9.98997
0.126755,0.619797,10.1542
0.0934296,0.662643,10.1828
0.121994,0.598373,10.2518
0.16008,0.410324,10.0947
0.145798,0.119919,9.87334
0.1577,-0.0324249,9.85429
0.198166,0.0413666,9.75432
0.200546,0.241318,9.7924
0.22435,0.431747,9.85191
0.038681,0.462692,9.75432
0.0458221,0.51506,9.82573
0.143417,0.412704,9.82811
0.152939,0.393661,9.85429
0.217209,0.269882,9.88762
0.131516,0.231796,9.80431
0.0363007,0.112778,9.71861
-0.0612946,-0.0348053,9.54723
0.00297546,-0.141922,9.55199
-0.00654602,0.0389862,9.61626
0.0791473,0.119919,9.85905
0.121994,0.260361,9.97093
0.112473,0.243698,10.0638
0.110092,0.224655,9.97331
0.102951,0.103256,9.8781
0.1577,0.0818329,9.90666
0.181503,0.0508881,9.73766
0.143417,0.00566101,9.74956
0.16008,0.0270844,9.87334
0.241013,0.0723114,10.0304
0.152939,0.38652,10.059
0.217209,0.474594,10.1447
0.283859,0.488876,10.1971
0.267197,0.538864,10.1066
0.171982,0.465073,9.97569
0.131516,0.279404,9.78764
0.167221,0.238937,9.71623
0.179123,0.12944,9.75194
0.188644,0.134201,9.81859
0.255295,0.205612,9.91856
0.150558,0.293686,9.75432
0.164841,0.362717,9.83763
0.28624,0.38652,10.0019
0.321945,0.307968,9.99235
0.310043,0.246078,9.94951
0.331467,0.200851,9.91856
0.35289,0.0865936,9.83763
0.28862,0.105637,9.7924
0.217209,0.00804138,9.87096
0.191025,0.146103,9.86858
0.212448,0.229416,9.93047
0.210068,0.405563,10.059
0.241013,0.488876,10.09
0.314804,0.486496,10.1161
0.340988,0.474594,10.1138
0.329086,0.31749,9.96141
0.210068,0.177048,9.87572
0.22197,0.024704,9.82811
0.279099,0.00328064,9.81859
0.338608,0.100876,9.89952
0.264816,0.260361,9.80669
0.22435,0.329391,9.88762
0.274338,0.329391,9.94951
0.293381,0.393661,9.9138
0.236252,0.343674,9.94951
0.179123,0.336533,9.9138
0.28862,0.310349,9.87572
0.279099,0.327011,9.8662
0.231491,0.348434,9.84239
0.262436,0.279404,9.89952
0.236252,0.224655,9.87572
0.22435,0.324631,9.90428
0.241013,0.388901,9.92094
0.243393,0.562668,9.92333
0.22197,0.591232,10.0471
0.191025,0.486496,9.91856
0.231491,0.336533,9.90904
0.229111,0.291306,9.90428
0.22435,0.269882,9.80669
0.248154,0.224655,9.76384
0.233871,0.355576,9.80431
0.255295,0.438889,9.85667
0.229111,0.45079,9.85667
0.262436,0.44841,9.87572
0.257675,0.434128,9.89238
0.176743,0.453171,9.87334
0.241013,0.434128,9.9138
0.28624,0.310349,9.90904
0.300522,0.260361,9.76384
0.279099,0.286545,9.72575
0.260056,0.369858,9.87572
0.124374,0.32225,9.85667
0.22435,0.372238,9.8781
0.219589,0.341293,9.90428
0.267197,0.284164,9.9138
0.250534,0.348434,9.86144
0.248154,0.305588,9.88286
0.245773,0.217514,9.7924
0.243393,0.260361,9.86858
0.241013,0.324631,9.8662
0.245773,0.341293,9.99235
0.205307,0.388901,9.99474
0.143417,0.438889,9.90428
0.1577,0.426987,9.92333
0.119614,0.296066,9.90428
0.191025,0.181808,9.89
0.241013,0.250839,9.98521
0.262436,0.265121,9.92808
0.22435,0.391281,9.9876
0.283859,0.462692,9.99474
0.236252,0.460312,10.0209
0.174362,0.415085,9.92808
0.141037,0.324631,9.81145
0.205307,0.250839,9.88286
0.212448,0.150864,9.81859
0.217209,0.186569,9.79478
0.300522,0.281784,9.84715
0.281479,0.291306,9.88762
0.250534,0.365097,9.91618
0.243393,0.310349,9.85905
0.124374,0.286545,9.85667
0.16008,0.293686,9.94713
0.267197,0.434128,9.9138
0.236252,0.38414,9.88762
0.176743,0.336533,9.82811
0.114853,0.367477,9.80669
0.107712,0.338913,9.84477
0.167221,0.357956,9.90904
0.217209,0.415085,9.94951
0.193405,0.336533,9.87096
0.167221,0.32225,9.88524
0.183884,0.31749,9.83525
0.205307,0.372238,9.88286
0.193405,0.393661,9.95665
0.155319,0.407944,9.85429
0.16008,0.400803,9.89238
0.214828,0.376999,9.88524
0.202927,0.357956,9.86144
0.241013,0.272263,9.88762
0.262436,0.410324,9.90428
0.214828,0.412704,9.95665
0.22673,0.388901,9.93285
0.252914,0.407944,9.87572
0.257675,0.267502,9.82573
0.200546,0.293686,9.82811
0.179123,0.298447,9.78288
0.191025,0.32225,9.80193
0.198166,0.396042,9
0.217209,0.534103,9.87334
0.143417,0.405563,9.90428
0.131516,0.472214,9.85429
0.138657,0.438889,9.87096
0.169601,0.429367,9.85905
0.169601,0.455551,9.83287
0.124374,0.436508,9.98045
0.152939,0.400803,9.94713
0.176743,0.438889,9.84953
0.181503,0.503159,9.8781
0.214828,0.367477,9.91618
0.176743,0.327011,9.85667
0.126755,0.44841,9.92094
0.131516,0.479355,9.91618
0.169601,0.360336,9.85905
0.22435,0.286545,9.93285
0.188644,0.455551,9.84477
0.183884,0.588852,9.93999
0.229111,0.605514,9.98521
0.241013,0.519821,10.0185
0.250534,0.488876,9.99235
0.167221,0.526962,9.86858
0.212448,0.507919,9.86858
0.205307,0.44603,9.7686
0.110092,0.441269,9.69243
0.112473,0.412704,9.7805
0.198166,0.453171,9.84715
0.22435,0.553146,9.88524
0.260056,0.531723,9.89952
0.217209,0.615036,9.95903
0.186264,0.650742,9.93999
0.188644,0.636459,9.82573
0.217209,0.622177,9.84001
0.245773,0.610275,9.93523
0.269577,0.686447,9.94951
0.310043,0.622177,9.93523
0.35289,0.598373,9.91856
0.345749,0.591232,9.80907
0.298141,0.543625,9.89714
0.319565,0.567429,9.87334
0.35527,0.745956,9.89476
0.374313,0.603134,9.89952
0.381454,0.588852,9.68529
0.379074,0.591232,9.73289
0.357651,0.603134,9.74004
0.269577,0.734055,9.69243
0.167221,0.776901,9.76622
0.129135,0.784042,9.69719
0.138657,0.712631,9.76384
0.250534,0.748337,9.77098
0.181503,0.70549,9.77098
0.229111,0.645981,9.82097
0.212448,0.617416,9.84001
0.210068,0.719772,9.82097
0.207687,0.793564,9.83287
0.207687,0.786423,9.89238
0.22673,0.774521,9.87334
0.241013,0.729294,9.83287
0.262436,0.70549,9.9019
0.257675,0.736435,9.83763
0.333847,0.805466,9.88286
0.267197,0.803085,9.97569
0.129135,0.776901,9.77812
0.0981903,0.812607,9.83763
0.107712,0.764999,9.84715
0.167221,0.879257,9.93999
0.252914,0.884018,9.84715
0.283859,0.886398,9.9019
0.312424,0.905441,9.89952
0.310043,0.853073,9.91142
0.360031,1.03636,9.97569
0.181503,1.21013,10.1042
0.155319,1.23155,10.0685
0.171982,1.24107,10.1733
0.164841,1.17918,10.1042
0.176743,1.05064,10.0661
0.164841,0.634079,9.55437
0.164841,0.0413666,9.36394
0.200546,-0.463272,8.93309
0.426682,-0.229996,9.06163
0.5457,7.30864,5.27684
0.490952,7.64903,5.11021
0.61235,7.7014,5.01976
0.828964,7.51097,4.86742
1.00749,7.25627,4.68175
1.02653,7.48717,4.4937
1.1765,7.82042,4.35564
1.24553,8.14891,4.09856
1.27409,8.43455,3.91051
1.28123,8.45598,3.61296
1.31218,8.41313,3.34636
1.36217,8.4774,2.99883
1.30742,8.62022,2.86314
1.4669,8.5988,2.81316
1.52879,8.76543,2.62273
1.45262,8.73448,2.65367
1.59068,8.27507,2.54655
1.66685,8.31316,2.10619
1.60735,8.37743,1.73247
1.53117,8.60832,1.38969
2.40715,9.24864,0.647018
2.46428,9.30339,0.561325
2.54997,9.23198,0.242355
2.50951,9.3748,0.230453
2.37859,9.5938,0.320908
2.3643,9.6295,0.159042
2.44286,9.80565,0.235214
2.42143,9.85564,0.242355
2.39525,9.64378,-0.00520325
2.37621,9.60094,0.0209808
2.80229,10.0032,0.263779
2.73326,10.1246,0.408981
2.838,10.1056,0.489914
2.89275,9.81279,0.520859
2.85466,10.1389,0.666061
2.92131,10.4531,1.14452
2.97844,10.8102,1.38731
3.05223,11.0649,1.70628
3.08556,11.2577,2.08238
3.0808,11.3434,2.32756
3.03795,11.2077,2.70128
3.03319,10.8697,2.76317
2.92369,10.3365,2.98454
2.75468,9.98894,3.18687
2.65709,9.55333,3.41063
2.58568,9.06535,3.81529
1.50499,7.87041,6.80028
1.64305,6.92064,6.54796
1.40977,5.93755,6.59319
1.3336,5.26152,6.11949
1.35027,4.24748,6.567
1.56688,3.49767,6.35515
1.21935,3.05968,6.98119
0.888474,2.80498,7.11925
0.826584,2.30034,7.16923
0.60997,1.44102,7.23351
0.343369,0.665024,9.6115
0.238632,0.615036,9.63292
0.0648651,0.546005,9.62816
-0.0850983,0.631699,9.78288
-0.0160675,0.481735,9.93999
0.183884,0.150864,9.99235
0.457626,-0.249039,9.9138
0.48381,-0.329971,10.1019
0.383835,-0.0752716,10.2494
0.319565,-0.0800324,10.2471
0.298141,-0.0705109,10.0162
0.307663,0.000900269,9.9876
0.267197,-0.0252838,10.0019
0.276718,-0.0538483,9.93999
0.250534,-0.175247,9.86382
0.283859,-0.275223,9.80193
0.264816,-0.408524,9.69243
0.195786,-0.468033,9.58531
0.186264,-0.565628,9.62102
0.257675,-0.508499,9.6234
0.183884,-0.458511,9.66624
0.267197,-0.410904,9.61864
0.219589,-0.287125,9.74004
0.264816,-0.132401,9.83287
0.291,-0.13002,9.95903
0.298141,-0.0752716,9.91142
0.255295,-0.0157623,9.8662
0.264816,0.0199432,9.92333
0.269577,0.0104218,9.93047
0.269577,-0.0229034,9.99712
0.369553,-0.287125,9.85191
0.329086,-0.260941,9.93999
0.345749,-0.244278,9.96379
0.455246,-0.253799,10.0661
0.462387,-0.170486,9.99712
0.41716,-0.153824,9.87334
0.300522,-0.251419,9.85905
0.250534,-0.334732,9.85191
0.381454,-0.394241,9.87572
0.398117,-0.291885,9.89714
0.443344,-0.196671,10.0685
0.452866,-0.058609,10.0043
0.436203,-0.0467072,10.0828
0.383835,-0.0919342,10.0233
0.367172,-0.137161,10.0519
0.402878,-0.249039,10.0542
0.455246,-0.163345,9.9138
0.448105,-0.208572,9.91618
0.469528,-0.182388,9.90904
0.529038,-0.232376,9.8781
0.383835,-0.301407,9.84001
0.357651,-0.265701,9.84715
0.41716,-0.277603,9.83049
0.41954,-0.0824127,9.8781
0.393356,-0.039566,9.88762
0.360031,0.024704,9.80431
0.324326,0.0199432,9.84953
0.283859,-0.0348053,9.67339
0.231491,-0.134781,9.59721
0.243393,-0.187149,9.58531
0.41954,-0.539444,9.84715
0.448105,-0.57753,9.87572
0.467148,-0.551346,9.93523
0.538559,-0.410904,9.98521
0.490952,-0.282364,9.98283
0.457626,-0.341873,9.95189
0.402878,-0.377579,9.87096
0.469528,-0.370438,9.97093
0.562363,-0.349014,9.98997
0.538559,-0.303787,10.0281
0.562363,-0.227615,9.96855
0.569504,-0.156204,9.9995
0.5457,-0.208572,9.93523
0.557602,-0.158585,9.90904
0.54808,-0.177628,9.97093
0.552841,-0.110977,9.94713
0.569504,-0.175247,9.94951
0.517136,-0.234756,9.96141
0.476669,-0.25856,9.89714
0.529038,-0.249039,9.94713
0.48381,-0.301407,10.0423
0.567123,-0.246658,10.0519
0.629013,-0.208572,10.0661
0.579025,-0.165726,9.9995
0.517136,-0.141922,10.0066
0.509995,-0.172867,9.98997
0.469528,-0.149063,9.9138
0.526657,-0.0990753,9.95427
0.567123,-0.187149,9.85905
0.521896,-0.365677,9.83049
0.35527,0.0342255,9.77098
0.429062,0.0604095,9.84953
0.41954,0.0366058,9.84001
0.440964,0.00566101,9.91142
0.486191,-0.0490875,9.93047
0.533798,-0.0824127,9.83525
0.517136,-0.13002,9.89238
0.533798,-0.0371857,9.81621
0.488571,-0.0157623,9.8781
0.431442,-0.00862122,9.88048
0.462387,-0.0800324,9.87334
0.431442,-0.153824,9.95189
0.390976,-0.196671,9.83763
0.440964,-0.284744,9.90666
0.426682,-0.301407,9.86144
0.412399,-0.153824,9.98283
0.400497,-0.118118,9.92094
0.462387,-0.12764,9.92094
0.512375,-0.146683,9.97331
0.490952,-0.122879,9.89
0.488571,-0.203812,9.89
0.429062,-0.275223,9.87572
0.500473,-0.332352,9.90428
0.521896,-0.339493,9.87096
0.486191,-0.203812,9.88524
0.493332,-0.153824,9.95665
0.538559,-0.0943146,9.93523
0.471909,-0.187149,9.83049
0.490952,-0.215714,9.8662
0.469528,-0.175247,9.8662
0.314804,-0.134781,9.82097
0.35289,-0.096695,9.92808
0.383835,-0.0657501,9.93285
0.390976,-0.0705109,9.94237
0.393356,-0.0419464,9.96141
0.386215,-0.103836,9.92333
0.367172,-0.132401,9.83287
0.379074,-0.184769,9.80431
0.386215,-0.110977,9.87334
0.412399,-0.160965,9.84239
0.362411,-0.175247,9.88762
0.321945,-0.177628,9.84239
0.340988,-0.182388,9.84715
0.336227,-0.0943146,9.89714
0.329086,-0.115738,9.9019
0.379074,-0.220474,9
0.402878,-0.163345,9.84001
0.343369,-0.220474,9.80193
0.298141,-0.241898,9.72099
0.340988,-0.234756,9.84715
0.281479,-0.234756,9.7686
0.257675,-0.232376,9.79716
0.248154,-0.308548,9.7448
0.198166,-0.308548,9.73052
0.279099,-0.275223,9.93523
0.336227,-0.277603,10.0019
0.28624,-0.180008,9.96141
0.345749,-0.0847931,10.1209
0.326706,-0.0276642,10.2352
0.357651,-0.0681305,10.09
0.402878,-0.215714,10.0447
0.445725,-0.246658,9.99235
0.429062,-0.272842,9.95189
0.440964,-0.232376,10.0257
0.398117,-0.327591,9.94237
0.205307,-0.13002,9.77574
0.295761,-0.184769,9.87096
0.202927,-0.244278,9.86382
0.229111,-0.234756,9.81859
0.279099,-0.175247,9.93285
0.338608,-0.153824,9.96141
0.333847,-0.19429,9.88048
0.274338,-0.310928,9.92333
0.207687,-0.318069,9.92333
0.195786,-0.346634,9.94713
0.200546,-0.370438,9.93761
0.22673,-0.332352,9.95427
0.198166,-0.306168,9.91618
0.167221,-0.239517,9.84477
0.176743,-0.329971,9.91856
0.217209,-0.315689,9.85191
0.267197,-0.260941,9.93999
0.271957,-0.310928,9.86144
0.214828,-0.337112,9.86858
0.198166,-0.325211,9.9138
0.169601,-0.334732,9.88524
0.164841,-0.318069,9.85429
0.186264,-0.308548,9.81859
0.22435,-0.329971,9.86858
0.252914,-0.382339,9.81383
0.233871,-0.420425,9.92094
0.202927,-0.391861,9.93523
0.174362,-0.294266,9.87334
0.193405,-0.282364,9.91618
0.155319,-0.327591,9.89952
0.191025,-0.325211,9.83287
0.16246,-0.303787,9.65672
0.150558,-0.232376,9.61864
0.0720062,-0.0562286,9.61388
0.0886688,0.0508881,9.63768
0.105331,-0.0110016,9.56389
0.117233,0.12468,9.68053
0.176743,0.286545,9.59245
0.169601,0.324631,9.56627
0.167221,0.379379,9.37822
0.200546,0.393661,9.41631
1.77159,1.87663,11.292
1.92393,1.41484,11.4944
2.16197,1.20299,11.5586
2.18578,0.96257,11.7157
2.11198,0.972092,11.8538
2.16435,0.715012,12.2204
2.30479,0.710251,12.4346
2.60948,0.536484,12.5679
2.87608,0.238937,12.8202
2.99034,-0.237137,12.9583
2.86418,-0.720352,13.0678
2.82848,-0.929825,13.2606
2.70708,-0.763199,13.5486
2.71422,-0.601334,13.6748
2.80229,-0.57515,13.8248
2.64757,-0.589432,13.6676
2.51665,-0.57753,13.5748
2.39763,-0.886978,13.4225
2.25005,-1.48683,13.0702
2.25957,-2.15572,12.9178
1.13603,-3.54823,1
0.957504,-3.43398,11.4491
0.838486,-3.53157,11.2325
0.814682,-3.53871,10.9873
0.588547,-3.61964,10.7636
0.455246,-3.81007,10.5303
0.329086,-3.93623,10.1614
0.252914,-3.92909,10.04
0.212448,-3.84102,9.74956
-0.0493927,-3.8315,9.54723
-0.211258,-3.91719,9.23778
-0.446915,-4.04097,9.02116
-0.699234,-4.02431,8.94499
-0.646866,-3.88387,8.94023
-0.696854,-3.58632,8.75218
-0.789688,-3.24117,8.4594
-1.05153,-3.03645,8.16185
-1.28481,-2.97932,8.02141
-1.33717,-3.08406,7.7191
-1.45857,-3.11024,7.49297
-2.19411,-1.41304,5.98143
-2.3036,-0.884598,5.85051
-2.46785,-0.287125,5.84575
-2.44881,-0.122879,5.86479
-2.55592,0.143723,5.88384
-2.59639,0.243698,5.94096
-2.66304,0.388901,6.0219
-2.61067,0.593613,5.8029
-2.8011,0.760239,5.62437
-2.89394,0.957809,5.36491
-2.92488,0.983994,5.26018
-2.84395,1.02684,5.37444
-2.59401,1.21489,5.57915
-2.47499,1.50053,6.02904
-2.51784,1.81474,6.39799
-2.66066,1.88377,6.50511
-2.73683,1.76476,6.35991
-2.75349,1.95042,6.33611
-2.64638,2.1956,6.57652
-2.60353,2.24321,6.75743
-1.7823,2.70976,8.33086
-1.66328,2.44554,7.99522
-1.73946,2.23131,7.84288
-1.76088,2.23607,8.10472
-1.68709,2.05992,8.12614
-1.6252,1.75285,7.95476
-1.62996,1.62669,8.2047
-1.60616,2.01945,8.7617
-1.6252,2.65263,9.52342
-1.55855,3.18108,9.91856
-1.38478,3.03349,9.69957
-1.13484,2.4265,9.33061
-1.04915,1.82426,9.07115
-1.23244,1.01018,9.114
-1.31813,0.350815,9.13066
-1.13246,0.484116,9.42821
-1.01344,1.08873,9.96379
-0.946793,1.75285,10.7755
-0.913467,2.09325,11.1159
-1.07771,1.88615,10.9683
-0.373123,0.391281,12.0085
-0.132706,0.605514,12.1942
0.141037,0.96257,12.2299
0.219589,1.14824,12.1799
0.057724,0.650742,11.899
-0.170792,0.172287,11.6301
-0.41597,-0.220474,11.4729
-0.515945,-0.453751,11.4515
-0.444534,-0.525162,11.2563
-0.256485,-0.732254,11.3325
0.41716,-2.23665,10.6208
0.452866,-1.72011,10.9731
0.533798,-1.23927,11.1683
0.521896,-1.14882,11.1183
0.614731,-1.52254,10.9516
0.655197,-1.84627,10.7112
0.693283,-2.06526,10.6636
0.669479,-2.45088,10.5256
0.640915,-2.66274,10.466
0.405258,-2.76985,10.6089
0.509995,-2.58418,10.6541
0.440964,-2.17238,10.8183
0.324326,-1.95338,10.7684
0.307663,-1.93672,10.816
0.300522,-2.37709,10.6136
0.229111,-2.65083,10.497
0.300522,-2.6675,10.3518
0.405258,-2.96028,10.178
0.395737,-2.76747,10.3851
0.390976,-2.4366,10.597
0.317184,-1.25356,10.2304
0.245773,-0.96315,10.297
0.231491,-0.886978,10.1899
0.131516,-1.02504,9.93523
0.0410614,-1.25594,9.57817
0.0672455,-1.38924,9.49248
0.076767,-1.38448,9.34251
0.131516,-1.27736,9.29253
0.1577,-1.08217,9.44963
0.171982,-0.96077,9.57341
0.152939,-0.991715,9.94713
0.176743,-1.02504,10.0519
0.243393,-1.06789,10.0519
0.164841,-1.11073,9.95427
0.121994,-1.14644,9.99235
0.0815277,-1.29878,9.90666
0.124374,-1.30592,9.85905
0.0601044,-1.26308,9.78526
0.0315399,-1.13216,9.96379
0.0886688,-1.08931,9.92808
0.0672455,-1.07027,9.94951
0.0910492,-1.11549,9.89476
0.148178,-1.1393,9.76384
0.188644,-1.17024,9.82097
0.233871,-1.12978,9.84953
0.269577,-1.1393,9.71385
0.176743,-1.07265,9.64482
0.100571,-0.894119,9.69957
0.136276,-0.83223,9.88762
0.264816,-0.867935,10.0971
0.195786,-0.991715,10.0542
0.245773,-0.917923,10.1756
0.202927,-1.0417,10.228
0.202927,-1.1869,10.0947
0.179123,-1.25594,9.92094
0.124374,-1.24165,9.9138
0.195786,-1.19881,10.0828
0.22673,-1.12978,9.96141
0.302902,-1.15596,10.078
0.229111,-1.12263,9.97569
0.16008,-1.0298,9.87572
0.205307,-0.803665,9.97331
0.212448,-0.717972,9.96141
0.136276,-0.820328,9.92094
0.112473,-0.763199,9.93999
0.1577,-0.875076,10.0281
0.057724,-0.908401,9.95665
0.136276,-1.06789,9.8781
0.145798,-1.16786,9.87334
0.169601,-1.1512,9.80193
0.200546,-1.10121,9.88762
0.186264,-1.06313,9.87334
0.0743866,-0.946487,9.92571
0.0553436,-0.925064,9.9876
0.105331,-0.875076,9.95427
0.152939,-1.10835,10.04
0.169601,-1.1631,9.87572
0.231491,-1.21071,9.89714
0.141037,-1.22737,9.85429
0.148178,-1.21547,9.86382
0.179123,-0.934586,9.7924
0.171982,-0.975052,9.90904
0.188644,-0.917923,9.90904
0.129135,-0.989334,9.90428
0.141037,-1.08455,9.86144
0.205307,-1.11549,9.89714
0.174362,-1.04408,9.88524
0.133896,-1.04646,9.82573
0.145798,-1.02504,9.92808
0.121994,-0.917923,9.93523
0.0743866,-0.927444,9.90666
0.0958099,-0.922684,9.97331
0.119614,-0.951248,9.97807
0.0553436,-0.932205,9.93523
0.0743866,-0.996475,9.94951
0.121994,-1.07741,9.96141
0.112473,-1.10597,9.98997
0.155319,-1.11549,9.86858
0.117233,-1.09407,9.92808
0.219589,-1.02266,9.88762
0.119614,-0.825089,9.89952
0.0886688,-0.732254,9.9138
0.119614,-0.744156,9.89952
0.0981903,-0.725113,9.94475
0.152939,-0.867935,9.94951
0.0981903,-0.83223,9.88048
0.141037,-0.83699,9.83763
0.131516,-0.810806,9.90666
0.167221,-0.775101,9.87334
0.110092,-0.853653,9.84477
0.0958099,-0.96315,9.8662
0.129135,-0.982193,9.80431
0.105331,-0.906021,9.74956
0.107712,-0.758438,9.77812
0.145798,-0.715591,9.94951
0.169601,-0.701309,10.0281
0.143417,-0.753677,9.97331
0.107712,-0.729874,9.89238
0.0958099,-0.756058,9.93761
0.110092,-0.77272,9.94475
0.176743,-0.829849,9.84477
0.219589,-0.860794,9.89714
0.279099,-0.848892,9.92333
0.210068,-0.70845,9.96379
0.136276,-0.739395,10.0757
0.105331,-0.775101,10.0233
0.169601,-0.889359,10.0281
0.176743,-0.870316,10.0471
0.250534,-0.760818,9.99712
0.219589,-0.717972,9.96617
0.0101166,-0.606094,9.88286
-0.0327301,-0.527542,9.78526
-0.0279694,-0.717972,9.83763
0.0624847,-0.822708,9.89952
0.0981903,-0.737015,9.99235
0.176743,-0.810806,10.0638
0.210068,-0.789383,10.1233
0.250534,-0.806046,10.0352
0.22197,-0.746536,9.9876
0.186264,-0.765579,9.92333
0.0482025,-0.394241,9.88762
0.133896,-0.415665,9.90428
0.16008,-0.401382,9.93523
0.152939,-0.341873,9.92333
0.141037,-0.279984,9.93761
0.129135,-0.325211,9.95665
0.124374,-0.318069,9.93523
0.0839081,-0.372818,9.86382
0.0505829,-0.396622,9.7686
-0.00178528,-0.396622,9.72813
0.0172577,-0.460892,9.73766
0.0743866,-0.456131,9.79716
0.124374,-0.44899,9.80907
0.141037,-0.539444,9.84953
0.126755,-0.57991,9.79716
0.0910492,-0.520401,10.1233
0.126755,-0.503738,10.1756
0.0720062,-0.463272,10.1066
0.0196381,-0.537064,10.0519
-0.0279694,-0.525162,10.0828
0.120804,-0.374008,10.0733
0.116043,-0.413284,10.065
0.146988,-0.543014,10.04
0.0731964,-0.414475,9.97926
0.0434418,-0.343063,10.0138
0.0648651,-0.252609,10.0423
0.0422516,-0.137161,10.1233
-0.0267792,-0.177628,10.0412
-0.124374,-0.0431366,10.015
-0.123184,-0.0276642,10.0804
-0.0124969,-0.135971,10.0269
-0.141037,-0.19548,10.059
-0.195786,-0.325211,9.87215
-0.117233,-0.0145721,9.83168
0.00892639,0.147293,9.54485
-0.141037,0.724533,9.21874
-0.294571,1.45769,8.726
-0.106522,2.50148,8.53081
0.202927,3.68095,8.54509
0.627823,4.89732,8.41655
0.788498,5.85304,8.62483
0.696854,6.45409,8.36656
0.912277,6.5743,8.03688
0.824203,6.44814,7.16566
0.551651,6.46718,6.17543
0.679001,6.7683,5.38634
0.815872,7.32768,5.06856
0.873001,7.15034,4.76863
0.840866,7.45979,4.23305
1.0182,7.71211,3.76173
0.944412,7.72401,3.17616
1.08604,8.17985,3.09523
1.19316,8.55714,2.8203
1.12889,9.00942,2.4204
1.08485,9.17604,2.13475
1.15269,9.37837,2.19188
1.37526,9.64497,2.48228
1.54546,9.88301,2.3466
1.58235,9.89729,2.12404
1.71565,9.91396,2.54179
1.8918,10.1901,3.06071
1.93941,10.2722,3.17973
1.79897,10.1841,3.14284
1.66209,9.85921,3.38802
1.63829,9.46764,3.97478
1.54665,9.34386,4.80553
1.21815,9.81874,5.46489
1.40263,9.60332,5.83028
1.9763,8.4655,5.58986
1.85847,6.04347,6.00642
1.55022,4.78188,6.97047
1.56212,5.09727,7.93691
1.65852,4.11537,8.00236
1.25505,3.35722,8.01189
0.951553,2.08849,8.01784
0.892044,-0.107407,7.53819
0.517136,-1.07741,7.562
0.106522,-0.715591,8.56056
0.0529633,-0.287125,9.31157
0.120804,-0.151443,9.41512
-0.185074,-1.0417,9.11638
-0.0648651,-1.94743,8.99617
0.149368,-1.33925,9.67339
0.0232086,-1.02385,10.0769
0.107712,-0.967911,10.3411
0.344559,-1.22856,10.1923
0.382645,-1.39162,10.0066
0.268387,-0.841751,10.0959
0.130325,-0.403763,10.4113
0.267197,-0.382339,10.5256
0.282669,-0.696548,10.0792
0.150558,-1.17024,9.59126
0.211258,-0.986954,9.72099
0.263626,-0.681076,9.9626
0.156509,-0.687027,10.1387
0.168411,-0.947678,9.8412
0.187454,-1.19286,9.71147
0.490952,-1.07146,9.98164
0.493332,-0.737015,10.2911
0.405258,-0.754868,10.0983
0.429062,-0.876266,9.87572
0.408829,-1.01552,9.82216
0.458817,-0.956009,9.83644
0.536179,-0.701309,10.0923
0.627823,-0.459702,10.2816
0.684952,-0.6418,10.1161
0.61235,-0.939346,9.8293
0.520706,-0.845322,9.88643
0.521896,-0.702499,10.0138
0.477859,-0.671555,9.96855
0.432632,-0.787003,9.72813
0.389786,-0.752487,9.75432
0.465958,-0.400192,10.0495
0.48143,-0.360916,10.0757
0.457626,-0.742966,9.849
0.451675,-0.870316,9.71028
0.450485,-0.742966,9.86501
0.501663,-0.346634,10.1114
0.530228,-0.403763,10.1161
0.523087,-0.658462,9.87096
0.600449,-0.783432,9.88524
0.431442,-0.571579,9.78645
0.427872,-0.396622,9.95189
0.435013,-0.435898,9.99355
0.375504,-0.634659,9.76146
0.324326,-0.722733,9.7686
0.437393,-0.569199,9.92333
0.386215,-0.391861,9.9626
0.438583,-0.453751,9.98521
0.41478,-0.621567,9.86025
0.443344,-0.621567,9.8293
0.314804,-0.363297,9.96974
0.452866,-0.416855,9.9876
0.474289,-0.443039,9.9876
0.325516,-0.502548,9.8412
0.363602,-0.497787,9.79478
0.413589,-0.429947,9.78883
0.412399,-0.507309,9.84715
0.41954,-0.429947,9.91142
0.464767,-0.565628,9.91499
0.427872,-0.666794,9.75432
0.421921,-0.588242,9.80788
0.370743,-0.3871,9.93047
0.35527,-0.31926,9.92451
0.438583,-0.520401,9.85191
0.371933,-0.518021,9.80073
0.336227,-0.475174,9.86501
0.376694,-0.45137,9.84239
0.412399,-0.496597,9.84596
0.296951,-0.531113,9.85429
0.325516,-0.572769,9.93404
0.356461,-0.489456,9.97807
0.339798,-0.51683,9.90666
0.35051,-0.560867,9.79836
0.346939,-0.64061,9.80669
0.362411,-0.629898,9.91499
0.364792,-0.702499,9.86382
0.431442,-0.534683,9.94832
0.380264,-0.3871,10.0221
0.361221,-0.463272,10.0138
0.358841,-0.519211,10.0078
0.35527,-0.45256,9.93523
0.296951,-0.395432,9.86501
0.356461,-0.4478,9.84358
0.346939,-0.523972,9.82097
0.321945,-0.527542,9.88524
0.339798,-0.433517,9.91737
0.349319,-0.371628,10.0269
0.28981,-0.51445,9.89595
0.300522,-0.569199,9.89238
0.327896,-0.534683,9.94951
0.302902,-0.463272,9.92333
0.358841,-0.484695,9.93761
0.338608,-0.51326,9.89238
0.28624,-0.544205,9.8174
0.262436,-0.550156,9.77693
0.294571,-0.472794,9.81859
0.277908,-0.421616,9.79836
0.254105,-0.496597,9.7805
0.28981,-0.565628,9.80073
0.273148,-0.464462,9.87691
0.28624,-0.429947,9.93404
0.276718,-0.438278,9.97688
0.28981,-0.423996,9.88286
0.326706,-0.496597,9.95546
0.361221,-0.57753,9.90071
0.232681,-0.508499,9.88524
0.302902,-0.485886,9.9626
0.329086,-0.315689,9.9995
0.260056,-0.434708,9.9138
0.22554,-0.423996,9.84953
0.250534,-0.376389,9.87572
0.310043,-0.484695,9.88643
0.345749,-0.494217,10.0376
0.243393,-0.509689,9.91142
0.206497,-0.528732,9.91737
0.233871,-0.552536,9.95665
0.294571,-0.521591,9.92928
0.298141,-0.375198,9.98045
0.231491,-0.490646,9.96617
0.237442,-0.5811,9.87929
0.248154,-0.522781,9.8662
0.246964,-0.366867,9.96617
0.177933,-0.377579,9.86858
0.214828,-0.558487,9.77693
0.183884,-0.508499,9.7317
0.177933,-0.415665,9.84239
0.260056,-0.295456,9.92928
0.206497,-0.402573,9.97688
0.199356,-0.654892,9.76622
0.233871,-0.528732,9.8531
0.199356,-0.372818,9.91737
0.238632,-0.454941,9.92333
0.340988,-0.553726,9.89238
0.325516,-0.526352,9.80788
0.282669,-0.371628,9.92094
0.251724,-0.281174,9.96855
0.22197,-0.304977,9.98402
0.239822,-0.466843,9.87572
0.22316,-0.414475,9.87215
0.212448,-0.358536,9.89714
0.270767,-0.399002,9.90428
0.291,-0.432327,9.94475
0.256485,-0.425186,9.86501
0.243393,-0.415665,9.89952
0.241013,-0.395432,9.88643
0.207687,-0.518021,9.86382
0.232681,-0.552536,9.89476
0.230301,-0.420425,9.95189
0.174362,-0.393051,9.98402
0.183884,-0.439468,9.89119
0.194595,-0.614426,9.8531
0.151749,-0.602524,9.81978
0.0589142,-0.519211,9.88643
0.216019,-0.546585,9.9138
0.296951,-0.685837,9.96022
0.276718,-0.610855,9.9507
0.248154,-0.502548,9.9626
0.280289,-0.415665,9.89119
0.202927,-0.507309,9.83287
0.256485,-0.539444,9.91499
0.277908,-0.487076,9.93285
0.229111,-0.491837,9.94951
0.28743,-0.51326,10.0031
0.331467,-0.63942,9.93047
0.345749,-0.701309,9.9269
0.233871,-0.601334,9.90071
0.120804,-0.507309,9.93404
0.123184,-0.521591,9.95308
0.142227,-0.409714,9.91737
0.0696259,-0.652512,9.76384
0.107712,-0.720352,9.7198
0.154129,-0.748917,9.77455
0.138657,-0.597763,9.8757
0.142227,-0.628708,9.85905
0.156509,-0.652512,9.91142
0.206497,-0.678696,9.89714
0.213638,-0.685837,10.0066
0.205307,-0.543014,10.1316
0.264816,-0.354965,10.1875
0.256485,-0.340683,10.1138
0.120804,-0.540634,9.95308
0.0981903,-0.654892,10.1804
0.143417,-0.710831,10.4399
0.174362,-1.05003,10.3958
0.0458221,-1.87602,9.76265
-0.116043,-2.20332,9.65315
-0.107712,-2.90434,9.58888
-0.198166,-3.76247,9.09496
-0.277908,-4.40398,8.76646
-0.471909,-5.06215,8.03688
-0.54213,-5.16212,7.09901
-0.786118,-6.73912,6.07545
-0.454056,-7.18068,5.15068
-1.11937,-8.64937,4.08665
-1.19197,-9.07069,3.19878
-1.07771,-9.54796,2.27519
-1.48833,-9.67174,1.93123
-1.32646,-9.40157,1.52419
-1.08723,-9.18852,0.97789
-1.45143,-10.2823,0.294724
-1.50737,-10.3299,-0.393204
-1.63591,-10.4668,-0.993057
-1.66685,-10.0871,-1.0847
-1.76802,-10.049,-1.74883
-1.78944,-10.3656,-2.43199
-1.70018,-10.7465,-2.84142
-1.69185,-10.7703,-2.64503
-1.76326,-10.5537,-2.20824
-1.84657,-10.6715,-2.13683
-1.74303,-10.9726,-2.62004
-1.57997,-11.3737,-2.96877
-1.52403,-11.5772,-2.27489
-1.44905,-10.8167,-0.803818
-1.28719,-10.0181,0.560135
-1.1396,-10.1383,1.19688
-0.944412,-10.4394,1.5349
-0.709946,-9.59795,2.71199
-0.637344,-8.43275,4.31279
-0.687332,-7.85909,4.97453
-0.708755,-7.6758,5.27565
-0.593307,-6.90575,6.13853
-0.277908,-5.34898,7.36205
-0.189835,-4.27544,7.90596
-0.0339203,0.604324,9.66863
0.130325,0.605514,9.74361
0.145798,1.18037,10.2828
0.171982,1.43745,10.3256
0.0648651,1.10777,9.93642
0.0720062,0.988754,9.696
0.118423,1.37794,9.93761
0.102951,1.74928,10.1376
0.141037,1.58028,10.159
0.232681,1.3232,10.272
0.139847,0.536484,9.50557
0.16246,1.04231,9.68648
0.243393,1.42793,10.1399
0.311234,1.53743,10.3899
0.232681,1.04945,9.81026
0.129135,0.259171,9.18898
0.125565,1.16609,9.81145
0.274338,1.55647,10.1614
0.270767,1.37675,10.034
0.185074,0.818558,9.69124
0.250534,0.396042,9.63768
0.251724,0.680496,9.86262
0.314804,1.05183,10.2185
0.370743,1.02089,10.1626
0.312424,0.749527,9.9388
0.206497,0.438889,9.62221
0.130325,0.650742,9.76146
0.189835,1.12444,10.1602
0.251724,1.02803,10.0852
0.252914,0.716202,9.80312
0.131516,0.619797,9.67577
0.1577,0.591232,9.671
0.254105,0.914963,9.93285
0.201736,0.917343,9.84596
0.208878,0.806656,9.82573
0.292191,0.669785,9.66624
0.239822,0.597183,9.58412
0.213638,0.715012,9.72575
0.207687,0.944717,9.89714
0.123184,0.998276,9.86025
0.281479,0.936386,9.85072
0.301712,0.804276,9.75551
0.204117,0.76857,9.68529
0.207687,1.01375,9.89119
0.183884,1.0685,9.88762
0.200546,0.96138,9.82335
0.192215,0.872116,9.71266
0.163651,0.76857,9.7079
0.180313,1.04231,9.83049
0.205307,1.11015,9.84358
0.16008,0.998276,9.93047
0.179123,0.850693,9.72575
0.22435,0.76619,9.64363
0.220779,0.914963,9.75432
0.189835,1.08397,9.88762
0.181503,0.987564,9.84477
0.100571,0.878067,9.75194
0.154129,0.850693,9.71266
0.186264,1.02684,9.89595
0.187454,0.993515,9.83644
0.166031,0.911392,9.78288
0.156509,1.1411,9.89357
0.191025,0.973282,9.81502
0.142227,0.855453,9.78526
0.16008,0.959,9.87453
0.173172,1.07088,9.9388
0.150558,1.0435,9.83763
0.139847,0.96019,9.74718
0.107712,0.893539,9.696
0.137466,0.942337,9.79716
0.151749,1.1042,9.89357
0.110092,1.12682,9.76503
0.114853,1.03636,9.7448
0.076767,0.968521,9.69362
0.142227,0.991135,9.78288
0.211258,1.12682,9.80073
0.170792,1.14824,9.87453
0.141037,1.08635,9.83406
0.194595,1.08992,9.81383
0.201736,1.0197,9.77455
0.183884,0.978043,9.75432
0.146988,0.985184,9.76503
0.154129,1.04231,9.81621
0.0850983,1.1292,9.80193
0.123184,1.07921,9.79359
0.106522,1.09587,9.84834
0.116043,1.07207,9.84239
0.179123,1.01494,9.85786
0.173172,0.8983,9.77336
0.129135,0.941147,9.80193
0.150558,1.01375,9.83525
0.150558,1.05659,9.8531
0.100571,1.01613,9.75789
0.0874786,0.993515,9.83287
0.16127,1.14348,9.86144
0.136276,1.07683,9.87334
0.181503,0.992325,9.88167
0.16127,0.954239,9.82811
0.0886688,1.0078,9.80907
0.089859,1.09944,9
0.104141,1.09349,9.85548
0.0874786,1.04826,9.77098
0.0648651,1.04469,9.86382
0.0160675,1.05898,9.73766
0.0351105,1.00899,9.7317
0.00773621,1.04231,9.7805
0.0327301,1.00066,9.83763
0.135086,1.00899,9.84715
0.121994,1.09349,9.87929
0.0886688,1.18394,9.93047
0.120804,1.24345,9.86501
0.181503,1.15062,9.87572
0.263626,1.32558,9.89
0.323135,1.22084,9.78169
0.271957,1.26845,9.7567
0.333847,1.3232,9.79955
0.465958,1.25298,9.85548
0.498093,1.22322,9.82454
0.432632,1.21608,9.79716
0.35408,1.26369,9.76979
0.200546,1.27916,9.75194
0.139847,1.36961,9.74837
0.101761,1.32201,9.75075
0.0958099,1.2625,9.74956
0.214828,1.38747,9.99593
0.193405,1.28035,9.90785
0.111282,1.15657,9.76503
-0.0124969,1.2863,9.84239
-0.0886688,1.29701,9.89119
-0.0267792,1.23155,9.86739
-0.0970001,1.20299,9.93404
-0.125565,1.30534,10.0352
0.0862885,1.43983,10.1268
-0.0422516,1.3351,10.1411
-0.127945,1.28749,10.0935
0.126755,1.49815,9.9876
0.0148773,1.82069,9.66148
0.0315399,2.36937,9.44725
0.167221,3.03468,9.46153
0.305283,3.80473,9.19374
0.406448,4.67714,8.66887
0.511185,4.96159,7.81313
0.381454,5.41505,7.00737
0.468338,6.19225,6.64198
0.61116,7.15868,6.1552
0.525467,7.19438,5.5601
0.696854,7.25508,4.71745
0.768265,7.84422,4.31041
0.750412,8.05846,4.14497
0.953934,8.12987,3.93312
0.970596,8.13463,3.55702
1.00035,8.24413,3.05833
1.06819,8.21794,2.93813
1.00392,8.38695,2.66676
0.702805,8.62736,1.96574
0.692093,8.72734,1.51704
0.795639,8.52858,1.10286
0.976547,8.67021,1.25996
1.23244,8.75709,1.14214
1.52284,9.10701,0.951706
1.78111,9.52715,1.06953
1.88823,9.67592,1.28496
1.82277,9.74257,1.33138
1.82515,10.0235,1.09572
2.02391,10.0687,0.987411
2.01915,9.81874,0.988602
2.08699,9.51405,0.866013
2.11555,9.33433,0.761276
2.05486,9.53667,0.706528
1.95369,9.71281,0.682724
1.90251,10.0401,1.13737
1.90727,10.3805,1.69557
1.92393,10.3781,1.96336
2.12865,10.0901,2.5049
2.28813,9.51405,3.00121
2.00249,9.44264,3.61891
1.91203,10.1413,4.66032
2.23338,10.1758,5.16496
2.24886,8.54167,5.14473
2.00844,6.50764,5.1971
0.61235,-0.264511,9.20564
0.076767,-0.954819,8.67482
0.150558,-1.00719,9.25087
0.573074,-0.371628,10.0923
0.596878,-0.0931244,10.5446
0.550461,-0.858414,10.0697
0.488571,-1.3821,9.8055
0.485001,-1.58205,9.94118
0.465958,-1.1869,10.1875
0.371933,-0.760818,10.328
0.399307,-1.06313,10.2185
0.592117,-1.03575,10.3518
0.6064,-1.02266,10.1864
0.469528,-0.802475,10.103
0.413589,-0.432327,10.2423
0.537369,-0.601334,10.3197
0.557602,-0.828659,9.9507
0.450485,-0.946487,9.82811
0.41716,-0.731064,9.93404
0.507614,-0.664413,9.94951
0.219589,-0.733444,9.80193
0.229111,-0.690598,9.89119
0.279099,-0.816757,9.91023
0.273148,-0.929825,9.96855
0.324326,-0.969101,9.98879
0.401688,-0.787003,10.1042
0.473099,-0.821518,10.2113
0.371933,-0.904831,10.0983
0.342178,-1.05836,9.91737
0.433823,-0.96553,10.0102
0.433823,-0.794144,10.0757
0.348129,-0.685837,9.98045
0.311234,-0.670364,9.92808
0.331467,-0.687027,9.86858
0.41954,-0.652512,9.92928
0.379074,-0.676315,9.7805
0.345749,-0.851273,9.67815
0.344559,-0.816757,9.74837
0.363602,-0.77391,9.74718
0.306473,-0.726303,9.7079
0.382645,-0.778671,9.63054
0.385025,-0.791763,9.76265
0.420731,-0.752487,9.85191
0.470718,-0.766769,9.93404
0.514755,-0.779861,10.0078
0.455246,-0.795334,9.98164
0.426682,-0.841751,9.9864
0.448105,-0.77391,10.0031
0.487381,-0.8358,9.87096
0.394547,-0.936966,9.8531
0.327896,-0.817947,9.90666
0.398117,-0.70726,9.9269
0.313614,-0.657272,9.90309
0.300522,-0.742966,9.92094
0.333847,-0.902451,9.78288
0.318375,-0.813187,9.86382
0.386215,-0.77391,9.91142
0.358841,-0.746536,9.95427
0.426682,-0.697739,10.034
0.430252,-0.8965,9.96498
0.411209,-0.946487,9.89476
0.370743,-0.841751,9.89952
0.35527,-0.750107,9.92451
0.307663,-0.747726,9.90785
0.271957,-0.70726,9.88643
0.298141,-0.70488,9.8531
0.248154,-0.76796,9.7924
0.260056,-0.845322,9.75194
0.294571,-0.819138,9.87096
0.311234,-0.787003,9.89952
0.329086,-0.890549,9.91856
0.248154,-0.865555,9.90309
0.238632,-0.794144,9.85191
0.204117,-0.76915,9.95308
0.220779,-0.822708,9.85905
0.315994,-0.827469,10.0007
0.255295,-0.840561,9.9507
0.230301,-0.938156,9.85786
0.186264,-0.894119,9.83763
0.199356,-0.816757,9.89119
0.239822,-0.685837,9.94713
0.188644,-0.781052,9.9388
0.174362,-0.886978,9.85191
0.150558,-0.872696,9.78645
0.169601,-0.738205,9.92094
0.208878,-0.684647,9.96974
0.139847,-0.745346,9.94237
0.149368,-0.828659,9.95665
0.201736,-0.8358,9.95427
0.255295,-0.807236,9.93642
0.176743,-0.750107,9.92213
0.214828,-0.748917,9.92571
0.208878,-0.863174,9.93047
0.239822,-0.903641,9.74956
0.168411,-0.857224,9.72218
0.142227,-0.70488,9.82097
0.22316,-0.663223,9.91142
0.199356,-0.750107,9.80073
0.117233,-0.752487,9.74956
0.129135,-0.731064,9.80073
0.151749,-0.701309,9.91023
0.187454,-0.756058,9.90785
0.16246,-0.838181,9.81502
0.175552,-0.825089,9.88286
0.143417,-0.866745,9.89
0.113663,-0.821518,9.94713
0.118423,-0.787003,9.9745
0.163651,-0.806046,9.93999
0.112473,-0.808426,9.88048
0.130325,-0.759628,9.96379
0.150558,-0.851273,9.98402
0.182693,-0.779861,9.9995
0.15889,-0.729874,10.0245
0.141037,-0.752487,9.96022
0.0398712,-0.825089,9.83287
0.125565,-0.790573,9.80669
0.16008,-0.760818,9.86858
0.217209,-0.751297,9.95784
0.120804,-0.858414,9.79836
0.089859,-0.77034,9.8055
0.119614,-0.775101,9.8412
0.148178,-0.83342,9.80788
0.107712,-0.83461,9.81859
0.0886688,-0.76796,9.9138
0.0958099,-0.701309,9.89238
0.187454,-0.596573,9.9507
0.136276,-0.663223,9.91975
0.143417,-0.677505,9.88048
0.146988,-0.742966,9.87453
0.0922394,-0.8358,9.8055
0.0434418,-0.944107,9.68886
0.0148773,-0.934586,9.76622
0.0124969,-0.882217,9.87334
0.0422516,-0.878647,10.0031
0.108902,-0.892929,10.0459
0.1577,-0.917923,10.1042
0.22554,-0.815567,10.1066
0.116043,-0.858414,10.009
0.0850983,-0.979813,9.8174
0.0755768,-0.96315,9.83168
0.105331,-0.907211,9.78169
0.076767,-0.83342,9.87929
-0.0113068,-0.784622,9.8781
0.00654602,-0.790573,9.86025
0.0315399,-0.638229,9.93285
0.00178528,-0.667984,9.91142
-0.00892639,-0.742966,9.82097
-0.0410614,-0.920303,9.76741
-0.0410614,-0.986954,9.64244
-0.142227,-0.90126,9.73527
-0.076767,-0.83699,9.81502
-0.132706,-0.821518,9.80907
-0.146988,-0.894119,9.82335
-0.0779572,-0.831039,9.81978
-0.0791473,-0.670364,9.82573
-0.136276,-0.556107,9.71504
-0.200546,-0.291885,9.69838
-0.170792,0.0973053,9.67934
0.0172577,0.501968,9.70909
0.200546,0.498398,9.57817
0.556412,0.413895,9.66148
0.789688,0.19252,9.61507
0.777786,0.311539,9.63887
0.876572,0.307968,9.65077
0.86824,0.418655,9.72218
0.870621,0.712631,9.92213
0.980118,0.653122,10.2137
1.14317,0.854263,10.597
1.24434,0.866165,10.8219
1.4919,0.522202,10.9028
1.6371,0.522202,10.9909
1.65019,0.315109,11.229
1.75969,0.31868,11.5824
2.05605,0.105637,11.83
2.19411,-0.239517,11.7741
2.01677,-0.32402,12.0121
2.02986,-0.609665,12.3739
2.1346,-1.28807,12.5036
2.18935,-1.85936,12.6691
2.10127,-1.66893,12.7155
2.05128,-1.83318,12.681
1.96083,-2.28069,12.5429
1.77159,-2.39018,12.3204
1.60377,-2.77818,11.8836
1.24315,-2.84245,11.4575
0.869431,-2.81389,11.2789
0.624252,-2.89244,10.9338
0.436203,-3.01979,10.5351
0.0731964,-2.88173,10.0852
-0.369553,-2.8853,9.83525
-0.5457,-2.83531,9.49605
-0.733749,-2.61751,9.00688
-1.20387,-2.55205,8.57723
-1.4669,-2.6794,8.36775
-1.56807,-2.77104,7.84526
-1.75255,-2.70439,7.43703
-2.22029,-2.29021,7.20018
-2.26076,-1.83318,7.13829
-2.22981,-1.61061,6.83717
-2.62376,-1.48207,6.45155
-2.82253,-1.2607,6.23256
-2.48213,-0.457321,6.71101
-2.23576,0.162766,6.91216
-2.42143,0.415085,6.68245
-2.98558,0.354385,6.31349
-2.90584,0.422226,6.44322
-2.40715,1.10182,6.71816
-2.2917,1.79213,7.27992
-2.62614,2.02184,7.18709
-2.90584,1.78023,6.93953
-2.78087,1.36128,6.76814
-2.36787,1.6017,7.01689
-2.05128,2.51695,7.89525
-1.87276,3.00017,8.03688
-1.86324,2.42293,7.67387
-1.76326,1.59575,7.34062
-1.61449,1.28987,7.78337
-1.40501,2.58122,8.96523
-1.47047,3.01088,9.16161
-1.66447,2.18608,8.60103
-1.63353,1.19704,7.98927
-1.35265,1.92424,8.68791
-1.06938,3.76189,10.1507
-1.27647,3.48814,10.3173
-1.03725,2.00755,9.66505
-0.899185,0.811417,9.13304
-0.934891,1.36366,9.49486
-0.874191,2.46815,10.6993
-1.00868,2.36699,11.0588
-0.745651,1.6386,10.4803
-0.848007,0.626938,10.3125
-1.14436,1.48268,10.9207
-1.00154,2.79903,12.1442
-0.620682,2.24083,12.1323
-0.839676,0.736435,11.2611
-0.508804,-0.683456,10.9076
-0.321945,0.25798,11.3718
-0.439774,1.13277,11.9966
-0.385025,0.736435,11.9704
-0.276718,-0.343063,11.0861
-0.311234,-1.20238,10.522
-0.281479,-0.756058,10.6446
-0.430252,-0.352585,11.1314
-0.669479,-0.631088,10.8529
-0.618301,-1.09169,10.5077
-0.494522,-1.6356,10.1649
-0.474289,-1.40709,10.7612
-0.584976,-0.791763,11.3837
-0.435013,-1.21547,11.1409
-0.277908,-1.98671,10.5089
-0.437393,-1.94624,10.1911
-0.513565,-1.40233,10.3423
-0.569504,-0.795334,10.5589
-0.489761,-1.29878,10.2244
-0.385025,-1.58919,10.0352
-0.35527,-1.67369,9.87572
-0.450485,-1.30592,10.0626
-0.494522,-1.20952,10.0804
-0.515945,-0.939346,10.1959
-0.449295,-0.973862,10.1709
-0.485001,-1.07503,9.94594
-0.61116,-1.09526,9.84358
-0.590927,-0.734634,9.99593
-0.523087,-0.747726,10.0769
-0.379074,-0.869125,10.0078
-0.435013,-1.25594,9.7567
-0.433823,-1.22975,9.84001
-0.512375,-0.889359,9.88762
-0.424301,-0.913162,9.8662
-0.427872,-1.09883,9.74361
-0.496902,-1.0536,9.66148
-0.540939,-0.879837,9.75551
-0.538559,-0.601334,9.84834
-0.594498,-0.57872,9.90666
-0.465958,-0.781052,9.7686
-0.362411,-0.957199,9.76146
-0.345749,-0.801285,10.078
-0.22197,-0.765579,10.2185
-0.169601,-0.920303,9.99474
-0.198166,-1.19167,9.93404
-0.310043,-0.935776,9.96379
-0.329086,-0.596573,10.2851
-0.245773,-0.685837,10.2459
-0.335037,-0.647751,10.1376
-0.35051,-0.702499,9.95546
-0.364792,-0.607285,9.92928
-0.426682,-0.766769,9.73527
-0.451675,-0.931015,9.7317
-0.430252,-1.0536,9.56508
-0.363602,-1.03456,9.59483
-0.3517,-0.884598,9.81978
-0.356461,-0.881027,9.93761
-0.321945,-0.908401,10.0352
-0.310043,-0.758438,10.1149
-0.388596,-0.525162,10.1019
-0.398117,-0.559677,10.0852
-0.407639,-0.646561,9.96855
-0.439774,-0.64061,9.98283
-0.367172,-0.6418,9.95189
-0.423111,-0.684647,9.83287
-0.395737,-0.729874,9.86262
-0.432632,-0.807236,9.81383
-0.41478,-0.754868,9.89595
-0.424301,-0.676315,9.90785
-0.489761,-0.744156,9.91261
-0.445725,-0.785812,9.85786
-0.470718,-0.838181,9.89952
-0.452866,-0.847702,9.84834
-0.423111,-0.747726,9.98164
-0.460007,-0.797714,9.90904
-0.430252,-0.811996,9.89
-0.47905,-0.852463,9.7686
-0.454056,-0.809616,9.87334
-0.432632,-0.742966,9.86262
-0.438583,-0.738205,9.81264
-0.405258,-0.878647,9.79955
-0.437393,-0.83461,9.83644
-0.48381,-0.791763,9.87572
-0.509995,-0.746536,9.89833
-0.534988,-0.806046,9.78407
-0.508804,-0.719162,9.88048
-0.405258,-0.785812,10.0031
-0.405258,-0.760818,10.109
-0.387405,-0.83342,10.0971
-0.386215,-0.727493,10.0888
-0.450485,-0.653702,10.0507
-0.408829,-0.800095,9.97688
-0.401688,-0.886978,10.0066
-0.47905,-0.695358,9.93523
-0.563553,-0.615616,9.9269
-0.601639,-0.606094,9.86025
-0.451675,-0.748917,9.9019
-0.505234,-0.796524,9.82573
-0.54332,-0.788193,9.83525
-0.579025,-0.83699,9.72218
-0.586166,-0.844131,9.69957
-0.530228,-0.759628,9.86858
-0.48024,-0.754868,9.88881
-0.512375,-0.781052,9.86382
-0.549271,-0.841751,9.70909
-0.582596,-0.821518,9.76146
-0.508804,-0.819138,9.84596
-0.527847,-0.854843,9.80907
-0.452866,-0.939346,9.7805
-0.413589,-0.983383,9.8174
-0.488571,-0.83342,9.91618
-0.498093,-0.797714,9.96379
-0.551651,-0.729874,9.89
-0.511185,-0.802475,9.87453
-0.567123,-0.754868,9.85905
-0.559982,-0.822708,9.93642
-0.54213,-0.814377,9.94713
-0.508804,-0.753677,9.95784
-0.502853,-0.854843,9.9995
-0.555222,-1.02742,9.89357
-0.519516,-0.921494,9.94356
-0.460007,-0.804855,10.0733
-0.515945,-0.821518,10.0531
-0.460007,-0.89888,10.0316
-0.473099,-0.970291,10.0078
-0.448105,-0.907211,10.0126
-0.473099,-0.853653,9.99235
-0.505234,-0.931015,9.83287
-0.54689,-0.821518,9.82097
-0.494522,-0.83461,9.80788
-0.519516,-0.922684,9.73885
-0.494522,-0.954819,9.81978
-0.504044,-0.936966,9.86977
-0.523087,-0.815567,9.86501
-0.521896,-0.673935,9.97093
-0.513565,-0.689407,9.99831
-0.60759,-0.858414,9.7805
-0.506424,-1.01076,9.87096
-0.570694,-0.814377,9.83168
-0.513565,-0.873886,9.88405
-0.48262,-1.0179,9.78288
-0.449295,-0.944107,9.85905
-0.427872,-0.809616,9.82811
-0.371933,-0.798904,9.93285
-0.376694,-0.726303,10.0185
-0.327896,-0.690598,10.0626
-0.390976,-0.64299,9.9995
-0.387405,-0.681076,9.99831
-0.452866,-0.877457,9.82216
-0.437393,-0.935776,9.86858
-0.368362,-0.921494,9.8781
-0.424301,-0.954819,9.87334
-0.399307,-1.02861,9.81026
-0.426682,-0.931015,9.77455
-0.474289,-0.808426,9.81502
-0.405258,-0.652512,9.95665
-0.451675,-0.792953,9.86025
-0.438583,-0.83342,9.89952
-0.470718,-0.623947,9.96855
-0.376694,-0.70726,10.0626
-0.379074,-0.939346,9.957
-0.379074,-1.07979,9.94356
-0.332657,-1.10478,9.84596
-0.360031,-0.778671,9.96855
-0.306473,-0.63942,10.0757
-0.368362,-0.828659,9.9269
-0.348129,-0.914352,9.81264
-0.343369,-0.76796,9.86262
-0.389786,-0.790573,9.91618
-0.398117,-1.04289,9.85191
-0.343369,-0.994095,9.91618
-0.330276,-1.0536,9.9626
-0.375504,-0.991715,9.99474
-0.390976,-0.829849,10.0138
-0.326706,-0.891739,9.95189
-0.315994,-0.841751,9.98045
-0.360031,-0.921494,9.98283
-0.306473,-0.958389,9.99355
-0.296951,-0.935776,10.0281
-0.307663,-0.892929,9.91975
-0.361221,-0.807236,9.89952
-0.393356,-0.725113,9.92571
-0.349319,-0.8358,9.80431
-0.337418,-0.96196,9.77098
-0.393356,-0.883408,9.7198
-0.448105,-0.867935,9.73885
-0.47905,-0.822708,9.80073
-0.421921,-0.929825,9.88167
-0.406448,-0.931015,9.97926
-0.385025,-0.858414,10.0721
-0.388596,-0.766769,10.1745
-0.405258,-0.797714,10.109
-0.308853,-0.907211,10.1257
-0.48143,-0.716782,10.0519
-0.554031,-0.684647,10.0221
-0.60759,-0.807236,9.92333
-0.575455,-1.006,9.84358
-0.532608,-0.819138,9.91618
-0.562363,-0.720352,9.91975
-0.507614,-0.810806,9.89714
-0.430252,-1.0667,9.76979
-0.383835,-1.00005,9.78526
-0.445725,-0.796524,9.82097
-0.365982,-0.751297,9.73289
-0.361221,-0.936966,9.66981
-0.471909,-0.982193,9.6472
-0.520706,-0.929825,9.63649
-0.48143,-0.747726,9.75908
-0.469528,-0.698929,9.7924
-0.557602,-0.64537,9.81621
-0.594498,-0.573959,9.73289
-0.574264,-0.563248,9.72099
-0.557602,-0.426376,9.72337
-0.580215,-0.438278,9.72218
-0.624252,-0.506119,9.54723
-0.694473,-0.612045,9.46153
-0.761124,-0.538254,9.50081
-0.786118,-0.529922,9.58888
-0.874191,-0.64537,9.62935
-0.908707,-0.701309,9.56746
-0.92894,-0.650131,9.71623
-0.918228,-0.477554,9.98997
-1.04796,-0.545395,9.98521
-0.982498,-0.571579,9.98283
-0.824203,-0.534683,10.0828
-0.746841,-0.6418,10.1423
-0.781357,-0.783432,10.1661
-0.7397,-0.733444,10.103
-0.73613,-0.672745,10.0876
-0.784927,-0.606094,10.0554
-0.749222,-0.51683,9.9864
-0.73732,-0.403763,10.0019
-0.818253,-0.334732,9.88643
-0.889664,-0.485886,9.77217
-0.946793,-0.583481,9.69719
-0.906326,-0.503738,9.81502
-0.93013,-0.616806,9.99712
-0.922989,-0.64537,9.91261
-0.877762,-0.762009,9.95665
-0.884903,-0.638229,10.09
-0.845627,-0.583481,10.1947
-0.824203,-0.594193,10.2494
-0.792068,-0.559677,10.2673
-0.701614,-0.527542,10.2661
-0.80159,-0.566818,10.2233
-0.851578,-0.473984,10.2459
-0.918228,-0.382339,10.2173
-0.896805,-0.303787,10.1209
-0.93251,-0.338303,10.0638
-1.0182,-0.335922,9.99117
