-0.48024,0.567429,9.85191
-0.504044,0.541245,9.86382
-0.54451,0.560288,9.83287
-0.525467,0.605514,9.82335
-0.492142,0.519821,9.87572
-0.523087,0.503159,9.84715
-0.468338,0.479355,9.84239
-0.413589,0.465073,9.89238
-0.358841,0.476975,9.87096
-0.313614,0.524582,9.8423
-0.463577,0.548386,9.83525
-0.463577,0.45079,9.80669
-0.435013,0.488876,9.81383
-0.411209,0.546005,9.96141
-0.389786,0.57933,9.84477
-0.406448,0.534103,9.89476
-0.344559,0.484116,9.88524
-0.368362,0.543625,9.89714
-0.373123,0.607895,9.85191
-0.380264,0.617416,9.85905
-0.144608,0.710251,9.84715
-0.227921,0.546005,9.82573
-0.261246,0.629318,9.79716
-0.294571,0.70787,9.8662
-0.3517,0.83403,9.79716
-0.406448,0.76976,9.68767
-0.515945,0.793564,9.54485
-0.435013,0.819748,9.70195
-0.373123,0.917343,9.74956
-0.356461,0.795944,9.88524
-0.492142,0.498398,9.80193
-0.487381,0.467453,9.79478
-0.563553,0.45079,9.80669
-0.577835,0.438889,9.7686
-0.558792,0.367477,9.72575
-0.577835,0.348434,9.77098
-0.563553,0.393661,9.72813
-0.54689,0.426987,9.61864
-0.475479,0.365097,9.84477
-0.394547,0.424606,9.84715
-0.358841,0.634079,9.86382
-0.454056,0.726913,9.94237
-0.437393,0.612656,9.93047
-0.404068,0.619797,9.81383
-0.41835,0.657883,9.93047
-0.408829,0.624557,9.85191
-0.368362,0.586472,9.90904
-0.387405,0.645981,9.94237
-0.377884,0.681686,9.92808
-0.306473,0.700729,10.0114
0.264816,0.365097,10.1114
0.22673,0.398422,10.09
0.102951,0.462692,9.88048
-0.00892639,0.438889,9.97569
-0.0422516,0.51506,9.89
-0.0731964,0.603134,9.83287
-0.0731964,0.617416,9.88524
-0.130325,0.569809,9.77574
-0.137466,0.591232,9.69243
-0.180313,0.700729,9.71385
-0.0541534,0.565048,9.81621
-0.0303497,0.572189,9.82335
-0.0803375,0.543625,9.78288
-0.189835,0.467453,9.70909
-0.218399,0.505539,9.62102
-0.149368,0.443649,9.65672
-0.154129,0.44841,9.64006
-0.137466,0.481735,9.60912
-0.104141,0.453171,9.68529
-0.00178528,0.410324,9.7
0.0815277,0.272263,9.86382
0.138657,0.246078,9.83287
0.0601044,0.305588,9.91142
0.0482025,0.353195,9.95427
0.0672455,0.38414,10.0638
0.105331,0.357956,10.1471
0.076767,0.236557,10.0447
-0.0922394,0.479355,9.98521
-0.111282,0.557907,10.0542
-0.0636749,0.415085,9.99235
0.0981903,0.262741,10.0066
0.0482025,0.379379,9.76622
-0.00892639,0.388901,9.67577
0.0410614,0.365097,9.62578
0.0291595,0.398422,9.72099
0.186264,0.396042,9.80193
0.248154,0.388901,9.79716
0.250534,0.398422,9.72337
0.0482025,0.479355,9.65196
-0.0684357,0.457932,9.62578
0.102951,0.32225,9.83049
-0.00416565,0.174667,9.71385
-0.0874786,0.167526,9.58055
-0.166031,0.298447,9.58769
-0.101761,0.38414,9.73289
-0.0612946,0.465073,9.76146
0.112473,0.241318,9.83525
0.310043,0.18895,9.8781
0.176743,0.148483,9.84001
0.257675,-0.110977,9.7567
0.195786,0.367477,9.89476
0.214828,0.362717,10.1209
0.386215,0.403183,10.2661
0.462387,0.336533,10.1709
0.374313,0.260361,10.0233
0.35289,0.0770721,9.93523
0.390976,0.136581,10.0566
0.495712,0.362717,10.1756
0.531418,0.557907,10.1399
0.493332,0.479355,10.1161
0.35527,0.546005,9.93999
0.400497,0.403183,9.87096
0.393356,0.312729,9.94237
0.386215,0.229416,9.78764
0.402878,0.250839,9.82573
0.464767,0.293686,9.84715
0.490952,0.310349,9.7805
0.495712,0.315109,9.79716
0.457626,0.243698,9.73289
0.519516,0.155624,9.84001
0.624252,0.110397,9.98521
0.509995,0.119919,9.86382
0.467148,0.172287,10.0114
0.509995,0.246078,10.1209
0.600449,0.353195,10.0566
0.602829,0.291306,9.96379
0.550461,0.184189,9.93047
0.462387,0.122299,9.90666
0.369553,0.162766,9.95903
0.367172,0.110397,9.93523
0.057724,0.103256,9.6234
0.214828,0.146103,9.72337
0.233871,0.141342,9.70195
0.22673,0.181808,9.69005
0.22435,0.160385,9.66624
0.257675,0.158005,9.71385
0.41716,-0.00624084,9.67815
0.533798,-0.0324249,9.72337
0.505234,0.108017,9.83287
0.41954,0.272263,9.79955
0.369553,0.455551,9.99712
0.398117,0.455551,10.0709
0.421921,0.567429,10.04
0.443344,0.503159,10.0733
0.386215,0.612656,10.0661
0.402878,0.57457,10.1209
0.502853,0.350815,10.128
0.598068,0.431747,10.0923
0.643295,0.38414,10.1066
0.652817,0.424606,9.93523
0.300522,0.219894,9.6115
0.198166,0.25322,9.70433
0.200546,0.38176,9.66386
0.252914,0.429367,9.73766
0.191025,0.243698,9.69243
0.181503,0.0151825,9.5377
0.217209,0.0532684,9.67815
0.22197,0.108017,9.79478
0.331467,0.312729,9.92094
0.321945,0.310349,9.92808
-0.0160675,0.338913,9.93999
0.0648651,0.31987,9.97331
0.0815277,0.31749,10.0043
0.193405,0.31987,10.0685
0.321945,0.274643,10.0114
0.324326,0.350815,10.128
0.321945,0.222275,10.0423
0.35051,0.0151825,9.96855
0.390976,-0.19191,9.85429
0.388596,-0.172867,9.84715
0.0958099,0.169907,9.69481
0.229111,0.217514,9.72099
0.262436,0.293686,9.73289
0.35527,0.236557,9.85667
0.241013,0.0746918,9.74004
0.231491,0.0532684,9.66624
0.205307,0.0437469,9.71147
0.200546,0.119919,9.67339
0.260056,0.203232,9.73289
0.229111,0.265121,9.75432
0.167221,0.327011,9.92571
0.22197,0.300827,9.95665
0.338608,0.169907,9.97093
0.376694,0.0794525,9.94713
0.398117,0.0770721,9.90666
0.35051,0.0675507,9.87572
0.305283,0.184189,9.9019
0.231491,0.186569,9.98045
0.28624,0.298447,9.96617
0.348129,0.269882,9.9875
0.236252,0.0865936,9.76622
0.22673,0.174667,9.76384
0.28862,0.25322,9.83763
0.233871,0.269882,9.85667
0.202927,0.360336,9.82335
0.195786,0.479355,9.91142
0.241013,0.455551,9.97569
0.229111,0.331772,9.82573
0.202927,0.260361,9.85905
0.195786,0.200851,9.81145
0.364792,0.165146,9.9138
0.269577,0.19371,10.0114
0.267197,0.19133,9.91856
0.324326,0.131821,9.93047
0.305283,0.169907,9.9138
0.217209,0.277023,9.98283
0.186264,0.336533,9.8781
0.114853,0.393661,9.86144
0.171982,0.38176,9.92094
0.229111,0.243698,9.89238
0.314804,0.334152,9.90428
0.260056,0.410324,9.85905
0.333847,0.405563,9.90428
0.281479,0.338913,9.8781
0.324326,0.155624,9.85905
0.393356,0.0675507,9.83763
0.421921,0.122299,9.85905
0.393356,0.241318,9.95427
0.348129,0.329391,10.0281
0.35289,0.32225,9.8
0.279099,0.281784,9.89
0.421921,0.305588,9.84953
0.436203,0.331772,9.84239
0.402878,0.369858,9.8662
0.41478,0.350815,9.88524
0.410019,0.391281,9.89952
0.412399,0.298447,10.0114
0.421921,0.388901,9.94237
0.388596,0.376999,9.87572
0.400497,0.424606,9.89
0.207687,0.334152,9.78764
0.283859,0.391281,9.80907
0.340988,0.500778,9.82811
0.398117,0.560288,9.84953
0.360031,0.443649,9.84953
0.331467,0.365097,9.88762
0.312424,0.250839,9.89952
0.336227,0.217514,9.90428
0.393356,0.224655,9.79955
0.402878,0.296066,9.87334
0.326706,0.443649,9.95427
0.333847,0.500778,9.9876
0.371933,0.443649,10.0043
0.398117,0.353195,10.0328
0.410019,0.229416,10.0209
0.476669,0.217514,10.0757
0.48381,0.269882,9.90904
0.386215,0.336533,9.94713
0.381454,0.396042,9.95903
0.376694,0.357956,9.87572
0.321945,0.248459,9.82811
0.295761,0.155624,9.84001
0.357651,0.155624,9.80669
0.35527,0.210373,9.82097
0.398117,0.365097,9.82811
0.407639,0.324631,9.88762
0.381454,0.365097,9.82573
0.357651,0.393661,9.7686
0.348129,0.393661,9.8781
0.390976,0.376999,9.9019
0.371933,0.434128,9.94475
0.343369,0.341293,9.93047
0.310043,0.305588,9.87334
0.22197,0.198471,9.89238
0.324326,0.203232,9.91618
0.443344,0.229416,9.97331
0.467148,0.167526,10.0257
0.452866,0.260361,9.98283
0.440964,0.284164,9.97331
0.35289,0.315109,9.89
0.376694,0.393661,9.96855
0.402878,0.484116,9.98521
0.469528,0.441269,10.059
0.471909,0.417465,9.98997
0.41716,0.398422,10.009
0.405258,0.334152,10.0019
0.41954,0.338913,10.0281
0.476669,0.350815,10.009
0.48143,0.241318,9.94713
0.374313,0.484116,9.85429
0.433823,0.488876,9.87572
0.348129,0.472214,9.89714
0.35051,0.407944,9.87096
0.317184,0.31987,9.83525
0.345749,0.436508,9.88524
0.371933,0.434128,9.88524
0.486191,0.591232,9.94237
0.595688,0.722153,10.0757
0.583786,0.869736,10.1852
0.35289,0.96019,9.60435
0.143417,0.70787,9.33299
0.143417,0.593613,9.16637
0.41478,0.986374,8.90453
0.92894,1.78618,9.10924
1.2979,2.96922,9.61626
1.24553,3.65953,9.28777
0.997971,3.68095,8.86406
0.709946,3.38817,8.29515
0.755173,3.70238,7.82622
1.43596,8.72972,1.82292
1.4431,9.15105,1.78722
1.455,9.30577,1.80626
1.65257,9.08916,1.96812
1.83824,8.94633,2.01573
2.00011,9.04155,2.04668
2.12865,9.21056,2.06096
2.00011,9.42955,1.91576
1.82158,9.81517,2.00145
1.6978,9.8723,2.07286
1.81682,9.58189,1.9229
2.01915,9.58666,2.07048
2.18578,9.57475,2.0919
2.12865,9.70805,2.10619
1.97154,9.94609,2.34184
2.09056,10.3389,2.78935
2.29527,10.8197,3.05357
2.40953,10.8625,3.20116
2.36906,10.8125,3.42015
2.19768,10.227,3.72722
1.91679,1.95757,8.5808
1.47166,1.20537,8.61888
1.35741,0.229416,8.75218
1.44548,-0.0871735,8.88072
1.91917,-0.534683,9.05211
1.95726,-0.0609894,9.27586
1.72874,0.203232,9.55913
1.5645,0.51506,9.70433
1.19316,0.612656,9.87096
1.06224,0.443649,9.78764
1.5645,-1.02504,9.98997
1.39311,-1.22023,9.77098
1.18602,-1.33449,9.73527
1.25505,-1.48921,9.5139
1.1765,-1.68202,9.59007
1.37645,-1.62727,9.71861
1.51451,-1.70107,9.77812
1.41692,-1.6844,9.63054
1.3455,-1.43208,9.62578
1.28362,-1.22023,9.80669
1.40501,-1.15358,9.92571
1.46452,-1.24641,9.81859
1.45976,-1.28212,9.57103
1.44786,-1.37257,9.68767
1.47881,-1.4297,9.69719
1.42406,-1.32259,9.68291
1.39787,-1.17976,9.77098
1.36455,-0.956009,9.89476
1.39787,-0.90126,10.1066
1.5645,-0.956009,10.0923
1.49071,-0.675125,9.92333
1.455,-0.589432,9.92094
1.35741,-0.663223,9.80907
1.38597,-0.808426,9.84953
1.46214,-0.915543,9.67577
1.4431,-1.0417,9.60912
1.37169,-0.936966,9.6472
1.42168,-0.83699,9.63054
1.4062,-0.787003,9.69124
1.48119,-0.600143,9.95189
1.63472,-0.754868,9.98997
1.46452,-0.907211,9.6591
1.33241,-0.978622,9.54128
1.32884,-0.792953,9.72575
1.47404,-0.526352,9.93642
1.50023,-0.307358,10.109
1.34431,-0.690598,9.77336
1.29552,-0.929825,9.54128
1.45024,-0.872696,9.64006
1.37883,-0.669174,9.66029
1.33241,-0.622757,9.73409
1.39549,-0.591812,9.79002
1.33598,-0.648941,9.73885
1.21339,-0.888168,9.59007
1.30504,-0.738205,9.78645
1.44072,-0.399002,9.90071
1.455,-0.297836,9.97807
1.37407,-0.610855,9.85786
1.46452,-0.815567,9.79478
1.42644,-0.838181,9.6472
1.32051,-0.721542,9.69957
1.32408,-0.506119,9.82573
1.28838,-0.604904,9.81026
1.35027,-0.651321,9.68172
1.26219,-0.600143,9.71504
1.21577,-0.594193,9.70195
1.34908,-0.482315,9.73289
1.36812,-0.438278,9.84953
1.26219,-0.410904,9.75313
1.33717,-0.527542,9.68648
1.30861,-0.627518,9.696
1.39787,-0.677505,9.73885
1.36931,-0.613236,9.81264
1.29671,-0.520401,9.81026
1.34074,-0.597763,9.84001
1.38716,-0.521591,9.85667
1.45738,-0.379959,9.96974
1.45738,-0.297836,9.94713
1.39311,-0.427567,9.79716
1.45024,-0.633469,9.75313
1.46928,-0.252609,9.76503
1.43358,-0.207382,9.68886
1.43239,-0.147873,9.72813
1.43596,-0.203812,9.75075
1.44667,-0.249039,9.73885
1.51927,-0.32045,9.78288
1.52284,-0.297836,9.75194
1.47285,-0.216904,9.74837
1.41811,-0.328781,9.70671
1.43715,-0.341873,9.71742
1.4193,-0.347824,9.74004
1.48238,-0.263321,9.73527
1.50261,-0.253799,9.84596
1.51332,-0.219284,9.8412
1.41573,-0.252609,9.78526
1.50499,-0.260941,9.80907
1.49785,-0.138351,9.9019
1.4062,-0.247849,9.84001
1.53236,-0.396622,9.76979
1.5407,-0.307358,9.7805
1.48833,-0.177628,9.84239
1.59187,-0.226425,9.83644
1.54308,-0.228806,9.81502
1.42644,-0.205002,9.75551
1.47404,-0.228806,9.75551
1.43477,-0.106216,9.84477
1.42882,-0.0752716,9.86262
1.48952,-0.0752716,9.86739
1.5645,-0.156204,9.83406
1.54189,-0.19548,9.71147
1.47643,-0.215714,9.671
1.48,-0.185959,9.61626
1.54546,-0.215714,9.67577
1.50618,-0.0800324,9.72456
1.52403,0.00328064,9.7448
1.54189,0.00447083,9.71742
1.55617,-0.0574188,9.66624
1.49071,-0.0193329,9.68886
1.45976,-0.0621796,9.61864
1.53117,-0.0538483,9.68053
1.53117,-0.0431366,9.76146
1.50499,-0.13002,9.66981
1.51689,-0.106216,9.71028
1.51927,0.0354156,9.73885
1.45619,0.0389862,9.72575
1.50023,-0.0443268,9.71266
1.53593,-0.039566,9.72456
1.52879,-0.0847931,9.7317
1.58592,-0.00862122,9.80788
1.54665,0.0342255,9.7198
1.51808,-0.0514679,9.74242
1.55379,-0.152634,9.73409
1.5764,-0.150253,9.6841
1.59306,-0.157394,9.80788
1.58235,-0.0978851,9.84834
1.53831,0.0128021,9.87929
1.5764,-0.026474,9.80431
1.50142,-0.166916,9.7079
1.50856,-0.231186,9.6472
1.50261,-0.0324249,9.66148
1.54665,-0.0764618,9.80193
1.55617,-0.0847931,9.79121
1.61449,-0.122879,9.81859
1.54189,-0.116928,9.78883
1.56093,-0.19072,9.81859
1.52284,-0.0336151,9.79955
1.52403,-0.0788422,9.81502
1.57283,-0.146683,9.78645
1.58592,-0.13002,9.7686
1.59187,-0.113358,9.77336
1.61449,-0.109787,9.72932
1.50261,-0.164536,9.68291
1.5395,-0.108597,9.77812
1.59425,0.0104218,9.8055
1.48595,-0.0431366,9.76146
1.5038,-0.147873,9.71385
1.56212,-0.169296,9.76979
1.58354,-0.0252838,9.70076
1.53712,-0.0300446,9.70671
1.4193,-0.102646,9.63768
1.48952,-0.171677,9.71266
1.52165,-0.0538483,9.70195
1.51094,-0.0788422,9.77574
1.59901,-0.0836029,9.80788
1.5645,-0.0431366,9.84953
1.53712,-0.116928,9.72575
1.57878,-0.234756,9.73052
1.57997,-0.222855,9.72932
1.44548,-0.0990753,9.74718
1.46928,-0.0609894,9.76622
1.45976,-0.101456,9.78407
1.47166,-0.170486,9.76979
1.55022,-0.150253,9.70433
1.49785,-0.176437,9.68648
1.46571,-0.156204,9.69362
1.47762,-0.120499,9.79121
1.47285,-0.0812225,9.76027
1.5407,-0.0740814,9.7198
1.41335,-0.183578,9.66863
1.53593,-0.238327,9.74361
1.49904,-0.058609,9.71147
1.55498,0.0104218,9.78883
1.56093,-0.0919342,9.74361
1.59306,-0.165726,9.71266
1.60616,-0.226425,9.70076
1.62282,-0.12645,9.79478
1.60735,-0.0728912,9.74123
1.57164,-0.100265,9.76622
1.51808,-0.112167,9.76146
1.57402,-0.205002,9.83049
1.65971,-0.159775,9.86382
1.63234,-0.293076,9.79955
1.63234,-0.285934,9.84477
1.52522,-0.252609,9.75432
1.50856,-0.282364,9.82335
1.58473,-0.210953,9.77336
1.51094,-0.253799,9.79121
1.48119,-0.25975,9.68529
1.46214,-0.264511,9
1.48952,-0.197861,9.87453
1.54308,-0.207382,9.80073
1.56688,-0.32045,9.76384
1.53712,-0.270462,9.79002
1.54427,-0.357346,9.75194
1.54189,-0.335922,9.7567
1.48119,-0.32283,9.70433
1.44667,-0.310928,9.70433
1.56093,-0.276413,9.71623
1.59068,-0.271652,9.73289
1.6133,-0.0847931,9.92333
1.57521,-0.170486,9.85548
1.47643,-0.281174,9.76265
1.53355,-0.341873,9.80312
1.50856,-0.206192,9.81859
1.4431,-0.185959,9.79478
1.46571,-0.237137,9.79836
1.49309,-0.165726,9.83763
1.50975,-0.225235,9.84358
1.5157,-0.213333,9.93285
1.57521,-0.0514679,10.1126
1.63353,0.0282745,10.203
1.6002,0.303207,10.1709
1.54903,-0.335922,10.2661
1.50142,-1.47374,10.2185
1.53712,-2.14262,9.70671
0.936081,-3.05907,9.21874
0.858719,-3.80174,8.96166
0.740891,-4.85149,8.3499
0.379074,-5.64058,7.56557
0.0862885,-5.53346,7.5977
0.285049,-6.3904,7.12996
0.0743866,-7.27232,5.69341
-0.0981903,-8.0269,4.90907
-0.385025,-8.34825,4.47227
-0.0172577,-8.79576,4.07118
-0.301712,-8.89812,3.13213
-0.682571,-8.67555,2.33113
-0.844437,-8.91954,1.43373
-0.888474,-9.40395,0.119766
-1.4669,-9.6039,-1.17159
-1.67162,-9.65508,-1.71431
-1.44191,-10.5739,-2.46056
-1.62282,-9.83598,-3.15562
-1.62996,-9.58366,-3.22347
-1.53831,-9.67293,-3.5222
-1.40501,-9.85979,-3.82451
-1.60735,-9.99428,-4.29106
-1.57521,-9.9669,-4.24226
-1.56093,-10.0443,-4.23988
-0.682571,-10.2026,0.695816
-0.657578,-8.87907,2.68343
-0.487381,-8.98262,3.49037
-0.35527,-8.99571,3.94621
-0.15889,-8.87312,4.58653
-0.242203,-7.87099,5.23756
-0.191025,-6.76411,6.41347
0.143417,-6.21663,7.53938
0.311234,-5.36089,8.01189
0.426682,-5.02882,7.86787
0.448105,-4.28734,8.25707
0.515945,-3.0305,8.95332
0.551651,-2.02837,9.26515
0.550461,-2.3878,8.61412
0.589737,-1.29402,9.30205
0.798019,-0.0252838,10.2185
0.80397,0.222275,10.4482
0.849197,0.259171,9.84596
0.699234,0.419846,9.48772
0.663528,0.536484,9.52818
0.776596,0.749527,9.60674
0.818253,0.647171,9.66029
0.775406,0.694778,9.84001
0.925369,0.775711,9.93285
0.831345,0.810226,9.83406
0.79921,0.391281,9.56865
0.825394,0.948288,10.0221
0.944412,1.24702,10.2197
0.946793,1.28273,10.2161
0.600449,0.686447,9.76146
0.788498,-0.00624084,9.46629
0.888474,0.400803,9.69838
0.856339,1.02327,10.0697
0.919418,1.11729,10.2042
0.900375,1.04945,10.2054
0.874191,0.393661,9.77574
0.809921,0.106827,9.52699
0.808731,0.507919,9.84715
0.962265,0.737625,10.103
0.907516,0.839981,10.209
0.880142,0.631699,10.1566
0.86586,0.109207,9.81859
0.897995,-0.135971,9.42345
0.744461,0.0746918,9.57698
0.901566,0.179428,10.0554
0.821823,0.375809,10.1733
0.828964,0.412704,10.0471
0.840866,-0.143112,9.60317
0.793259,-0.302597,9.42821
0.880142,0.122299,9.85905
0.988449,0.360336,10.1173
0.862289,0.311539,9.98283
0.842056,0.0425568,9.86025
0.851578,-0.134781,9.58412
0.856339,0.146103,9.74242
0.80159,0.468643,9.99235
0.887283,0.419846,10.1102
0.86824,0.325821,9.96498
0.67305,0.178238,9.73647
0.651627,-0.0229034,9.67577
0.896805,-0.185959,9.52342
0.782547,-0.134781,9.69957
0.839676,-0.0717011,9.82454
0.833725,-0.0288544,9.91142
0.788498,0.0556488,9.82692
0.815872,-0.116928,9.78526
0.838486,-0.0883637,9.73289
0.887283,-0.0383759,9.85905
0.914658,0.12706,9.97569
0.975357,0.00328064,9.93285
0.877762,-0.164536,9.77098
0.86586,-0.100265,9.76146
0.812302,0.0973053,9.75551
0.814682,0.149673,9.94237
0.870621,0.105637,9.86262
0.890854,0.0604095,9.82216
0.836105,0.037796,9.85072
0.987259,0.0425568,9.93642
0.949173,0.0723114,9.88762
0.842056,-0.00624084,9.77336
0.743271,0.00328064,9.78645
0.728989,0.0342255,9.85191
0.823013,0.307968,9.88762
0.825394,0.279404,9.88524
0.845627,0.0687408,9.86144
0.86705,-0.103836,9.77574
0.925369,-0.0562286,9.79002
0.832535,0.0687408,9.86858
0.833725,0.12706,9.86025
0.919418,0.0675507,9.84953
0.892044,0.12587,9.8055
0.777786,0.165146,9.75432
0.843246,0.110397,9.80788
0.884903,0.100876,9.80907
0.870621,0.12944,9.80907
0.873001,0.0854034,9.8781
0.86586,0.102066,9.85667
0.877762,0.0865936,9.84834
0.905136,0.209183,9.93761
0.914658,0.235367,10.0031
0.93132,0.25798,9.91737
0.889664,0.166336,9.79002
0.798019,0.0556488,9.74242
0.848007,0.141342,9.88286
0.875381,0.236557,9.87215
0.862289,0.159195,9.84239
0.837296,0.113968,9.83406
0.809921,0.0485077,9.74242
0.857529,0.147293,9.78407
0.820633,0.299637,9.8174
0.773026,0.293686,9.85429
0.913467,0.174667,9.84001
0.93013,0.0830231,9.79478
0.86705,0.0282745,9.81026
0.873001,0.211563,9.81859
0.86705,0.336533,9.89952
0.812302,0.341293,10.0043
0.774216,0.241318,9.86501
0.832535,0.0366058,9.71385
0.894424,0.122299,9.7567
0.775406,0.343674,9.90666
0.824203,0.309158,9.88405
0.886093,0.240128,9.87453
0.832535,0.131821,9.79478
0.844437,0.149673,9.79121
0.874191,0.315109,9.81383
0.914658,0.338913,9.93999
0.917038,0.350815,9.93523
0.890854,0.213943,9.80193
0.871811,0.173477,9.76622
0.849197,0.31987,9.78883
0.846817,0.416275,9.85072
0.888474,0.313919,9.82335
0.880142,0.268692,9.83168
0.881332,0.241318,9.79955
0.859909,0.231796,9.77336
0.845627,0.31868,9.85191
0.881332,0.280594,9.89595
0.852768,0.338913,9.85429
0.92775,0.219894,9.89357
0.921799,0.135391,9.78169
0.828964,0.231796,9.8055
0.845627,0.352005,9.97807
0.880142,0.374619,9.94356
0.888474,0.325821,9.8412
0.859909,0.211563,9.87929
0.86824,0.325821,9.88048
0.900375,0.430557,9.89
0.890854,0.31987,9.78169
0.825394,0.219894,9.71623
0.86348,0.281784,9.671
0.862289,0.346054,9.66505
0.825394,0.421036,9.7686
0.86467,0.349625,9.8293
0.920609,0.378189,9.82692
0.908707,0.281784,9.75551
0.859909,0.279404,9.77931
0.914658,0.371048,9.81502
0.889664,0.473404,9.83644
0.851578,0.403183,9.86382
0.921799,0.286545,9.75194
0.92894,0.325821,9.72456
0.870621,0.346054,9.88643
0.937271,0.373428,9.93999
0.915848,0.492447,9.90428
0.897995,0.461502,9.91261
0.876572,0.407944,9.90547
0.909897,0.367477,9.82811
0.905136,0.404373,9.83287
0.844437,0.444839,9.80907
0.957504,0.363907,9.87334
0.915848,0.422226,9.86025
0.874191,0.353195,9.79598
0.902756,0.376999,9.82811
0.939651,0.397232,9.85191
0.893234,0.44722,9.77574
0.850388,0.378189,9.87691
0.953934,0.343674,9.80907
0.949173,0.397232,9.77455
0.93251,0.367477,9.72337
0.858719,0.31987,9.73885
0.86586,0.404373,9.83406
0.892044,0.488876,9.79478
0.919418,0.44841,9.78883
0.871811,0.388901,9.8055
0.962265,0.397232,9.82097
0.943222,0.490067,9.81978
0.901566,0.353195,9.75908
0.880142,0.38414,9.80669
0.936081,0.398422,9.84358
0.939651,0.463882,9.87453
0.939651,0.354385,9.82692
0.849197,0.354385,9.79121
0.894424,0.421036,9.86262
0.915848,0.562668,9.92333
0.846817,0.457932,9.91142
0.93013,0.393661,9.92451
0.918228,0.38533,9.81859
0.911087,0.418655,9.84477
0.819443,0.418655,9.80193
0.845627,0.346054,9.85429
0.902756,0.400803,9.8174
0.892044,0.348434,9.77098
0.905136,0.329391,9.82454
0.880142,0.425797,9.8174
0.851578,0.432938,9.87572
0.952744,0.396042,9.84834
0.852768,0.38414,9.78883
0.845627,0.412704,9.76384
0.838486,0.411514,9.76622
0.845627,0.419846,9.81978
0.844437,0.38176,9.79478
0.883713,0.441269,9.80431
0.882523,0.346054,9.79955
0.950363,0.369858,9.83644
0.962265,0.413895,9.73647
0.892044,0.376999,9.68529
0.818253,0.362717,9.8293
0.884903,0.456741,9.83406
0.917038,0.491257,9.75551
0.792068,0.456741,9.80669
0.782547,0.468643,9.96617
0.849197,0.518631,9.91023
0.850388,0.585281,9.96022
0.811111,0.459122,9.90428
0.909897,0.45079,9.84239
0.963455,0.453171,9.97093
0.889664,0.456741,9.93047
0.978928,0.376999,9.8781
0.99559,0.421036,9.89476
0.93251,0.456741,9.79836
0.981308,0.471024,9.83406
1.01463,0.601944,9.91737
1.00749,0.611465,9.89595
1.01701,0.592422,9.86025
0.962265,0.550766,9.81145
0.893234,0.484116,9.89714
0.896805,0.546005,9.84715
0.843246,0.686447,9.84834
0.80516,0.682877,9.80431
0.775406,0.617416,9.76027
0.777786,0.507919,9.69243
0.80159,0.528152,9.78169
0.818253,0.612656,9.82692
0.827774,0.616226,9.84715
0.827774,0.605514,9.89714
0.769455,0.500778,9.87096
0.861099,0.51268,9.92094
0.889664,0.656693,10.015
0.825394,0.625748,10.0114
0.778976,0.549576,9.96974
0.767075,0.462692,9.73527
0.913467,0.403183,9.68648
0.922989,0.987564,9.84596
0.86705,1.62431,9.91023
0.908707,2.4872,9.77455
0.824203,2.92043,9.46867
0.781357,2.96327,8.78075
0.978928,4.21178,8.93904
1.06938,5.26747,8.85454
1.06938,5.37935,7.99403
1.19792,5.49837,7.15376
1.05986,6.56834,6.80861
0.586166,7.34434,6.2516
0.564743,7.22176,5.65651
0.677811,7.18248,5.21614
0.605209,7.22652,4.74959
0.787308,7.69307,4.64842
0.67186,7.80971,4.16283
0.694473,8.17985,3.80458
0.757553,8.26317,3.49275
0.717087,7.83113,2.84053
0.843246,8.28697,2.64891
0.782547,8.99394,2.41087
0.613541,8.84279,1.85744
0.705185,8.65236,1.26711
0.924179,9.01894,1.34923
1.02892,9.64854,1.15047
1.14436,9.10463,0.91362
1.58592,8.94515,0.873154
1.65019,9.58308,1.03621
1.73351,9.9568,0.983841
1.60973,9.67235,0.4673
1.38121,9.28554,0.203079
1.43001,9.60451,0.254257
1.59187,9.85683,0.238785
1.62163,9.714,0.0912018
1.47762,9.41527,-0.326553
1.63829,9.91157,-0.0849457
1.64543,10.1425,0.193558
1.59544,9.88896,-0.0337677
1.47404,9.45216,-0.1147
1.52998,9.84254,0.260208
1.57283,10.0806,0.40303
1.64067,9.76399,0.549423
1.71684,9.72115,1.22783
1.84895,10.0365,2.12642
1.97154,9.70329,2.32161
1.58116,8.99989,2.20021
1.2729,9.01417,2.74413
1.14079,9.61879,4.02953
0.980118,9.71639,4.69008
1.03368,7.43361,3.7903
0.884903,6.11131,4.29137
0.602829,7.45979,6.01476
0.490952,8.38338,7.28111
0.884903,7.18724,6.9431
1.02415,3.99516,5.89693
0.311234,3.84877,6.5063
-0.0827179,5.1068,8.23921
0.390976,5.25914,9.11162
0.773026,3.69643,8.54747
0.451675,2.43126,7.92143
-0.0565338,2.00398,8.13091
0.244583,2.07658,8.77242
0.388596,2.0873,9.19969
0.0422516,1.65407,9.3568
0.335037,1.0197,9.41035
0.577835,1.07683,9.60317
0.276718,1.14824,9.55318
0.849197,-0.653702,10.2756
0.580215,-0.888168,10.103
0.789688,-0.8358,10.1292
0.696854,-0.597763,10.1054
0.644486,-0.504929,10.3173
0.817062,-0.518021,10.2625
0.796829,-0.688217,9.93166
0.618301,-0.806046,9.96855
0.680191,-0.70369,10.1935
0.815872,-0.647751,10.1626
0.806351,-0.634659,10.0304
0.727798,-0.682266,10.0852
0.836105,-0.487076,10.2066
0.848007,-0.304977,10.1007
0.700424,-0.402573,9.86977
0.558792,-0.712021,9.67339
0.661148,-0.798904,9.63887
0.67662,-0.582291,9.69838
0.651627,-0.502548,9.6472
0.540939,-0.659653,9.53175
0.61235,-0.677505,9.64958
0.743271,-0.607285,9.80907
0.755173,-0.531113,9.86382
0.711136,-0.593002,9.7924
0.695663,-0.621567,9.87691
0.744461,-0.572769,10.0626
0.788498,-0.585861,10.04
0.756363,-0.709641,9.89357
0.707565,-0.798904,9.85786
0.792068,-0.667984,10.0114
0.907516,-0.51564,10.0638
0.870621,-0.572769,10.1054
0.781357,-0.591812,9.95784
0.67543,-0.439468,9.93999
0.828964,-0.412094,9.94713
0.838486,-0.415665,9.91023
0.613541,-0.627518,9.64363
0.604019,-0.717972,9.57222
0.700424,-0.647751,9.67815
0.774216,-0.304977,9.94713
0.770645,-0.249039,9.92333
0.73732,-0.365677,9.92333
0.724228,-0.437088,9.86739
0.813492,-0.375198,9.87453
0.757553,-0.307358,9.81026
0.690903,-0.444229,9.80073
0.681381,-0.4478,9.73289
0.663528,-0.479935,9.77455
0.694473,-0.390671,9.88643
0.746841,-0.224045,9.95546
0.784927,-0.180008,9.94594
0.705185,-0.382339,9.81145
0.67662,-0.412094,9.84715
0.774216,-0.393051,9.90547
0.834915,-0.215714,9.94713
0.725418,-0.207382,9.95189
0.723038,-0.238327,9.94951
0.703995,-0.207382,9.95427
0.777786,-0.295456,9.9626
0.759934,-0.423996,9.77693
0.705185,-0.564438,9.72575
0.763504,-0.391861,9.88762
0.703995,-0.177628,9.91261
0.658768,-0.25975,9.92928
0.730179,-0.38472,9.82573
0.694473,-0.339493,9.86858
0.695663,-0.241898,9.85905
0.683762,-0.221664,9.82811
0.651627,-0.372818,9.78288
0.703995,-0.460892,9.79836
0.727798,-0.369247,9.80431
0.723038,-0.287125,9.89952
0.748032,-0.221664,10.034
0.733749,-0.375198,9.85786
0.732559,-0.476364,9.71861
0.687332,-0.44899,9.81383
0.60878,-0.25975,9.88286
0.687332,-0.121689,9.94237
0.706375,-0.174057,9.95546
0.721848,-0.390671,9.98164
0.743271,-0.180008,10.009
0.758743,-0.0955048,9.97212
0.643295,-0.233566,9.86025
0.669479,-0.394241,9.77931
0.73613,-0.32164,9.82811
0.756363,-0.151443,9.85905
0.7397,-0.201431,9.89833
0.765884,-0.279984,9.88286
0.715897,-0.331161,9.80907
0.67186,-0.196671,9.89952
0.643295,-0.150253,9.95665
0.619492,-0.180008,9.85905
0.67305,-0.239517,9.83525
0.703995,-0.249039,9.82097
0.743271,-0.183578,9.86739
0.67305,-0.183578,9.80431
0.637344,-0.277603,9.78645
0.67543,-0.282364,9.78407
0.661148,-0.209763,9.85667
0.642105,-0.221664,9.9745
0.684952,-0.189529,9.88524
0.688522,-0.180008,9.92451
0.721848,-0.203812,9.90547
0.73613,-0.207382,9.93999
0.775406,-0.275223,9.85429
0.715897,-0.289505,9.81145
0.661148,-0.203812,9.83406
0.740891,-0.210953,9.78764
0.720657,-0.139542,9.77455
0.711136,-0.152634,9.79359
0.618301,-0.227615,9.81383
0.632584,-0.174057,9.82335
0.756363,-0.165726,9.82692
0.712326,-0.197861,9.83644
0.719467,-0.277603,9.85667
0.679001,-0.219284,9.90666
0.695663,-0.221664,9.88762
0.650436,-0.172867,9.84001
0.67186,-0.185959,9.9138
0.686142,-0.162155,9.9995
0.718277,-0.184769,9.94594
0.687332,-0.274033,9.84596
0.703995,-0.304977,9.84358
0.781357,-0.328781,9.88762
0.690903,-0.25975,9.82454
0.67662,-0.282364,9.89
0.755173,-0.25618,9.92094
0.728989,-0.220474,9.92451
0.73732,-0.149063,9.96498
0.703995,-0.184769,9.83525
0.661148,-0.281174,9.82216
0.67186,-0.279984,9.83168
0.725418,-0.178818,9.91023
0.740891,-0.253799,9.89357
0.705185,-0.290695,9.94118
0.744461,-0.232376,9.91499
0.798019,-0.13002,9.93761
0.701614,-0.12645,9.91737
0.714706,-0.174057,9.89
0.627823,-0.189529,9.78407
0.73732,-0.287125,9.77931
0.759934,-0.188339,9.79598
0.707565,-0.160965,9.86262
0.728989,-0.184769,9.8055
0.683762,-0.282364,9.75551
0.662338,-0.25856,9.84596
0.709946,-0.107407,9.94356
0.720657,-0.013382,9.94356
0.712326,-0.113358,9.88405
0.67662,-0.177628,9.87334
0.745651,-0.205002,9.82097
0.73732,-0.269272,9.8174
0.753983,-0.232376,9.8662
0.690903,-0.187149,9.83644
0.694473,-0.122879,9.88881
0.701614,-0.144302,9.84953
0.67662,-0.172867,9.8055
0.680191,-0.177628,9.84239
0.768265,-0.135971,9.8531
0.7397,-0.12645,9.79002
0.698044,-0.216904,9.77812
0.758743,-0.220474,9.8055
0.764694,-0.19548,9.79359
0.669479,-0.163345,9.88286
0.690903,-0.1931,9.9626
0.79921,-0.146683,9.95665
0.811111,-0.175247,9.96022
0.774216,-0.225235,9.91975
0.776596,-0.249039,9.87572
0.726608,-0.209763,9.94356
0.780167,-0.122879,9.83882
0.73613,-0.209763,9.7448
0.709946,-0.176437,9.8293
0.746841,-0.147873,9.82097
0.786118,-0.0788422,9.84001
0.721848,-0.0300446,9.91975
0.67305,-0.122879,9.8412
0.744461,-0.201431,9.9269
0.821823,-0.13002,9.94237
0.743271,-0.151443,9.83882
0.701614,-0.234756,9.89833
0.683762,-0.19429,9.86025
0.715897,-0.180008,9.84358
0.703995,-0.139542,9.94237
0.748032,-0.121689,9.92213
0.728989,-0.13002,9.85072
0.7397,-0.149063,9.82335
0.719467,-0.214523,9.82335
0.67186,-0.25975,9.79598
0.701614,-0.25499,9.95903
0.602829,-0.294266,9.8531
0.621872,-0.294266,9.7567
0.757553,-0.251419,9.8293
0.67662,-0.338303,9.75789
0.586166,-0.393051,9.76384
0.652817,-0.271652,9.73289
0.649246,-0.220474,9.68172
0.604019,-0.275223,9.73647
0.613541,-0.221664,9.71504
0.748032,-0.112167,9.69362
0.767075,-0.0443268,9.6234
0.809921,0.00328064,9.6115
0.763504,0.0413666,9.60197
0.915848,0.140152,9.55794
1.01701,0.361526,9.45558
1.13246,0.530533,9.40797
0.92775,0.622177,9.50676
0.874191,0.844742,9.60554
1.02653,1.23393,9.75908
1.16341,1.27321,9.77812
1.21339,1.21132,9.74004
1.19316,1.1292,9.7448
1.42287,1.1411,9.89
1.63115,1.21965,10.0483
1.66924,1.22917,10.1316
1.68233,1.18513,10.4744
1.93227,1.39104,10.8719
2.03343,1.35533,11.2825
2.08342,1.19109,11.5313
2.20363,0.8983,11.8431
2.3167,0.656693,12.0442
2.3643,0.546005,12.2002
2.28218,0.375809,12.2359
2.34883,-0.0288544,12.1882
2.36073,-0.412094,12.2406
2.31313,-0.596573,12.3513
1.94655,-0.740585,12.4406
1.98582,-0.995285,12.5667
1.8073,-1.30354,12.1644
1.48476,-1.87721,11.7395
1.4312,-2.18904,11.7419
1.24553,-2.26759,11.6658
0.883713,-2.60918,11.3289
0.500473,-2.67702,11.423
0.423111,-2.6675,11.2218
0.166031,-2.59608,10.8076
-0.102951,-2.64131,10.4315
-0.477859,-2.42589,10.09
-0.681381,-2.60323,9.96736
-0.650436,-2.70558,9.68053
-0.949173,-2.30925,9.26991
-1.51927,-2.2057,8.82954
-1.55498,-2.16762,8.4951
-1.43953,-1.92839,8.15471
-1.86205,-1.97838,7.47392
-2.45357,-2.14976,7.01213
-2.26552,-1.91411,7.03593
-2.05128,-1.27974,6.84193
-2.54759,-0.782242,6.19328
-2.80586,1.79094,6.63246
-2.7773,2.18846,6.66222
-2.7773,1.51363,6.68483
-2.2917,2.04921,7.20375
-1.85609,2.70976,7.67149
-1.71565,2.54671,8.07973
-1.60973,2.30034,8.5558
-1.30385,2.60146,9.05687
-1.54189,2.61693,8.82359
-1.72041,2.27773,8.42964
-1.40977,2.08492,8.67244
-1.13722,2.16109,9.29134
-1.22887,2.13728,9.48534
-0.957504,2.21107,10.1733
-0.581406,2.82521,10.5648
-0.862289,2.75975,10.3256
-1.286,1.86473,10.1352
-1.38002,1.6386,10.4851
-1.0551,2.36223,11.5003
-0.412399,2.95494,12.2906
-0.0339203,-0.145493,11.2528
-0.233871,-0.788193,10.8576
-0.283859,-0.776291,10.7862
-0.212448,-0.998856,10.9862
-0.0232086,-1.33449,10.7684
-0.000595093,-1.9391,10.2197
-0.214828,-2.2914,10.1114
-0.360031,-2.05693,10.5827
-0.137466,-1.47731,10.7767
0.150558,-1.87721,10.3946
0.0886688,-2.35924,10.0864
0.183884,-2.23665,10.2506
0.357651,-2.28902,10.278
0.326706,-2.38542,10.1828
0.0172577,-2.28783,9.96736
-0.0529633,-2.03194,9.72932
-0.0148773,-1.37972,9.89476
-0.0208282,-1.21547,9.91261
-0.0339203,-1.03694,10.1007
-0.0374908,-1.14168,9.92928
0.15889,-0.827469,9.76384
0.131516,-0.789383,9.79002
0.202927,-0.602524,9.82097
0.266006,-0.378769,9.94832
0.274338,-0.454941,9.94832
0.256485,-0.528732,10.0138
0.198166,-0.719162,9.78169
0.16008,-0.853653,9.66029
0.0291595,-0.698929,9.71385
0.000595093,-0.604904,9.77098
0.169601,-0.802475,9.72337
0.256485,-0.790573,9.75551
0.264816,-0.700119,9.80312
0.168411,-0.741776,9.89357
0.191025,-0.883408,9.99712
0.277908,-0.796524,10.0364
0.218399,-0.738205,10.0531
0.168411,-0.559677,10.1733
0.204117,-0.700119,10.0376
0.169601,-1.02266,9.94237
0.420731,-0.732254,9.85905
0.244583,-0.483505,9.83525
0.266006,-0.709641,9.74242
0.365982,-0.732254,9.91142
0.41478,-0.615616,9.99117
0.35527,-0.588242,9.89833
0.262436,-0.582291,9.87096
0.22435,-0.537064,9.90904
0.255295,-0.503738,10.0459
0.387405,-0.498978,10.065
0.333847,-0.557297,10.059
0.375504,-0.735825,9.84596
0.326706,-0.741776,9.7567
0.211258,-0.638229,9.77812
0.133896,-0.716782,9.74837
0.214828,-0.882217,9.72813
0.258865,-0.776291,9.67577
0.211258,-0.595383,9.75551
0.202927,-0.316879,9.9626
0.205307,-0.382339,9.97926
0.22197,-0.683456,9.76622
0.236252,-0.663223,9.79955
0.22673,-0.479935,9.89595
0.268387,-0.57753,9.91142
0.317184,-0.614426,9.98997
0.268387,-0.70607,9.91023
0.279099,-0.698929,9.9626
0.28624,-0.541824,10.0638
0.312424,-0.484695,10.0626
0.205307,-0.469223,10.0031
0.232681,-0.529922,9.99235
0.332657,-0.572769,9.99474
0.306473,-0.496597,9.91142
0.283859,-0.435898,9.87572
0.255295,-0.570389,9.79359
0.235062,-0.51564,9.88643
0.28981,-0.51207,9.82454
0.325516,-0.572769,9.91737
0.382645,-0.601334,9.8662
0.401688,-0.573959,9.74361
0.315994,-0.523972,9.7567
0.304092,-0.433517,9.84001
0.332657,-0.509689,9.85429
0.380264,-0.545395,9.89952
0.330276,-0.544205,9.83287
0.231491,-0.403763,9.85786
0.260056,-0.45256,9.93404
0.329086,-0.339493,9.93761
0.311234,-0.413284,10.0078
0.365982,-0.587051,9.97569
0.339798,-0.623947,9.91856
0.310043,-0.434708,9.96379
0.260056,-0.375198,10.0293
0.255295,-0.494217,9.94594
0.274338,-0.619186,9.91975
0.374313,-0.610855,9.96022
0.346939,-0.446609,9.94356
0.264816,-0.518021,9.88405
0.274338,-0.485886,9.94594
0.340988,-0.490646,9.9019
0.345749,-0.591812,9.8055
0.28862,-0.597763,9.79121
0.239822,-0.487076,9.86262
0.219589,-0.460892,9.96736
0.312424,-0.487076,9.91261
0.292191,-0.594193,9.84834
0.314804,-0.453751,9.96617
0.283859,-0.421616,9.97569
0.277908,-0.57515,9.95189
0.270767,-0.601334,9.86262
0.249344,-0.657272,9.81859
0.244583,-0.563248,9.84358
0.279099,-0.396622,9.88881
0.174362,-0.339493,9.88405
0.250534,-0.350204,9.95903
0.308853,-0.453751,9.96974
0.331467,-0.425186,9.99117
0.301712,-0.527542,9.93642
0.308853,-0.487076,9.85786
0.305283,-0.609665,9.89
0.285049,-0.544205,10.0316
0.255295,-0.432327,10.0197
0.250534,-0.460892,9.95308
0.274338,-0.483505,9.88881
0.274338,-0.389481,9.86144
0.311234,-0.353775,9.97331
0.293381,-0.375198,9.97569
0.299332,-0.537064,9.8055
0.277908,-0.473984,9.78407
0.245773,-0.426376,9.86977
0.269577,-0.412094,9.90309
0.380264,-0.466843,9.92451
0.321945,-0.44899,9.93047
0.302902,-0.368057,9.9507
0.199356,-0.32402,10.0293
0.229111,-0.403763,10.0102
0.329086,-0.437088,9.9864
0.273148,-0.393051,9.95546
0.249344,-0.366867,9.96141
0.282669,-0.374008,9.92333
0.306473,-0.368057,9.87572
0.266006,-0.418045,9.88048
0.263626,-0.475174,9.87453
0.315994,-0.503738,9.82692
0.380264,-0.458511,9.85905
0.340988,-0.413284,9.91142
0.299332,-0.484695,9.92928
0.365982,-0.38591,9.99712
0.370743,-0.333542,9.96022
0.317184,-0.38591,9.85429
0.283859,-0.38353,9.83644
0.242203,-0.294266,9.86025
0.22673,-0.219284,9.93404
0.267197,-0.32164,9.88167
0.374313,-0.444229,9.85905
0.298141,-0.394241,9.87691
0.285049,-0.360916,9.93166
0.263626,-0.264511,9.94475
0.252914,-0.268082,9.90428
0.229111,-0.445419,9.89
0.308853,-0.458511,9.84358
0.311234,-0.368057,9.89
0.249344,-0.344254,9.95189
0.230301,-0.353775,9.91023
0.250534,-0.325211,9.99831
0.241013,-0.238327,9.98283
0.252914,-0.344254,9.90428
0.333847,-0.420425,9.84834
0.329086,-0.32402,9.90071
0.420731,-0.347824,9.91499
0.342178,-0.358536,9.90785
0.330276,-0.45137,9.92333
0.343369,-0.378769,9.87453
0.365982,-0.240707,9.96379
0.307663,-0.220474,9.92571
0.282669,-0.263321,9.91142
0.337418,-0.445419,9.83882
0.464767,-0.427567,9.91618
0.433823,-0.282364,9.96498
0.361221,-0.299026,9.94594
0.382645,-0.363297,9.84596
0.345749,-0.407333,9.77455
0.389786,-0.382339,9.75908
0.387405,-0.379959,9.92571
0.401688,-0.274033,9.92808
0.28743,-0.296646,9.89952
0.326706,-0.313309,9.97212
0.356461,-0.197861,9.9138
0.291,-0.201431,9.92213
0.28981,-0.263321,9.87572
0.371933,-0.262131,9.89714
0.404068,-0.300217,9.93166
0.400497,-0.228806,9.87096
0.455246,-0.315689,9.94118
0.444534,-0.409714,9.89714
0.387405,-0.375198,9.89238
0.368362,-0.233566,9.8412
0.325516,-0.265701,9.86739
0.389786,-0.250229,9.91618
0.383835,-0.220474,9.94118
0.363602,-0.283554,10.0019
0.395737,-0.270462,9.99593
0.442154,-0.177628,9.97926
0.427872,-0.235947,10.0054
0.411209,-0.315689,10.0554
0.405258,-0.171677,10.1245
0.424301,-0.0717011,10.1709
0.325516,0.0270844,10.0769
0.349319,-0.143112,10.04
0.515945,-0.306168,9.92213
0.438583,-0.00505066,10.0852
0.469528,-0.0359955,10.1066
0.664719,0.156815,10.0435
0.67662,0.617416,10.0471
0.599258,0.806656,9.82692
0.48143,0.948288,9.46272
0.523087,1.38033,9.16161
0.637344,1.65407,8.68077
0.733749,2.86092,8.42845
0.593307,4.10704,8.54985
0.654007,4.58907,8.21898
0.887283,4.94969,7.52986
0.883713,5.39244,6.94905
0.667099,5.7614,6.2635
0.989639,7.31459,6.30278
0.850388,8.15962,6.33849
0.773026,7.57881,5.60652
1.08842,7.42647,5.00429
0.972977,7.90254,4.36278
0.883713,8.45122,3.89027
0.911087,8.29649,3.44514
1.10866,7.98228,2.9536
1.40739,8.3322,2.59535
1.33717,9.28197,2.10381
1.23006,9.62355,1.43492
1.12651,9.45573,1.16951
1.19197,9.39504,1.20403
1.32408,9.03322,0.931473
1.48952,9.29268,0.796982
1.64543,9.72353,0.72319
1.7216,9.66045,0.598221
1.78944,9.36052,0.53038
1.79182,9.3629,0.633926
1.71208,9.74733,0.770798
1.66447,9.84135,0.53038
1.77635,9.90562,0.412552
1.88823,9.89253,0.470871
1.93227,9.74495,0.52919
1.98582,9.71519,0.650589
1.97392,10.1496,1.32899
2.03462,10.5114,1.97884
1.89537,9.93538,1.90147
1.77635,9.76399,2.47395
1.50737,10.1817,3.35945
1.46214,10.3222,3.96645
1.46571,10.0508,4.44609
1.31218,9.06535,5.10307
1.53712,7.65617,5.10783
1.674,6.15892,5.41133
1.28123,5.74116,6.58604
1.22768,5.27104,7.45488
0.961075,4.33556,7.71196
0.963455,2.79189,7.86311
0.613541,2.58598,8.25468
0.15889,1.88972,8.29158
-0.0517731,0.676926,8.29277
0.188644,-0.687027,8.13209
0.00654602,-0.859604,8.83907
0.116043,-0.986954,9.47343
0.198166,-1.07146,9.75908
-0.0458221,-1.3571,9.45558
-0.346939,-1.58681,9.56746
-0.0410614,-1.83556,9.78288
0.120804,-1.86293,9.81383
-0.0541534,-2.00932,9.50081
0.0410614,-2.02003,9.81383
0.170792,-1.88197,10.0602
0.28862,-1.83675,10.0471
0.250534,-1.7213,10.0995
0.314804,-1.72963,10.2423
0.315994,-1.73082,10.09
0.196976,-1.75819,10.0364
0.214828,-1.84151,9.9876
0.244583,-1.73439,10.0138
0.174362,-1.59157,9.92094
0.196976,-1.59157,9.96974
0.231491,-1.61418,9.95665
0.233871,-1.75819,9.74837
0.219589,-1.86888,9.72337
0.191025,-1.63679,9.88643
0.185074,-1.43208,9.89833
0.16127,-1.58205,9.8531
0.169601,-1.66655,9.80193
0.191025,-1.68083,9.89595
0.151749,-1.7094,9.87334
0.174362,-1.71416,9.83644
0.202927,-1.54991,9.93761
0.243393,-1.5392,9.92451
0.194595,-1.53444,9.91499
0.141037,-1.62132,9.82573
0.179123,-1.62251,9.86858
0.166031,-1.55467,9.82573
0.112473,-1.51897,9.72099
0.127945,-1.53563,9.72694
0.252914,-1.55348,9.82454
0.236252,-1.588,9.77931
0.199356,-1.62965,9.69362
0.136276,-1.5273,9.72813
0.194595,-1.43089,9.83763
0.207687,-1.54753,9.80193
0.242203,-1.39281,10.0043
0.324326,-1.39162,10.0352
0.244583,-1.59157,9.85548
0.22316,-1.68202,9.77217
0.268387,-1.5023,9.83763
0.235062,-1.45232,9.91737
0.231491,-1.50825,9.87453
0.216019,-1.57252,9.80312
0.267197,-1.56419,9.84834
0.270767,-1.5023,9.86262
0.249344,-1.34639,9.93047
0.270767,-1.39876,9.89
0.191025,-1.42256,9.89714
0.250534,-1.41661,9.87929
0.291,-1.51064,9.82335
0.239822,-1.54039,9.74599
0.171982,-1.55943,9.70552
0.175552,-1.43446,9.75908
0.191025,-1.37495,9.9626
0.254105,-1.41542,10.0566
0.262436,-1.52611,9.85905
0.254105,-1.52611,9.79002
0.22435,-1.42018,9.80193
0.249344,-1.41304,9.83406
0.280289,-1.44994,9.81264
0.323135,-1.49873,9.77455
0.279099,-1.5511,9.72813
0.262436,-1.59157,9.75908
0.205307,-1.394,9.82216
0.235062,-1.29759,9.93523
0.220779,-1.30116,9.94237
0.201736,-1.35472,9.81502
0.248154,-1.37257,9.79002
0.250534,-1.41423,9.7317
0.199356,-1.49635,9.7317
0.22673,-1.48564,9.86739
0.267197,-1.33092,9.96855
0.255295,-1.31783,9.95784
0.177933,-1.46422,9.89476
0.239822,-1.45708,9.87215
0.260056,-1.32973,9.89238
0.250534,-1.39043,9.8662
0.22554,-1.43565,9.83406
0.299332,-1.52016,9.82335
0.212448,-1.47017,9.86262
0.250534,-1.4785,9.91618
0.237442,-1.4666,9.90547
0.220779,-1.45351,9.86739
0.217209,-1.38686,9.91023
0.200546,-1.4178,9.89357
0.154129,-1.37733,9.86501
0.204117,-1.34044,9.9019
0.210068,-1.4297,9.77693
0.156509,-1.59276,9.67577
0.199356,-1.4666,9.83525
0.238632,-1.34044,9.91499
0.214828,-1.40471,9.84596
0.194595,-1.51183,9.79598
0.216019,-1.49873,9.75551
0.241013,-1.44279,9.79121
0.241013,-1.29878,9.87096
0.249344,-1.40114,9.94118
0.246964,-1.563,9.68529
0.220779,-1.63441,9.6722
0.230301,-1.43208,9.84477
0.174362,-1.30592,9.96379
0.181503,-1.32378,9.89357
0.180313,-1.49397,9.83763
0.202927,-1.54277,9.8174
0.22554,-1.53444,9.86858
0.28862,-1.40471,9.95784
0.182693,-1.43089,9.9507
0.241013,-1.40352,10.0102
0.229111,-1.44637,9.92333
0.274338,-1.44279,9.89357
0.281479,-1.47612,9.8412
0.206497,-1.44994,9.91737
0.255295,-1.47493,9.87096
0.241013,-1.4416,9.89833
0.180313,-1.38805,9.87929
0.0993805,-1.45232,9.82573
0.188644,-1.43684,9.8174
0.189835,-1.4547,9.78288
0.120804,-1.369,9.77455
0.151749,-1.3452,9.83763
0.216019,-1.42494,9.73885
0.193405,-1.6118,9.71385
0.179123,-1.61656,9.7317
0.181503,-1.37852,9.85429
0.171982,-1.27736,9.86858
0.16246,-1.43089,9.83406
0.208878,-1.58562,9.69838
0.187454,-1.53682,9.74242
0.180313,-1.40471,9.91023
0.177933,-1.38448,9.84001
0.193405,-1.49159,9.8662
0.198166,-1.47017,9.89595
0.170792,-1.48088,9.91142
0.168411,-1.42732,9.86025
0.213638,-1.42256,9.99117
0.22673,-1.39757,9.99355
0.230301,-1.46541,9.9507
0.175552,-1.50945,9.83406
0.186264,-1.57848,9.79955
0.167221,-1.35948,9.94832
0.187454,-1.28093,9.9947
0.245773,-1.46779,9.86025
0.246964,-1.59157,9.76265
0.218399,-1.45232,9.79359
0.192215,-1.32259,9.9745
0.102951,-1.27141,9.88881
0.145798,-1.51659,9.78764
0.229111,-1.62846,9.70671
0.280289,-1.5023,9.82335
0.130325,-1.31306,9.81264
0.0648651,-1.43446,9.74837
0.136276,-1.39638,9.76979
0.210068,-1.45827,9.8055
0.182693,-1.47374,9.85667
0.168411,-1.37733,9.84953
0.205307,-1.41304,9.86501
0.22673,-1.38924,9.8293
0.242203,-1.44279,9.84001
0.170792,-1.44994,9.87215
0.177933,-1.57133,9.82097
0.249344,-1.37019,9.87096
0.171982,-1.38686,9.93285
0.177933,-1.42256,9.94356
0.233871,-1.51897,9.8293
0.218399,-1.52968,9.82216
0.15889,-1.43684,9.85191
0.16127,-1.40233,9.97569
0.205307,-1.35234,9.82811
0.176743,-1.49397,9.71504
0.16008,-1.49992,9.75194
0.166031,-1.39876,9.81502
0.148178,-1.29521,9.86144
0.199356,-1.37376,9.82811
0.1577,-1.46779,9.74123
0.135086,-1.52373,9.68291
0.15889,-1.46779,9.70314
0.220779,-1.31425,9.90309
0.191025,-1.34877,9.95308
0.193405,-1.48921,9.77098
0.246964,-1.48802,9.78288
0.210068,-1.39043,9.83049
0.273148,-1.44399,9.87691
0.305283,-1.36662,9.92333
0.245773,-1.38805,9.84239
0.174362,-1.57372,9.73885
0.141037,-1.62132,9.65315
0.238632,-1.55467,9.78645
0.244583,-1.32735,9.8531
0.210068,-1.36424,9.89952
0.213638,-1.73915,9.73885
0.233871,-1.9391,9.67458
0.237442,-1.56895,9.89119
0.213638,-1.48802,9.98879
0.233871,-1.54872,9.94237
0.230301,-1.70583,9.88643
0.342178,-1.75462,9.94713
0.311234,-1.54515,9.96617
0.236252,-1.4666,10.0114
0.249344,-1.65227,9.88405
0.306473,-1.71178,9.78526
0.28981,-1.69868,9.76027
0.152939,-1.64513,9.71742
0.16246,-1.50945,9.86144
0.194595,-1.41661,10.0245
0.231491,-1.45351,10.0054
0.217209,-1.58919,9.86501
0.16246,-1.67607,9.77812
0.164841,-1.56776,9.84953
0.195786,-1.41423,9.93166
0.193405,-1.4059,9.90547
0.257675,-1.54872,9.90428
0.235062,-1.5761,9.84834
0.210068,-1.54872,9.8055
0.192215,-1.47374,9.83287
0.113663,-1.38924,9.82097
0.164841,-1.48683,9.91142
0.217209,-1.60347,9.84001
0.273148,-1.60466,9.81026
0.205307,-1.53801,9.83287
0.180313,-1.50349,9.83287
0.218399,-1.47612,9.84001
0.145798,-1.6725,9.76503
0.210068,-1.66893,9.92571
0.258865,-1.6118,10.0364
0.307663,-1.61061,10.0804
0.361221,-1.65227,10.2209
0.3517,-1.62013,10.2613
0.363602,-1.73439,10.3946
0.401688,-1.87364,10.4851
0.296951,-2.06645,10.2578
0.188644,-2.37828,10.009
0.0886688,-3.27806,9.25087
-0.0850983,-4.27425,8.34157
-0.392166,-5.14189,7.43108
-0.564743,-5.65367,6.74196
-0.301712,-6.80339,5.8517
-0.652817,-7.7722,4.53892
-0.67543,-8.62199,3.43324
-0.881332,-9.00166,2.25615
-1.30385,-9.50868,1.52419
-1.5157,-9.19328,1.16475
-1.4193,-9.73006,0.320908
-1.67162,-9.3373,-0.463425
-1.77516,-9.37181,-1.36321
-1.9287,-9.38252,-2.21538
-2.19649,-9.58962,-2.87355
-2.30598,-9.2028,-3.64836
-2.49641,-8.95882,-4.33748
-2.41786,-8.83623,-4.6255
-2.57616,-8.31016,-5.12776
-2.78801,-8.52321,-5.59908
-2.70589,-8.32683,-6.13823
-2.69756,-8.19472,-6.18465
-2.76064,-7.91978,-6.3358
-2.94392,-8.38872,-6.80235
-2.97725,-8.67317,-6.84163
-2.84871,-8.21971,-6.5179
-2.80943,-8.31731,-6.17155
-2.70351,-8.61247,-6.12514
-2.70232,-9.04927,-6.58455
-2.79991,-9.23375,-6.59883
-2.79039,-9.09688,-6.00612
-2.75587,-9.18971,-5.69548
-2.74397,-9.45393,-5.53123
-2.5952,-9.62889,-5.19084
-2.40239,-9.78838,-4.50887
-2.05247,-9.8586,-3.77928
-1.90013,-9.82884,-2.61171
-1.89656,-9.89668,-1.70003
-1.8549,-9.94191,-0.739548
-1.75493,-9.76219,0.162613
-1.28719,-8.95644,1.79079
-1.01344,-7.86623,3.87837
-1.15984,-6.93074,5.06856
-1.04082,-7.51988,5.02452
-1.04439,-7.6758,5.03642
-0.839676,-6.1964,5.8636
-0.550461,-4.28258,7.26326
-0.28743,-3.17094,8.16304
-0.0339203,-3.31734,8.48915
0.119614,-2.26521,8.65578
0.408829,-0.310928,9.98045
0.110092,0.806656,10.4042
0.176743,-0.0490875,9.21754
0.41716,0.292496,9.44368
0.358841,1.91472,10.5827
0.465958,2.89781,11.1647
0.385025,1.45888,10.2828
0.210068,0.417465,9.51152
0.188644,0.160385,9.41631
0.471909,0.849503,9.89238
0.195786,1.10896,10.1328
0.317184,0.976852,10.1078
0.243393,0.650742,9.94951
0.22316,0.38414,9.73409
0.266006,0.70549,9.80193
0.367172,1.23631,10.2387
0.306473,1.44698,10.4887
0.293381,1.13753,10.3625
0.193405,0.362717,9.75194
0.206497,0.462692,9.7317
0.242203,0.663834,9.72575
0.22316,0.723343,9.88048
0.242203,0.591232,9.89595
0.235062,0.660263,9.88762
0.306473,0.711441,10.0043
0.323135,0.722153,9.9269
0.22435,0.603134,9.81621
0.191025,0.555527,9.71742
0.277908,0.567429,9.7924
0.295761,0.70668,9.7924
0.199356,0.875687,9.99117
0.291,0.795944,10.0007
0.329086,0.609085,9.79478
0.243393,0.51268,9.59364
0.257675,0.688828,9.75194
0.291,0.853073,9.97093
0.367172,0.799515,9.94475
0.400497,0.605514,9.76979
0.373123,0.51387,9.72694
0.295761,0.57576,9.80193
0.254105,0.850693,9.94237
0.281479,0.929245,10.0828
0.268387,0.742386,9.85429
0.252914,0.493637,9.70433
0.326706,0.488876,9.70909
0.280289,0.726913,9.8781
0.270767,0.930435,10.1304
0.330276,0.916153,9.98879
0.312424,0.584091,9.79121
0.243393,0.418655,9.69481
0.229111,0.737625,9.79716
0.258865,0.809036,9.96974
0.295761,0.887589,9.98521
0.258865,0.610275,9.79955
0.251724,0.51506,9.75551
0.266006,0.632889,9.79716
0.208878,0.855453,9.87572
0.268387,0.863785,9.90428
0.255295,0.757858,9.87691
0.283859,0.497208,9.65077
0.274338,0.528152,9.61983
0.246964,0.761429,9.92094
0.191025,0.850693,9.8531
0.205307,0.813797,9.9138
0.241013,0.604324,9.83287
0.213638,0.634079,9.77336
0.232681,0.794754,9.90428
0.232681,0.872116,9.9864
0.238632,0.776901,9.90904
0.220779,0.569809,9.78645
0.235062,0.63884,9.78764
0.201736,0.829269,9.88405
0.186264,0.906631,9.99235
0.191025,0.873306,10.0281
0.200546,0.784042,9.87453
0.229111,0.657883,9.72456
0.233871,0.670975,9.85667
0.249344,0.755478,9.88286
0.168411,0.76976,9.83763
0.181503,0.776901,9.83168
0.167221,0.76976,9.85072
0.174362,0.70549,9.78764
0.189835,0.663834,9.71385
0.173172,0.76857,9.88524
0.210068,0.866165,9.94237
0.132706,0.872116,9.87691
0.131516,0.800705,9.84715
0.201736,0.672165,9.76027
0.250534,0.679306,9.81383
0.251724,0.716202,9.8412
0.200546,0.784042,9.8174
0.114853,0.717392,9.74123
0.16127,0.764999,9.86025
0.173172,0.824509,9.84001
0.236252,0.753098,9.85429
0.266006,0.70787,9.86382
0.173172,0.730484,9.79002
0.216019,0.748337,9.86858
0.205307,0.829269,9.85905
0.180313,0.717392,9.77812
0.196976,0.650742,9.72932
0.199356,0.741196,9.73885
0.188644,0.823318,9.80193
0.163651,0.847122,9.90785
0.144608,0.861404,9.87453
0.180313,0.798325,9.82573
0.194595,0.713821,9.78526
0.211258,0.747147,9.85786
0.201736,0.837601,9.98997
0.213638,0.735245,9.86382
0.16127,0.634079,9.74956
0.183884,0.657883,9.78764
0.151749,0.851883,9.88524
0.207687,0.929245,9.93761
0.156509,0.804276,9.88524
0.132706,0.669785,9.76741
0.135086,0.674545,9.79121
0.201736,0.810226,9.89357
0.206497,0.904251,9.91975
0.191025,0.724533,9.84239
0.181503,0.588852,9.78764
0.169601,0.736435,9.87334
0.206497,0.837601,9.94475
0.173172,0.932816,10.0007
0.132706,0.776901,9.85667
0.16127,0.738815,9.79836
0.204117,0.794754,9.77693
0.22554,0.788803,9.84596
0.22554,0.876877,9.79836
0.230301,0.751907,9.77336
0.246964,0.778091,9.77098
0.252914,0.974472,9.83763
0.229111,1.04588,9.9138
0.200546,0.955429,9.88762
0.175552,0.845932,9.77931
0.163651,0.843552,9.79121
0.125565,0.966141,9.7805
0.182693,0.954239,9.89595
0.210068,0.912582,9.85072
0.141037,0.876877,9.74837
0.185074,0.916153,9.85905
0.148178,0.931625,9.78883
0.169601,0.930435,9.78407
0.146988,0.937576,9.84834
0.150558,0.947098,9.93047
0.22197,0.937576,9.90071
0.216019,0.839981,9.77812
0.211258,0.854263,9.76027
0.173172,1.00304,9.7567
0.273148,1.21132,9.96141
0.264816,1.23631,9.89
0.367172,1.05659,9.88643
0.358841,1.14229,9.89
0.357651,1.20418,9.98402
0.425491,1.30177,9.96498
0.345749,1.28749,9.84477
0.276718,1.3589,9.81978
0.306473,1.26369,9.77693
0.445725,1.36485,9.64363
0.35408,1.77428,9.7567
0.238632,2.08015,9.66743
0.343369,1.80165,9.04021
0.331467,2.20393,8.93785
0.471909,3.23582,9.2473
0.465958,3.74284,8.65578
0.238632,4.17131,8.28444
0.489761,4.81877,7.65364
0.327896,5.93993,7.55129
0.413589,6.4279,7.08592
0.399307,6.64571,6.76457
0.681381,6.56358,6.39919
0.788498,6.95277,6.06355
0.857529,7.58119,5.9493
0.86348,7.22057,5.29231
0.895615,7.49431,4.79481
1.16579,8.18581,4.42705
1.13484,8.17152,4.09142
1.25386,8.62617,3.60225
1.26576,8.70116,3.15236
1.32289,8.71306,3.03215
1.67162,8.81184,2.89171
1.78706,8.744,2.43349
1.68947,8.46193,1.69914
1.70732,8.9749,1.3528
1.74779,9.21294,1.30162
1.72398,9.27602,0.999313
1.6609,9.3998,0.717239
1.73827,9.39622,0.40065
1.81682,9.45335,0.363754
1.9763,9.49382,0.320908
1.9763,9.62712,0.358994
2.07628,9.57832,0.239975
2.08461,9.60094,0.0983429
2.14055,10.0116,0.46254
2.16911,9.91991,0.551804
2.22505,9.87468,0.814835
2.28218,9.92943,1.16475
2.24052,9.92824,1.15642
2.21077,9.79375,1.55156
2.30836,10.0806,2.45848
2.3167,10.4186,3.16307
2.08461,9.79613,3.2202
1.90489,8.67854,3.21901
1.65376,8.49644,3.7653
1.30266,8.92967,4.43776
1.2979,8.77614,5.01262
1.34669,7.27174,5.16139
1.31337,4.99254,5.39467
1.19197,4.51289,6.32777
1.23006,5.52693,7.75243
1.10271,5.6162,8.21184
0.755173,4.22368,8.14757
0.919418,2.13133,7.95952
1.10152,1.66002,8.70696
0.894424,2.66692,9.41155
0.423111,1.83855,9.23302
0.465958,0.743576,8.95094
0.636154,0.0449371,8.9319
0.494522,0.648361,9.502
0.300522,1.14348,9.99235
0.329086,1.0804,10.0578
0.314804,0.331772,9.7448
0.499283,-0.159775,9.63649
0.382645,0.0473175,9.8055
0.393356,0.138962,9.88881
0.405258,0.130631,9.84953
0.405258,-0.371628,9.60674
0.375504,-0.294266,9.69838
0.41478,-0.0895538,9.86739
0.401688,0.197281,9.98283
0.375504,0.0342255,9.88524
0.395737,-0.138351,9.8293
0.386215,-0.0574188,9.77931
0.338608,-0.0145721,9.85905
0.404068,-0.100265,9.8293
0.380264,-0.0383759,9.83049
0.386215,-0.0371857,9.83287
0.370743,-0.00743103,9.9507
0.370743,-0.164536,9.85191
0.357651,-0.134781,9.85191
0.388596,-0.119308,9.91737
0.537369,-0.0728912,10.0721
0.648056,-0.19429,9.97926
0.632584,-0.335922,9.98402
0.61235,-0.284744,10.0507
0.67305,-0.169296,10.0019
0.617111,-0.151443,10.0019
0.573074,-0.224045,9.8662
0.618301,-0.150253,9.91975
0.730179,-0.0324249,9.99355
0.619492,-0.0181427,9.90547
0.590927,-0.0705109,9.80193
0.539749,0.024704,9.84358
0.54808,0.12825,9.89119
0.571884,0.0723114,9.90071
0.613541,-0.0836029,9.80073
0.615921,-0.132401,9.83168
0.621872,-0.151443,9.94356
0.717087,-0.0490875,9.9864
0.649246,-0.0467072,9.92094
0.631393,-0.156204,9.79598
0.636154,-0.164536,9.7686
0.662338,-0.140732,9.79359
0.6064,-0.108597,9.84953
0.582596,-0.156204,9.8055
0.581406,-0.162155,9.76384
0.630203,-0.0764618,9.88048
0.649246,-0.013382,9.93285
0.658768,-0.0681305,10.009
0.715897,-0.183578,9.8781
0.724228,-0.287125,9.85905
0.706375,-0.228806,9.94118
0.692093,-0.166916,9.98402
0.73851,-0.0931244,9.94594
0.615921,-0.0681305,9.94475
0.668289,-0.101456,9.95784
0.662338,-0.278793,9.84834
0.720657,-0.290695,9.81145
0.667099,-0.203812,9.78288
0.598068,-0.185959,9.86977
0.624252,-0.0931244,9.83644
0.646866,-0.1931,9.83406
0.682571,-0.219284,9.89714
0.668289,-0.135971,9.94356
0.687332,-0.120499,9.93285
0.720657,-0.149063,9.94594
0.665909,-0.206192,9.86739
0.621872,-0.349014,9.7686
0.677811,-0.32045,9.86858
0.682571,-0.138351,9.90904
0.749222,-0.125259,10.0661
0.713516,-0.135971,9.99474
0.631393,-0.351395,9.87691
0.640915,-0.347824,9.81621
0.625443,-0.295456,9.88405
0.705185,-0.121689,9.96379
0.61235,-0.135971,9.91499
0.571884,-0.366867,9.79836
0.590927,-0.393051,9.77574
0.60759,-0.25975,9.8531
0.627823,-0.197861,9.92928
0.555222,-0.214523,9.95189
0.631393,-0.275223,9.93166
0.636154,-0.253799,9.99235
0.561172,-0.307358,9.91499
0.561172,-0.301407,9.88048
0.527847,-0.307358,9.86262
0.520706,-0.264511,9.94594
0.524277,-0.222855,9.84596
0.485001,-0.232376,9.8662
0.527847,-0.247849,9.85786
0.471909,-0.210953,9.87691
0.54689,-0.25856,9.9019
0.527847,-0.25856,9.8662
0.534988,-0.390671,9.92571
0.514755,-0.404953,9.85667
0.558792,-0.401382,9.86739
0.61116,-0.313309,9.88762
0.508804,-0.282364,9.94951
0.463577,-0.318069,9.84477
0.426682,-0.381149,9.83763
0.48381,-0.358536,9.8293
0.461197,-0.32164,9.92928
0.410019,-0.362106,9.80312
0.512375,-0.250229,9.85667
0.410019,-0.240707,9.87453
0.375504,-0.390671,9.77693
0.388596,-0.296646,9.83049
0.388596,-0.260941,9.93999
0.379074,-0.409714,9.91618
0.408829,-0.531113,9.86262
0.319565,-0.508499,9.89595
0.345749,-0.489456,9.97331
0.363602,-0.287125,10.1173
0.318375,-0.363297,10.0173
0.3517,-0.57753,9.86025
0.349319,-0.588242,9.77693
0.326706,-0.45018,9.90666
0.35051,-0.382339,9.87572
0.305283,-0.457321,9.81383
0.356461,-0.583481,9.68648
0.377884,-0.509689,9.76146
0.357651,-0.391861,9.8531
0.333847,-0.401382,9.7567
0.839676,1.11134,9.65315
0.895615,1.32558,9.8662
0.956314,1.33867,9.88643
1.05391,1.16133,9.80788
1.08485,0.909012,9.73052
1.19435,0.811417,9.7198
1.33241,1.02208,9.97212
1.49309,1.06612,10.4113
1.63353,0.8983,10.935
1.79897,0.788803,11.06
2.31432,-1.65822,12.969
1.98582,-1.63799,12.8024
1.41097,-1.62132,11.9728
1.13127,-1.66655,11.5206
0.740891,-1.80223,10.7791
0.394547,-2.2057,10.3327
0.198166,-2.02361,10.0816
-0.038681,-1.83199,9.73527
-0.438583,-1.81889,9.19136
-0.776596,-2.15572,8.60698
-1.11818,-2.27235,8.25826
-1.50261,-2.08669,8.1071
-1.66804,-1.77843,7.73219
-2.05843,-1.76057,7.40727
-2.32503,-1.62013,7.00856
-2.55354,-1.6237,6.62294
-2.74397,-1.42494,6.46108
-2.82967,-0.936966,6.43965
-2.79039,-0.350204,6.53368
-2.838,0.143723,6.37419
-3.11293,-0.156204,6.00761
-3.02962,-0.0348053,6.28255
-2.84157,0.805466,6.44441
-3.1772,1.25179,6.41466
-3.36525,1.32677,6.27541
-3.0201,1.30177,6.31587
-2.83919,1.57552,6.50749
-3.0677,1.49934,6.32896
-2.90465,1.57314,6.63841
-2.76659,2.20988,7.02641
-2.85228,2.17656,7.27397
-2.17982,2.33604,7.51915
-1.78706,2.32057,7.46083
-2.0858,1.99922,7.54057
-1.98701,2.4265,8.19875
-1.67757,2.90257,8.87239
-1.78111,2.60146,8.66887
-1.83943,2.15752,8.48677
-1.36217,2.06349,8.67244
-1.12294,2.55028,9.15089
-1.38954,2.95137,9.74956
-1.41573,2.20631,9.64601
-1.22768,1.55647,9.92571
-0.999161,1.59694,10.2768
-0.876572,2.02422,10.7945
-0.664719,2.17299,11.3373
-0.508804,2.11586,11.2492
-0.281479,1.70168,11.123
-0.205307,1.82426,11.5932
-0.427872,1.88496,11.6467
0.0339203,-0.538254,10.8529
0.164841,-0.353775,10.9552
0.266006,-0.790573,10.7922
0.244583,-1.05122,10.5196
0.260056,-1.09288,10.4292
0.22197,-1.23689,10.3375
0.405258,-1.08574,10.6291
0.470718,-0.83223,10.8064
0.399307,-1.12025,10.3946
0.320755,-1.3452,10.1078
0.329086,-1.28926,10.1507
0.433823,-1.20833,10.2709
0.493332,-1.23451,10.1864
0.321945,-1.35948,9.85429
0.199356,-1.52849,9.92333
0.299332,-1.69868,9.77812
0.324326,-1.92244,9.69957
0.239822,-1.81651,9.7567
0.251724,-1.87007,9.80669
0.343369,-1.93196,10.0019
0.420731,-1.84389,10.0388
0.313614,-1.82484,9.97926
0.177933,-1.7213,10.0614
0.174362,-1.46422,10.0054
0.0493927,-1.43208,9.96617
-0.0124969,-1.28926,9.94356
-0.106522,-1.31902,9.8412
-0.0850983,-1.0905,10.0114
-0.118423,-1.0417,9.97926
-0.167221,-1.17619,9.77693
-0.139847,-1.19167,9.68529
-0.22197,-1.05003,9.80788
-0.129135,-1.04765,9.98997
-0.0208282,-0.988144,10.0495
0.0672455,-1.0786,10.0102
0.0160675,-0.821518,9.98283
0.0184479,-0.796524,10.0102
0.100571,-0.860794,9.95903
0.113663,-1.00957,9.93047
-0.000595093,-1.08812,9.78
-0.0636749,-1.12978,9.62102
-0.0458221,-0.929825,9.63292
0.0160675,-0.840561,9.76503
0.0684357,-0.503738,10.0554
0.114853,-0.446609,10.0864
0.0636749,-0.588242,9.93642
-0.0160675,-0.681076,9.80193
0.00773621,-0.690598,9.83406
-0.120804,-0.583481,9.76741
-0.131516,-0.506119,9.8174
-0.0398712,-0.657272,9.74361
-0.0267792,-0.635849,9.78526
0.00892639,-0.546585,9.89595
-0.0136871,-0.632278,9.83882
0.0196381,-0.679886,9.82573
0.0910492,-0.673935,9.90785
-0.00654602,-0.583481,9.92928
-0.0601044,-0.521591,9.90785
0.0458221,-0.613236,9.98521
0.137466,-0.650131,10.0661
0.1577,-0.653702,10.0745
0.15889,-0.590622,10.0031
0.130325,-0.70726,9.89714
0.0886688,-0.619186,9.91618
0.0529633,-0.541824,9.9269
0.126755,-0.538254,9.94594
0.0731964,-0.741776,9.82335
0.0505829,-0.688217,9.85548
0.0755768,-0.573959,9.9269
-0.0113068,-0.431137,9.9
-0.0803375,-0.538254,9.86025
-0.0660553,-0.717972,9.83049
-0.0243988,-0.666794,9.86739
-0.0184479,-0.526352,9.92213
-0.0827179,-0.490646,9.94356
-0.0934296,-0.5811,9.90547
-0.107712,-0.716782,9.83168
0.0184479,-0.663223,9.94475
0.0363007,-0.589432,9.99593
-0.0434418,-0.726303,9.78169
-0.0589142,-0.721542,9.75313
-0.0874786,-0.64061,9.80431
-0.089859,-0.464462,9.97807
-0.0351105,-0.475174,10.0376
0.0743866,-0.419235,10.0185
-0.0910492,-0.358536,9.91261
-0.105331,-0.352585,9.96022
-0.0303497,-0.419235,9.86144
-0.0374908,-0.591812,9.79955
-0.070816,-0.597763,9.83049
-0.00892639,-0.522781,9.85786
0.025589,-0.595383,9.92213
0.107712,-0.551346,10.0971
0.208878,-0.593002,10.0745
0.189835,-0.535873,10.0447
0.105331,-0.63942,9.92451
0.0850983,-0.608475,9.94356
0.0850983,-0.496597,9.91856
0.0684357,-0.477554,9.78288
-0.0636749,-0.685837,9.60554
-0.0886688,-0.637039,9.74956
-0.0636749,-0.3871,9.80431
-0.0910492,-0.479935,9.77931
-0.076767,-0.672745,9.70552
-0.0339203,-0.748917,9.70909
0.0612946,-0.470413,9.89238
0.00892639,-0.441849,10.0376
0.0208282,-0.587051,10.0554
-0.070816,-0.725113,9.94237
-0.0850983,-0.682266,9.9019
-0.0612946,-0.518021,10.0066
-0.0517731,-0.45018,10.0852
0.0374908,-0.479935,10.0281
0.0351105,-0.571579,9.95784
0.0755768,-0.603714,9.92808
0.0874786,-0.379959,10.0352
0.00892639,-0.25975,9.94951
-0.044632,-0.435898,9.85191
-0.132706,-0.623947,9.66743
0.220779,-0.538254,10.0316
0.237442,-0.519211,9.97331
0.345749,-0.477554,9.97807
0.330276,-0.51326,9.9995
0.244583,-0.521591,9.98997
0.277908,-0.427567,9.86977
0.35051,-0.531113,9.7805
0.274338,-0.631088,9.73527
0.22316,-0.70845,9.74599
0.135086,-0.541824,9.74599
0.257675,-0.57991,10.1495
0.270767,-0.497787,10.2482
0.149368,-0.610855,10.1792
0.233871,-0.660843,10.2268
0.170792,-0.458511,10.2233
0.132706,-0.475174,10.1768
0.106522,-0.658462,10.0459
0.131516,-0.571579,9.94237
0.137466,-0.479935,10.0138
0.0720062,-0.591812,9.9388
0.171982,-0.551346,9.9864
0.302902,-0.570389,9.96498
0.455246,-0.481125,10.0043
0.345749,-0.44899,9.87215
0.205307,-0.554916,9.6115
0.102951,-0.612045,9.48058
0.16127,-0.550156,9.41512
0.142227,-0.377579,9.40321
0.136276,-0.334732,9.51509
0.218399,-0.219284,9.59007
0.205307,-0.205002,9.65077
0.208878,-0.197861,9.5984
0.208878,-0.278793,9.60197
0.0684357,-0.182388,9.56746
0.00178528,-0.0431366,9.70195
-0.0660553,0.0318451,9.73766
-0.121994,0.113968,9.86144
-0.137466,0.156815,9.9995
-0.105331,0.19133,10.1768
-0.0291595,0.175858,10.2506
0.325516,-0.25737,9.78169
0.242203,-0.113358,9.83644
0.219589,-0.039566,9.87572
0.174362,0.056839,9.9507
0.210068,-0.0883637,10.0519
0.207687,0.00447083,10.0995
0.207687,0.0818329,10.2102
0.22554,-0.0205231,10.1304
0.177933,-0.114548,10.0483
0.218399,-0.351395,9.89476
