0.514755,1.6862,9.91618
0.48143,1.72667,9.87334
0.450485,1.82903,9.93047
0.410019,1.82426,10.0257
0.388596,1.72429,9.97807
0.338608,1.85997,9.96617
0.243393,1.9052,9.94713
0.133896,1.79332,9.81859
0.119614,1.72191,9.77812
0.16246,1.72905,9.75432
0.440964,1.37437,9.65672
0.412399,1.41484,9.54723
0.314804,1.42912,9.50914
0.324326,1.51482,9.50676
0.283859,1.66002,9.55199
0.336227,1.70763,9.5377
0.360031,1.55528,9.49724
0.376694,1.63383,9.56389
0.455246,1.45055,9.53294
0.5457,1.33391,9.47105
0.450485,1.16014,9.62578
0.445725,1.28154,9.70671
0.398117,1.34343,9.77336
0.317184,1.36961,9.82573
0.202927,1.09587,9.66863
0.136276,1.0554,9.56151
0.200546,1.10777,9.64244
0.174362,1.34581,9.72337
0.188644,1.55766,9.82097
0.16246,1.6624,9.89476
0.640915,1.20775,10.0995
0.743271,1.15538,10.1495
0.821823,1.19823,10.2161
0.750412,1.24107,10.2018
0.721848,1.34581,10.1518
0.648056,1.39818,10.0519
0.636154,1.51006,10.0757
0.683762,1.56004,10.0733
0.698044,1.76237,10.0542
0.655197,1.86235,10.0566
0.576645,1.91472,9.92571
0.5457,1.77904,9.72813
0.562363,1.81712,9.62102
0.60759,1.93376,9.69005
0.826584,1.78142,9.60912
0.86705,1.46959,9.49248
0.86705,1.16728,9.4044
0.881332,1.0316,9.44249
0.828964,0.903061,9.4901
0.950363,0.795944,9.59007
1.00273,0.636459,9.56627
0.917038,0.569809,9.47105
0.843246,0.657883,9.29253
0.759934,0.719772,9.25682
0.788498,0.8983,9.26872
0.836105,1.05778,9.37584
0.809921,1.30772,9.29253
0.633774,1.34343,9.14732
0.621872,1.26488,9.2473
0.719467,1.10063,9.32585
0.252914,0.474594,9.4
0.145798,0.826889,9.55437
0.107712,1.0554,9.6234
0.219589,1.17918,9.78764
0.507614,1.37437,9.91856
0.774216,1.52434,10.1875
0.700424,1.45531,10.1328
0.702805,1.27202,10.1399
0.793259,1.19585,10.0209
0.855148,0.998276,9.95189
0.529038,0.615036,9.72813
0.571884,0.493637,9.84715
0.602829,0.362717,9.7448
0.476669,0.441269,9.55199
0.348129,0.422226,9.51152
0.295761,0.684067,9.61864
0.336227,0.876877,9.66624
0.443344,0.96257,9.56151
0.552841,1.10539,9.69481
0.771835,1.12444,9.67339
0.933701,0.931625,9.57817
0.912277,1.10063,9.69481
0.876572,0.910202,9.84953
0.748032,0.824509,9.78764
0.533798,0.83403,9.70671
0.436203,0.931625,9.70909
0.471909,1.1292,9.79955
0.650436,1.37675,10.0852
0.843246,1.62907,10.1994
0.952744,1.69334,10.2304
0.957504,1.06969,9.67815
0.983688,1.14348,9.81859
0.778976,1.26726,9.84001
0.812302,1.22203,9.71623
0.983688,1.16014,9.80193
1.13365,1.29582,9.90428
1.22887,1.29582,9.99474
1.29076,1.28392,9.84239
1.25505,1.32201,9.8781
1.21458,1.38628,9.97807
1.21935,1.27678,9.92094
1.24791,1.28392,9.89
1.26933,1.19109,9.74718
1.18126,1.11967,9.71385
1.15746,1.09111,9.65672
1.07652,1.20061,9.59483
1.01939,1.1411,9.5139
1.09081,1.08873,9.51866
1.10985,1.07683,9.46391
1.0313,1.34343,9.56627
1.05986,1.51006,9.68053
0.933701,1.47673,9.6591
0.997971,1.45055,9.65672
1.13365,1.43626,9.59245
1.19792,1.40056,9.60197
1.31218,1.45531,9.61388
1.35741,1.45769,9.68053
1.42882,1.46483,9.77812
1.39549,1.48625,9.92333
1.45738,1.52434,9.92571
1.14317,1.1649,9.66148
1.08842,1.11253,9.52818
1.08128,1.18156,9.59721
1.18126,1.11491,9.58293
1.08366,1.19585,9.55437
1.07652,1.23155,9.49724
1.01701,1.34105,9.60912
1.00749,1.45293,9.60435
1.067,1.58623,9.62578
1.14793,1.65764,9.59721
1.09081,1.31487,9.53532
1.09319,1.153,9.55913
1.09081,0.981613,9.5139
1.16936,0.976852,9.52104
1.21935,1.0197,9.69005
1.17174,0.993515,9.57341
1.11937,1.0078,9.59959
1.10509,1.03398,9.70433
1.067,1.13158,9.73289
1.02177,1.26726,9.79955
1.04558,1.35057,9.78526
0.924179,1.42674,9.69719
0.876572,1.37199,9.67339
0.836105,1.41722,9.56865
0.807541,1.4315,9.62578
0.764694,1.45055,9.58769
0.788498,1.54814,9.64482
0.790878,1.53148,9.67815
0.819443,1.53386,9.68053
0.821823,1.49101,9.599
0.881332,1.20775,9.69481
0.857529,1.15538,9.73766
0.869431,1.36247,9.80669
0.874191,1.40294,9.82573
0.826584,1.42674,9.86144
0.895615,1.41722,9.89476
0.936081,1.2982,9.73289
0.86705,1.32201,9.77812
0.855148,1.32915,9.81859
0.826584,1.34819,9.7924
0.764694,1.42198,9.77812
0.812302,1.42436,9.81621
0.840866,1.39818,9.7448
0.726608,1.4196,9.65196
0.705185,1.3839,9.69481
0.690903,1.31248,9.70671
0.778976,1.33391,9.64244
0.855148,1.46245,9.68053
0.843246,1.45531,9.64006
0.809921,1.45293,9.66148
0.838486,1.31963,9.70671
0.795639,1.29582,9.67577
0.771835,1.36247,9.71147
0.80516,1.48625,9.79478
0.821823,1.48625,9.80669
0.850388,1.40056,9.7805
0.914658,1.42674,9.66624
0.874191,1.45769,9.78288
0.840866,1.37914,9.72813
0.840866,1.36961,9.77098
0.8004,1.41008,9.66148
0.745651,1.33867,9.69481
0.731369,1.31963,9.65196
0.698044,1.42674,9.71147
0.686142,1.46483,9.69957
0.650436,1.49577,9.69481
0.690903,1.45055,9.75908
0.657578,1.44817,9.70671
0.562363,1.45769,9.6234
0.540939,1.36961,9.63292
0.788498,1.34105,9.83763
0.781357,1.32677,9.74956
0.712326,1.24821,9.7567
0.750412,1.26964,9.69005
0.724228,1.2744,9.73527
0.702805,1.30534,9.70909
0.693283,1.31248,9.71147
0.693283,1.40532,9.67577
0.662338,1.42436,9.71147
0.652817,1.35771,9.67339
0.690903,1.41008,9.73289
0.757553,1.36247,9.74956
0.755173,1.32201,9.66863
0.702805,1.36485,9.69719
0.61235,1.40294,9.69005
0.621872,1.44817,9.73527
0.605209,1.42436,9.73052
0.581406,1.42198,9.65672
0.640915,1.45293,9.6591
0.662338,1.41484,9.69243
0.667099,1.35295,9.65434
0.61235,1.32915,9.66863
0.645676,1.2744,9.66386
0.667099,1.3101,9.69957
0.667099,1.38152,9.68529
0.631393,1.37199,9.65196
0.645676,1.34581,9.68291
0.555222,1.3839,9.66624
0.526657,1.35771,9.72813
0.540939,1.29344,9.76622
0.698044,1.38866,9.59007
0.652817,1.33391,9.59483
0.574264,1.37437,9.6591
0.569504,1.31248,9.62816
0.552841,1.39104,9.64482
0.636154,1.42198,9.68767
0.693283,1.50768,9.7805
0.740891,1.52672,9.74242
0.776596,1.41246,9.7448
0.709946,1.38152,9.7686
0.486191,1.35771,9.76384
0.569504,1.34581,9.71623
0.626633,1.2982,9.72813
0.719467,1.2863,9.73052
0.752792,1.23869,9.72099
0.731369,1.19347,9.71147
0.709946,1.25536,9.70671
0.67662,1.23869,9.69005
0.633774,1.28392,9.64482
0.664719,1.31248,9.80669
0.67424,1.30772,9.70433
0.659958,1.37914,9.64482
0.629013,1.42674,9.54485
0.61235,1.4196,9.61626
0.619492,1.36009,9.59245
0.617111,1.41722,9.58055
0.588547,1.44817,9.61626
0.67424,1.36961,9.67339
0.686142,1.34343,9.71147
0.709946,1.33867,9.66624
0.748032,1.41246,9.83525
0.731369,1.38866,9.89238
0.712326,1.35533,9.80907
0.645676,1.35771,9.79478
0.643295,1.32439,9.80669
0.724228,1.36485,9.81383
0.73613,1.34819,9.74956
0.698044,1.39342,9.85191
0.733749,1.37199,9.73766
0.67424,1.34581,9.75432
0.617111,1.30534,9.70671
0.67186,1.31963,9.78526
0.707565,1.39342,9.7567
0.693283,1.35057,9.7805
0.669479,1.36009,9.73052
0.688522,1.39342,9.74718
0.648056,1.40532,9.77098
0.652817,1.33153,9.68291
0.681381,1.3101,9.6591
0.693283,1.36485,9.73289
0.652817,1.46245,9.65672
0.574264,1.4196,9.68291
0.540939,1.35057,9.60197
0.5457,1.27202,9.56151
0.557602,1.30534,9.59007
0.605209,1.38866,9.57579
0.624252,1.41008,9.65434
0.598068,1.45531,9.6591
0.617111,1.47673,9.64482
0.576645,1.46007,9.63054
0.595688,1.44102,9.64244
0.640915,1.38152,9.56865
0.669479,1.33629,9.6115
0.690903,1.31248,9.66624
0.683762,1.31248,9.68529
0.636154,1.36723,9.6234
0.531418,1.37437,9.60197
0.436203,1.40532,9.49962
0.538559,1.2982,9.64482
0.60759,1.27678,9.69957
0.67186,1.35295,9.79002
0.700424,1.23631,9.76146
0.576645,1.2744,9.77812
0.61235,1.38628,9.81621
0.695663,1.35295,9.80669
0.700424,1.30296,9.81145
0.655197,1.34105,9.75432
0.679001,1.30534,9.83287
0.645676,1.31248,9.78764
0.619492,1.28154,9.76146
0.602829,1.3101,9.7448
0.650436,1.39342,9.73766
0.693283,1.39104,9.72099
0.721848,1.37199,9.64006
0.717087,1.35295,9.73052
0.698044,1.34581,9.69243
0.60759,1.36009,9.77574
0.614731,1.43864,9.76146
0.626633,1.45531,9.72575
0.633774,1.44102,9.71147
0.626633,1.50768,9.63054
0.645676,1.4315,9.6591
0.633774,1.44579,9.55675
0.605209,1.37199,9.64482
0.583786,1.39104,9.65672
0.617111,1.41246,9.6234
0.702805,1.38628,9.6234
0.636154,1.40532,9.6234
0.659958,1.38628,9.59959
0.669479,1.42198,9.61626
0.669479,1.36723,9.62102
0.633774,1.4315,9.62578
0.60997,1.38628,9.59007
0.636154,1.34343,9.68053
0.638535,1.41246,9.72575
0.707565,1.3958,9.69719
0.73851,1.41484,9.70433
0.719467,1.43864,9.73052
0.712326,1.3839,9.6353
0.586166,1.29582,9.6234
0.643295,1.31487,9.68529
0.638535,1.40294,9.64244
0.602829,1.41246,9.61626
0.633774,1.51244,9.6591
0.73613,1.57433,9.71147
0.679001,1.52434,9.69481
0.595688,1.48863,9.65434
0.54332,1.41484,9.6591
0.579025,1.41008,9.72099
0.655197,1.47673,9.74004
0.769455,1.33867,9.84239
0.662338,1.37914,9.6591
0.636154,1.42674,9.67577
0.621872,1.45769,9.7567
0.755173,1.44817,9.7686
0.798019,1.44817,9.78526
0.795639,1.45769,9.75432
0.721848,1.46483,9.69243
0.629013,1.44102,9.63054
0.698044,1.48625,9.69957
0.705185,1.44579,9.68767
0.695663,1.40294,9.70671
0.688522,1.45055,9.6353
0.655197,1.43388,9.69481
0.67424,1.36247,9.53294
0.67186,1.36009,9.65196
0.693283,1.44341,9.6591
0.681381,1.3958,9.66624
0.714706,1.39818,9.70671
0.693283,1.44102,9.71385
0.73851,1.50768,9.71861
0.702805,1.39342,9.6472
0.693283,1.39342,9.65672
0.688522,1.33153,9.62578
0.767075,1.31963,9.62578
0.759934,1.33153,9.63054
0.707565,1.41246,9.63768
0.667099,1.43388,9.72575
0.624252,1.49101,9.72575
0.664719,1.43864,9.74242
0.67662,1.42198,9.65672
0.662338,1.41722,9.71623
0.636154,1.35533,9.6472
0.688522,1.35771,9.64482
0.667099,1.37437,9.6234
0.652817,1.54814,9.63768
0.683762,1.49577,9.69243
0.714706,1.42198,9.72575
0.73613,1.3958,9.69957
0.702805,1.40294,9.66863
0.73851,1.42198,9.76146
0.683762,1.52196,9.74004
0.757553,1.49815,9.75432
0.686142,1.5648,9.6472
0.681381,1.47673,9.73766
0.659958,1.43626,9.69481
0.712326,1.46959,9.69005
0.73613,1.50529,9.80193
0.733749,1.49577,9.71861
0.655197,1.56242,9.62816
0.705185,1.51006,9.66863
0.679001,1.47911,9.66624
0.719467,1.49101,9.73289
0.752792,1.48149,9.7567
0.714706,1.5172,9.74242
0.698044,1.52196,9.75194
0.695663,1.5172,9.69957
0.707565,1.46721,9.68767
0.686142,1.46721,9.67339
0.728989,1.50768,9.65434
0.793259,1.4196,9.68767
0.778976,1.50768,9.76622
0.698044,1.51482,9.70671
0.721848,1.50529,9.6353
0.657578,1.43626,9.66386
0.636154,1.47673,9.6472
0.648056,1.55528,9.65672
0.593307,1.57195,9.65434
0.614731,1.57195,9.6234
0.721848,1.50053,9.72337
0.707565,1.47673,9.61864
0.726608,1.44817,9.68291
0.655197,1.53386,9.74242
0.705185,1.62193,9.7567
0.714706,1.65526,9.7448
0.709946,1.65764,9.70909
0.733749,1.53624,9.59245
0.757553,1.53386,9.66863
0.769455,1.53862,9.69719
0.750412,1.48149,9.62578
0.657578,1.50768,9.6115
0.640915,1.53386,9.63054
0.626633,1.55052,9.73289
0.688522,1.59099,9.6234
0.688522,1.61479,9.63292
0.650436,1.50291,9.65196
0.626633,1.4077,9.63054
0.664719,1.43626,9.68529
0.669479,1.5172,9.63292
0.769455,1.541,9.73289
0.593307,1.44579,9.58531
0.681381,1.50053,9.52818
0.638535,1.64336,9.62578
0.567123,1.56718,9.56865
0.631393,1.48863,9.60197
0.705185,1.54576,9.64958
0.659958,1.5529,9.73052
0.73613,1.65288,9.7805
0.752792,1.56004,9.74956
0.719467,1.49815,9.72099
0.693283,1.5172,9.66148
0.728989,1.48387,9.74956
0.67186,1.60051,9.76384
0.688522,1.50053,9.68767
0.686142,1.36009,9.67815
0.655197,1.58861,9.7567
0.643295,1.66478,9.80669
0.590927,1.60527,9.72337
0.638535,1.62193,9.71623
0.721848,1.64098,9.744
0.764694,1.62193,9.82335
0.757553,1.5529,9.69957
0.698044,1.45293,9.58531
0.662338,1.54576,9.61864
0.662338,1.48149,9.6591
0.698044,1.58623,9.62578
0.645676,1.59575,9.61626
0.60997,1.52434,9.59721
0.579025,1.50053,9.61626
0.67662,1.52434,9.75194
0.707565,1.56004,9.60197
0.726608,1.47435,9.63768
0.617111,1.50529,9.56865
0.640915,1.52672,9.65196
0.61235,1.59813,9.6353
0.640915,1.67906,9.671
0.688522,1.59099,9.68053
0.707565,1.64574,9.64958
0.717087,1.6624,9.72575
0.657578,1.58147,9.671
0.631393,1.54576,9.68291
0.698044,1.66478,9.6353
0.659958,1.69096,9.69719
0.686142,1.73619,9.69243
0.638535,1.61241,9.60674
0.600449,1.63145,9.65672
0.669479,1.60289,9.69957
0.655197,1.59337,9.69481
0.698044,1.48863,9.68767
0.721848,1.5172,9.65196
0.667099,1.56004,9.6472
0.657578,1.5291,9.68767
0.629013,1.54338,9.6234
0.693283,1.61955,9.68529
0.617111,1.6743,9.75194
0.619492,1.64336,9.58531
0.586166,1.60289,9.62578
0.659958,1.5291,9.68053
0.698044,1.56718,9.69957
0.759934,1.57195,9.68767
0.659958,1.62907,9.66386
0.600449,1.63383,9.671
0.633774,1.56718,9.64958
0.629013,1.46959,9.66624
0.648056,1.51482,9.62102
0.638535,1.58385,9.671
0.624252,1.59575,9.59007
0.648056,1.5648,9.71385
0.650436,1.57195,9.6591
0.60759,1.57909,9.68529
0.657578,1.57433,9.71147
0.595688,1.55528,9.75194
0.619492,1.55528,9.75194
0.664719,1.61955,9.74242
0.695663,1.53386,9.671
0.655197,1.56004,9.72099
0.650436,1.61479,9.69481
0.652817,1.56242,9.68529
0.662338,1.55052,9.69719
0.636154,1.5291,9.65196
0.664719,1.52672,9.68767
0.631393,1.51958,9.68529
0.631393,1.53386,9.60197
0.652817,1.60051,9.69005
0.705185,1.59337,9.65434
0.690903,1.6624,9.67577
0.707565,1.6743,9.66386
0.567123,1.61717,9.61626
0.488571,1.64574,9.60674
0.540939,1.63383,9.60435
0.645676,1.72905,9.68529
0.657578,1.66478,9.69719
0.662338,1.61717,9.58531
0.579025,1.63145,9.62102
0.552841,1.60289,9.62578
0.619492,1.57909,9.62816
0.636154,1.5291,9.59245
0.683762,1.56718,9.59959
0.73613,1.58385,9.58293
0.700424,1.57909,9.66148
0.648056,1.52672,9.6472
0.657578,1.60527,9.62102
0.719467,1.69572,9.60912
0.655197,1.65288,9.66148
0.624252,1.65764,9.58293
0.621872,1.61955,9.62102
0.686142,1.5648,9.56627
0.700424,1.58623,9.63292
0.659958,1.64098,9.6234
0.683762,1.58385,9.57579
0.60997,1.57909,9.76146
0.657578,1.61955,9.82097
0.655197,1.64574,9.83049
0.67662,1.69572,9.82335
0.667099,1.75523,9.88048
0.743271,1.77904,9.84953
0.752792,1.6862,9.80669
0.73613,1.80998,9.68529
0.728989,1.68382,9.82573
0.819443,1.68382,9.84001
0.814682,1.75761,9.81859
0.781357,1.60527,9.60674
0.774216,1.69334,9.59245
0.845627,1.79094,9.69719
0.926559,1.94328,9.80193
0.936081,1.8195,9.69719
0.955124,1.73381,9.70195
1.01225,1.71477,9.7567
1.00511,1.7719,9.68291
0.940842,1.72191,9.74718
0.693283,1.86711,9.58769
0.67424,1.90044,9.55199
0.786118,1.96233,9.59245
0.793259,1.85759,9.59245
0.809921,1.84093,9.63054
0.831345,1.82903,9.59959
0.702805,1.7957,9.502
0.629013,1.76952,9.43773
0.571884,1.71953,9.47105
0.574264,1.81712,9.502
0.645676,1.7957,9.56389
0.659958,1.75761,9.57579
0.640915,1.75047,9.61388
0.679001,1.69572,9.60674
0.633774,1.64098,9.6115
0.629013,1.65288,9.60197
0.655197,1.67668,9.58293
0.657578,1.74809,9.54246
0.631393,1.79808,9.59007
0.640915,1.83141,9.57817
0.598068,1.9409,9.69957
0.688522,1.86711,9.59007
0.693283,1.91234,9.59483
0.717087,1.85283,9.67815
0.617111,1.96233,9.80669
0.598068,2.03374,9.74718
0.60997,1.94804,9.6234
0.562363,1.83617,9.59959
0.540939,1.88139,9.57579
0.54808,2.00517,9.61626
0.552841,2.09087,9.74718
0.631393,2.29558,9.72337
0.719467,2.39555,9.92571
0.648056,2.24321,9.66386
0.633774,1.94804,9.44487
0.529038,1.73143,9.29491
0.41954,1.84093,9.1259
0.448105,2.03612,9.04973
0.35527,2.40031,9.15922
0.207687,2.40984,8.99022
1.99059,9.85088,4.32469
1.74065,10.2651,3.3416
1.60973,10.7435,3.47014
1.67876,10.922,3.65581
1.70732,11.0173,3.80815
1.77397,10.496,3.98906
1.80254,9.81279,3.83195
1.82396,9.12486,3.73198
1.73589,8.92015,3.61058
1.68828,8.99394,3.38921
1.78111,9.14629,3.24162
1.84538,9.27007,3.3535
1.78349,8.82494,3.2202
1.91917,8.2108,3.21306
1.76207,7.77519,2.96788
1.70018,7.51097,2.68462
1.6978,7.64665,2.67509
1.5645,7.89183,2.68224
1.58354,8.11083,2.63701
1.62401,8.25603,2.70842
1.92632,8.61784,5.1721
1.93822,7.97514,5.38634
1.82396,7.45622,5.791
1.9287,7.2896,6.17662
2.08818,7.3134,6.76457
2.52141,6.63499,6.61937
2.37144,5.53288,7.25493
2.25719,4.85686,6.62175
1.74303,4.06419,6.8098
1.34312,3.25249,6.63603
0.47905,-1.67726,10.0209
0.471909,-1.63918,9.94713
0.381454,-1.81532,9.89714
0.281479,-1.91768,9.92808
0.345749,-2.07002,9.95427
0.445725,-2.05574,9.93761
0.569504,-2.12953,10.0947
0.564743,-1.87721,10.09
0.517136,-1.72487,10.1209
0.433823,-1.75343,10.0233
0.310043,-1.85579,9.9019
0.279099,-1.86531,9.7924
0.35051,-1.88911,9.86144
0.536179,-1.74867,9.85429
0.621872,-1.50111,10.0233
0.631393,-1.43922,10.0804
0.526657,-1.59633,9.98997
0.443344,-1.91292,9.81621
0.438583,-2.14381,9.69719
0.48143,-2.24141,9.59007
0.552841,-2.27473,9.59721
0.669479,-2.19618,9.64244
0.536179,-2.03908,9.59959
0.440964,-1.89388,9.70671
0.514755,-1.73201,9.76384
0.452866,-1.63679,9.79478
0.529038,-1.61061,9.95427
0.590927,-1.57967,9.9876
0.67424,-1.58919,10.009
0.683762,-1.55586,10.0043
0.638535,-1.76295,9.78764
0.629013,-1.92958,9.72575
0.662338,-1.86055,9.81383
0.60759,-1.73915,9.76146
0.648056,-1.81532,9.66863
0.588547,-1.72963,9.71147
0.657578,-1.59871,9.84477
0.655197,-1.35353,9.94713
0.645676,-1.25832,10.009
0.552841,-1.16786,9.86382
0.686142,-1.54872,9.79955
0.767075,-1.46303,9.89952
0.762314,-1.44875,9.94237
0.633774,-1.44637,9.89238
0.576645,-1.40352,9.75908
0.590927,-1.46541,9.83049
0.648056,-1.45113,9.86144
0.73851,-1.43446,9.85429
0.845627,-1.40114,9.88286
0.881332,-1.39638,9.89238
0.855148,-1.35115,9.85429
0.733749,-1.40828,9.85429
0.743271,-1.47969,9.87334
0.762314,-1.44637,9.87572
0.809921,-1.34401,9.88286
0.826584,-1.32021,9.92333
0.793259,-1.37495,9.84953
0.757553,-1.4178,9.85905
0.721848,-1.4178,9.8662
0.679001,-1.35115,9.89
0.762314,-1.35353,9.83049
0.669479,-1.15834,9.92571
0.745651,-1.05598,9.93761
0.824203,-1.20357,9.95189
0.80516,-1.23451,9.85905
0.836105,-1.23927,9.83763
0.712326,-1.27736,9.78764
0.757553,-1.43684,9.76146
0.831345,-1.45827,9.74718
0.900375,-1.39876,9.83049
0.897995,-1.37257,9.87096
0.893234,-1.2845,9.75194
0.836105,-1.18452,9.78526
0.80278,-1.1274,9.85905
0.814682,-1.14644,9.88524
0.826584,-1.1869,9.92571
0.843246,-1.18929,9.92333
0.874191,-1.16786,9.96379
0.783737,-1.09645,9.9138
0.755173,-1.13216,9.82573
0.8004,-1.10597,9.92808
0.757553,-1.07503,9.82811
0.752792,-1.07265,9.81621
0.67424,-1.07979,9.7805
0.633774,-1.11311,9.75432
0.67424,-1.15596,9.671
0.709946,-1.1274,9.74718
0.731369,-1.04884,9.71623
0.790878,-1.04408,9.81621
0.8004,-1.09169,9.81621
0.728989,-0.903641,9.89238
0.783737,-0.986954,9.84239
0.857529,-1.02504,9.77336
0.824203,-1.03218,9.81859
0.859909,-1.0417,9.83525
0.859909,-1.09645,9.85429
0.86467,-1.21547,9.77098
0.876572,-1.24879,9.74718
0.812302,-1.31306,9.68529
0.809921,-1.21547,9.71861
0.762314,-1.10359,9.86144
0.771835,-1.07265,9.82573
0.790878,-1.09169,9.79716
0.719467,-1.02028,9.83763
0.705185,-0.984573,9.85429
0.724228,-1.16072,9.7924
0.790878,-1.12978,9.86858
0.812302,-1.06789,9.96855
0.862289,-1.10359,9.93761
0.807541,-1.09169,9.83525
0.790878,-0.820328,9.89
0.781357,-0.782242,9.79002
0.821823,-0.815567,9.9138
0.833725,-0.806046,9.7686
0.817062,-0.794144,9.81859
0.793259,-0.813187,9.81145
0.826584,-0.839371,9.75194
0.824203,-0.83223,9.87572
0.878952,-0.815567,9.89238
0.893234,-0.753677,9.90428
0.862289,-0.739395,9.92808
0.871811,-0.77034,9.87572
0.850388,-0.798904,9.89714
0.836105,-0.787003,9.80669
0.752792,-0.848892,9.84715
0.776596,-0.875076,9.81859
0.776596,-0.83223,9.87334
0.824203,-0.751297,9.93047
0.86705,-0.763199,9.9019
0.845627,-0.675125,9.96379
0.862289,-0.756058,9.95189
0.824203,-0.810806,9.94713
0.86705,-0.817947,9.90904
0.852768,-0.844131,9.86382
0.831345,-0.844131,9.93285
0.817062,-0.820328,9.92571
0.793259,-0.803665,9.94237
0.793259,-0.722733,9.91142
0.824203,-0.760818,9.98521
0.819443,-0.729874,9.86382
0.821823,-0.682266,9.81621
0.817062,-0.739395,9.85905
0.781357,-0.758438,9.81145
0.73851,-0.777481,9.81859
0.73613,-0.787003,9.77336
0.774216,-0.808426,9.79716
0.807541,-0.798904,9.74004
0.795639,-0.820328,9.71147
0.828964,-0.903641,9.46629
0.693283,-0.932205,9.69957
0.781357,-0.779861,9.80193
0.831345,-0.694168,9.7805
0.745651,-0.629898,9.80431
0.788498,-0.613236,9.85905
0.709946,-0.70607,9.8662
0.781357,-0.503738,9.93761
0.819443,-0.563248,9.81859
0.774216,-0.625137,9.84001
0.748032,-0.691788,9.7924
0.743271,-0.665604,9.72575
0.664719,-0.656082,9.89
0.695663,-0.627518,9.87096
0.724228,-0.615616,9.8662
0.786118,-0.546585,9.99235
0.843246,-0.615616,9.82097
0.80278,-0.589432,9.94951
0.843246,-0.460892,9.95903
0.798019,-0.558487,9.87096
0.745651,-0.625137,9.83525
0.771835,-0.637039,9.80431
0.759934,-0.658462,9.79716
0.762314,-0.613236,9.79478
0.743271,-0.537064,9.81621
0.733749,-0.594193,9.9019
0.798019,-0.613236,9.85191
0.828964,-0.596573,9.90904
0.788498,-0.670364,9.93523
0.778976,-0.613236,9.83287
0.743271,-0.637039,9.82573
0.757553,-0.546585,9.93047
0.764694,-0.534683,9.93047
0.817062,-0.527542,9.96141
0.824203,-0.591812,9.91856
0.717087,-0.570389,9.83287
0.681381,-0.57753,9.8662
0.714706,-0.565628,9.83763
0.728989,-0.518021,9.87334
0.80278,-0.522781,9.83049
0.769455,-0.432327,9.85429
0.778976,-0.494217,9.90666
0.812302,-0.496597,9.89714
0.824203,-0.563248,9.88524
0.828964,-0.598953,9.83763
0.831345,-0.594193,9.88286
0.757553,-0.582291,9.80431
0.752792,-0.634659,9.81859
0.774216,-0.596573,9.87096
0.817062,-0.591812,9.8662
0.812302,-0.570389,9.85191
0.771835,-0.501358,9.8662
0.702805,-0.565628,9.70671
0.80516,-0.622757,9.89
0.776596,-0.617996,9.89952
0.790878,-0.589432,9.82573
0.748032,-0.620377,9.88286
0.719467,-0.615616,9.79478
0.783737,-0.572769,9.91856
0.762314,-0.551346,9.92333
0.67424,-0.560867,9.89714
0.705185,-0.556107,9.88286
0.717087,-0.646561,9.88048
0.693283,-0.672745,9.8662
0.705185,-0.608475,9.92808
0.764694,-0.608475,9.8662
0.762314,-0.629898,9.84001
0.793259,-0.625137,9.82097
0.721848,-0.634659,9.81145
0.755173,-0.629898,9.86382
0.750412,-0.658462,9.84001
0.809921,-0.617996,9.91618
0.855148,-0.601334,9.86382
0.857529,-0.570389,9.8662
0.86705,-0.627518,9.90904
0.909897,-0.64418,9.84001
0.852768,-0.625137,9.8781
0.702805,-0.610855,9.85667
0.695663,-0.594193,9.8781
0.743271,-0.582291,9.89952
0.752792,-0.594193,9.88286
0.788498,-0.601334,9.8781
0.80516,-0.568008,9.88048
0.814682,-0.598953,9.85905
0.86705,-0.553726,9.97807
0.845627,-0.57515,9.93999
0.814682,-0.582291,9.96379
0.767075,-0.629898,9.84953
0.821823,-0.689407,9.84715
0.80516,-0.629898,9.77812
0.807541,-0.651321,9.81621
0.728989,-0.565628,9.73527
0.759934,-0.546585,9.87096
0.767075,-0.598953,9.83525
0.814682,-0.594193,9.80907
0.788498,-0.594193,9.7924
0.73613,-0.610855,9.71385
0.757553,-0.584671,9.70671
0.778976,-0.665604,9.69957
0.683762,-0.658462,9.68529
0.855148,-0.546585,9.41155
0.652817,-0.656082,9.84477
0.695663,-0.432327,9.81383
0.838486,-0.306168,9.93523
0.831345,-0.187149,10.059
0.912277,-0.182388,9.93523
0.912277,-0.327591,9.93523
0.909897,-0.541824,9.85191
0.881332,-0.582291,9.81859
0.80278,-0.608475,9.79955
0.869431,-0.620377,9.84239
0.881332,-0.57515,9.92571
0.883713,-0.446609,9.91856
0.831345,-0.45137,9.86858
0.878952,-0.437088,9.97093
0.895615,-0.468033,9.93047
0.919418,-0.51326,9.90666
0.878952,-0.503738,9.89
0.878952,-0.487076,9.98521
0.878952,-0.494217,9.82811
0.850388,-0.479935,9.80431
0.833725,-0.51088,9.82573
0.874191,-0.518021,9.89
0.826584,-0.44899,9.87572
0.733749,-0.458511,9.86858
0.764694,-0.489456,9.78288
0.783737,-0.546585,9.83525
0.848007,-0.613236,9.82811
0.876572,-0.541824,9.89952
0.888474,-0.437088,9.89714
0.814682,-0.491837,9.82811
0.80278,-0.558487,9.83763
0.748032,-0.527542,9.80669
0.871811,-0.496597,9.91856
0.817062,-0.520401,9.87334
0.793259,-0.537064,9.79002
0.821823,-0.546585,9.86144
0.828964,-0.584671,9.85429
0.86467,-0.584671,9.91142
0.871811,-0.537064,9.93285
0.886093,-0.406143,9.85905
0.80516,-0.406143,9.93523
0.771835,-0.425186,9.8662
0.817062,-0.546585,9.84239
0.871811,-0.553726,9.89476
0.857529,-0.563248,9.81383
0.852768,-0.520401,9.85191
0.862289,-0.527542,9.7924
0.828964,-0.551346,9.81859
0.767075,-0.522781,9.85429
0.73851,-0.57753,9.85191
0.819443,-0.570389,9.82097
0.778976,-0.51326,9.84715
0.781357,-0.51088,9.84001
0.826584,-0.498978,9.82097
0.869431,-0.532303,9.89238
0.826584,-0.525162,9.83763
0.871811,-0.479935,9.88762
0.783737,-0.525162,9.88524
0.809921,-0.472794,9.89476
0.788498,-0.51326,9.86858
0.731369,-0.556107,9.77574
0.724228,-0.553726,9.79716
0.845627,-0.553726,9.85667
0.788498,-0.553726,9.85429
0.743271,-0.529922,9.85905
0.709946,-0.57753,9.88762
0.748032,-0.541824,9.8781
0.809921,-0.572769,9.91618
0.833725,-0.570389,9.90904
0.821823,-0.518021,9.87334
0.817062,-0.484695,9.95903
0.848007,-0.518021,9.88762
0.850388,-0.482315,9.86144
0.786118,-0.496597,9.80193
0.762314,-0.477554,9.86382
0.786118,-0.463272,9.84715
0.778976,-0.525162,9.80669
0.86467,-0.563248,9.67815
0.838486,-0.558487,9.74718
0.783737,-0.522781,9.78526
0.721848,-0.525162,9.84477
0.824203,-0.487076,9.93047
0.762314,-0.410904,9.82097
0.709946,-0.45137,9.82811
0.73613,-0.508499,9.81621
0.755173,-0.475174,9.8662
0.721848,-0.482315,9.87096
0.786118,-0.615616,9.86858
0.8004,-0.589432,9.94951
0.871811,-0.525162,9.90904
0.828964,-0.520401,10.0257
0.790878,-0.501358,9.96617
0.795639,-0.522781,9.93761
0.726608,-0.537064,9.92571
0.743271,-0.520401,9.92808
0.719467,-0.498978,9.94713
0.774216,-0.522781,9.87572
0.809921,-0.560867,9.92571
0.819443,-0.525162,9.85429
0.826584,-0.477554,9.81145
0.852768,-0.420425,9.90428
0.771835,-0.351395,9.9019
0.771835,-0.418045,9.89476
0.764694,-0.498978,9.84239
0.80278,-0.546585,9.78764
0.793259,-0.527542,9.9019
0.855148,-0.472794,10.0185
0.731369,-0.525162,10.1899
0.831345,-0.470413,10.2447
0.838486,-0.537064,10.2304
0.905136,-0.806046,10.178
0.73613,-0.872696,10.2518
0.0482025,-5.36684,6.51939
0.279099,-5.66914,6.26
-0.437393,-6.14046,4.96501
0.0291595,-7.54488,3.80577
-0.539749,-7.88051,4.04143
0.276718,-8.39229,2.57988
0.433823,-9.42537,1.88005
0.148178,-9.31349,1.87053
-0.501663,-9.69673,0.432785
-0.896805,-10.5584,0.404221
-1.24434,-9.93239,-0.514603
-1.21577,-10.1014,-0.750259
-0.989639,-9.96095,-1.30965
-1.23482,-9.79433,-1.35725
-1.44667,-9.3849,-1.83809
-1.50618,-9.58962,-2.29512
-1.43239,-9.74672,-2.99733
-1.67519,-9.93001,-3.12825
-1.53712,-10.1252,-3.98518
-1.95607,-10.6037,-3.97804
-1.86562,-9.51106,-4.83736
-1.87752,-9.67293,-4.98732
-1.81563,-9.78957,-5.08254
-1.82753,-10.0133,-5.13728
-1.85609,-10.2061,-5.16109
-1.8918,-10.0895,-4.9897
-1.98225,-10.0086,-4.70168
-1.97749,-10.049,-4.36366
-1.84657,-10.168,-3.8495
-1.80849,-10.3037,-3.58052
-1.73232,-10.3656,-3.23775
-1.868,-10.1895,-3.18776
-1.92751,-10.2204,-3.28297
-1.90132,-10.2918,-3.21394
-1.70375,-10.4513,-2.90688
-1.48714,-10.8845,-2.38557
-1.25386,-11.2321,-1.84523
-1.06819,-11.0559,-1.84999
-0.999161,-10.7179,-1.04543
-0.918228,-9.90144,-0.226578
-0.408829,-9.07069,0.866013
-0.16127,-8.12331,2.17046
0.0624847,-6.62605,3.58678
0.121994,-5.63582,4.74364
0.107712,-5.35493,5.66484
-0.101761,-5.31923,6.22423
-0.0160675,-5.50728,6.50987
0.112473,-5.09547,6.41942
0.217209,-4.41945,6.54558
0.233871,-3.55061,6.40276
0.828964,0.786423,9.09019
0.936081,1.26488,9.31871
0.850388,2.18132,9.99474
0.624252,3.14061,10.7279
0.269577,4.11418,10.9017
0.243393,4.23796,10.7684
0.364792,3.42387,10.2566
0.540939,2.88591,10.0257
0.381454,2.65977,9.95903
0.186264,2.29558,9.69719
0.764694,1.55528,9.80193
0.809921,1.21489,9.68767
0.652817,1.11491,9.59959
0.640915,1.14586,9.54485
0.600449,1.37675,9.67339
0.659958,1.58623,9.74718
0.645676,1.76952,9.82573
0.60997,1.87663,9.97807
0.590927,1.92424,10.0923
0.602829,1.53862,9.94951
0.500473,1.49339,9.92094
0.476669,1.16014,9.73766
0.462387,0.917343,9.48296
0.524277,0.800705,9.33061
0.445725,0.957809,9.42821
0.443344,1.16966,9.52342
0.440964,1.23869,9.68529
0.517136,1.22679,9.76384
0.517136,1.22679,9.84477
0.581406,1.27202,9.78764
0.650436,1.15062,9.95665
0.655197,1.03636,9.93285
0.626633,0.945908,9.89476
0.67186,0.855453,9.87334
0.650436,0.786423,9.9019
0.667099,0.781662,9.80193
0.629013,0.753098,9.69243
0.683762,0.731674,9.82335
0.679001,0.779282,9.84953
0.621872,0.853073,9.84953
0.617111,0.791184,9.70671
0.657578,0.867355,9.84477
0.709946,0.829269,9.77574
0.619492,0.881638,9.81859
0.581406,0.967331,9.83287
0.512375,0.957809,9.77574
0.493332,0.872116,9.78764
0.555222,0.772141,9.73766
0.593307,0.784042,9.76146
0.619492,0.826889,9.75908
0.657578,0.819748,9.70909
0.640915,0.995895,9.89714
0.67662,1.00542,9.95189
0.721848,1.01256,9.97331
0.688522,0.991135,9.87572
0.667099,0.938766,9.8662
0.679001,0.8983,9.93285
0.669479,0.910202,9.89238
0.67662,0.814987,9.73289
0.662338,0.70787,9.66624
0.559982,0.672165,9.64244
0.564743,0.612656,9.71147
0.602829,0.688828,9.76146
0.598068,0.857834,9.9019
0.557602,0.979233,9.96141
0.617111,0.969711,9.9138
0.631393,0.988754,9.89476
0.614731,0.884018,9.7805
0.709946,0.736435,9.82335
0.688522,0.629318,9.72813
0.600449,0.760239,9.82335
0.564743,0.76738,9.72337
0.559982,0.795944,9.68767
0.521896,0.872116,9.87572
0.586166,0.991135,9.8662
0.564743,0.917343,9.87334
0.600449,0.869736,9.87572
0.664719,0.817368,9.86858
0.619492,0.824509,9.84477
0.590927,0.70787,9.85905
0.60997,0.581711,9.76622
0.638535,0.636459,9.84953
0.67424,0.762619,9.81145
0.581406,0.779282,9.7805
0.595688,0.862595,9.80907
0.629013,0.945908,9.83763
0.626633,0.974472,9.89714
0.636154,0.926865,9.92571
0.640915,0.793564,9.86382
0.595688,0.776901,9.77574
0.557602,0.774521,9.73766
0.517136,0.724533,9.70671
0.655197,0.681686,9.71623
0.664719,0.738815,9.6591
0.598068,0.843552,9.74956
0.567123,0.867355,9.79716
0.602829,0.83165,9.83049
0.593307,0.812607,9.86382
0.586166,0.83165,9.69719
0.540939,0.83403,9.73527
0.593307,0.76738,9.84001
0.652817,0.762619,9.83525
0.588547,0.819748,9.88048
0.538559,0.924484,9.89952
0.655197,0.983994,9.89476
0.67662,0.919724,9.87334
0.657578,0.853073,9.86382
0.640915,0.795944,9.81859
0.586166,0.753098,9.80431
0.579025,0.648361,9.70909
0.640915,0.650742,9.85667
0.657578,0.743576,9.7686
0.652817,0.781662,9.76146
0.626633,0.814987,9.80193
0.579025,0.893539,9.8781
0.60759,0.8983,9.96379
0.564743,0.848312,9.89238
0.552841,0.83403,9.81383
0.581406,0.70549,9.74718
0.567123,0.669785,9.66863
0.550461,0.667404,9.60197
0.54808,0.660263,9.62102
0.517136,0.776901,9.64244
0.583786,0.841171,9.77336
0.619492,0.912582,9.87096
0.590927,0.948288,9.93523
0.626633,0.948288,9.98045
0.664719,0.919724,9.92094
0.636154,0.860214,9.88762
0.61235,0.784042,9.80907
0.593307,0.76738,9.82573
0.67186,0.841171,9.96379
0.605209,0.872116,9.96379
0.562363,0.886398,9.83287
0.509995,0.884018,9.7924
0.495712,0.857834,9.82335
0.47905,0.715012,9.7686
0.557602,0.693588,9.71385
0.60759,0.750717,9.7567
0.576645,0.807846,9.77336
0.54332,0.788803,9.77574
0.498093,0.791184,9.80193
0.524277,0.76738,9.85429
0.550461,0.719772,9.82097
0.571884,0.719772,9.80907
0.571884,0.755478,9.68529
0.640915,0.764999,9.77574
0.552841,0.83641,9.72337
0.536179,0.741196,9.8662
0.562363,0.757858,9.7805
0.567123,0.817368,9.87572
0.595688,0.872116,9.9138
0.595688,0.800705,9.78526
0.600449,0.848312,9.76622
0.524277,0.812607,9.8662
0.519516,0.800705,9.79955
0.507614,0.824509,9.79478
0.536179,0.869736,9.89
0.540939,0.838791,9.80907
0.54808,0.869736,9.80669
0.564743,0.764999,9.85429
0.555222,0.743576,9.72337
0.533798,0.755478,9.81859
0.505234,0.812607,9.82573
0.48143,0.776901,9.84001
0.498093,0.795944,9.86144
0.486191,0.776901,9.95665
0.512375,0.760239,9.87334
0.5457,0.731674,9.87334
0.524277,0.76738,9.84477
0.521896,0.736435,9.74956
0.490952,0.734055,9.68291
0.455246,0.757858,9.72575
0.471909,0.812607,9.78764
0.490952,0.772141,9.77574
0.509995,0.667404,9.93047
0.571884,0.636459,9.88762
0.60997,0.669785,9.95903
0.550461,0.712631,9.87572
0.47905,0.722153,9.83287
0.583786,0.667404,9.83049
0.557602,0.64122,9.84715
0.498093,0.645981,9.78764
0.488571,0.634079,9.84001
0.502853,0.572189,9.88762
0.524277,0.610275,9.85191
0.47905,0.667404,9.85429
0.509995,0.717392,9.84715
0.502853,0.760239,9.82097
0.474289,0.817368,9.87096
0.512375,0.634079,9.85905
0.509995,0.731674,9.87096
0.524277,0.760239,9.84953
0.574264,0.817368,9.83049
0.562363,0.886398,9.82811
0.529038,0.907822,9.81145
0.502853,0.853073,9.87096
0.564743,0.841171,9.81383
0.569504,0.760239,9.89952
0.519516,0.717392,9.83049
0.345749,0.741196,9.72813
0.314804,0.712631,9.63054
0.264816,0.593613,9.5377
0.276718,0.610275,9.55913
0.248154,0.615036,9.56151
0.183884,0.615036,9.59721
0.252914,0.674545,9.59483
0.28624,0.722153,9.64006
0.307663,0.779282,9.68291
0.271957,0.83641,9.58055
0.567123,1.17918,9.16161
0.598068,1.21251,9.06163
0.643295,1.36961,8.89977
0.73851,1.60289,8.86406
0.771835,1.6743,8.99974
0.786118,1.78618,9.00926
0.959885,1.66478,9.10448
1.00987,1.72191,9.11876
1.1765,1.84331,9.09734
1.24077,1.79332,9.12114
1.16222,1.90996,9.12114
1.24553,1.99565,9.30443
1.23601,2.11705,9.43059
1.3336,2.26463,9.37822
1.38835,2.15038,9.6115
1.52879,2.21465,9.68053
1.68352,2.21465,9.92333
1.77397,2.4146,10.109
1.84776,2.40746,10.2875
1.88109,2.31462,10.3804
2.70946,1.83617,11.6253
2.77849,1.99089,11.7848
2.85942,1.98613,12.0799
2.89989,2.0504,12.3037
2.93083,2.2075,12.5989
3.06175,2.03136,12.7345
3.12364,1.37199,12.5441
3.24504,0.526962,12.1418
3.41881,-0.32045,12.0038
3.46165,-0.57753,12.068
3.41881,-0.00386047,12.6346
3.29741,0.25798,12.9964
3.28789,0.343674,13.2035
3.30693,0.462692,13.6129
3.48784,0.341293,13.7034
3.66875,-0.44899,13.4867
3.58781,-1.06789,13.0987
3.29265,-1.90578,12.6679
2.9832,-2.62703,12.2037
2.7166,-3.14119,11.78
2.59044,-3.19832,11.7157
2.40715,-2.55324,11.9871
2.31194,-2.05098,12.1466
1.98344,-1.69154,12.1656
1.86205,-1.66774,11.9585
1.6978,-1.69392,11.7943
1.6859,-1.89626,11.7491
1.59306,-2.15572,11.6324
1.36931,-2.27711,11.2206
1.1884,-2.40565,10.835
-0.961075,-2.11049,9.03307
-1.18959,-1.99623,8.64269
-1.3824,-2.07716,8.28563
-1.69661,-2.00575,7.9619
-1.868,-2.15572,7.77385
-1.89656,-2.11525,7.65959
-1.94417,-1.98909,7.56438
-1.96321,-1.70821,7.72386
-2.16792,-1.53444,7.60008
-2.27266,-1.24403,7.60008
-2.89632,-0.437088,5.96953
-2.75349,-0.432327,5.89812
-2.72493,-0.237137,5.77434
-2.73445,0.0413666,5.70531
-2.67018,0.291306,5.65056
-2.6797,0.607895,5.72911
-2.75826,0.762619,5.71959
-2.813,0.891159,5.70769
-2.88918,0.845932,5.51488
-3.44142,0.688828,5.2816
-2.08699,3.2144,8.12376
-1.83467,3.1906,8.10948
-1.58473,2.30034,7.65721
-1.55855,1.85759,7.65483
-1.51332,1.63145,7.57628
-1.64662,1.73143,7.78337
-1.71803,1.9409,8.09758
-1.63948,2.33842,8.53795
-1.57997,2.78593,9.1497
-1.44667,2.91924,9.49962
-0.0803375,1.01018,12.0061
0.241013,1.06255,11.8728
0.455246,0.922104,11.9681
0.60997,0.700729,11.8157
0.579025,0.403183,11.7324
0.540939,-0.00624084,11.642
0.41478,-0.0419464,11.9228
0.329086,-0.106216,12.1395
0.410019,0.00804138,12.4775
0.709946,-0.246658,12.3061
0.86467,-0.532303,12.1704
0.909897,-0.746536,11.8086
0.759934,-1.13216,11.7419
0.652817,-1.43208,11.6301
0.614731,-1.68678,11.3301
0.743271,-1.86055,11.2063
0.764694,-2.18904,11.0802
0.793259,-2.04622,11.0373
0.643295,-1.88911,11.1278
0.648056,-1.4416,11.4729
0.411209,-0.801285,9.88881
0.427872,-0.840561,9.93166
0.426682,-0.894119,9.86501
0.395737,-0.853653,9.91261
0.41478,-0.783432,9.96498
0.426682,-0.735825,10.0221
0.41954,-0.737015,9.87096
0.400497,-0.867935,9.80431
0.436203,-0.847702,9.84715
0.470718,-0.776291,9.83168
0.388596,-0.733444,9.90309
0.440964,-0.679886,9.9388
0.433823,-0.77153,9.90785
0.365982,-0.821518,9.84596
0.421921,-0.728684,9.89119
0.41716,-0.590622,9.93523
0.362411,-0.692978,9.95546
0.388596,-0.717972,9.8662
0.404068,-0.676315,9.86501
0.376694,-0.607285,9.92451
0.381454,-0.871506,9.83406
0.387405,-0.932205,9.84477
0.395737,-0.928635,9.86977
0.339798,-0.913162,9.87215
0.368362,-0.869125,9.92808
0.329086,-0.921494,9.88405
0.35289,-0.928635,9.88286
0.360031,-0.902451,9.87215
0.371933,-0.875076,9.93166
0.401688,-0.925064,9.89238
1.81444,9.91277,1.98003
2.05009,9.96751,1.81697
2.16197,9.77351,1.94789
1.98225,9.59499,2.10619
2.07628,9.45573,2.24068
2.09175,9.77232,2.27638
1.99892,10.1853,2.30495
1.99892,10.5388,2.73936
2.09056,10.202,3.15355
2.0251,9.8842,3.85457
0.467148,-0.493027,9.81978
0.494522,-0.489456,9.85429
0.471909,-0.463272,9.83168
0.401688,-0.4478,9.84953
0.373123,-0.407333,9.9138
0.476669,-0.410904,9.82216
0.398117,-0.397812,9.84834
0.465958,-0.395432,9.89952
0.469528,-0.347824,9.96022
0.490952,-0.454941,9.92094
0.269577,-0.612045,9.84715
0.380264,-0.590622,9.8662
0.426682,-0.464462,9.96736
0.327896,-0.445419,9.90428
0.313614,-0.568008,9.91261
0.280289,-0.602524,9.82097
0.314804,-0.701309,9.83049
0.331467,-0.604904,9.88643
0.35289,-0.552536,9.92928
0.361221,-0.563248,9.9388
0.365982,-0.465652,9.9269
0.346939,-0.548965,9.83406
0.318375,-0.570389,9.84358
0.321945,-0.615616,9.82573
0.327896,-0.520401,9.87096
0.257675,-0.568008,9.87215
0.22435,-0.523972,9.83168
0.274338,-0.550156,9.86262
0.307663,-0.572769,9.87096
0.300522,-0.464462,9.88881
0.314804,-0.503738,9.92451
0.275528,-0.565628,9.91499
0.258865,-0.57634,9.85548
0.282669,-0.528732,9.89357
0.323135,-0.554916,9.97331
0.319565,-0.556107,9.93404
0.362411,-0.583481,9.93999
0.360031,-0.568008,9.88643
0.264816,-0.520401,9.88405
0.28981,-0.607285,9.89357
0.364792,-0.638229,9.88643
0.335037,-0.625137,9.84239
0.293381,-0.528732,9.92571
0.313614,-0.428757,9.97569
0.380264,-0.548965,9.95546
0.439774,-0.57872,9.86739
0.281479,-0.519211,9.8531
0.305283,-0.523972,9.92571
0.295761,-0.51207,9.82811
0.35051,-0.57872,9.88643
0.373123,-0.64537,9.89357
0.437393,-0.596573,9.9864
0.402878,-0.525162,9.96379
0.361221,-0.525162,9.88524
0.330276,-0.57991,9.85429
0.381454,-0.570389,9.85905
0.360031,-0.608475,9.84358
0.335037,-0.606094,9.92808
0.291,-0.543014,9.90309
0.315994,-0.529922,9.94475
0.35408,-0.557297,9.99712
0.317184,-0.594193,9.92094
0.276718,-0.647751,9.90785
0.319565,-0.634659,9.94594
0.315994,-0.521591,9.96141
0.310043,-0.637039,9.94951
0.333847,-0.623947,9.95665
0.374313,-0.665604,9.91856
0.338608,-0.594193,9.9269
0.256485,-0.57991,9.97569
0.256485,-0.571579,9.94237
0.400497,-0.613236,9.9388
0.361221,-0.590622,9.93166
0.268387,-0.556107,9.93761
0.313614,-0.545395,9.95546
0.360031,-0.571579,9.89714
0.273148,-0.673935,9.84715
0.307663,-0.675125,9.81026
0.343369,-0.547775,9.84715
0.367172,-0.523972,9.86739
0.285049,-0.51326,9.8662
0.254105,-0.538254,9.8662
0.291,-0.502548,9.86025
0.324326,-0.491837,9.85905
0.251724,-0.493027,9.86382
0.257675,-0.498978,9.8412
0.296951,-0.497787,9.79598
0.336227,-0.554916,9.78169
0.356461,-0.464462,9.84715
0.346939,-0.396622,9.81026
0.306473,-0.432327,9.79359
0.349319,-0.260941,9.96022
0.561172,0.353195,10.4351
0.640915,0.914963,10.9826
0.282669,0.354385,10.6136
0.0398712,-0.983383,9.69719
0.231491,-2.13191,9.43297
0.269577,-2.70677,9.14494
-0.0743866,-3.71962,8.09877
0.0422516,-3.63393,7.45964
0.0470123,-5.16808,4.54726
-0.150558,-7.41753,0.982651
-0.740891,-9.16829,-1.56554
-1.92036,-10.3168,-2.72597
-1.65614,-9.65865,-3.3401
-2.57378,-9.45512,-4.77428
-2.57497,-9.35277,-5.52766
-2.40358,-9.48845,-5.95851
-2.61781,-9.39918,-5.80379
-2.67137,-8.64223,-5.23964
-2.39882,-8.60176,-5.30629
-2.33336,-9.25041,-5.75142
-2.51189,-9.42061,-6.0085
-2.56187,-9.28731,-5.75499
-2.44167,-9.15758,-5.50148
-2.44762,-9.51225,-5.73
-2.40477,-9.99666,-6.21797
-2.4012,-10.2287,-6.60359
-2.38216,-10.199,-6.10728
-2.42619,-10.1788,-5.17775
-2.36549,-10.0812,-4.17918
-2.01201,-10.2597,-3.3044
-1.54427,-10.2359,-2.4677
-1.21458,-9.96809,-1.06447
-1.10271,-9.37181,0.470871
-0.796829,-8.33159,1.73604
-0.86705,-6.05952,2.93098
-0.219589,-3.29591,4.80077
0.138657,-0.51207,7.2466
0.564743,1.59099,9.76027
0.261246,2.88948,11.179
0.00297546,3.65715,11.2444
0.394547,2.76689,10.4303
0.185074,1.57671,9.65196
0.274338,0.929245,9.09615
0.408829,1.65288,9.70671
0.335037,2.98589,10.3863
0.296951,2.74309,10.1566
0.28862,1.84569,9.53532
0.164841,1.74214,9.55675
0.0696259,1.63383,9.52104
0.0934296,1.62669,9.58293
0.0434418,1.72429,9.64958
0.126755,1.72905,9.69481
0.131516,1.64574,9.6234
0.129135,1.57195,9.63054
0.141037,1.66954,9.71385
0.195786,1.73857,9.73289
0.117233,1.62669,9.67339
0.0482025,1.60527,9.55199
0.0363007,1.60289,9.56865
0.152939,1.59337,9.68767
0.126755,1.76237,9.73052
0.124374,1.83379,9.74242
0.186264,1.70525,9.80907
0.181503,1.6386,9.69243
0.164841,1.62907,9.69957
0.141037,1.66954,9.77336
0.16246,1.72905,9.74004
0.174362,1.65526,9.76146
0.155319,1.63145,9.63768
0.16008,1.51958,9.64006
0.0648651,1.58147,9.67815
0.119614,1.5291,9.62816
0.0410614,1.56718,9.62816
0.0243988,1.5172,9.62578
0.0172577,1.57671,9.70909
0.0529633,1.55528,9.80907
0.057724,1.59337,9.80669
0.0720062,1.65764,9.77812
0.293381,1.67668,9.73289
0.210068,1.64812,9.62816
0.191025,1.57433,9.59721
0.171982,1.64098,9.59007
0.176743,1.72191,9.6591
0.262436,1.80046,9.71147
0.312424,1.90044,9.76384
0.231491,1.89091,9.7567
0.195786,1.92186,9.75908
0.238632,1.81474,9.68767
0.0886688,1.61241,9.47582
0.105331,1.57195,9.57579
0.0410614,1.58623,9.66148
0.0505829,1.54338,9.65672
0.000595093,1.4315,9.60674
0.0124969,1.45531,9.54246
0.0815277,1.60051,9.57103
0.0839081,1.67192,9.75908
0.105331,1.64336,9.76146
0.141037,1.72191,9.7567
0.138657,1.61717,9.71147
0.110092,1.59575,9.80193
0.143417,1.51006,9.68053
0.145798,1.45531,9.57103
0.0648651,1.30534,9.44011
0.0291595,1.32201,9.57103
0.057724,1.48387,9.70195
0.0934296,1.72667,9.9019
0.167221,1.7957,9.91142
0.169601,1.61241,9.86144
0.174362,1.72667,9.91142
0.207687,1.69572,9.89476
0.181503,1.56004,9.73052
0.138657,1.50529,9.77336
0.16246,1.29344,9.54246
0.183884,1.04826,9.4901
0.0791473,1.03636,9.49962
0.107712,1.40056,9.68291
0.0672455,1.64098,9.8662
0.0672455,1.53386,9.82573
0.0815277,1.40056,9.75432
0.114853,1.47911,9.86144
0.179123,1.48149,9.8781
0.22673,1.13872,9.62816
0.212448,0.938766,9.62578
0.102951,1.20061,9.69957
0.0672455,1.49339,9.9019
0.038681,1.60527,9.85905
0.0553436,1.47911,9.8662
0.119614,1.36247,9.83763
0.105331,1.14824,9.6591
0.171982,1.07207,9.58531
0.0934296,1.10539,9.64958
0.126755,1.19823,9.71385
0.126755,1.19585,9.81383
0.133896,1.28392,9.82573
0.141037,1.27202,9.87334
0.155319,1.18156,9.81383
0.133896,1.12682,9.78526
0.171982,1.0197,9.77098
0.198166,1.07207,9.7448
0.16008,1.13396,9.85429
0.105331,1.27678,9.78764
0.0339203,1.27678,9.81859
0.0220184,1.21489,9.88762
0.0315399,1.12682,9.81621
0.107712,1.14586,9.86144
0.057724,1.12682,10.0043
0.0791473,1.02922,9.89
0.124374,0.967331,9.87334
0.0886688,1.16252,9.88762
0.100571,1.13634,9.85429
0.0434418,1.14824,9.84715
0.0648651,1.08635,9.72813
0.076767,1.05064,9.80669
0.133896,1.0435,9.7805
0.169601,1.02446,9.73527
0.198166,1.10301,9.74004
0.16246,1.07921,9.76622
0.145798,1.1411,9.79716
0.16246,1.24107,9.81383
0.0529633,1.31248,9.90904
0.100571,1.30296,9.9019
0.169601,1.23631,9.84477
0.255295,1.15776,9.72575
0.252914,1.11967,9.79955
0.236252,1.07683,9.67815
0.176743,1.13634,9.69243
0.148178,1.09587,9.71385
0.188644,1.16014,9.72813
0.22435,1.17442,9.76146
0.183884,1.15776,9.74242
0.16008,1.16728,9.70909
0.150558,1.06255,9.77098
0.205307,1.08397,9.73289
0.181503,1.10301,9.74956
0.186264,1.16966,9.78526
0.236252,1.14348,9.82811
0.205307,1.13158,9.75908
0.174362,1.16728,9.79716
0.114853,1.12682,9.67577
0.200546,1.20299,9.79002
0.167221,1.22441,9.88048
0.0791473,1.24821,9.84001
0.0220184,1.24107,9.78526
0.107712,1.22441,9.78764
0.0529633,1.22679,9.83763
0.0624847,1.11967,9.76384
0.0958099,0.941147,9.70671
0.105331,1.0435,9.84477
0.188644,1.21251,9.80669
0.150558,1.20299,9.82573
0.105331,1.24821,9.82573
0.100571,1.21965,9.88048
0.057724,1.19347,9.92808
0.105331,1.15062,9.83525
0.105331,1.08397,9.69719
0.121994,0.976852,9.67815
0.126755,1.04588,9.7448
0.129135,1.18156,9.78288
0.0743866,1.16252,9.69243
0.131516,1.20299,9.74956
0.0267792,1.22441,9.7805
0.0315399,1.14824,9.80193
0.0482025,1.12682,9.75432
0.119614,1.18871,9.7567
0.112473,1.29344,9.86382
0.100571,1.2625,9.85905
0.143417,1.23155,9.79478
0.219589,1.22679,9.87096
0.171982,1.19347,9.89714
0.110092,1.15776,9.81383
0.076767,1.11253,9.79716
0.0958099,1.06731,9.671
0.141037,1.02684,9.71861
0.126755,1.13634,9.73289
0.0839081,1.3101,9.84715
0.0648651,1.41246,9.78288
0.105331,1.31725,9.72575
0.0720062,1.27916,9.65434
0.0482025,1.19347,9.69719
0.119614,1.21251,9.75908
0.198166,1.21489,9.7686
0.0886688,1.22917,9.73289
0.0791473,1.18394,9.7567
0.126755,1.23869,9.75908
0.114853,1.2506,9.82811
0.126755,1.28154,9.83525
0.107712,1.27678,9.81859
0.143417,1.17204,9.82573
0.152939,1.21965,9.70195
0.0910492,1.17204,9.78764
0.038681,1.18394,9.71861
0.0267792,1.17204,9.72813
0.136276,1.15538,9.70433
0.191025,1.22203,9.70195
0.181503,1.29582,9.66624
0.121994,1.2982,9.57817
0.152939,1.2744,9.61864
0.138657,1.19585,9.69243
0.143417,1.19347,9.80907
0.143417,1.20775,9.78764
0.16246,1.2506,9.72099
0.148178,1.27678,9.7686
0.202927,1.30772,9.78764
0.217209,1.35771,9.84001
0.176743,1.36009,9.80907
0.145798,1.2744,9.80907
0.155319,1.27678,9.77336
0.179123,1.28154,9.81383
-0.00654602,1.27678,9.68767
-0.00178528,1.36485,9.75194
0.0410614,1.44341,9.83287
0.057724,1.45293,9.79002
0.0410614,1.44817,9.75432
0.0934296,1.28154,9.68529
0.117233,1.38628,9.75908
0.150558,1.36247,9.80669
0.181503,1.31963,9.80669
0.174362,1.32201,9.79716
0.260056,1.70525,9.9
0.291,1.65288,9.96379
0.336227,1.65288,9.89476
0.300522,1.6743,9.87096
0.245773,1.69334,9.89952
0.248154,1.55766,9.88286
0.238632,1.69096,9.87334
0.143417,1.76952,9.83763
0.00535583,1.78142,9.81145
-0.0803375,1.72429,9.83049
-0.173172,1.90996,9.87334
-0.137466,2.24559,10.0471
-0.101761,2.32652,10.0995
-0.187454,2.33604,10.0661
-0.380264,2.46696,10.1471
-0.613541,2.48839,10.1161
-0.584976,2.50505,10.1138
-0.54451,2.50267,9.99474
-0.492142,2.21941,9.78288
-0.375504,1.78142,9.49248
1.58354,7.77043,6.15996
1.70256,7.63713,5.73149
1.90489,7.57048,5.29588
2.01201,7.53954,4.98167
2.29289,7.92278,4.6389
2.23814,7.94182,4.64366
2.17387,8.33696,4.27946
2.16197,8.06322,3.7653
2.02629,7.97276,3.19164
1.90251,8.06084,2.78459
1.77397,9.13677,-1.44057
1.69304,8.97728,-1.6786
1.69066,8.9511,-1.70003
1.80492,8.90349,-1.84999
1.88585,9.08202,-1.65242
1.92393,9.35576,-1.3644
2.02153,9.73186,-1.29774
2.15959,9.89848,-1.10255
2.25719,9.82707,-1.04066
2.26909,9.76518,-0.976395
2.30956,9.72948,-0.909744
2.26433,9.87944,-0.640762
2.32384,10.1603,-0.357498
2.45476,10.1603,-0.029007
2.56664,10.7507,0.111435
2.55235,10.9149,0.837448
2.619,11.0815,1.1469
2.55949,10.9768,1.40398
2.58568,10.7411,1.67058
2.60948,10.4222,1.86577
1.71446,7.44432,5.03642
1.62877,7.23009,5.22685
2.05962,5.74712,5.37682
1.99059,4.86876,5.37444
1.50261,3.78569,5.39824
1.26457,2.11943,5.08879
0.507614,0.814987,5.70293
-0.0136871,0.219894,6.05998
0.164841,-0.529922,6.56462
0.281479,-0.570389,7.44298
0.817062,0.0675507,10.5732
0.897995,0.177048,10.6612
0.881332,0.355576,10.6065
0.793259,0.581711,10.6898
0.947983,0.25798,10.4303
0.681381,-0.187149,10.0209
0.540939,-0.779861,9.68529
0.562363,-1.21547,9.55437
0.61235,-1.25832,9.44963
0.624252,-0.77272,9.86144
0.733749,-0.329971,9.98283
0.80278,-0.308548,9.95427
0.793259,-0.425186,9.91142
0.795639,-0.406143,10.0185
0.709946,-0.429947,9.92808
0.755173,-0.556107,9.9019
0.869431,-0.57991,9.81145
0.93132,-0.696548,9.80669
0.907516,-0.715591,9.87096
0.878952,-0.653702,9.98521
0.631393,-0.534683,9.55675
0.559982,-0.3871,9.67815
0.521896,-0.372818,9.64482
0.569504,-0.346634,9.6115
0.524277,-0.239517,9.70909
0.643295,-0.422806,9.56151
0.600449,-0.737015,9.57341
0.638535,-0.8965,9.54961
0.702805,-0.591812,9.78764
0.705185,-0.401382,9.8662
0.769455,-0.265701,9.96379
0.790878,-0.220474,9.8781
0.755173,-0.222855,9.75908
0.702805,-0.325211,9.74718
0.726608,-0.3871,9.74956
0.669479,-0.408524,9.76146
0.681381,-0.284744,9.77098
0.728989,-0.218094,9.84715
0.781357,-0.182388,9.93761
0.776596,-0.13002,9.96855
0.838486,-0.00862122,10.0661
0.914658,-0.0657501,10.04
0.947983,-0.118118,9.97093
0.907516,-0.180008,9.89952
0.876572,-0.265701,9.72099
0.836105,-0.144302,9.73052
0.769455,-0.141922,9.81621
0.757553,-0.170486,9.84001
0.850388,-0.0514679,9.89952
0.895615,0.0104218,9.88524
0.947983,0.0199432,9.88762
0.912277,0.0818329,9.81383
0.900375,0.0984955,9.84001
0.888474,0.00804138,9.71147
0.824203,-0.0633698,9.80193
0.848007,-0.0276642,9.74004
0.914658,0.148483,9.81145
0.93132,0.18895,9.78288
0.824203,0.141342,9.71623
0.817062,0.115158,9.75908
0.755173,-0.0181427,9.92333
0.907516,-0.177628,9.94475
0.938461,-0.168106,9.95665
1.00511,-0.096695,9.92094
0.974167,-0.0681305,9.88048
0.964645,-0.0943146,9.88286
0.924179,-0.163345,9.90428
0.881332,-0.172867,9.97807
0.893234,-0.12764,10.0019
0.840866,-0.0609894,9.98283
0.950363,-0.00386047,9.97093
0.886093,0.0223236,9.96141
0.943222,-0.0562286,9.89
0.821823,-0.0276642,9.79002
0.767075,-0.0681305,9.84001
0.788498,-0.175247,9.82573
0.838486,-0.0919342,9.83049
0.852768,-0.12764,9.81383
0.814682,-0.113358,9.91142
0.788498,-0.170486,9.86144
0.869431,-0.160965,9.88762
0.897995,-0.0657501,9.86858
0.793259,0.0580292,9.87572
0.778976,0.0604095,9.89
0.798019,-0.00386047,9.91618
0.786118,-0.058609,9.86858
0.767075,-0.0800324,9.83287
0.728989,-0.0847931,9.84001
0.783737,-0.218094,9.87572
0.769455,-0.196671,9.80669
0.769455,-0.0895538,9.80907
0.776596,-0.115738,9.82335
0.80278,-0.0800324,9.81383
0.73851,-0.13002,9.77098
0.712326,-0.158585,9.84001
0.755173,-0.189529,9.84239
0.752792,-0.244278,9.81383
0.790878,-0.187149,9.73527
0.836105,-0.132401,9.85191
0.798019,0.00328064,9.87334
0.728989,0.024704,9.83525
0.655197,0.0175629,9.83525
0.759934,-0.201431,9.82335
0.890854,-0.25618,9.9019
0.912277,-0.199051,9.9138
0.859909,-0.103836,9.92333
0.843246,-0.153824,9.94475
0.781357,-0.237137,9.83525
0.807541,-0.241898,9.76146
0.790878,-0.253799,9.7567
0.80278,-0.244278,9.89
0.831345,-0.189529,9.99235
0.902756,-0.132401,10.0066
0.786118,-0.0919342,9.87334
0.724228,-0.118118,9.83049
0.695663,-0.12764,9.83525
0.700424,-0.156204,9.83049
0.73613,-0.0895538,9.89714
0.778976,-0.0895538,9.90904
0.755173,-0.0800324,9.92808
0.745651,-0.0824127,9.88048
0.712326,-0.0538483,9.91142
0.728989,-0.0847931,9.85429
0.73851,-0.0657501,9.88524
0.748032,-0.115738,9.81383
0.73613,-0.0871735,9.83049
0.67662,-0.158585,9.86144
0.743271,-0.206192,9.84953
0.80516,-0.201431,9.83763
0.8004,-0.182388,9.89476
0.757553,-0.144302,9.89952
0.740891,-0.0847931,9.89
0.698044,-0.229996,9.73289
0.726608,-0.329971,9.81383
0.724228,-0.156204,9.8662
0.721848,-0.0181427,9.94237
0.728989,0.0175629,9.99474
0.740891,0.0556488,9.99474
0.750412,-0.0110016,10.0447
0.719467,-0.096695,9.91142
0.679001,-0.108597,9.83049
0.648056,-0.249039,9.73052
0.740891,-0.263321,9.81621
0.73613,-0.246658,9.76384
0.793259,-0.265701,9.77336
0.700424,-0.244278,9.87096
0.709946,-0.234756,9.83287
0.719467,-0.215714,9.85667
0.767075,-0.229996,9.87334
0.740891,-0.229996,9.88762
0.73851,-0.225235,9.91142
0.719467,-0.196671,9.87334
0.707565,-0.249039,9.90666
0.707565,-0.272842,9.86144
0.614731,-0.25856,9.80431
0.648056,-0.301407,9.84715
0.67662,-0.177628,9.88048
0.757553,-0.160965,9.88286
0.783737,-0.237137,9.93761
0.783737,-0.234756,9.89238
0.719467,-0.249039,9.79955
0.659958,-0.241898,9.85905
0.717087,-0.327591,9.93523
0.762314,-0.251419,9.91856
0.807541,-0.229996,9.87096
0.767075,-0.218094,9.93999
0.705185,-0.253799,9.99235
0.643295,-0.213333,9.93285
0.667099,-0.19429,9.99474
0.726608,-0.213333,9.89476
0.795639,-0.187149,9.85905
0.869431,-0.218094,9.82811
0.788498,-0.253799,9.83763
0.702805,-0.260941,9.77812
0.61235,-0.299026,9.85667
0.681381,-0.246658,9.93761
0.790878,-0.141922,10.0352
0.748032,-0.120499,9.98283
0.762314,-0.106216,9.90666
0.750412,-0.120499,9.85905
0.705185,-0.153824,9.86858
0.643295,-0.203812,9.77812
0.690903,-0.272842,9.85905
0.638535,-0.218094,9.85667
0.657578,-0.251419,9.91856
0.640915,-0.180008,9.86144
0.638535,-0.263321,9.88286
0.629013,-0.225235,9.87572
0.624252,-0.229996,9.89714
0.638535,-0.206192,9.81859
0.605209,-0.239517,9.84477
0.586166,-0.19429,9.88286
0.588547,-0.234756,9.84715
0.559982,-0.287125,9.87096
0.626633,-0.253799,9.90666
0.60997,-0.184769,9.91142
0.581406,-0.208572,9.8662
0.555222,-0.196671,9.88048
0.586166,-0.184769,9.93047
0.509995,-0.19429,9.85429
0.486191,-0.196671,9.78526
0.47905,-0.196671,9.7805
0.914658,-0.225235,9.96141
0.909897,-0.227615,10.0066
0.897995,-0.0990753,9.94475
0.940842,-0.139542,9.96379
0.821823,-0.213333,9.92333
0.807541,-0.239517,9.92571
0.771835,-0.277603,9.90904
0.705185,-0.337112,9.93523
0.686142,-0.289505,9.94475
0.700424,-0.25856,9.85191
0.686142,-0.227615,9.93285
0.681381,-0.172867,9.8662
0.686142,-0.144302,9.81383
0.619492,-0.141922,9.96617
0.583786,-0.0895538,9.90666
0.552841,-0.0752716,9.92808
0.502853,0.0270844,9.98283
0.555222,-0.00862122,10.0638
0.605209,0.0223236,10.0114
0.664719,-0.0681305,9.92571
0.643295,-0.349014,9.732
0.624252,-0.420425,9.71385
0.636154,-0.38472,9.73766
0.536179,-0.334732,9.74956
0.512375,-0.251419,9.85905
0.533798,-0.151443,9.82811
0.557602,-0.144302,9.89714
0.567123,-0.0443268,9.99474
0.636154,-0.134781,9.9995
0.593307,-0.237137,10.059
0.650436,-0.303787,9.86144
0.579025,-0.234756,9.82335
0.569504,-0.277603,9.84239
0.498093,-0.220474,9.84953
0.557602,-0.156204,9.85905
0.600449,-0.0514679,10.0138
0.486191,-0.013382,9.94951
0.521896,0.0437469,10.0542
0.54332,-0.00862122,9.93761
0.605209,-0.122879,9.97569
0.624252,-0.234756,9.92094
0.559982,-0.265701,9.98283
0.583786,-0.299026,9.86382
0.605209,-0.363297,9.9138
0.602829,-0.244278,9.84715
0.619492,-0.282364,9.9138
0.576645,-0.260941,9.9019
0.593307,-0.160965,9.98997
0.586166,-0.263321,9.89476
0.569504,-0.203812,9.83525
0.431442,0.0389862,9.81383
0.300522,0.0104218,9.84477
0.331467,0.0342255,9.88048
0.260056,0.0937347,9.93285
0.183884,0.336533,9.76146
0.276718,0.0580292,9.77574
0.269577,-0.0014801,9.69957
0.131516,-0.0443268,9.12828
0.110092,-1.05836,8.37132
-0.0232086,-2.60799,6.10759
1.03368,9.40813,1.89195
1.25505,9.12486,1.63011
1.42406,9.02489,1.4373
1.76683,8.963,1.18736
1.95726,8.8773,1.08977
2.17149,9.27245,0.85173
2.26671,10.0127,0.599411
2.20244,10.1746,0.468491
2.19054,10.3412,0.566086
2.19292,10.5126,0.554184
2.24528,10.4579,0.489914
2.20958,10.2889,0.675583
2.062,10.3341,0.513718
1.90013,10.3484,0.0709686
1.71208,10.2484,-0.236099
1.71208,10.3031,-0.290848
1.78111,10.2175,-0.157547
1.9525,9.94847,-0.17897
2.0977,9.71996,-0.200394
2.27623,9.5938,-0.148026
2.29051,9.47478,-0.0647125
2.36906,9.51762,0.0162201
2.46666,9.32243,0.249496
2.47856,9.22008,0.318527
2.4976,9.37718,0.444687
2.49998,9.55571,0.468491
2.40953,9.75566,0.53038
2.33336,10.0294,0.808884
2.21672,10.3079,1.16594
2.19768,10.6935,1.48967
2.06438,11.2053,1.97289
1.98582,11.2529,2.30852
1.97154,11.222,2.55132
2.03581,11.0434,2.77745
2.11674,10.6221,3.24162
2.01677,10.7459,3.2083
1.94774,10.5126,3.71294
1.82396,10.3769,3.95573
1.80968,10.2246,4.24376
1.92632,9.7628,4.48894
0.245773,-0.365677,9.41869
0.038681,-0.534683,9
-0.0660553,-0.820328,9.44249
0.0363007,-0.998856,9.60197
0.245773,-1.25356,9.83763
0.500473,-1.24879,10.1114
0.640915,-1.04884,10.2494
0.555222,-0.789383,10.2304
0.502853,-0.658462,10.1804
0.424301,-0.775101,10.228
0.379074,-0.89888,10.1518
0.555222,-0.860794,10.1447
0.614731,-0.784622,10.2494
0.669479,-0.817947,10.328
0.662338,-0.791763,10.2923
0.576645,-0.684647,10.1828
0.41478,-0.658462,10.0685
0.357651,-0.64418,10.0376
0.300522,-0.744156,9.97093
0.295761,-0.698929,9.89952
0.598068,-0.948868,10.078
0.667099,-1.21785,9.96617
0.690903,-1.37257,9.81859
0.502853,-1.31783,9.84715
0.374313,-1.08217,9.86382
0.345749,-1.03694,9.81145
0.340988,-0.825089,9.93047
0.48143,-0.758438,10.0281
0.593307,-0.765579,10.0828
0.650436,-0.822708,10.2066
0.617111,-0.989334,9.96141
0.460007,-0.941727,9.77336
0.407639,-0.884598,9.82811
0.405258,-0.820328,9.73052
0.450485,-0.722733,9.72099
0.440964,-0.63942,9.84953
0.433823,-0.584671,9.89
0.48381,-0.696548,9.91142
0.564743,-0.696548,9.75669
0.455246,-0.787003,9.68529
0.340988,-0.841751,9.69719
0.264816,-0.913162,9.59245
0.28862,-0.936966,9.63054
0.295761,-1.03456,9.68291
0.262436,-0.991715,9.60197
0.324326,-0.991715,9.67339
0.314804,-0.820328,9.83763
0.395737,-0.748917,9.88286
0.426682,-0.741776,9.97569
0.455246,-0.694168,10.0519
0.490952,-1.04646,9.8662
0.395737,-0.848892,9.97807
0.464767,-0.717972,9.9876
0.486191,-0.744156,9.97807
0.521896,-0.751297,9.79002
0.448105,-0.801285,9.79716
0.386215,-0.948868,9.73766
0.429062,-1.03218,9.88048
0.586166,-0.994095,9.94475
0.643295,-0.851273,10.0495
0.650436,-0.732254,10.0971
0.67186,-0.689407,10.1257
0.574264,-0.558487,10.0852
0.54808,-0.57753,10.0304
0.581406,-0.83699,10.0352
0.455246,-0.948868,9.85667
0.514755,-1.0536,9.7805
0.488571,-1.02028,9.76622
0.569504,-1.07027,9.81145
0.521896,-1.05836,9.7567
0.464767,-0.801285,9.99474
0.440964,-0.779861,9.91618
0.467148,-0.791763,9.86382
0.486191,-0.698929,9.84953
0.552841,-0.687027,9.9019
0.550461,-0.713211,9.92333
0.514755,-0.734634,9.83049
0.514755,-0.748917,9.81859
0.47905,-0.903641,9.79955
0.436203,-0.956009,9.78288
0.445725,-0.96315,9.92333
0.47905,-0.984573,9.77098
0.455246,-0.946487,9.66624
0.426682,-0.951248,9.70671
0.495712,-0.915543,9.74242
0.521896,-0.906021,9.75908
0.564743,-0.948868,9.7924
0.514755,-0.789383,9.90904
0.512375,-0.727493,10.0233
0.488571,-0.727493,9.99235
0.505234,-0.989334,9.89476
0.567123,-0.972672,9.80907
0.476669,-0.894119,9.84715
0.393356,-0.936966,9.87572
0.421921,-0.917923,9.91142
0.464767,-0.944107,9.9019
0.460007,-0.83461,9.88762
0.552841,-0.853653,9.88286
0.48143,-0.727493,9.9876
0.500473,-0.727493,10.0257
0.526657,-0.784622,9.95903
0.469528,-0.83461,9.8781
0.438583,-0.815567,9.90904
0.41478,-0.875076,9.87334
0.395737,-0.977432,9.80907
0.429062,-0.886978,9.81621
0.467148,-0.879837,9.89952
0.436203,-0.863174,9.94713
0.455246,-0.884598,9.99474
0.519516,-0.891739,9.88048
0.424301,-0.846512,9.86382
0.455246,-0.83461,9.89952
0.529038,-0.763199,10.0233
0.488571,-0.756058,10.0328
0.48381,-0.846512,9.94475
0.455246,-0.927444,9.88048
0.47905,-0.972672,9.8662
0.47905,-0.903641,9.88762
0.495712,-0.917923,9.89238
0.47905,-0.825089,9.98283
0.474289,-0.884598,9.78764
0.495712,-0.913162,9.84477
0.443344,-0.879837,9.79002
0.41716,-0.867935,9.73766
0.369553,-0.858414,9.80907
0.402878,-0.83461,9.88524
0.379074,-0.791763,9.94475
0.410019,-0.810806,9.85191
0.476669,-0.798904,9.8662
0.371933,-0.760818,9.88524
0.467148,-0.822708,9.98521
0.488571,-0.844131,9.91856
0.448105,-0.865555,9.85191
0.460007,-0.875076,9.84953
0.41716,-0.875076,9.81383
0.400497,-0.860794,9.8662
0.467148,-0.875076,9.93523
0.471909,-0.889359,9.97093
0.457626,-0.932205,9.93999
0.467148,-0.932205,9.96141
0.471909,-0.913162,9.86858
0.502853,-0.884598,9.97331
0.467148,-0.77272,9.92808
0.474289,-0.76796,9.92571
0.35051,-0.653702,9.84239
0.255295,-0.627518,9.85905
0.248154,-0.732254,9.99235
0.324326,-0.725113,9.84953
0.48381,-0.722733,9.94475
0.512375,-0.748917,9.89952
0.364792,-0.872696,9.86144
0.426682,-0.748917,9.86382
0.421921,-0.77034,9.9019
0.426682,-0.846512,9.85667
0.471909,-0.813187,9.84239
0.410019,-0.825089,9.85667
0.410019,-0.851273,9.79478
0.379074,-0.83461,9.81859
0.35527,-0.827469,9.87096
0.364792,-0.83223,9.82335
0.41478,-0.839371,9.88762
0.343369,-0.882217,9.85905
0.300522,-0.825089,9.9138
0.369553,-0.817947,9.95665
0.400497,-0.756058,9.95665
0.450485,-0.729874,10.0519
0.471909,-0.698929,9.9876
0.490952,-0.853653,9.84477
0.471909,-0.851273,9.80669
0.381454,-0.863174,9.82097
0.364792,-0.948868,9.7805
0.369553,-0.939346,9.81383
0.379074,-0.848892,9.83287
0.393356,-0.751297,9.89
0.340988,-0.687027,9.94713
0.383835,-0.658462,9.94713
0.424301,-0.622757,9.99474
0.448105,-0.625137,10.0281
0.390976,-0.748917,9.92094
0.293381,-0.744156,9.7924
0.390976,-0.758438,9.82097
0.400497,-0.925064,9.79955
0.357651,-0.913162,9.82573
0.410019,-0.927444,9.9019
0.426682,-0.83461,9.83049
0.410019,-0.817947,9.83525
0.371933,-0.801285,9.83763
0.348129,-0.744156,9.87572
0.393356,-0.737015,9.91142
0.348129,-0.684647,9.92094
0.369553,-0.848892,9.83763
0.338608,-0.882217,9.83525
0.360031,-0.894119,9.87334
0.374313,-0.846512,9.96379
0.383835,-0.760818,9.93999
0.314804,-0.777481,9.93761
0.28624,-0.815567,9.84477
0.357651,-0.817947,9.84953
0.398117,-0.844131,9.89714
0.440964,-0.801285,10.0019
0.433823,-0.794144,9.93999
0.357651,-0.734634,9.8662
0.331467,-0.751297,9.7805
0.329086,-0.787003,9.85429
0.381454,-0.789383,9.79002
0.336227,-0.784622,9.7924
0.293381,-0.801285,9.72575
0.22197,-0.789383,9.81383
0.28862,-0.822708,9.85905
0.431442,-0.801285,9.84001
0.421921,-0.77272,9.91142
0.402878,-0.815567,9.91142
0.376694,-0.798904,9.93999
0.362411,-0.856033,9.88048
0.407639,-0.794144,9.86858
0.360031,-0.825089,9.95427
0.412399,-0.722733,9.97093
0.395737,-0.727493,9.97331
0.28862,-0.734634,9.93999
0.293381,-0.734634,9.92571
0.338608,-0.77034,9.91856
0.374313,-0.779861,10.0471
0.412399,-0.76796,9.93523
0.374313,-0.801285,9.83763
0.376694,-0.865555,9.92571
0.402878,-0.865555,9.92333
0.407639,-0.867935,9.89952
0.424301,-0.891739,9.94475
0.443344,-0.877457,9.8662
0.35527,-0.822708,9.86858
0.307663,-0.844131,9.86858
0.248154,-0.787003,9.81859
0.298141,-0.846512,9.7686
0.293381,-0.865555,9.73527
0.269577,-0.858414,9.70671
0.307663,-0.934586,9.73766
0.28862,-0.920303,9.78526
0.367172,-0.867935,9.91618
0.374313,-0.815567,9.96855
0.559982,-0.939346,10.1899
0.590927,-0.920303,10.2304
0.581406,-0.886978,10.2042
0.48381,-0.917923,10.1161
0.429062,-0.83223,9.96855
0.443344,-0.813187,9.99474
0.405258,-0.787003,9.89
0.321945,-0.760818,9.87334
0.305283,-0.70845,9.88286
0.257675,-0.701309,9.7567
0.276718,-0.751297,9.79002
0.279099,-0.808426,9.81145
0.310043,-0.787003,9.83287
0.364792,-0.748917,9.81859
0.393356,-0.701309,9.84001
0.410019,-0.803665,9.77574
0.395737,-0.794144,9.82097
0.362411,-0.76796,9.85667
0.298141,-0.763199,9.81859
0.250534,-0.744156,9.85191
0.250534,-1.00838,9.86858
0.298141,-0.996475,9.92333
0.312424,-0.956009,9.82573
0.295761,-0.915543,9.87572
0.298141,-0.929825,9.87334
0.329086,-0.870316,9.84239
0.298141,-0.860794,9.88286
0.22435,-0.889359,9.98521
0.241013,-0.848892,10.0019
0.374313,-0.77034,9.97093
0.367172,-0.841751,9.97093
0.319565,-0.848892,10.0019
0.28862,-0.806046,9.94713
0.267197,-0.77272,9.95189
0.283859,-0.844131,9.89714
0.298141,-0.779861,9.97331
0.348129,-0.83461,9.92094
0.310043,-0.846512,9.83287
0.314804,-0.820328,9.87096
0.255295,-0.815567,9.88048
0.207687,-0.794144,9.8662
0.231491,-0.751297,9.84001
0.241013,-0.756058,9.84953
0.214828,-0.675125,9.87096
0.255295,-0.691788,10.0447
0.274338,-0.70369,10.1138
0.267197,-0.70607,10.0757
0.260056,-0.70607,10.0066
0.22197,-0.660843,9.9876
0.250534,-0.710831,10.1114
0.295761,-0.732254,10.0947
0.338608,-0.722733,10.1257
0.333847,-0.675125,10.1019
-0.194595,-3.56013,6.7979
0.105331,-2.70082,6.11949
0.0791473,-0.0847931,6.72173
-0.163651,2.94304,6.35991
-0.365982,5.28294,7.03355
-0.751602,6.79448,6.30992
-0.477859,7.84898,5.53868
-0.630203,8.8654,6.15282
-0.444534,9.87944,6.96214
-0.342178,10.4507,8.7617
-0.28743,9.09392,3.5106
-0.104141,8.4893,3.52251
0.117233,8.28459,3.24638
0.321945,8.47502,3.02263
0.467148,8.89873,2.84172
0.652817,9.44621,2.82982
0.750412,9.82945,2.5656
0.997971,9.72472,2.6989
1.05272,9.62712,2.44182
1.10985,9.17247,2.15379
1.03606,9.05107,1.96812
0.843246,9.4962,1.94908
0.795639,9.64616,2.17046
0.80278,9.66045,2.02763
0.978928,9.55095,1.98717
1.07652,9.68663,1.75389
1.02653,9.81279,1.73485
0.99559,10.1222,1.63249
1.12651,10.2365,1.64201
1.14793,10.3031,1.65868
1.30504,10.3555,2.71318
1.17174,10.5174,3.4511
1.10985,10.5912,3.68437
1.13841,10.5055,3.95811
1.10509,10.3769,4.46751
1.04558,10.3341,4.59843
1.21935,10.0961,4.77458
1.20268,9.82707,4.87932
1.20268,9.46526,5.1364
1.00511,8.97252,5.49345
1.08604,8.35838,5.38158
1.03844,7.46574,5.97429
0.971786,6.90398,6.12425
1.29552,6.30888,6.20519
1.38121,4.8997,6.9312
1.21696,4.52361,7.09544
1.19554,4.16179,7.00023
1.05272,3.59288,7.02879
1.15508,2.49315,6.97405
0.755173,1.80522,7.87144
0.28862,-0.0681305,9.30443
0.16008,-0.125259,9.20921
0.112473,-0.349014,9.32823
0.16008,-0.508499,9.54961
0.310043,-0.353775,9.87334
0.512375,-0.253799,10.1804
0.538559,-0.203812,10.2209
0.517136,-0.115738,10.109
0.498093,-0.25856,9.97807
0.390976,-0.401382,10.0471
0.369553,-0.401382,10.178
0.469528,-0.275223,10.2756
0.493332,-0.213333,10.1399
0.41954,-0.0847931,10.1304
0.333847,0.0294647,10.128
0.252914,0.12706,10.2042
0.28862,0.117538,10.2233
0.345749,-0.0205231,10.1542
0.329086,-0.0943146,9.86858
0.257675,-0.365677,9.83525
0.279099,-0.341873,9.80193
0.283859,-0.365677,9.81383
0.279099,-0.382339,9.80431
0.243393,-0.318069,9.86144
0.252914,-0.237137,9.94951
0.260056,-0.165726,9.88762
0.145798,-0.251419,9.86382
0.136276,-0.268082,9.82335
0.129135,-0.356155,9.69005
0.1577,-0.434708,9.66386
0.250534,-0.175247,10.0661
0.260056,-0.0443268,10.1066
0.193405,-0.0205231,10.1066
0.0981903,-0.0538483,10.04
0.148178,-0.229996,10.0566
0.231491,-0.156204,10.0685
0.302902,-0.0538483,10.1233
0.390976,-0.0443268,10.209
0.429062,-0.013382,10.2732
0.424301,0.0651703,10.2304
0.488571,-0.144302,9.80193
0.464767,-0.115738,9.70671
0.362411,-0.110977,9.7805
0.348129,-0.101456,9.88762
0.200546,-0.115738,9.83763
0.102951,-0.0348053,9.62816
0.0291595,0.103256,9.61388
0.0172577,0.0556488,9.57579
-0.00178528,0.174667,9
0.141037,0.217514,9.69005
0.038681,0.362717,9.79002
0.0839081,0.422226,9.75908
0.0934296,0.426987,9.74956
0.110092,0.357956,9.69243
0.129135,0.307968,9.64482
0.0720062,0.293686,9.64482
0.0458221,0.224655,9.64958
0.0648651,0.134201,9.71385
0.141037,0.198471,9.82097
0.181503,0.307968,9.77336
0.219589,0.379379,9.73527
0.124374,0.453171,9.79002
0.16246,0.467453,9.89714
0.143417,0.374619,9.88048
0.0815277,0.25322,9.87572
0.0624847,0.143723,9.85191
0.143417,0.119919,9.84239
0.307663,0.0485077,9.85905
0.343369,0.162766,9.93761
0.448105,0.250839,9.97093
0.467148,0.741196,9.96379
0.410019,0.70549,9.89238
0.490952,0.57695,9.93523
0.600449,0.472214,9.91618
0.67424,0.426987,10.0162
0.814682,0.486496,10.0852
0.807541,0.750717,10.1495
0.838486,0.819748,10.2471
0.850388,0.872116,10.2566
0.798019,0.717392,10.1661
0.788498,0.541245,9.87096
0.695663,0.622177,9.71623
0.757553,0.586472,9.68767
0.828964,0.51506,9.58531
0.838486,0.584091,9.63054
0.748032,0.695969,9.69719
0.645676,0.691208,9.75908
0.638535,0.762619,9.71147
0.662338,0.741196,9.71385
0.769455,0.717392,9.63292
0.793259,0.724533,9.65434
0.793259,0.803085,9.62816
0.900375,0.829269,9.72813
0.850388,0.736435,9.70195
0.793259,0.691208,9.79002
0.886093,0.734055,9.73527
0.769455,0.736435,9.76384
0.862289,0.803085,9.9019
0.92894,0.867355,9.9995
1.00749,0.905441,9.96141
0.762314,0.974472,9.92094
0.743271,0.96257,10.0162
0.788498,0.891159,9.95427
0.859909,0.886398,9.88762
0.974167,0.776901,9.86858
0.943222,0.70787,9.89238
1.00035,0.829269,9.83049
0.974167,0.817368,9.96855
0.959885,0.83165,9.98521
0.952744,0.912582,9.86858
0.907516,0.860214,9.83763
0.933701,0.781662,9.80907
0.938461,0.710251,9.75194
0.933701,0.83165,9.73766
0.902756,0.862595,9.69957
0.845627,0.986374,9.671
0.859909,1.06969,9.64482
0.831345,1.05778,9.59007
0.836105,1.11491,9.68529
0.857529,1.10539,9.71385
0.890854,1.14824,9.64958
0.895615,1.10777,9.66148
0.855148,1.01256,9.66624
0.857529,0.938766,9.54008
0.8004,0.872116,9.50438
0.809921,0.976852,9.50676
0.828964,0.976852,9.502
0.757553,0.955429,9.54723
0.717087,0.841171,9.54723
0.778976,0.819748,9.63054
0.640915,1.12682,9.86382
0.652817,1.07921,9.95189
0.638535,1.08873,9.8662
0.702805,1.06731,9.91142
0.698044,1.04826,9.94713
0.695663,1.0197,9.88762
0.731369,0.948288,9.92808
0.726608,0.972092,9.78764
0.733749,0.862595,9.76622
0.769455,0.841171,9.75908
0.745651,0.805466,9.84239
0.714706,0.791184,9.69719
0.629013,0.779282,9.71623
0.5457,0.70311,9.67577
0.521896,0.819748,9.76622
0.557602,0.772141,9.73289
0.614731,0.731674,9.67815
0.698044,0.807846,9.73527
0.709946,0.826889,9.81383
0.748032,0.926865,9.85667
0.593307,0.931625,9.5377
0.581406,0.867355,9.48058
0.640915,0.795944,9.49962
0.643295,0.841171,9.56151
0.688522,0.753098,9.60674
0.686142,0.760239,9.65196
0.714706,0.922104,9.70195
0.73851,0.83403,9.69005
0.721848,0.724533,9.70433
0.693283,0.655502,9.63768
0.631393,0.762619,9.83763
0.731369,0.795944,9.82097
0.702805,0.70787,9.79478
0.602829,0.722153,9.75432
0.640915,0.650742,9.82811
0.667099,0.653122,9.86144
0.740891,0.757858,9.92094
0.690903,0.805466,9.88048
0.702805,0.786423,9.88524
0.662338,0.864975,9.85191
0.683762,0.824509,9.92808
0.636154,0.864975,9.80193
0.636154,0.776901,9.75194
0.595688,0.743576,9.76384
0.633774,0.70549,9.81145
0.702805,0.753098,9.82573
0.688522,0.731674,9.82811
0.695663,0.70787,9.81859
0.755173,0.64122,9.87572
0.80516,0.619797,9.86858
0.786118,0.6436,9.84001
0.759934,0.626938,9.82573
0.821823,0.572189,9.78288
0.73613,0.569809,9.7567
0.695663,0.562668,9.78526
0.709946,0.695969,9.7686
0.728989,0.741196,9.84477
0.745651,0.726913,9.84953
0.73851,0.681686,9.7686
0.743271,0.76738,9.7566
