-0.656387,0.231796,9.96855
-0.580215,0.222275,10.0947
-0.6064,0.329391,10.1019
-0.67305,0.336533,10.0828
-0.692093,0.238937,10.0281
-0.706375,0.236557,9.9876
-0.684952,0.179428,9.81859
-0.780167,0.0865936,9.85667
-0.839676,0.172287,9.81145
-0.887283,0.236557,9.82
-0.896805,0.315109,9.86382
-0.834915,0.324631,9.89238
-0.870621,0.343674,9.88524
-0.768265,0.196091,9.8781
-0.744461,0.134201,9.82097
-0.67305,0.0175629,9.77098
-0.708755,0.0508881,9.69957
-0.746841,0.196091,9.79478
-0.699234,0.398422,9.93523
-0.658768,0.407944,10.0685
-0.620682,0.307968,9.95665
-0.654007,0.272263,9.90904
-0.665909,0.25322,9.88286
-0.677811,0.196091,9.9138
-0.758743,0.32225,9.92808
-0.765884,0.441269,9.99474
-0.753983,0.557907,10.0423
-0.744461,0.650742,9.99474
-0.73494,0.522202,10.0257
-0.680191,0.379379,9.99235
-0.661148,0.355576,9.94237
-0.625443,0.315109,9.99474
-0.723038,0.412704,10.0185
-0.753983,0.410324,9.97331
-0.830154,0.353195,9.82811
-0.79921,0.493637,9.87572
-0.80397,0.636459,9.91856
-0.851578,0.715012,9.94475
-0.806351,0.814987,10.0661
-0.73732,0.853073,10.04
-0.266006,0.457932,9.85191
-0.361221,0.362717,9.77574
-0.477859,0.293686,9.72813
-0.54451,0.355576,9.71147
-0.570694,0.455551,9.76622
-0.580215,0.64122,9.7686
-0.506424,0.712631,9.80907
-0.530228,0.684067,9.88286
-0.511185,0.648361,9.86382
-0.387405,0.593613,9.77812
-1.06581,0.350815,9.84953
-1.17293,0.479355,9.91142
-1.22768,0.691208,9.93761
-1.33003,0.853073,9.95427
-1.34431,0.967331,9.96379
-1.31337,0.907822,9.87334
-1.33241,0.838791,9.91856
-1.29195,0.764999,10.0281
-1.27528,0.51268,10.0542
-1.30385,0.415085,9.91618
-1.31337,0.534103,10.0233
-1.34669,0.669785,10.0043
-1.3943,0.884018,9.97807
-1.50856,0.931625,9.83049
-1.6252,0.879257,9.81621
-1.72279,0.693588,9.76146
-1.71803,0.434128,9.7448
-1.70137,0.310349,9.73766
-1.71565,0.355576,9.73052
-1.71327,0.415085,9.75432
-1.6371,1.03636,9.97093
-1.57759,1.0316,10.1019
-1.44429,1.05778,10.2018
-1.3705,1.14824,10.178
-1.3705,1.21727,10.1804
-1.36098,1.20299,10.1566
-1.4062,1.20537,9.99474
-1.48,1.18156,9.92333
-1.50142,1.14824,9.8662
-1.51808,1.1292,9.87096
-0.7397,0.474594,10.1566
-0.639725,0.653122,9.97569
-0.596878,0.810226,10.0304
-0.41597,0.829269,10.2304
-0.251724,0.779282,10.1899
-0.361221,0.907822,10.1828
-0.708755,0.83403,10.0043
-0.858719,0.869736,9.92333
-0.634964,0.934006,10.1875
-0.292191,1.05064,10.1899
-0.130325,1.11491,10.1709
-0.130325,1.08873,10.0019
-0.194595,0.860214,9.75908
-0.235062,0.617416,9.7448
-0.0541534,0.519821,9.84953
0.0862885,0.457932,9.91618
0.129135,0.572189,9.8781
0.35289,0.6436,9.89238
0.324326,0.76976,9.63292
0.267197,0.693588,9.53056
0.390976,0.950668,9.32109
0.614731,0.974472,9.81859
0.733749,0.736435,9.77336
0.712326,0.541245,9.76622
0.629013,0.481735,9.65196
0.512375,0.496017,9.44963
0.452866,0.629318,9.36394
0.41716,0.684067,9.21635
0.383835,0.484116,9.1259
0.307663,0.315109,9.00926
0.421921,-0.0371857,9.05449
0.476669,-0.187149,9.15208
0.540939,0.0580292,9.43059
0.505234,0.165146,9.54485
0.314804,0.134201,9.3925
0.141037,0.00804138,9.18303
0.148178,-0.013382,9.07353
0.310043,0.0151825,9.07591
0.452866,-0.0157623,9.17827
0.648056,0.0723114,9.50676
0.812302,0.136581,9.63054
0.897995,0.334152,9.65672
0.888474,0.403183,9.73052
0.952744,0.165146,9.61626
0.909897,0.088974,9.49248
0.743271,0.174667,9.23064
0.500473,0.131821,8.9926
0.336227,0.146103,8.94975
0.369553,0.136581,9.0283
0.571884,0.179428,9.20207
0.771835,0.227036,9.30205
0.726608,0.153244,9.48772
0.857529,0.174667,9.6591
0.626633,0.267502,9.56627
0.493332,0.365097,9.46629
0.540939,0.346054,9.43535
0.686142,0.291306,9.40916
0.745651,0.476975,9.54246
0.695663,0.598373,9.57341
0.557602,0.572189,9.49248
1.09081,0.110397,9.70195
0.976547,0.169907,9.72813
0.997971,0.303207,9.7686
0.947983,0.388901,9.83287
0.828964,0.407944,9.9138
0.790878,0.376999,9.86858
0.698044,0.336533,9.8662
0.764694,0.455551,9.91142
0.745651,0.453171,9.93523
0.73613,0.595993,9.86382
0.714706,0.731674,9.88048
0.679001,0.893539,9.95427
0.679001,0.957809,9.95665
0.662338,1.01018,9.89238
0.659958,0.96019,9.8662
0.600449,0.853073,9.78288
0.569504,0.665024,9.62102
0.493332,0.655502,9.54008
0.436203,0.734055,9.61864
0.512375,0.903061,9.64482
0.798019,0.665024,9.61864
0.917038,0.76976,9.78526
0.679001,0.774521,9.59007
0.664719,0.610275,9.57579
0.695663,0.586472,9.64958
0.748032,0.600754,9.7567
0.786118,0.676926,9.84715
0.724228,0.822128,9.83763
0.667099,0.712631,9.77098
0.626633,0.636459,9.66148
0.645676,0.688828,9.85429
0.621872,0.755478,9.87572
0.655197,0.748337,9.77812
0.659958,0.6436,9.81621
0.724228,0.569809,9.74718
0.712326,0.546005,9.73052
0.67662,0.484116,9.7686
0.717087,0.460312,9.72337
0.67186,0.457932,9.70433
0.67662,0.57933,9.70671
0.626633,0.631699,9.90428
0.567123,0.560288,9.85667
0.614731,0.548386,9.79002
0.557602,0.631699,9.84239
0.500473,0.684067,9.93047
0.41478,0.681686,9.86858
0.407639,0.688828,9.84715
0.376694,0.648361,9.82573
0.367172,0.672165,9.90904
0.443344,0.684067,9.95665
0.438583,0.496017,9.88762
0.486191,0.429367,9.85667
0.505234,0.400803,9.80669
0.448105,0.410324,9.7567
0.436203,0.465073,9.71623
0.402878,0.429367,9.72099
0.369553,0.393661,9.66624
0.426682,0.415085,9.64958
0.421921,0.372238,9.57103
0.431442,0.25322,9.42107
0.343369,0.662643,9.97569
0.274338,0.726913,9.92571
0.319565,0.674545,9.93285
0.331467,0.612656,9.88286
0.357651,0.517441,9.8662
0.329086,0.476975,9.73766
0.331467,0.634079,9.77812
0.379074,0.567429,9.7567
0.276718,0.51506,9.70909
0.264816,0.462692,9.55199
0.569504,0.70549,9.79716
0.60759,0.607895,9.88048
0.650436,0.6436,10.0066
0.495712,0.691208,9.89952
0.388596,0.83403,9.94237
0.314804,0.874496,9.86382
0.319565,0.89592,9.83287
0.257675,0.884018,9.84239
0.317184,0.803085,9.76622
0.329086,0.819748,9.87572
0.343369,1.51958,9.71861
0.326706,1.66478,9.7
0.291,1.68382,9.72337
0.307663,1.51958,9.82811
0.412399,1.22441,9.90666
0.5457,1.13158,9.87572
0.724228,1.1649,9.9138
0.748032,1.22679,9.87572
0.73613,1.26488,10.0423
0.781357,1.39104,10.1495
0.743271,1.30772,10.1019
0.655197,1.11729,10.0138
0.669479,1.1292,9.95665
0.774216,1.08873,10.0233
0.881332,1.10063,10.0733
0.874191,1.09587,10.0661
0.762314,1.04588,9.91856
0.605209,1.04588,9.80431
0.519516,1.01256,9.83287
0.540939,1.15062,9.82573
0.47905,1.22679,9.80907
0.474289,1.1411,9.80431
0.521896,1.06255,9.74004
0.469528,1.10063,9.72575
0.440964,1.13872,9.72337
0.440964,1.1649,9.74242
0.35527,1.13396,9.6115
0.357651,1.24107,9.65196
0.329086,1.30058,9.70433
0.362411,1.31963,9.68767
0.388596,1.34343,9.7567
0.407639,1.30534,9.70433
0.474289,1.35057,9.74956
0.431442,1.3839,9.80669
0.371933,1.37199,9.77098
0.348129,1.35295,9.80193
0.383835,1.2506,9.85667
0.469528,1.12682,9.71385
0.429062,1.15538,9.7686
0.271957,1.14586,9.73052
-0.0541534,1.42912,10.4922
0.374313,1.79332,10.0614
0.495712,1.80998,9.71861
0.400497,2.09087,9.18303
0.345749,2.90019,8.84026
0.371933,3.15251,8.43083
0.505234,3.61668,8.08568
0.640915,4.2213,7.48106
0.695663,4.32365,6.99071
0.878952,4.62834,6
2.17863,9.24626,0.83
2.30003,9.15581,0.827927
2.30956,9.23674,0.611313
2.11674,9.35576,0.632736
1.96202,9.3867,0.694626
1.93584,9.49382,0.730331
2.05009,9.33196,0.613693
2.14769,9.13914,0.344711
2.17863,9.16295,0.185226
2.15959,8.63689,0.220932
2.28337,8.30363,0.123337
2.35002,8.25841,0.125717
2.38573,8.575,0.073349
2.36192,9.03441,0.0852509
2.3286,9.52238,0.00431824
2.26909,9.78422,-0.23848
2.32622,9.68901,-0.474136
2.53807,9.69139,-0.386063
2.72612,9.96037,-0.236099
2.87846,10.3079,-0.0789948
2.85704,10.1508,4.01
2.81657,10.9768,3.92479
2.77611,10.2056,4.69365
2.81181,9.53429,4.65794
2.55711,8.14653,4.61748
2.21196,7.19438,4.61272
1.95964,6.13274,4.54369
1.54546,5.27818,4.42943
1.5526,4.19987,4.71031
1.20744,3.58812,5.25542
0.92894,-0.356155,11.0254
0.983688,-0.944107,10.7255
1.01225,-0.908401,10.6731
0.845627,-0.587051,10.2851
0.626633,-0.598953,10.1804
0.529038,-0.475174,10.2756
0.783737,-0.429947,10.3661
0.967026,-0.329971,10.4899
1.09795,-0.325211,10.4565
1.14317,-0.8965,10.0638
0.905136,-1.19405,9.70671
0.80278,-1.31783,9.68291
0.850388,-1.08931,9.80193
1.02177,-0.858414,9.84477
1.10271,-0.57515,9.86382
1.22173,-0.372818,10.078
1.32884,-0.339493,9.99235
1.26457,-0.44899,9.76622
1.10033,-0.822708,9.39726
1.13841,-1.35591,9.26158
0.705185,-0.501358,9.59483
0.662338,-0.563248,9.34966
0.583786,-0.713211,9.19731
0.536179,-0.760818,9.47343
0.586166,-0.553726,9.68053
0.652817,-0.360916,9.83049
0.683762,-0.246658,9.95665
0.788498,-0.303787,9.9138
0.809921,-0.394241,9.71147
0.790878,-0.353775,9.78288
0.764694,-0.406143,9.81621
0.886093,-0.337112,10.1352
0.921799,-0.746536,9.97093
0.721848,-1.04408,9.83525
0.557602,-0.944107,9.80431
0.593307,-0.722733,9.9019
0.702805,-0.617996,9.97093
0.807541,-0.439468,9.9138
0.790878,-0.294266,10.0638
0.788498,-0.422806,9.94713
0.73851,-0.479935,9.91856
0.762314,-0.57991,9.92571
0.833725,-0.758438,9.80907
0.793259,-0.83699,9.7805
0.80516,-0.715591,9.70433
0.80516,-0.582291,9.70433
0.819443,-0.396622,9.76384
0.80516,-0.391861,9.79955
0.759934,-0.439468,9.93761
0.812302,-0.501358,9.85905
0.750412,-0.501358,9.75908
0.795639,-0.537064,9.95903
0.757553,-0.44899,9.82811
0.669479,-0.213333,9.88524
0.667099,-0.199051,9.93285
0.719467,-0.177628,9.99235
0.721848,-0.246658,10.0923
0.821823,-0.45137,10.0519
0.862289,-0.594193,9.93761
0.848007,-0.548965,9.90428
0.874191,-0.439468,9.84001
0.862289,-0.396622,9.87572
0.900375,-0.275223,10.0209
0.895615,-0.218094,10.0638
0.921799,-0.232376,9.93999
0.778976,-0.377579,9.72099
0.593307,-0.389481,9.75194
0.598068,-0.51564,9.67815
0.617111,-0.587051,9.66148
0.693283,-0.589432,9.77336
0.764694,-0.563248,9.83049
0.790878,-0.548965,9.7805
0.707565,-0.470413,9.84953
0.714706,-0.456131,9.79002
0.750412,-0.401382,9.84477
0.909897,-0.275223,9.93761
0.988449,-0.201431,9.91142
0.988449,-0.0562286,10.0304
1.01701,0.0437469,10.0923
1.0551,-0.00862122,10.1709
1.10509,-0.125259,10.0685
0.859909,-0.265701,9.71147
0.826584,-0.246658,9.72099
0.807541,-0.491837,9.7448
0.8004,-0.403763,9.70433
0.712326,-0.382339,9.6472
0.586166,-0.299026,9.6353
0.559982,-0.237137,9.69957
0.67186,-0.208572,9.75432
0.740891,-0.277603,9.78288
0.774216,-0.120499,9.85429
0.878952,0.105637,10.0566
0.902756,0.19371,10.0495
0.917038,0.148483,10.0281
0.981308,0.0627899,9.99712
0.955124,-0.0419464,9.93999
0.976547,-0.0681305,9.92094
0.974167,-0.244278,9.96617
0.943222,-0.218094,9.98521
0.909897,-0.134781,10.0185
0.909897,-0.12764,9.9138
0.874191,-0.237137,9.86382
0.883713,-0.379959,9.86382
0.881332,-0.356155,9.84239
0.969406,-0.227615,9.88762
0.983688,-0.103836,9.92333
0.988449,0.0104218,10.04
1.03844,0.165146,9.94951
1.02653,0.210373,9.94237
0.933701,0.143723,9.7805
0.92894,-0.0609894,9.7686
0.897995,0.069931,9.75908
0.921799,0.134201,9.83287
0.940842,0.0627899,9.84715
0.955124,-0.0348053,9.94237
0.950363,-0.0324249,10.078
0.893234,-0.101456,10.0352
0.845627,-0.220474,10.0209
0.914658,-0.189529,10.0066
0.967026,-0.218094,9.97331
1.00987,-0.0514679,10.04
1.06224,-0.275223,9.92333
0.955124,-0.156204,9.91856
0.921799,-0.187149,9.93761
0.897995,-0.189529,9.91618
0.917038,-0.096695,9.85429
0.907516,-0.160965,9.87334
0.974167,-0.13002,9.82335
1.00749,-0.096695,9.79716
0.986069,-0.110977,9.77336
0.986069,-0.0514679,9.76622
1.01701,0.0389862,9.65196
1.00749,0.0128021,9.60674
0.886093,-0.00862122,9.5139
0.795639,-0.160965,9.49962
0.762314,-0.220474,9.39488
0.819443,-0.222855,9.43059
0.73851,-0.180008,9.42821
0.750412,-0.13002,9.44249
0.8004,-0.00624084,9.59245
0.895615,0.0913544,9.71147
0.943222,-0.0895538,9.81621
0.881332,-0.153824,9.85191
0.857529,-0.146683,9.95427
0.912277,-0.0467072,9.93047
0.840866,-0.0014801,9.97569
0.821823,0.0485077,9.88762
0.826584,0.0175629,9.86144
0.828964,-0.0229034,9.9019
0.80516,-0.0276642,10.0423
0.831345,-0.0728912,10.1709
0.855148,0.169907,9.89714
0.740891,0.0627899,9.69481
0.67662,0.12944,9.68767
0.73613,0.0961151,9.70195
0.762314,0.134201,9.72813
0.764694,0.172287,9.84715
0.793259,0.153244,9.92571
0.748032,0.0842133,9.95189
0.771835,0.0842133,9.83525
0.67424,-0.0229034,9.81621
0.764694,-0.0490875,9.7448
0.833725,0.0461273,9.85905
0.99321,0.115158,9.83049
1.01939,0.0937347,9.89
0.947983,0.134201,9.88286
0.874191,0.155624,9.88286
0.912277,0.0223236,9.85667
0.917038,-0.0157623,9.85905
0.936081,-0.110977,9.79478
0.850388,-0.201431,9.74956
0.698044,-0.265701,9.63292
0.629013,-0.206192,9.6353
0.698044,-0.153824,9.79002
0.757553,-0.118118,9.76146
0.859909,-0.125259,9.92808
1.01701,-0.106216,10.0304
0.978928,-0.0800324,10.0257
0.947983,-0.0609894,9.83763
0.826584,-0.180008,9.79955
0.698044,-0.341873,9.73289
0.588547,0.0223236,9.85429
0.759934,0.0865936,9.77336
0.764694,0.12706,9.64958
0.690903,0.110397,9.66386
0.588547,-0.0252838,9.62578
0.640915,-0.134781,9.63292
0.681381,-0.203812,9.64244
0.67186,-0.134781,9.69005
0.569504,-0.139542,9.67577
0.493332,-0.0990753,9.66386
0.80516,-0.013382,10.0828
0.848007,-0.139542,9.97093
0.771835,-0.163345,9.89714
0.705185,-0.189529,9.87334
0.564743,-0.187149,9.90904
0.581406,-0.153824,9.82573
0.617111,-0.0229034,9.89476
0.669479,0.146103,9.93999
0.731369,0.18895,9.92333
0.707565,0.122299,9.89952
0.624252,0.0151825,9.89
0.621872,-0.0562286,9.83525
0.617111,-0.0419464,9.88286
0.73613,-0.0371857,9.82335
0.724228,0.0842133,9.75194
0.67662,0.0604095,9.82811
0.636154,0.0175629,9.71623
0.533798,-0.0276642,9.69005
0.507614,-0.00862122,9.74242
0.498093,0.00804138,9.72575
0.590927,0.0199432,9.64244
0.638535,-0.0490875,9.69719
0.652817,-0.0681305,9.54485
0.614731,-0.118118,9.57579
0.526657,-0.19191,9.60197
0.648056,-0.160965,9.68053
0.740891,-0.139542,9.74718
0.790878,-0.013382,9.81145
0.819443,-0.00386047,9.84953
0.707565,-0.00386047,9.72813
0.679001,-0.0609894,10.0066
0.726608,-0.0419464,10.0352
0.662338,0.0532684,10.0447
0.593307,0.0461273,9.96855
0.574264,-0.0110016,9.90428
0.574264,0.000900269,9.85667
0.471909,0.0128021,9.79955
0.502853,0.0270844,9.9138
0.621872,-0.0371857,9.91856
0.569504,-0.0538483,9.99235
0.540939,-0.00624084,9.98997
0.557602,0.0556488,9.86858
0.645676,0.0342255,9.98045
0.726608,-0.0705109,9.99712
0.783737,-0.0943146,10.0661
0.809921,-0.0990753,10.0804
0.688522,-0.120499,9.99712
0.67186,-0.0705109,10.0614
0.769455,-0.0990753,10.1209
0.917038,-0.0633698,10.0138
0.893234,-0.0990753,10.0685
0.878952,-0.151443,10.0733
0.905136,-0.199051,10.0043
0.857529,-0.0752716,9.96855
0.769455,-0.0562286,10.0209
0.702805,-0.113358,9.93523
0.728989,-0.0824127,10.0233
0.774216,-0.077652,9.95427
0.750412,-0.077652,9.92333
0.712326,-0.0157623,9.86858
0.759934,0.0984955,9.93999
0.683762,0.0723114,9.95665
0.626633,0.0461273,9.85429
0.576645,-0.149063,9.80907
0.521896,-0.199051,9.73766
0.583786,-0.187149,9.7567
0.624252,-0.170486,9.78288
0.54332,-0.108597,9.7805
0.512375,-0.0681305,9.80192
0.512375,-0.0705109,9.7686
0.514755,-0.0657501,9.82811
0.540939,-0.141922,9.83049
0.605209,-0.241898,9.9138
0.633774,-0.332352,9.80907
0.498093,-0.560867,9.23302
0.495712,-1.43208,8.80931
0.291,-1.85579,8.05949
0.305283,-1.82722,7.87859
0.250534,-0.939346,7.66911
0.279099,0.70787,8.22612
0.0862885,2.29796,8.10234
-0.0517731,3.20726,8.35704
0.0220184,4.08086,8.25468
-0.0803375,4.46886,7.65483
-0.0208282,4.88542,7.49059
0.262436,5.70427,7.03593
1.01225,6.86589,7.30016
1.01225,7.9442,8.15233
0.752792,8.11558,8.3856
0.662338,7.08727,7.94048
0.86705,5.69237,7.0764
1.46214,4.42601,6.26231
1.79063,4.18083,5.30302
2.04295,5.2758,4.53655
2.10722,7.53716,4.01524
1.83348,8.55833,3.83434
1.44072,9.38432,3.36064
1.00273,10.146,2.78935
0.848007,10.5388,2.58464
0.717087,10.1889,2.5894
1.9525,11.1196,1.73485
1.87157,10.922,1.70866
1.92393,10.3912,2.28709
1.77873,9.94371,1.99907
1.69066,9.69377,1.76103
1.57878,9.32243,1.75865
1.54546,8.9987,1.40636
1.47404,8.90111,1.53014
1.5526,8.92967,1.62059
1.64543,9.06773,1.76817
1.73827,8.48216,4.96263
1.56212,8.59166,5.63152
1.5645,8.89159,5.95763
1.83348,8.67497,6.4099
2.00487,8.44408,7.13353
2.09056,8.39409,7.22874
2.07152,7.88945,6.84312
1.81206,5.90184,6.76219
1.25981,4.96635,6.65269
1.16222,3.81187,6.63603
0.54808,-0.858414,9.08543
0.117233,-0.886978,9.05449
-0.275528,-0.803665,9.00926
-0.41597,-0.846512,9.32109
-0.277908,-1.25832,9.41393
0.0243988,-1.60347,9.31633
0.393356,-2.02242,9.14256
0.338608,-2.49135,9.04021
0.0410614,-2.50563,9.15447
-0.16127,-2.0248,9.56865
-0.0970001,-1.79866,9.93761
0.191025,-1.72963,9.97331
0.343369,-1.62251,10.0519
0.340988,-1.38686,10.1304
0.269577,-1.24879,10.0923
0.164841,-1.23213,9.96141
0.210068,-1.4178,9.85667
0.269577,-1.72487,9.79716
0.357651,-1.88673,9.65434
0.476669,-1.93672,9.80431
0.431442,-1.6844,9.8662
0.393356,-1.5392,9.7924
0.22435,-1.48921,9.72337
0.22673,-1.43446,9.76384
0.35289,-1.45351,9.97093
0.448105,-1.47255,9.96617
0.421921,-1.563,10.0162
0.41716,-1.46541,9.86858
0.331467,-1.49159,9.84239
0.262436,-1.47731,9.90666
0.307663,-1.49159,9.75908
0.260056,-1.55586,9.73052
0.271957,-1.46541,9.77098
0.321945,-1.37495,9.83525
0.357651,-1.32497,10.009
0.395737,-1.49159,10.0828
0.398117,-1.60109,10.0495
0.41954,-1.66298,9.90666
0.369553,-1.67964,9.84239
0.274338,-1.62965,9.69481
0.298141,-1.60585,9.76146
0.300522,-1.55348,9.69957
0.269577,-1.42018,9.73766
0.329086,-1.32497,9.69957
0.305283,-1.21785,9.83049
0.35527,-1.20595,9.77098
0.393356,-1.25356,9.80907
0.35289,-1.29164,9.84715
0.336227,-1.35829,9.89
0.267197,-1.41542,9.76384
0.333847,-0.687027,10.1828
0.321945,-0.886978,9.98521
0.260056,-0.977432,9.8781
0.305283,-0.96315,9.87334
0.336227,-0.865555,9.87096
0.317184,-0.76796,10.1019
0.321945,-0.737015,10.1042
0.345749,-0.789383,10.1399
0.429062,-0.894119,10.0495
0.500473,-1.03694,10.059
0.410019,-0.796524,9.9019
0.369553,-0.90126,9.69005
0.386215,-0.863174,9.69005
0.329086,-0.808426,9.72099
0.300522,-0.77272,9.76146
0.326706,-0.748917,9.79002
0.41478,-0.727493,9.83287
0.360031,-0.608475,9.85667
0.35051,-0.653702,9.92094
0.35527,-0.727493,9.94475
0.340988,-0.801285,9.88286
0.336227,-0.796524,9.82097
0.348129,-0.798904,9.89714
0.400497,-0.782242,9.8662
0.388596,-0.698929,9.83763
0.371933,-0.687027,9.88762
0.348129,-0.841751,9.84953
0.333847,-0.879837,9.90666
0.367172,-0.777481,9.90904
0.436203,-0.672745,9.93523
0.314804,-0.798904,9.91856
0.312424,-0.925064,9.85191
0.340988,-0.96553,9.83525
0.357651,-0.83461,9.93999
0.35289,-0.70845,10.0328
0.326706,-0.744156,10.0447
0.28862,-0.789383,9.90428
0.267197,-0.820328,9.86382
0.22197,-0.779861,9.86144
0.281479,-0.872696,9.92808
0.348129,-1.02504,9.75432
0.283859,-1.00362,9.82811
0.236252,-0.944107,9.77574
0.205307,-0.760818,9.97093
0.28862,-0.691788,9.92808
0.386215,-0.679886,9.88762
0.362411,-0.715591,9.95903
0.362411,-0.83223,9.83763
0.340988,-0.886978,9.86144
0.374313,-0.891739,9.84477
0.362411,-0.889359,9.81859
0.324326,-0.737015,9.7924
0.283859,-0.758438,9.76622
0.193405,-0.70369,9.91856
0.231491,-0.798904,9.97093
0.300522,-0.789383,9.99474
0.383835,-0.817947,10.0019
0.405258,-0.920303,9.93999
0.388596,-0.984573,9.79955
0.386215,-0.994095,9.71861
0.390976,-0.970291,9.75908
0.412399,-0.96077,9.81859
0.383835,-0.908401,9.8662
0.35051,-0.775101,9.83287
0.381454,-0.663223,9.97569
0.35527,-0.76796,9.93047
0.362411,-0.758438,9.97093
0.360031,-0.751297,9.93761
0.329086,-0.741776,9.92094
0.326706,-0.758438,9.88048
0.333847,-0.679886,9.90666
0.400497,-0.6418,10.0423
0.443344,-0.603714,10.0114
0.379074,-0.572769,9.97331
0.319565,-0.648941,9.88286
0.267197,-0.787003,9.85905
0.276718,-0.903641,9.75194
0.298141,-0.889359,9.85667
0.319565,-0.877457,9.82335
0.343369,-0.779861,9.892
0.364792,-0.589432,10.0304
0.360031,-0.622757,10.0328
0.340988,-0.739395,9.88762
0.379074,-0.801285,9.88524
0.450485,-0.860794,9.86858
0.476669,-0.796524,9.89714
0.426682,-0.725113,9.91856
0.369553,-0.741776,9.94237
0.35051,-0.70607,9.96855
0.276718,-0.820328,9.92808
0.291,-0.782242,9.84953
0.364792,-0.787003,9.89238
0.379074,-0.822708,9.92808
0.371933,-0.801285,9.83287
0.336227,-0.751297,9.85429
0.312424,-0.803665,9.77098
0.28624,-0.691788,9.83525
0.28624,-0.667984,9.84477
0.283859,-0.687027,9.92094
0.319565,-0.722733,9.9019
0.338608,-0.677505,10.0328
0.35051,-0.782242,9.94237
0.374313,-0.777481,9.89
0.364792,-0.825089,9.82811
0.348129,-0.839371,9.89476
0.381454,-0.822708,9.81145
0.381454,-0.777481,9.88048
0.393356,-0.701309,9.9019
0.333847,-0.696548,9
0.321945,-0.694168,9.83049
0.331467,-0.715591,9.89476
0.362411,-0.725113,9.81859
0.28624,-0.617996,9.87572
0.267197,-0.63942,9.91142
0.293381,-0.634659,10.0304
0.390976,-0.637039,9.93047
0.388596,-0.663223,9.9876
0.35051,-0.570389,9.97331
0.407639,-0.696548,9.86858
0.383835,-0.722733,9.92571
0.390976,-0.677505,9.93523
0.345749,-0.653702,9.93999
0.295761,-0.722733,9.89714
0.267197,-0.667984,9.91142
0.317184,-0.596573,9.99474
0.360031,-0.525162,10.0114
0.445725,-0.582291,9.99474
0.436203,-0.551346,9.93285
0.455246,-0.572769,9.98283
0.41716,-0.603714,9.94713
0.35051,-0.608475,9.85905
0.321945,-0.698929,9.78764
0.381454,-0.620377,9.80669
0.314804,-0.558487,9.90904
0.281479,-0.615616,9.82335
0.345749,-0.551346,9.84715
0.457626,-0.565628,9.88286
0.412399,-0.591812,9.88048
0.395737,-0.622757,9.9
0.405258,-0.57515,9.91856
0.307663,-0.472794,9.93761
0.333847,-0.589432,9.81621
0.374313,-0.627518,9.79002
0.326706,-0.682266,9.84001
0.312424,-0.691788,9.85429
0.343369,-0.6418,9.85667
0.367172,-0.57991,9.95665
0.345749,-0.558487,9.92094
0.319565,-0.534683,9.90428
0.300522,-0.532303,9.88524
0.298141,-0.656082,9.89238
0.314804,-0.64418,9.83049
0.28624,-0.64418,9.83287
0.276718,-0.694168,9.89952
0.245773,-0.696548,9.77812
0.264816,-0.648941,9.87334
0.305283,-0.689407,9.89952
0.298141,-0.617996,9.95903
0.321945,-0.501358,9.94475
0.348129,-0.415665,9.93285
0.367172,-0.479935,9.96141
0.340988,-0.596573,9.87096
0.307663,-0.720352,9.87334
0.241013,-0.70607,9.90428
0.207687,-0.677505,9.93285
0.291,-0.620377,9.96141
0.369553,-0.570389,9.90666
0.336227,-0.456131,9.96855
0.331467,-0.456131,9.97807
0.317184,-0.503738,9.95665
0.22435,-0.399002,9.95903
0.28624,-0.522781,9.93047
0.214828,-0.570389,9.91142
0.236252,-0.63942,9.88762
0.22673,-0.584671,9.81859
0.264816,-0.558487,9.95427
0.310043,-0.568008,9.94713
0.329086,-0.627518,9.89
0.281479,-0.572769,9.9019
0.343369,-0.553726,9.8781
0.293381,-0.646561,9.83525
0.212448,-0.660843,9.85905
0.28624,-0.563248,9.9019
0.338608,-0.615616,9.94951
0.319565,-0.541824,9.88524
0.319565,-0.634659,9.86382
0.324326,-0.594193,9.88048
0.260056,-0.560867,9.84477
0.319565,-0.57753,9.91856
0.291,-0.572769,9.86144
0.274338,-0.565628,9.94237
0.324326,-0.658462,9.82335
0.248154,-0.667984,9.83525
0.238632,-0.656082,9.84239
0.205307,-0.667984,9.83525
0.183884,-0.667984,9.86144
0.245773,-0.591812,9.90666
0.28862,-0.529922,9.98045
0.345749,-0.498978,9.95665
0.291,-0.627518,9.91856
0.388596,-0.548965,9.94713
0.383835,-0.63942,9.95427
0.383835,-0.587051,9.93285
0.376694,-0.670364,9.9138
0.281479,-0.715591,9
0.188644,-0.622757,9.9138
0.195786,-0.591812,9.98045
0.238632,-0.541824,10.0185
0.233871,-0.498978,10.0019
0.252914,-0.520401,9.98283
0.257675,-0.494217,9.96141
0.238632,-0.525162,9.9876
0.274338,-0.548965,10.0066
0.255295,-0.615616,9.85191
0.195786,-0.594193,9.85191
0.250534,-0.496597,9.87334
0.238632,-0.482315,9.93047
0.274338,-0.527542,9.92571
0.252914,-0.565628,9.92333
0.283859,-0.520401,9.98997
0.248154,-0.544205,9.87334
0.236252,-0.556107,9.85191
0.22435,-0.501358,9.79716
0.217209,-0.518021,9.84477
0.260056,-0.479935,10.0185
0.243393,-0.482315,9.92333
0.186264,-0.596573,9.88286
0.202927,-0.589432,9.94713
0.295761,-0.57991,9.98997
0.28624,-0.615616,9.96379
0.298141,-0.558487,9.90666
0.217209,-0.613236,9.85667
0.176743,-0.57753,9.95665
0.181503,-0.539444,9.87334
0.167221,-0.527542,9.92333
0.16246,-0.489456,9.85905
0.169601,-0.494217,9.92333
0.129135,-0.529922,9.99235
0.281479,-0.610855,9.8781
0.262436,-0.617996,9.92808
0.326706,-0.677505,9.9019
0.236252,-0.670364,9.89476
0.169601,-0.587051,9.91856
0.210068,-0.57753,9.99712
0.110092,-0.606094,9.73051
0.193405,-0.57991,9.87334
0.16246,-0.553726,9.88048
0.179123,-0.518021,9.90666
0.145798,-0.518021,9.94237
0.176743,-0.508499,9.91618
0.114853,-0.518021,9.89238
0.136276,-0.57991,9.95427
0.100571,-0.587051,9.88048
0.16246,-0.64418,9.90666
0.207687,-0.582291,9.96617
0.257675,-0.584671,9.9995
0.243393,-0.57753,9.8662
0.207687,-0.594193,9.9019
0.114853,-0.594193,9.82811
0.0934296,-0.620377,9.79478
0.133896,-0.632278,9.94475
0.171982,-0.634659,9.94713
0.200546,-0.553726,9.93761
0.164841,-0.525162,9.91856
0.1577,-0.568008,9.91856
0.174362,-0.615616,9.86382
0.138657,-0.64418,9.8662
0.155319,-0.710831,9.84239
0.167221,-0.622757,9.94237
0.231491,-0.587051,9.99235
0.243393,-0.598953,9.97569
0.243393,-0.518021,9.98283
0.248154,-0.548965,9.89
0.236252,-0.570389,9.9138
0.164841,-0.548965,9.93047
0.112473,-0.587051,9.88762
0.107712,-0.615616,9.89
0.112473,-0.6418,9.94237
0.136276,-0.746536,9.83763
0.186264,-0.677505,9.87096
0.219589,-0.675125,9.81621
0.181503,-0.648941,9.86144
0.155319,-0.596573,9.81145
0.16246,-0.57753,9.96855
0.148178,-0.537064,9.79955
0.107712,-0.637039,9.89952
0.181503,-0.622757,9.90666
0.171982,-0.651321,9.92571
0.129135,-0.653702,9.96141
0.169601,-0.615616,9.93761
0.119614,-0.539444,9.97807
0.114853,-0.484695,9.97569
0.171982,-0.541824,9.96617
0.124374,-0.498978,9.92808
0.169601,-0.637039,9.90428
0.152939,-0.556107,9.93285
0.124374,-0.591812,9.93761
0.102951,-0.563248,9.86382
0.0720062,-0.64418,9.73766
0.0886688,-0.651321,9.75194
0.229111,-0.715591,9.82573
0.264816,-0.715591,9.78288
0.248154,-0.675125,9.84239
0.264816,-0.608475,9.80431
0.22673,-0.660843,9.78526
0.164841,-0.6418,9.7805
0.100571,-0.682266,9.82811
0.0910492,-0.634659,9.88762
0.112473,-0.582291,9.90428
0.188644,-0.568008,9.92571
0.1577,-0.558487,9.85429
0.0862885,-0.472794,9.90904
0.138657,-0.44899,9.97331
0.124374,-0.520401,9.96855
0.205307,-0.64418,9.93
0.229111,-0.656082,9.84477
0.214828,-0.64418,9.85429
0.195786,-0.613236,9.9876
0.174362,-0.6418,9.89
0.183884,-0.596573,9.89
0.250534,-0.568008,9.97331
0.229111,-0.472794,9.9019
0.188644,-0.568008,9.97093
0.186264,-0.434708,9.9019
0.167221,-0.472794,9.96855
0.183884,-0.472794,9.92808
0.174362,-0.501358,9.94713
0.193405,-0.518021,9.98283
0.269577,-0.51326,9.96379
0.217209,-0.537064,9.92571
0.195786,-0.570389,9.94951
0.22673,-0.663223,9.87096
0.0124969,-0.491837,9.8662
0.143417,-0.477554,9.94475
0.186264,-0.406143,9.97807
0.183884,-0.487076,9.89238
0.141037,-0.556107,9.89238
0.148178,-0.570389,9.85191
0.117233,-0.556107,9.78526
0.0624847,-0.496597,9.76384
0.0410614,-0.529922,9.74956
0.0624847,-0.506119,9.83287
0.176743,-0.568008,9.90904
0.269577,-0.463272,9.92571
0.231491,-0.460892,9.98521
0.1577,-0.489456,9.93761
0.164841,-0.565628,9.84477
0.183884,-0.622757,9.91142
0.22197,-0.594193,9.89714
0.219589,-0.539444,9.86382
0.245773,-0.475174,9.82335
0.176743,-0.503738,9.86144
0.0958099,-0.44899,9.89952
0.117233,-0.444229,9.87334
0.264816,-0.596573,9.84953
0.243393,-0.651321,9.74718
0.143417,-0.620377,9.74956
0.112473,-0.613236,9.83049
0.141037,-0.620377,9.80193
0.217209,-0.582291,9.84001
0.233871,-0.422806,9.95665
0.176743,-0.441849,9.87572
0.155319,-0.460892,9.87572
0.202927,-0.453751,9.90666
0.241013,-0.394241,9.85667
0.148178,-0.389481,9.95427
0.188644,-0.377579,9.98045
0.233871,-0.463272,9.98045
0.269577,-0.408524,9.90666
0.300522,-0.484695,9.88048
0.28862,-0.596573,9.92094
0.28862,-0.598953,9.89238
0.298141,-0.594193,9.89476
0.255295,-0.679886,9.83049
0.291,-0.76796,9.97807
0.369553,-0.741776,9.96379
0.35527,-0.687027,9.90904
0.319565,-0.646561,9.87334
0.241013,-0.777481,9.96141
0.217209,-0.748917,9.86382
0.298141,-0.70369,9.92808
0.217209,-0.763199,9.93761
0.300522,-0.851273,9.83049
0.305283,-0.863174,9.6353
0.255295,-0.815567,9.46867
0.181503,-0.841751,9.43059
0.0315399,-0.784622,9.49962
-0.0351105,-0.698929,9.56151
-0.118423,-0.615616,9.5377
0.0243988,-0.70369,9.49724
0.100571,-0.660843,9.49724
0.0886688,-0.660843,9.52104
0.0196381,-0.756058,9.56865
-0.0755768,-0.57991,9.57817
-0.0493927,-0.594193,9.75432
-0.0636749,-0.470413,9.78526
-0.0232086,-0.546585,9.87572
-0.089859,-0.603714,9.86144
-0.0874786,-0.568008,9.92333
0.0410614,-0.646561,10.1185
0.0696259,-0.596573,10.1685
0.0981903,-0.537064,10.1614
0.129135,-0.532303,10.0566
0.0886688,-0.594193,10.1328
0.0743866,-0.646561,10.0709
0.0672455,-0.651321,10.0661
0.0482025,-0.741776,10.1019
0.0886688,-0.646561,10.0971
0.0315399,-0.656082,10.0638
-0.00654602,-0.782242,9.96855
-0.0351105,-0.77034,9.93999
-0.0327301,-0.710831,9.90428
0.0434418,-0.598953,9.95903
0.0505829,-0.558487,9.88048
0.0124969,-0.546585,9.9019
0.0196381,-0.44899,9.92094
0.0529633,-0.389481,9.94713
0.0529633,-0.496597,9.87572
0.0672455,-0.556107,9.89238
0.169601,-0.622757,9.89714
0.219589,-0.539444,9.89238
0.22673,-0.51326,9.84477
0.217209,-0.487076,9.74004
0.636154,-0.163345,9.58293
0.631393,-0.19191,9.48296
0.681381,-0.106216,9.37346
0.764694,-0.0895538,9.31157
0.850388,0.108017,9.22826
0.862289,0.324631,9.17113
0.869431,0.484116,8.98546
0.893234,0.669785,8.70219
0.8004,0.967331,8.63792
0.781357,1.26964,8.44035
0.712326,1.62669,8.46892
0.645676,1.94804,8.54271
0.667099,2.27892,8.58556
0.752792,2.48125,8.68315
0.828964,2.83592,8.91643
1.02177,3.00255,9.09972
1.20268,3.08824,9.34727
1.38359,3.0811,9.64006
1.61449,3.06206,9.88524
1.90965,2.86925,10.0971
4.76134,0.336533,15.7386
4.91606,-0.296646,15.8076
5.0208,-1.19881,15.7481
4.99699,-2.24379,15.4053
4.79228,-2.94838,15.3887
4.55424,-3.10072,15.3958
4.39238,-2.91267,15.3696
4.25908,-2.73653,15.3149
4.0139,-2.7032,15.0245
3.56639,-2.88173,14.5055
3.21648,-3.36494,14.0199
3.0927,-3.97432,13.4915
3.10698,-4.50038,13.0892
3.05223,-4.49086,12.7464
2.77373,-4.23616,12.5441
2.60948,-4.18379,12.237
2.25481,-4.20522,11.8157
1.87633,-4.14095,11.5896
1.45262,-4.10524,11.4515
1.18364,-4.14571,11.2587
-0.54213,-4.17665,8.59746
-0.520706,-3.91719,8.34038
-0.692093,-3.76247,8.05949
-0.961075,-3.58156,7.61198
-1.2372,-3.61488,7.25017
-1.42049,-3.6244,6.90501
-1.52046,-3.59584,6.61699
-1.44667,-3.51015,6.32658
-1.45381,-3.17213,5.9362
-1.83705,-3.11263,5.56487
-2.10127,-3.2007,5.3911
-2.36787,-3.16737,5.13402
-2.51784,-2.8246,5.40538
-2.39882,-2.28188,5.38872
-2.35359,-1.77962,5.32683
-2.36549,-1.03932,4.99358
-2.46309,-0.598953,4.77934
-2.59639,-0.470413,4.71507
-2.6797,-0.453751,4.55559
-2.644,-0.294266,4.49608
-3.61995,1.84569,4.02715
-3.34145,1.93138,4.48894
-3.10579,2.3051,4.59605
-2.86061,2.33128,4.58177
-2.55116,2.27177,4.61986
-2.42262,2.11943,4.59367
-2.59877,2.30748,4.97215
-2.64876,2.51219,5.57439
-2.63924,2.82402,6.09569
-2.32027,3.32866,6.65508
-1.9894,3.70238,7.01689
-1.5276,4.41173,7.45488
-1.11818,4.89732,7.48344
-0.965836,5.00206,7.4525
-1.18245,4.52361,7.38823
-1.15627,3.90471,7.31206
-1.08009,3.43101,7.3549
-1.04915,2.68834,7.27159
-0.963455,2.07658,7.4644
-0.637344,2.1956,8.01903
-0.720657,3.30486,10.7279
-0.456436,4.00945,11.5087
-0.213638,4.43315,12.0823
0.0743866,4.63072,12.3442
0.467148,4.60454,12.7322
0.621872,4.21654,12.6584
0.476669,3.25725,12.4917
0.057724,2.52647,12.0466
-0.180313,2.10753,11.7229
-0.201736,1.46959,11.1445
-0.135086,0.591232,11.442
0.0148773,0.269882,11.2706
0.0958099,-0.0419464,11.3325
0.0363007,-0.0181427,11.3825
-0.00654602,0.117538,11.4991
0.117233,0.0151825,11.6872
0.202927,-0.0919342,11.6158
0.305283,-0.19429,11.4468
0.260056,-0.663223,10.9731
0.0720062,-1.34163,10.6993
0.00535583,-2.13429,11.0088
0.0124969,-1.71297,11.3587
0.176743,-1.47731,11.5801
0.281479,-1.76534,11.3968
0.233871,-2.24855,11.1064
0.155319,-2.40327,10.9326
0.0839081,-2.27711,10.8636
0.241013,-2.21523,10.8207
0.410019,-2.16286,10.8279
0.452866,-2.05574,10.7636
-0.123184,-1.31306,9.84715
-0.0660553,-0.986954,10.078
-0.0970001,-0.675125,10.2709
-0.0303497,-0.484695,10.3232
-0.108902,-0.337112,10.3661
-0.227921,-0.303787,10.2923
-0.280289,-0.489456,10.0852
-0.315994,-0.732254,9.82811
-0.330276,-0.986954,9.62816
-0.363602,-1.05836,9.46867
-0.335037,-0.998856,9.45439
-0.299332,-0.867935,9.46391
-0.280289,-0.77034,9.62102
-0.306473,-0.525162,9.66148
-0.246964,-0.284744,9.7924
-0.246964,-0.337112,9.71623
-0.246964,-0.475174,9.64482
-0.194595,-0.777481,9.43535
-0.111282,-0.970291,9.53056
-0.00178528,-0.953629,9.76384
0.0339203,-0.789383,9.93285
0.00773621,-0.856033,9.91856
-0.0827179,-0.727493,9.96855
-0.113663,-0.539444,10.1138
-0.132706,-0.408524,10.2066
-0.166031,-0.382339,10.1209
-0.268387,-0.518021,10.0043
-0.227921,-0.64418,9.8781
-0.180313,-0.865555,9.76384
-0.237442,-0.986954,9.59959
-0.156509,-1.08931,9.69957
-0.156509,-1.00362,9.83763
-0.154129,-0.741776,9.98521
-0.113663,-0.546585,10.0352
-0.0493927,-0.334732,10.1685
-0.0327301,-0.45137,9.92808
-0.106522,-0.570389,9.93523
-0.151749,-0.6418,9.92333
-0.0874786,-0.518021,9.90666
0.0172577,-0.544205,9.88524
-0.0636749,-0.44899,9.77336
-0.108902,-0.420425,9.73766
-0.127945,-0.520401,9.69719
-0.187454,-0.570389,9.75194
-0.123184,-0.51326,9.80669
-0.0565338,-0.401382,9.89952
-0.0660553,-0.551346,9.99235
0.0672455,-0.596573,9.92333
0.0101166,-0.77034,9.8781
-0.00416565,-0.760818,9.86382
-0.0351105,-0.646561,9.85905
-0.0636749,-0.429947,9.89476
-0.0351105,-0.410904,9.94951
-0.0660553,-0.427567,9.98997
-0.00416565,-0.482315,10.1756
0.0505829,-0.394241,10.1328
0.112473,-0.553726,10.1423
0.0220184,-0.660843,10.0019
-0.0589142,-0.617996,10.0043
-0.0398712,-0.529922,10.0828
-0.173172,-0.653702,9.67339
-0.0970001,-0.501358,9.68053
-0.199356,-0.227615,9.8781
-0.187454,-0.132401,9.95427
-0.296951,-0.19191,9.86144
-0.268387,-0.227615,9.82097
-0.266006,-0.282364,9.89
-0.258865,-0.368057,9.83287
-0.22316,-0.318069,9.92808
-0.170792,-0.227615,9.8781
-0.216019,-0.25856,9.90428
-0.246964,-0.299026,9.89238
-0.163651,-0.282364,9.8662
-0.106522,-0.339493,9.88524
-0.111282,-0.368057,9.95427
-0.0779572,-0.45137,9.90904
-0.108902,-0.44899,9.83287
-0.154129,-0.356155,9.92094
-0.0827179,-0.253799,9.95665
-0.0374908,-0.249039,9.99474
-0.270767,-0.44899,9.81621
-0.275528,-0.358536,9.85905
-0.204117,-0.399002,9.9876
-0.194595,-0.487076,9.97807
-0.227921,-0.372818,10.0281
-0.187454,-0.308548,10.0876
-0.154129,-0.277603,10.1566
-0.106522,-0.360916,10.1138
-0.170792,-0.465652,10.1209
-0.185074,-0.572769,10.0114
-0.125565,-0.596573,9.98997
-0.120804,-0.57753,10.0114
-0.070816,-0.453751,9.97807
-0.0422516,-0.368057,10.04
-0.0279694,-0.306168,10.0352
-0.0374908,-0.260941,10.0661
-0.106522,-0.189529,10.1257
-0.149368,-0.0538483,10.0685
-0.135086,-0.196671,10.0257
-0.182693,-0.303787,9.95189
0.0124969,-0.415665,9.79955
0.0482025,-0.346634,9.84239
-0.044632,-0.399002,9.83287
-0.0589142,-0.375198,9.76622
-0.15889,-0.310928,9.72099
-0.137466,-0.291885,9.78288
-0.142227,-0.182388,9.94475
-0.125565,-0.0229034,10.0138
-0.0922394,0.00804138,10.0352
-0.044632,-0.077652,9.95427
-0.0779572,-0.253799,9.82573
-0.189835,-0.306168,9.7567
-0.201736,-0.358536,9.73766
-0.206497,-0.282364,9.77812
-0.168411,-0.299026,9.85667
-0.177933,-0.253799,9.93047
-0.151749,-0.132401,10.0757
-0.170792,-0.0276642,10.1019
-0.196976,-0.0419464,10.0019
-0.246964,-0.180008,10.0471
-0.22316,-0.239517,10.0066
-0.230301,-0.265701,9.97569
-0.192215,-0.325211,9.98283
-0.211258,-0.244278,9.98521
-0.249344,-0.182388,9.95903
-0.208878,-0.210953,9.93285
-0.227921,-0.289505,9.89952
-0.208878,-0.356155,9.88762
-0.246964,-0.38472,9.80907
-0.204117,-0.368057,9.70671
-0.280289,-0.113358,9.9138
-0.232681,-0.0490875,10.0185
-0.196976,-0.108597,10.1066
-0.144608,-0.110977,10.0852
-0.106522,-0.19429,10.1209
-0.168411,-0.222855,10.0162
-0.142227,-0.306168,9.89714
-0.196976,-0.201431,9.86144
-0.237442,-0.0919342,9.80193
-0.28743,0.00804138,9.89
-0.270767,0.0342255,9.90428
-0.237442,-0.0157623,9.92094
-0.246964,-0.103836,9.85191
-0.266006,-0.251419,9.83049
-0.270767,-0.296646,9.70909
-0.339798,-0.289505,9.72337
-0.335037,-0.210953,9.71861
-0.301712,-0.210953,9.83287
-0.244583,-0.106216,9.83525
-0.232681,-0.170486,9.89476
-0.275528,-0.187149,9.83763
-0.306473,-0.25856,9.85429
-0.294571,-0.318069,9.89476
-0.268387,-0.287125,9.92571
-0.249344,-0.389481,9.78526
-0.349319,-0.389481,9.77812
-0.35408,-0.38472,9.83049
-0.304092,-0.389481,9.79955
-0.337418,-0.399002,9.80431
-0.335037,-0.377579,9.7686
-0.332657,-0.344254,9.75194
-0.296951,-0.399002,9.8781
-0.349319,-0.346634,9.87096
-0.28743,-0.327591,9.97569
-0.28743,-0.315689,9.9876
-0.280289,-0.175247,9.9995
-0.280289,-0.0419464,10.0066
-0.256485,-0.153824,10.0185
-0.239822,-0.125259,10.0328
-0.206497,-0.218094,9.97331
-0.256485,-0.282364,10.0709
-0.318375,-0.308548,10.0352
-0.311234,-0.222855,10.0828
-0.266006,-0.120499,10.0162
-0.339798,-0.0990753,9.99235
-0.35408,-0.234756,9.94237
-0.346939,-0.241898,9.85905
-0.285049,-0.170486,9.94713
-0.230301,-0.199051,9.94475
-0.237442,-0.296646,9.81145
-0.185074,-0.356155,9.79478
-0.187454,-0.246658,9.84239
-0.0803375,-0.227615,9.8781
-0.0946198,-0.265701,9.96617
-0.0827179,-0.313309,9.99712
-0.125565,-0.315689,9.95189
-0.156509,-0.441849,9.84001
-0.199356,-0.484695,9.77574
-0.173172,-0.427567,9.74718
-0.0803375,-0.332352,9.77812
-0.208878,-0.0157623,10.0352
-0.208878,0.0294647,10.0519
-0.130325,-0.0514679,10.0281
-0.123184,-0.170486,10.0281
-0.125565,-0.284744,9.95903
-0.0922394,-0.222855,9.95189
-0.149368,-0.115738,9.89
-0.156509,-0.039566,10.128
-0.149368,0.069931,10.1019
-0.182693,-0.108597,10.1471
-0.237442,-0.013382,10.059
-0.28981,-0.118118,9.89714
-0.235062,-0.282364,9.84953
-0.263626,-0.249039,9.72575
-0.249344,-0.077652,9.84239
-0.268387,0.0389862,9.9876
-0.313614,0.136581,10.0209
-0.28743,0.110397,9.91618
-0.263626,0.105637,9.91856
-0.292191,-0.0800324,9.74242
-0.396927,-0.137161,9.82811
-0.344559,-0.106216,9.82573
-0.320755,-0.294266,9.93761
-0.244583,-0.208572,9.96617
-0.177933,-0.265701,9.94475
-0.216019,-0.310928,9.89952
-0.180313,-0.301407,9.8662
-0.273148,-0.308548,9.73766
-0.363602,-0.377579,9.6115
-0.468338,-0.38472,9.42107
-0.411209,-0.382339,9.45677
-0.311234,-0.406143,9.49724
-0.227921,-0.341873,9.54961
-0.187454,-0.239517,9.67577
-0.0660553,-0.294266,9.74242
0.107712,-0.187149,9.94713
0.191025,-0.158585,9.92333
0.212448,-0.237137,9.91142
0.133896,-0.299026,9.92333
0.155319,-0.382339,9.89238
0.121994,-0.415665,9.98521
0.112473,-0.351395,10.0257
0.0648651,-0.306168,9.96379
0.0172577,-0.372818,9.9995
0.0839081,-0.391861,9.98045
0.110092,-0.413284,9.93285
0.183884,-0.498978,10.0114
0.271957,-0.522781,10.0709
0.41716,-0.156204,10.2994
0.245773,-0.0419464,10.3923
0.119614,-0.0514679,10.3732
0.119614,-0.118118,10.2256
0.171982,-0.12764,10.1875
0.183884,-0.110977,10.1637
0.245773,-0.165726,10.1852
0.319565,-0.168106,10.2804
0.35527,-0.0538483,10.3399
0.405258,0.00566101,10.3232
0.276718,0.0128021,10.2804
0.174362,0.0151825,10.3161
0.152939,-0.0514679,10.128
0.0363007,-0.151443,10.0328
0.0220184,-0.218094,9.89238
-0.025589,-0.220474,9.89714
-0.0303497,-0.0014801,9.95189
0.00297546,0.0485077,9.91142
-0.00178528,-0.0157623,9.9138
0.00773621,-0.0657501,9.89238
0.0648651,-0.0895538,9.91618
0.076767,-0.0419464,9.85191
0.114853,0.024704,9.96617
0.1577,0.0770721,9.94237
0.200546,0.100876,9.98045
0.241013,0.0794525,9.94713
0.28624,0.0318451,9.87572
0.321945,0.000900269,9.82811
0.340988,-0.0800324,9.80907
0.371933,-0.120499,9.73766
0.0648651,-0.475174,9.53532
0.100571,-0.529922,9.61864
0.112473,-0.458511,9.74004
0.0743866,-0.418045,9.82811
0.114853,-0.325211,9.95903
0.22435,-0.25856,9.94951
0.281479,-0.270462,9.92094
0.279099,-0.213333,9.95665
0.22197,-0.19429,9.90666
0.179123,-0.144302,9.99712
0.241013,-0.101456,9.97569
0.16246,-0.134781,10.0471
0.174362,-0.19191,10.0138
0.131516,-0.165726,9.87572
0.141037,-0.151443,9.91618
0.22435,-0.141922,9.91856
0.198166,-0.120499,9.89952
0.188644,-0.0800324,9.86144
0.307663,-0.165726,9.79478
0.305283,-0.19429,9.88524
0.133896,-0.0800324,10.0566
0.181503,0.0508881,10.1566
0.16008,-0.0252838,10.1423
0.198166,-0.0014801,10.0114
0.136276,-0.0348053,10.178
0.141037,-0.0871735,10.0519
0.0815277,-0.106216,10.1233
0.181503,-0.0871735,10.1304
0.191025,0.0461273,10.1685
0.245773,0.0485077,10.2256
0.191025,0.0342255,10.2566
0.243393,-0.0371857,10.2756
0.298141,-0.039566,10.3042
0.28624,-0.108597,10.2471
0.260056,-0.12764,10.0971
0.281479,-0.156204,10.1257
0.310043,-0.241898,10.059
0.22673,-0.225235,9.96141
0.124374,-0.141922,9.9019
0.0458221,-0.199051,9.81145
-0.16127,0.0627899,9.9019
-0.130325,0.0437469,9.85429
-0.0208282,-0.106216,9.89952
0.0243988,-0.170486,9.87572
0.0458221,-0.158585,9.95665
0.117233,-0.218094,10.04
0.217209,-0.253799,10.0852
0.231491,-0.215714,10.0495
0.195786,-0.225235,10.0376
0.0981903,-0.270462,9.93999
0.117233,-0.32045,9.84239
0.0315399,-0.351395,9.87572
0.0862885,-0.406143,9.86858
0.0482025,-0.32283,9.82335
0.0124969,-0.294266,9.77812
-0.0636749,-0.187149,9.79478
-0.0922394,-0.0895538,9.86144
-0.130325,-0.0705109,9.84239
-0.168411,-0.0110016,9.77098
-0.254105,0.143723,9.68291
0.141037,0.0984955,9.98283
0.257675,0.024704,9.85191
0.169601,0.024704,9.85191
0.1577,0.100876,9.91142
0.131516,0.0270844,9.93285
0.100571,0.0318451,9.81621
0.0148773,0.100876,9.86382
0.119614,0.0175629,9.83287
0.0648651,0.0770721,9.77812
-0.0160675,0.103256,9.80907
-0.0303497,0.0485077,9.91142
-0.0731964,0.146103,9.85905
-0.0279694,0.122299,9.78288
0.0363007,0.0984955,9.74004
-0.0160675,0.119919,9.74956
-0.0636749,0.172287,9.89476
0.057724,0.108017,9.92094
0.264816,0.119919,9.97569
0.35289,0.115158,9.8662
0.357651,0.0342255,9.90666
0.362411,-0.0110016,9.87334
0.302902,-0.0538483,9.88524
0.255295,0.0294647,9.9138
0.179123,0.0794525,9.82335
0.121994,0.0508881,9.81383
0.107712,0.0413666,9.7567
0.138657,-0.0276642,9.70671
0.117233,-0.058609,9.70433
0.0791473,0.0151825,9.83763
0.0482025,0.088974,9.81383
0.16246,0.396042,10.0447
0.198166,0.426987,10.1376
0.293381,0.250839,10.0257
0.281479,0.174667,9.99712
0.245773,0.158005,9.89952
0.238632,0.119919,9.9138
0.248154,0.0865936,9.92333
0.233871,0.088974,9.88762
0.260056,-0.0467072,9.84477
0.236252,-0.0800324,9.82811
0.167221,-0.096695,9.7686
0.102951,-0.122879,9.81383
0.0505829,0.0318451,9.80193
0.0672455,0.119919,9.89952
0.0839081,0.215134,9.81145
0.124374,0.262741,9.84239
0.133896,0.231796,9.85429
0.124374,0.207993,9.87572
0.0839081,0.269882,9.89476
0.110092,0.260361,9.90428
0.0791473,0.0627899,9.99235
0.0839081,0.100876,10.0876
0.1577,0.186569,10.2399
0.205307,0.0627899,10.2542
0.264816,-0.475174,9.97569
0.0910492,-0.696548,9.68767
0.117233,-0.96315,9.6472
0.0315399,-0.913162,9.82335
0.0196381,-0.667984,9.87334
0.136276,-0.408524,10.2494
-0.142227,-2.60799,8.51177
0.22435,-2.49373,8.33562
-0.22316,-2.67464,7.8524
-0.539749,-2.81508,6.62889
-1.10628,-3.59584,5.79576
-1.82991,-3.33876,3.89622
-0.823013,-4.69557,1.75627
-0.901566,-5.39778,0.259018
-0.408829,-7.06642,-2.33321
-1.04677,-9.04927,-2.08089
-1.73708,-8.67555,-3.73763
-2.44643,-10.0133,-3.66859
-2.27504,-9.41585,-4.735
-2.01558,-9.07307,-5.53004
-2.10841,-8.9969,-6.47981
-2.22029,-9.11354,-6.85115
-2.33455,-9.35396,-7.90327
-2.99867,-9.63246,-8.00801
-2.94868,-9.56581,-8.28175
-2.88918,-9.57057,-7.91518
-3.07484,-8.9612,-8.0699
-3.1891,-8.54939,-7.55098
-3.07722,-7.75435,-7.36055
-3.00343,-7.81862,-6.88686
-2.96535,-7.88289,-6.63216
-3.12007,-7.9543,-6.69167
-3.26051,-8.28279,-6.96541
-3.1046,-9.4575,-7.24748
-2.89037,-9.36348,-7.1368
-2.83919,-9.63722,-6.94875
-2.88441,-9.93715,-6.99635
-3.00343,-10.099,-7.48671
-2.84633,-11.0012,-7.1606
-2.74635,-11.3439,-6.38936
-2.71541,-11.3701,-5.87044
-2.58211,-11.2797,-5.35628
-2.52974,-10.7988,-5.08968
-2.44881,-10.2157,-4.7469
-2.16316,-9.58723,-4.13515
-2.09175,-9.23494,-3.42104
-0.908707,-4.87172,3.0988
-0.280289,-2.77937,4.00572
-0.394547,-0.83699,4.76268
0.517136,0.691208,6.08141
0.540939,2.22893,8.29991
0.519516,3.44054,9.54008
0.0434418,3.91423,11.0968
0.48143,4.26891,11.7753
0.726608,4.90684,11.8967
0.978928,4.78069,11.9395
0.112473,2.11229,10.1185
0.0553436,1.74333,9.9876
0.0172577,1.46959,9.78288
0.0291595,1.19585,9.61864
-0.025589,1.02446,9.50676
-0.0374908,0.924484,9.37108
0.0910492,1.02446,9.37346
0.0648651,1.38628,9.58769
0.198166,1.60527,9.80669
0.257675,1.5648,9.75432
0.16008,1.45531,9.85429
0.150558,1.46483,9.98521
0.0624847,1.45531,10.109
0.0743866,1.30534,9.98521
0.152939,1.06493,9.73052
0.202927,0.881638,9.6591
0.219589,0.83403,9.61626
0.238632,0.905441,9.68529
0.121994,1.24107,9.86144
0.129135,1.4196,9.93047
0.16008,1.45293,9.8662
0.169601,1.43388,9.78764
0.148178,1.35295,9.90428
0.210068,1.20061,9.88286
0.236252,0.993515,9.85667
0.264816,0.89592,9.79478
0.202927,0.791184,9.91142
0.169601,0.805466,9.88762
0.200546,0.845932,9.9019
0.255295,0.919724,10.0209
0.22435,0.829269,9.73052
0.22435,0.972092,9.81145
0.241013,0.945908,9.69481
0.264816,1.01018,9.84953
0.300522,0.967331,9.79002
0.405258,1.18871,9.94951
0.395737,1.21489,9.91856
0.41954,1.03398,9.86382
0.357651,0.976852,9.83287
0.381454,0.788803,9.71147
0.343369,0.745956,9.64958
0.340988,0.938766,9.79002
0.340988,1.22917,9.89476
0.329086,1.34105,9.99474
0.281479,1.42198,9.94475
0.274338,1.37437,9.98283
0.293381,1.21013,10.0019
0.262436,1.04112,9.83763
0.248154,0.848312,9.6591
0.212448,0.738815,9.64006
0.250534,0.76738,9.59245
0.300522,0.867355,9.63292
0.243393,0.953049,9.69957
0.274338,1.06017,9.79955
0.267197,1.15062,9.90428
0.229111,1.16728,9.95665
0.248154,1.02922,9.87096
0.291,0.819748,9.82097
0.250534,0.826889,9.77098
0.229111,0.710251,9.69957
0.345749,0.89592,9.82335
0.35289,0.843552,9.72337
0.321945,0.919724,9.78526
0.317184,1.02684,9.82811
0.326706,0.976852,9.93285
0.338608,0.979233,9.93285
0.319565,1.07445,9.93047
0.248154,1.05778,9.95189
0.274338,1.0554,10.0447
0.333847,1.01256,9.96617
0.1577,1.1292,9.72813
0.195786,0.998276,9.71147
0.200546,0.953049,9.6234
0.188644,0.981613,9.60912
0.219589,0.934006,9.62816
0.279099,0.914963,9.6472
0.260056,1.08159,9.7686
0.326706,1.15538,9.78288
0.340988,1.26726,9.77098
0.312424,1.23631,9.87334
0.279099,1.23869,9.98045
0.22673,1.1411,9.7924
0.152939,0.991135,9.72575
0.229111,1.03636,9.71385
0.22673,1.10777,9.76146
0.276718,1.21013,9.76384
0.307663,1.1411,9.81383
0.245773,1.11729,9.84715
0.243393,1.0554,9.7924
0.257675,1.04588,9.75908
0.202927,1.11967,9.79716
0.229111,1.21727,9.89238
0.233871,1.14586,9.77812
0.269577,1.09111,9.69719
0.260056,1.01494,9.74242
0.22435,0.934006,9.72575
0.236252,0.931625,9.71861
0.174362,1.02446,9.82097
0.174362,1.1292,9.85905
0.198166,1.19347,9.89714
0.176743,1.06969,9.73766
0.176743,1.0435,9.77812
0.129135,1.08873,9.90666
0.1577,1.03636,9.83287
0.193405,1.01018,9.78526
0.238632,1.05302,9.79002
0.250534,1.02208,9.80669
0.271957,0.991135,9.8781
0.245773,0.936386,9.79716
0.183884,0.953049,9.70195
0.186264,1.03398,9.81859
0.198166,1.08635,9.81383
0.183884,1.06731,9.89
0.183884,1.02922,9.86144
0.193405,1.04112,9.88048
0.260056,1.14824,9.90428
0.195786,1.13396,9.82573
0.171982,1.10063,9.80907
0.117233,1.09587,9.7448
0.076767,0.964951,9.74242
0.0862885,0.876877,9.73289
0.114853,0.931625,9.75908
0.133896,0.998276,9.83763
0.112473,1.0435,9.74242
0.152939,1.06017,9.74718
0.169601,1.08635,9.87096
0.176743,1.08635,9.81383
0.155319,1.11729,9.80669
0.148178,1.09825,9.80669
0.124374,1.04112,9.8662
0.182693,0.993515,9.78169
0.213638,1.02684,9.80788
0.0803375,1.07802,9.83525
0.105331,0.939957,9.77217
0.193405,0.935196,9.77574
0.163651,0.932816,9.7448
0.114853,0.947098,9.70671
0.0720062,1.04707,9.83644
0.166031,1.08397,9.86858
0.127945,1.00066,9.77812
0.150558,0.854263,9.71623
0.141037,0.96257,9.80312
0.149368,1.14467,9.93166
0.108902,1.21489,9.96617
0.124374,1.0316,9.85072
0.156509,0.856644,9.74956
0.15889,0.96376,9.84239
0.0791473,1.10777,9.87691
0.0660553,1.09111,9.9138
0.149368,1.02684,9.81859
0.144608,0.96138,9.87691
0.164841,1.09944,9.84477
0.168411,1.01018,9.83882
0.130325,1.02922,9.81264
0.0672455,0.917343,9.77217
0.117233,0.985184,9.76027
0.142227,0.980423,9.77098
0.0815277,0.932816,9.71861
0.0553436,0.882828,9.71028
0.107712,0.932816,9.75313
0.0970001,0.930435,9.7567
0.0684357,0.988754,9.75313
0.044632,1.0435,9.70552
0.111282,1.01732,9.71147
0.112473,1.02089,9.79121
0.101761,0.907822,9.64601
-0.00178528,0.876877,9.72813
0.117233,0.997086,9.77812
0.0624847,1.10777,9.84596
0.0291595,1.01494,9.7924
0.0327301,0.978043,9.82692
0.0803375,1.01137,9.86977
0.143417,1.07326,9.96974
0.1577,1.02327,10.0007
0.101761,0.860214,9.91618
0.104141,0.753098,9.87334
0.0946198,0.880447,9.89714
0.0470123,0.901871,9.8781
0.0243988,0.847122,9.83525
0.0779572,0.909012,9.77931
-0.0232086,0.936386,9.66029
0.025589,1.09349,9.61388
-0.0291595,1.29106,9.45439
0.0220184,1.28749,9.25325
-0.0113068,1.54814,9.01878
0.0101166,1.83855,8.9438
0.183884,2.19679,8.78908
0.248154,2.3658,8.58913
0.35051,2.53481,8.90572
0.443344,3.18108,9.39845
0.667099,3.38341,9.69124
0.811111,3.43935,9.9019
0.873001,3.25249,10.0388
0.957504,3.61192,10.1304
0.963455,3.83925,10.1221
1.04082,3.96898,10.278
1.17174,3.72023,10.6993
1.85371,2.92162,11.0611
2.33931,2.67168,11.3396
2.59639,2.86211,12.0502
2.60829,2.31819,12.9785
3.38072,-0.738205,12.5286
3.39857,-1.23689,13.4986
3.22005,-0.0621796,14.5603
3.23433,0.327011,14.8912
3.25099,-1.00243,14.1092
3.2498,-4.05763,12.6191
2.71184,-3.10072,13.1785
2.19887,-1.83794,13.5474
1.84538,-1.60228,12.9381
1.33003,-2.46992,11.8681
1.04915,-4.39327,10.5387
0.871811,-3.66725,10.572
0.192215,-2.68297,10.4946
-0.375504,-2.39494,10.1875
-0.439774,-3.04835,9.22231
-0.642105,-4.82887,7.77861
-1.15746,-4.26472,7.30492
-1.69899,-2.85793,7.35728
-2.00963,-2.01765,7.15376
-2.37263,-2.08073,6.44798
-2.65828,-3.16261,5.11259
-2.82729,-2.94481,4.82933
-2.59996,-1.77129,5.35182
-2.50117,-0.867935,5.76363
-2.69756,-0.789383,5.50298
-2.86537,-0.881027,5.03999
-3.25456,-0.479935,4.89598
-3.45689,0.604324,5.16258
-3.83775,1.02327,5.06499
-4.09126,0.772141,5.0388
-3.90916,0.942337,5.21733
-3.47594,1.82545,5.50298
-2.97844,2.58955,6.12425
-2.90108,2.62883,6.42656
-3.19981,2.08015,6.0219
-3.24504,1.57075,5.53392
-2.64757,2.79546,7.10973
-1.76683,4.088,8.03331
-1.76326,3.50124,7.39656
-1.89418,2.47649,6.84074
-1.76564,2.03017,7.2466
-1.58711,1.76595,7.84645
-1.50261,2.92876,8.29991
-1.23601,3.78569,8.85097
-0.773026,3.60478,9.41631
-0.489761,2.57527,9.36037
-0.368362,2.18727,9.27705
-0.283859,3.13347,10.4732
-0.136276,4.06181,11.4563
-0.0232086,2.71809,11.2766
0.257675,1.45531,11.4848
0.668289,1.40651,11.6181
1.14436,2.6443,12.5144
1.08247,2.82759,12.844
1.33836,1.88258,12.581
1.55974,0.850693,12.2192
0.959885,1.17085,12.3632
0.901566,1.42198,12.387
1.59068,0.605514,12.0252
1.57402,-0.534683,11.4051
1.75612,-0.616806,11.6372
1.76445,0.224655,12.1014
1.57402,0.19371,11.9407
1.55022,-0.825089,11.3646
1.71208,-1.66417,11.2694
1.34193,-1.72368,11.2325
1.12056,-1.32497,11.173
1.20149,-1.37495,11.2409
1.2372,-2.02122,10.9052
1.067,-2.62227,10.5839
0.99678,-2.26997,10.6136
1.02653,-1.91411,11.0064
0.796829,-1.88554,10.6148
0.751602,-2.07954,10.2982
0.824203,-2.17,9.86025
0.887283,-2.49611,9.57222
0.920609,-2.21403,9.75908
0.73732,-1.98076,9.65315
0.596878,-1.60466,9.52937
0.442154,-1.81175,9.01164
0.413589,-1.82365,8.93904
0.440964,-1.17262,9.24016
0.314804,-0.653702,9.30919
0.280289,-0.723923,9.28062
0.229111,-1.33568,9.29253
0.325516,-0.871506,9.73647
0.302902,-0.365677,9.7805
0.302902,-0.281174,9.70552
0.420731,-0.429947,9.81383
0.515945,-0.541824,10.0138
0.493332,-0.545395,10.0459
0.501663,-0.433517,9.98997
0.525467,-0.38591,10.0471
0.41716,-0.501358,9.90309
0.5457,-0.573959,9.86025
0.538559,-0.691788,9.78764
0.551651,-0.588242,9.8293
0.513565,-0.406143,10.0185
0.443344,-0.275223,9.95427
0.492142,-0.350204,9.85548
0.487381,-0.401382,9.76265
0.501663,-0.308548,9.88405
0.582596,-0.343063,10.0757
0.515945,-0.472794,10.0043
0.511185,-0.557297,9.84596
0.439774,-0.597763,9.79955
0.41478,-0.482315,9.78764
0.486191,-0.546585,9.94832
0.458817,-0.314499,10.0328
0.458817,-0.345444,9.89357
0.35289,-0.588242,9.77693
0.427872,-0.407333,9.9626
0.385025,-0.318069,9.97212
0.382645,-0.427567,9.96141
0.385025,-0.685837,9.78526
0.367172,-0.64299,9.7567
0.488571,-0.569199,9.83644
0.527847,-0.591812,9.92571
0.412399,-0.556107,9.98164
0.371933,-0.339493,10.0138
0.439774,-0.289505,10.015
0.460007,-0.402573,9.89357
0.392166,-0.612045,9.82097
0.48381,-0.593002,9.92808
0.456436,-0.403763,10.0043
0.449295,-0.347824,10.0031
0.395737,-0.621567,9.77217
0.41716,-0.554916,9.83049
0.427872,-0.350204,9.84239
0.475479,-0.365677,10.0078
0.462387,-0.434708,9.90547
0.399307,-0.587051,9.74242
0.338608,-0.57634,9.69957
0.373123,-0.443039,9.78169
0.449295,-0.334732,9.91261
0.469528,-0.38829,9.95546
0.474289,-0.483505,9.89595
0.396927,-0.51207,9.88048
0.404068,-0.435898,9.87215
0.381454,-0.404953,9.95308
0.375504,-0.293076,9.89238
0.429062,-0.313309,10.0495
0.364792,-0.378769,9.94832
0.335037,-0.394241,9.89952
0.345749,-0.409714,9.84477
0.374313,-0.429947,9.91737
0.381454,-0.350204,9.95308
0.401688,-0.391861,9.90309
0.41716,-0.378769,9.75313
0.392166,-0.497787,9.68886
0.410019,-0.453751,9.79716
0.473099,-0.431137,9.85548
0.399307,-0.360916,9.83406
0.380264,-0.376389,9.8174
0.362411,-0.189529,9.88167
0.440964,-0.233566,10.0364
0.429062,-0.247849,10.0471
0.429062,-0.356155,9.97807
0.396927,-0.364487,9.92808
0.360031,-0.394241,9.88286
0.41835,-0.393051,9.8293
0.394547,-0.357346,9.86501
0.345749,-0.307358,9.93642
0.346939,-0.219284,9.95308
0.375504,-0.331161,9.8781
0.41835,-0.416855,9.75313
0.462387,-0.427567,9.8662
0.427872,-0.364487,10.034
0.388596,-0.271652,9.96498
0.381454,-0.231186,9.91023
0.423111,-0.301407,9.87096
0.392166,-0.363297,9.85072
0.41954,-0.407333,9.87096
0.358841,-0.358536,9.76384
0.244583,-0.349014,9.79955
0.254105,-0.25975,9.79478
0.420731,-0.287125,9.89952
0.413589,-0.329971,9.84596
0.377884,-0.363297,9.94713
0.412399,-0.276413,10.0043
0.456436,-0.197861,9.96617
0.401688,-0.241898,9.90428
0.345749,-0.296646,9.87929
0.386215,-0.313309,9.92571
0.377884,-0.202621,9.92571
0.41597,-0.238327,9.87215
0.41478,-0.251419,9.97569
0.367172,-0.133591,10.0019
0.380264,-0.144302,9.95665
0.375504,-0.210953,9.94356
0.356461,-0.229996,9.88048
0.369553,-0.263321,9.87215
0.437393,-0.344254,9.83049
0.330276,-0.275223,9.74361
0.318375,-0.229996,9.83049
0.28624,-0.177628,9.86977
0.363602,-0.203812,9.72932
0.345749,-0.268082,9.72694
0.293381,-0.152634,9.82216
0.386215,-0.0895538,9.82573
0.423111,-0.156204,9.89
0.406448,-0.180008,9.85905
0.396927,-0.245468,9.87453
0.357651,-0.227615,9.86501
0.407639,-0.151443,9.91499
0.343369,-0.205002,10.0019
0.263626,-0.147873,9.98521
0.306473,-0.137161,10.0102
0.361221,-0.150253,9.99474
0.411209,-0.177628,10.0566
0.398117,-0.163345,9.99355
0.373123,-0.108597,9.99235
0.35289,-0.168106,9.95427
0.365982,-0.272842,9.93285
0.346939,-0.225235,9.86501
0.361221,-0.216904,9.87691
0.337418,-0.0859833,9.91737
0.273148,-0.153824,9.80669
0.340988,-0.166916,9.83168
0.407639,-0.184769,9.79955
0.385025,-0.149063,9.86858
0.28743,-0.25499,9.85667
0.319565,-0.200241,9.86144
0.302902,-0.0229034,9.92451
0.270767,-0.00505066,9.89952
0.344559,-0.205002,9.90666
0.340988,-0.249039,9.87572
0.261246,-0.143112,9.84477
0.268387,0.0223236,9.91261
0.307663,-0.0859833,9.93642
0.279099,-0.0990753,10.0078
0.291,-0.0812225,9.9995
0.242203,-0.137161,10.0043
0.164841,-0.147873,9.94951
0.214828,-0.152634,9.9138
0.321945,-0.108597,10.0471
0.307663,-0.0728912,9.99355
0.346939,-0.25618,9.99355
0.410019,-0.237137,9.98879
0.412399,-0.125259,10.0221
0.421921,-0.0895538,10.09
0.456436,-0.114548,9.99593
0.329086,-0.146683,9.93047
0.279099,-0.13002,9.88524
0.207687,0.160385,9.93523
0.245773,0.0806427,9.88524
0.22435,0.108017,9.86739
0.189835,0.200851,9.96974
0.108902,0.177048,9.92808
0.0696259,0.0663605,9.88643
0.173172,0.109207,9.9876
0.101761,0.0330353,10.0173
0.182693,0.172287,10.0804
0.152939,0.158005,10.1423
0.0279694,0.359146,10.1185
0.0803375,0.334152,10.1816
0.0422516,0.300827,10.228
-0.0612946,-0.0145721,9.9138
-0.149368,-0.491837,9.51509
-0.398117,0.0770721,9.46272
-0.576645,0.471024,9.17708
-0.281479,0.805466,8.57246
0.343369,2.74904,7.76314
0.133896,5.01277,7.49773
0.476669,6.72426,7.10496
1.10152,7.89064,6.44917
2.14412,7.91325,5.91359
2.60948,7.87993,5.47441
2.40953,8.20485,4.433
1.90608,8.96538,3.58083
1.19554,9.24388,2.67509
1.28123,8.96062,2.3228
1.6609,8.43575,1.87767
1.93703,8.37981,1.48253
2.02629,8.5869,1.01836
1.93822,8.72139,0.833878
1.98344,8.72377,0.852921
1.93703,8.47383,0.811264
1.96202,8.88087,0.643448
2.08818,9.06654,0.407791
2.34526,9.46764,0.475632
2.54997,10.1865,0.701767
2.61543,10.4674,0.712479
2.76183,10.6995,1.04692
2.62614,11.3636,1.98003
2.35597,11.6707,3.11665
2.36073,11.4231,3.90813
2.44881,10.5626,4.00453
2.38692,8.93324,4.17473
2.51784,7.33006,5.07927
2.46071,6.11845,5.74934
1.91084,3.81187,5.76363
1.42525,2.53719,6.23375
1.25267,3.66548,8.23326
1.07771,3.48219,8.51057
0.315994,2.21346,7.73219
-0.1577,-0.391861,7.37633
-0.371933,-1.29402,8.0714
-0.0541534,-0.587051,9.22231
0.144608,-0.0764618,9.77098
0.268387,-0.606094,9.32109
-0.0850983,-1.55586,9.53413
0.335037,-1.37733,10.2256
0.5457,-1.18929,10.616
0.507614,-0.57515,10.6017
0.633774,-0.998856,10.2899
0.793259,-1.27855,10.3066
0.714706,-1.28688,10.0602
0.461197,-1.30473,9.97926
0.492142,-1.04527,10.1257
0.518326,-0.929825,10.0459
0.455246,-0.954819,9.86382
0.485001,-1.17381,9.70076
0.406448,-1.16548,9.55318
0.469528,-0.908401,9.7198
0.498093,-0.782242,9.84715
0.35408,-1.006,9.61983
0.261246,-1.19048,9.52699
0.325516,-1.16429,9.57103
0.325516,-1.14287,9.6353
0.304092,-1.02385,9.86858
0.28743,-1.01314,9.80669
0.149368,-1.30235,9.52104
0.280289,-1.38924,9.80312
0.388596,-1.10597,9.88881
0.410019,-0.734634,10.1304
0.335037,-0.857224,10.0293
0.344559,-1.09645,9.95427
0.382645,-1.10835,10.0162
0.48262,-1.0536,10.0876
0.556412,-1.00005,10.0602
0.505234,-0.919113,10.1257
0.48024,-0.953629,9.96974
0.423111,-0.917923,9.90785
0.485001,-1.02266,9.81145
0.502853,-1.00362,9.85072
0.429062,-0.995285,9.8293
0.387405,-0.872696,9.98879
0.47905,-1.08455,9.82811
0.454056,-1.32021,9.8174
0.448105,-1.25237,9.84596
0.502853,-0.803665,10.0102
0.623062,-0.5811,10.2161
0.598068,-0.944107,9.9745
0.396927,-1.31187,9.69005
0.436203,-1.06908,9.81859
0.487381,-0.64418,10.0233
0.3517,-0.612045,10.0197
0.293381,-0.926254,9.81145
0.446915,-0.966721,9.75432
0.529038,-0.890549,9.85786
0.430252,-0.763199,9.93166
0.405258,-0.985764,9.89476
0.521896,-1.09169,9.78526
0.48262,-0.998856,9.75432
0.41954,-0.984573,9.79836
0.408829,-0.808426,9.98521
0.427872,-0.802475,9.96498
0.458817,-1.02861,9.74837
0.424301,-1.04884,9.73527
0.393356,-0.878647,9.79002
0.48262,-0.76796,9.92333
0.475479,-0.751297,9.91975
0.523087,-0.852463,9.95903
0.489761,-1.02861,9.86977
0.474289,-0.988144,9.83406
0.400497,-0.803665,9.85429
0.336227,-0.752487,9.93642
0.463577,-0.784622,10.0626
0.48024,-0.785812,10.0554
0.48143,-1.04646,9.96855
0.47905,-0.933395,9.89476
0.468338,-0.907211,9.93404
0.486191,-0.913162,9.85072
0.454056,-0.807236,9.9138
0.35408,-0.914352,9.81264
0.41954,-0.991715,9.68053
0.468338,-1.07503,9.73289
0.375504,-0.798904,9.80193
0.449295,-0.701309,9.96141
0.507614,-0.813187,9.87453
0.494522,-1.01671,9.72099
0.344559,-1.06908,9.68529
0.330276,-0.885788,9.85191
0.444534,-0.731064,9.95189
0.504044,-0.998856,9.78645
0.405258,-1.05003,9.74242
0.458817,-0.989334,9.85905
0.501663,-0.871506,10.0316
0.429062,-0.797714,10.009
0.433823,-0.889359,9.95308
0.437393,-0.985764,9.87453
0.430252,-0.875076,9.8781
0.501663,-0.811996,10.0304
0.474289,-0.787003,9.9995
0.457626,-0.945297,9.86858
0.467148,-0.944107,9.85667
0.371933,-0.96077,9.79716
0.382645,-0.878647,9.82454
0.473099,-0.852463,9.91499
0.486191,-0.866745,9.84596
0.327896,-1.00719,9.81026
0.326706,-0.884598,9.86025
0.343369,-0.858414,9.87691
0.332657,-0.892929,9.85548
0.327896,-0.996475,9.85786
0.474289,-0.951248,9.91737
0.41597,-0.866745,9.97807
0.381454,-0.877457,9.87453
0.443344,-0.940536,9.82692
0.448105,-0.867935,9.94356
0.392166,-0.925064,9.90428
0.35527,-0.966721,9.81502
0.424301,-0.966721,9.87334
0.439774,-0.83699,9.86501
0.370743,-0.819138,9.86144
0.332657,-0.957199,9.81383
0.386215,-0.969101,9.81145
0.35408,-0.875076,9.73647
0.429062,-0.841751,9.88286
0.357651,-0.765579,9.93999
0.421921,-0.942917,9.93285
0.500473,-0.956009,9.89476
0.468338,-0.913162,9.91142
0.440964,-0.858414,10.0138
0.41716,-0.859604,9.96498
0.433823,-0.892929,9.87691
0.501663,-0.939346,9.92808
0.371933,-0.916733,9.85191
0.41478,-0.869125,9.88405
0.41478,-0.889359,9.8531
0.401688,-0.923874,9.8412
0.392166,-0.891739,9.88048
0.35289,-0.790573,9.90428
0.412399,-0.777481,9.89119
0.393356,-0.857224,9.89476
0.412399,-0.916733,9.80669
0.370743,-0.981003,9.78169
0.41835,-0.888168,9.79478
0.385025,-0.904831,9.81621
0.379074,-0.925064,9.80907
0.325516,-1.00124,9.81383
0.382645,-1.03337,9.87096
0.396927,-0.96315,9.91975
0.386215,-0.77391,10.0316
0.346939,-0.759628,10.0388
0.35527,-0.940536,9.88524
0.439774,-1.07741,9.89119
0.457626,-0.953629,9.94118
0.310043,-0.908401,9.92333
0.325516,-0.979813,9.80788
0.348129,-1.06194,9.74242
0.342178,-1.00243,9.93999
0.307663,-1.01433,9.96022
0.239822,-0.953629,10.0435
0.343369,-0.925064,10.0031
0.48024,-0.867935,10.0578
0.449295,-1.01195,10.009
0.406448,-0.984573,9.93285
0.392166,-0.942917,9.89357
0.452866,-0.932205,9.76265
0.48024,-0.853653,9.81145
0.404068,-0.776291,9.94118
0.424301,-0.76796,9.89952
0.420731,-0.653702,9.90428
0.442154,-0.683456,9.81383
0.432632,-0.878647,9.70314
0.361221,-0.947678,9.66863
0.35289,-0.821518,9.79121
0.280289,-0.842941,9.77574
0.339798,-0.925064,9.69124
0.405258,-0.911972,9.76979
0.361221,-0.779861,9.86262
0.307663,-0.619186,10.0352
0.439774,-0.895309,9.93523
0.423111,-0.826279,9.90785
0.365982,-0.823898,10.0126
0.318375,-0.758438,9.99831
0.320755,-0.745346,10.0673
0.255295,-0.716782,10.0626
0.242203,-0.77272,9.93166
0.266006,-0.764389,9.9745
0.339798,-0.562057,10.2578
0.324326,-0.545395,10.4482
0.116043,-0.90126,10.2435
-0.126755,-1.39995,9.89
-0.0862885,-0.947678,10.0578
0.151749,0.795944,9.77455
0.138657,1.71001,9.03188
-0.406448,2.5955,7.82265
-0.205307,4.18916,7.17995
0.554031,7.86565,8.08211
0.468338,8.57381,8.00117
0.669479,6.48979,5.58748
0.726608,6.35887,3.89622
0.371933,7.48003,3.18449
0.577835,7.96324,2.62273
0.834915,8.16557,1.96574
1.15508,8.10725,1.41707
1.47404,8.57143,0.956467
1.70137,8.72734,0.750565
1.68471,8.7809,0.317337
1.54784,9.26887,0.522049
1.57759,9.53786,0.436356
1.674,9.72829,0.223312
1.84181,9.80327,0.0947723
2.38097,9.78422,0.344711
2.54759,9.32362,0.441116
2.37025,8.93324,0.0709686
2.29527,9.34267,0.0352631
2.32146,9.81993,-0.331314
2.31432,10.4198,-0.157547
2.44643,10.0104,0.0781097
2.55949,10.1115,0.33876
2.69518,10.9399,0.988602
2.77849,11.3517,1.41112
2.92131,10.6578,1.83958
2.80348,10.5543,2.70128
2.58806,10.9018,3.51775
2.2917,10.3591,4.01762
2.1096,9.23793,4.28661
2.00249,8.6476,5.07094
2.32979,8.05727,5.27089
1.82634,7.08845,5.69817
1.33598,5.9435,6.25874
1.25743,3.88805,6.42061
0.974167,2.18965,6.73125
1.05034,-0.270462,6.15401
-0.285049,-1.47374,6.71458
-0.469528,-1.99147,7.65007
-0.48143,-1.90697,8.1678
-0.818253,-2.13905,8.43916
-0.752792,-2.35686,9.15685
-0.236252,-1.80699,9.8531
-0.113663,-1.25475,10.3327
-0.0172577,-1.42137,10.3708
0.166031,-2.01408,10.2233
0.312424,-2.0367,10.1197
0.1577,-1.51778,10.4208
0.070816,-1.02385,10.6196
0.107712,-1.33568,10.3875
-0.0196381,-1.54515,10.0673
-0.119614,-1.55229,10.0935
-0.0743866,-1.34996,10.2125
0.0505829,-1.40828,10.2066
0.0803375,-1.74034,9.93166
-0.0755768,-1.69392,9.72337
-0.0993805,-1.68202,9.76741
-0.0850983,-1.30235,9.98283
0.00416565,-1.24284,9.96736
-0.143417,-1.63084,9.8174
0.00178528,-1.6118,9.85072
0.113663,-1.38805,9.88286
0.150558,-1.23213,9.97569
0.0422516,-1.25951,9.89833
0.0243988,-1.41185,9.94356
-0.0553436,-1.29283,9.87453
0.0565338,-1.18929,9.89119
0.0803375,-1.30354,9.79836
-0.0422516,-1.49635,9.53175
-0.156509,-1.4178,9.65077
-0.135086,-1.2607,9.77812
-0.0839081,-1.2964,9.78526
-0.145798,-1.36186,9.79598
-0.135086,-1.25356,9.88405
-0.124374,-1.20833,9.96022
-0.183884,-1.25951,9.92571
-0.148178,-1.33925,9.81264
-0.144608,-1.39876,9.83168
-0.101761,-1.39043,10.0031
0.00416565,-1.42851,9.98164
0.0184479,-1.54039,9.84715
-0.0113068,-1.30116,9.89952
-0.0363007,-1.0905,9.9626
0.00654602,-1.15596,10.0364
-0.0351105,-1.36543,9.98521
-0.168411,-1.4416,9.84477
-0.206497,-1.20119,9.75432
-0.218399,-1.04884,9.78407
-0.194595,-1.11668,9.79716
-0.129135,-1.29402,9.84477
-0.113663,-1.28331,9.74599
-0.0517731,-1.06551,9.97688
-0.0803375,-1.19048,9.75789
-0.107712,-1.31306,9.76384
-0.0493927,-1.29759,9.86739
0.0196381,-1.26308,9.92571
-0.156509,-1.4178,9.70671
-0.0850983,-1.43565,9.7686
0.038681,-1.20952,9.91737
0.137466,-1.08336,10.1459
0.205307,-1.07622,10.1042
0.142227,-1.25117,9.91499
0.170792,-1.13216,10.0471
0.195786,-1.11311,10.1518
0.114853,-1.16667,9.96379
0.00297546,-1.3333,9.82811
-0.0101166,-1.38924,9.74837
0.00535583,-1.36424,9.77455
0.0672455,-1.20238,9.91975
0.0434418,-1.00957,9.93166
-0.0184479,-1.03932,9.99474
-0.102951,-1.22499,9.76146
-0.0755768,-1.31068,9.75313
0.000595093,-1.24998,9.84596
-0.0398712,-1.09288,9.98045
0.0124969,-1.10835,10.0078
0.0267792,-0.992905,10.0269
0.00535583,-1.2845,9.89952
-0.0993805,-1.36662,9.89833
-0.194595,-1.31306,9.88524
-0.211258,-1.25713,9.89357
-0.131516,-1.27498,9.81621
-0.116043,-1.39638,9.85905
-0.0553436,-1.40114,9.91023
-0.0113068,-1.14763,9.9745
0.137466,-1.21309,9.96974
0.0743866,-1.13692,9.94237
0.0541534,-1.1143,9.89
-0.0160675,-1.13454,9.81621
0.0113068,-1.20238,9.76622
-0.076767,-1.17262,9.78288
-0.187454,-1.09764,9.78764
-0.117233,-0.908401,9.9138
-0.0779572,-0.979813,9.87096
-0.206497,-1.11311,9.83049
-0.251724,-1.31664,9.7924
-0.293381,-1.32616,9.696
-0.357651,-1.3083,9.69719
-0.299332,-1.48564,9.73766
-0.237442,-1.40947,9.7567
-0.255295,-1.31187,9.73052
-0.276718,-1.32735,9.74837
-0.142227,-1.33449,9.82692
-0.0731964,-1.42732,9.69481
-0.125565,-1.48207,9.60197
-0.137466,-1.41304,9.68648
-0.180313,-1.14049,9.88643
-0.277908,-1.21666,9.84834
-0.408829,-1.48088,9.69957
-0.640915,-1.55586,9.64244
-0.589737,-1.31544,9.77217
-0.395737,-0.977432,9.95903
-0.206497,-1.14644,10.0126
0.110092,-1.37614,9.92333
0.254105,-1.22618,9.9269
0.232681,-1.08574,9.96974
0.198166,-1.09526,9.85191
0.0803375,-1.41423,9.55675
-0.0422516,-1.53563,9.48653
-0.106522,-1.27498,9.6234
-0.227921,-1.08812,9.73052
-0.310043,-1.25475,9.65315
-0.246964,-1.2476,9.77931
-0.154129,-1.26546,9.8781
-0.0922394,-1.24403,10.015
-0.0124969,-1.14882,10.09
-0.0589142,-1.4297,10.0304
0.044632,-1.5154,10.04
0.0493927,-1.42256,10.0971
-0.0601044,-1.63084,10.0054
-0.0755768,-1.63322,10.059
-0.038681,-1.62846,10.0554
-0.0243988,-1.37852,10.1578
-0.0505829,-1.23094,10.2923
0.0981903,-1.42018,10.1935
0.0529633,-1.49159,9.88524
0.0589142,-1.32973,9.96974
0.146988,-1.30592,9.94356
0.193405,-1.4547,9.81026
0.242203,-1.51183,9.81264
0.246964,-1.31783,9.84358
0.180313,-1.08098,9.91023
0.0862885,-1.03218,9.82454
0.0124969,-1.12383,9.68767
0.0672455,-1.26784,9.65434
-0.0612946,-1.18929,9.57579
-0.120804,-1.14763,9.67577
-0.123184,-1.27141,9.62578
-0.0601044,-1.2238,9.696
-0.0660553,-1.23927,9.73409
0.0184479,-1.32378,9.78883
0.114853,-1.16191,9.8662
0.0910492,-1.00124,9.96022
0.0791473,-1.18214,9.88286
0.126755,-1.29878,9.83168
0.0910492,-1.23213,9.86262
0.0172577,-1.22975,9.87215
-0.0779572,-1.11192,9.87572
-0.0648651,-1.20714,9.90904
-0.0279694,-1.28688,9.83882
0.0720062,-1.21666,9.9388
0.0993805,-1.09526,9.92571
0.025589,-0.881027,10.1554
0.0946198,-1.11549,10.0554
0.163651,-1.21904,9.98
0.163651,-1.2607,9.97212
0.0815277,-1.04765,10.0245
-0.0220184,-0.919113,10.0554
-0.0601044,-1.04527,9.99235
-0.101761,-1.19762,9.90666
-0.0862885,-1.26427,9.9864
-0.0660553,-1.006,10.0685
-0.0482025,-0.956009,10.0828
-0.183884,-1.06432,9.82335
-0.233871,-1.26427,9.66029
-0.170792,-1.26784,9.70909
-0.167221,-1.17619,9.77455
-0.143417,-1.16072,9.85548
-0.150558,-1.26189,9.89476
0.0398712,-1.34758,9.99474
0.0886688,-1.18333,9.93761
0.198166,-1.16429,9.9626
0.204117,-1.15596,10.0007
0.110092,-1.20595,10.0054
-0.0553436,-1.11549,9.89238
-0.131516,-1.00719,9.8293
-0.248154,-1.02742,9.78288
-0.233871,-1.0536,9.7924
-0.214828,-0.888168,9.97331
-0.0946198,-0.791763,9.99593
-0.120804,-0.816757,10.0019
-0.070816,-0.794144,9.99831
-0.0196381,-0.916733,10.015
0.0743866,-0.860794,10.0745
0.0981903,-0.975052,9.94594
0.0553436,-1.06075,9.90071
0.0743866,-1.13811,9.84358
0.0208282,-1.12025,9.79121
0.0136871,-1.08455,9.72575
-0.00535583,-1.03456,9.64601
0.0160675,-1.02028,9.6472
0.00297546,-1.02623,9.73289
0.0910492,-0.986954,9.73052
0.125565,-0.856033,10.0126
0.194595,-0.712021,10.0947
0.146988,-0.840561,10.0614
0.112473,-1.04527,9.96379
0.0755768,-1.10835,9.90666
0.0624847,-0.989334,9.95665
0.00773621,-1.00481,9.95427
0.0101166,-0.981003,10.0304
0.038681,-1.03456,9.95427
-0.0208282,-1.01076,9.87453
-0.0791473,-0.852463,9.87215
-0.0243988,-0.861984,9.91023
-0.00892639,-0.967911,9.85429
0.0160675,-1.01552,9.86739
0.0374908,-0.991715,9.86144
-0.0398712,-1.00124,9.78288
-0.0624847,-0.936966,9.82692
0.0196381,-0.96434,9.80907
-0.111282,-1.01909,9.77693
-0.110092,-0.957199,9.77812
-0.0374908,-0.760818,9.88524
0.0374908,-0.733444,10.0162
0.0636749,-0.829849,9.9876
0.076767,-0.946487,10.0007
0.105331,-0.804855,9.99355
0.102951,-0.688217,9.92928
0.0184479,-0.584671,9.91023
0.00535583,-0.758438,9.86382
-0.00297546,-0.70607,9.8412
0.0743866,-0.716782,9.89595
0.000595093,-0.77391,9.76741
-0.0660553,-0.871506,9.73409
