0.567123,-0.0919342,9.85191
0.698044,0.108017,9.83525
0.667099,0.12706,10.0566
0.621872,0.362717,9.98997
0.662338,0.334152,9.9995
0.664719,0.224655,10.0185
0.636154,0.365097,9.94951
0.693283,0.393661,9.94713
0.631393,0.415085,9.84715
0.638535,0.38652,9.81383
0.5457,0.177048,9.54723
0.536179,0.198471,9.59483
0.490952,0.134201,9.70195
0.629013,0.277023,9.66863
0.631393,0.269882,9.49486
0.626633,0.25798,9.3687
0.688522,0.357956,9.35204
0.726608,0.415085,9.53056
0.757553,0.505539,9.6234
0.874191,0.496017,9.9138
0.976547,0.436508,10.0804
0.907516,0.398422,10.1257
0.783737,0.374619,10.0852
0.728989,0.376999,9.93999
0.743271,0.327011,10.0233
0.73613,0.272263,10.0566
0.662338,0.200851,10.0233
0.571884,0.158005,10.0495
0.626633,0.196091,9.86382
0.73851,0.0984955,10.1304
0.778976,-0.25618,10.0471
0.73851,-0.341873,9.8662
0.621872,-0.477554,9.78526
0.517136,-0.679886,9.62816
0.410019,-0.775101,9.56865
0.405258,-0.717972,9.59245
0.383835,-0.720352,9.71861
0.291,-0.625137,9.73289
0.243393,-0.6418,9.77098
0.202927,-0.532303,9.85191
0.191025,-0.45137,9.89476
0.141037,-0.479935,9.79955
0.0886688,-0.425186,9.83287
0.0363007,-0.318069,9.78764
-0.00178528,-0.310928,9.95189
-0.0589142,-0.282364,9.97569
-0.118423,-0.346634,9.90428
-0.211258,-0.501358,9.83525
-0.116043,-0.51326,9.89
-0.0184479,-0.458511,10.2161
0.22435,-0.437088,10.3304
0.376694,-0.506119,10.4994
0.445725,-0.532303,10.5755
0.445725,-0.656082,10.4994
0.362411,-0.70369,10.347
0.312424,-0.656082,10.2256
0.269577,-0.64418,10.159
0.333847,-0.558487,10.059
0.302902,-0.45137,10.09
0.312424,-0.396622,10.0019
0.0791473,-0.115738,9.84477
0.181503,-0.213333,9.88524
0.395737,-0.360916,10.1066
0.571884,-0.289505,10.3399
0.686142,-0.325211,10.4065
0.690903,-0.334732,10.2447
0.555222,-0.463272,10.0614
0.471909,-0.453751,9.91618
0.412399,-0.358536,9.87334
0.28624,-0.358536,9.97569
0.136276,-0.472794,9.86382
0.0363007,-0.468033,9.78288
-0.166031,-0.370438,9.6353
-0.125565,-0.0847931,9.68291
-0.232681,-0.0181427,9.73052
-0.144608,-0.0752716,9.72813
0.0410614,-0.203812,9.72337
0.100571,-0.251419,9.64482
0.0720062,-0.253799,9.66863
0.0791473,-0.19429,9.76622
0.0124969,-0.353775,9.85429
-0.025589,-0.358536,9.77098
-0.0684357,-0.351395,9.91618
-0.137466,-0.372818,9.7567
-0.132706,-0.327591,9.89
-0.0565338,-0.287125,9.96379
-0.0565338,-0.237137,9.96855
0.0267792,-0.19191,10.0138
0.0220184,-0.0895538,10.0185
0.000595093,-0.103836,9.95427
0.000595093,-0.19191,10.0685
0.0696259,-0.222855,9.9995
0.138657,-0.177628,10.0733
0.141037,-0.165726,10.1661
0.179123,-0.165726,10.0828
0.143417,-0.182388,10.0733
0.0624847,-0.210953,10.04
0.0291595,-0.244278,9.9995
-0.0565338,-0.270462,10.0661
0.0624847,-0.377579,10.0019
0.0862885,-0.251419,9.83049
0.038681,-0.120499,9.80907
-0.0398712,-0.039566,9.86858
-0.0803375,-0.0490875,9.7686
-0.0922394,-0.0943146,9.70195
-0.118423,-0.158585,9.64482
-0.0874786,-0.287125,9.67577
-0.0232086,-0.391861,9.70671
-0.00892639,-0.403763,9.82811
0.0124969,-0.325211,9.90428
0.076767,-0.303787,9.93523
0.124374,-0.279984,10.0043
0.136276,-0.215714,10.059
0.124374,-0.096695,10.0542
0.143417,-0.137161,9.97807
0.176743,-0.0728912,9.97807
0.16246,-0.0419464,10.009
0.186264,-0.0562286,10.1066
0.210068,-0.13002,10.0542
0.312424,-0.0919342,10.0114
0.257675,-0.139542,9.9995
0.233871,-0.125259,10.0352
0.191025,-0.201431,10.1066
0.176743,-0.213333,10.1399
0.264816,-0.234756,10.0947
0.264816,-0.215714,10.1614
0.293381,-0.251419,10.078
0.291,-0.168106,10.0209
0.214828,-0.203812,9.97093
0.198166,-0.244278,9.89238
0.16008,-0.172867,9.7567
0.0458221,-0.146683,9.71861
0.0458221,-0.165726,9.7686
0.102951,-0.122879,9.85667
0.138657,-0.0371857,9.89714
0.205307,-0.0181427,9.90904
0.22435,-0.113358,9.84001
0.205307,-0.13002,9.7686
0.193405,-0.118118,9.7448
0.167221,-0.175247,9.68767
0.22673,-0.0348053,9.91856
0.191025,-0.0300446,9.97093
0.257675,-0.0181427,9.97569
0.257675,-0.115738,9.92808
0.22673,-0.175247,9.89714
0.181503,-0.196671,9.9019
0.152939,-0.0800324,9.98283
0.131516,0.0223236,10.0019
0.171982,0.141342,9.99712
0.148178,0.0818329,10.0114
0.141037,0.0318451,10.0519
0.205307,-0.0490875,9.98283
0.212448,-0.0538483,9.94713
0.205307,-0.0943146,9.90904
0.210068,-0.110977,9.92333
0.255295,-0.175247,9.91856
0.233871,-0.113358,9.85191
0.231491,-0.096695,9.92571
0.305283,-0.0229034,9.9876
0.319565,-0.0276642,10.0876
0.28624,-0.0919342,10.0328
0.171982,-0.0443268,9.92808
0.148178,-0.0538483,9.91856
0.257675,0.0128021,9.91856
0.257675,0.0270844,9.9138
0.257675,-0.0443268,9.91856
0.252914,-0.0824127,9.89476
0.207687,-0.0824127,9.83287
0.233871,-0.184769,9.80193
0.186264,-0.208572,9.7567
0.229111,-0.227615,9.83287
0.274338,-0.0157623,9.7686
0.186264,-0.0110016,9.7686
0.212448,-0.0252838,9.84239
0.202927,-0.0324249,9.79002
0.233871,-0.0157623,9.85429
0.22673,-0.0681305,9.89714
0.245773,-0.146683,9.79716
0.236252,-0.120499,9.77812
0.255295,-0.132401,9.8781
0.338608,-0.0467072,9.8662
0.364792,-0.00624084,10.0162
0.300522,0.108017,10.0304
0.300522,0.088974,10.0209
0.219589,0.131821,10.0566
0.264816,0.12944,9.97807
0.241013,0.0318451,9.92571
0.205307,-0.0110016,9.91618
0.198166,-0.00624084,10.0376
0.305283,0.0366058,10.0447
0.243393,-0.0657501,9.92094
0.179123,-0.0205231,9.89
0.188644,0.0437469,9.91856
0.148178,0.0270844,9.91618
0.0434418,-0.013382,9.82097
0.0529633,-0.077652,9.88762
-0.0232086,-0.13002,9.82097
-0.0922394,-0.19191,9.75432
-0.111282,-0.177628,9.7924
-0.135086,-0.0633698,9.90666
-0.0374908,0.0342255,9.97331
0.0743866,0.100876,10.0043
0.100571,0.131821,10.0043
0.0505829,0.174667,9.89238
0.169601,0.146103,10.009
0.35289,0.162766,10.0923
0.495712,0.229416,10.2042
0.60997,0.234177,10.1828
0.557602,0.165146,10.0614
0.364792,0.196091,9.99474
0.107712,0.0770721,9.85905
0.243393,0.0675507,10.0376
0.333847,0.0508881,10.0114
0.281479,-0.00624084,9.89952
0.205307,0.0508881,9.88048
0.193405,0.0223236,9.99235
0.264816,0.00566101,9.93523
0.152939,-0.039566,9.88286
0.214828,0.0104218,9.82811
0.22673,0.0532684,9.92571
-0.108902,0.0651703,9.79716
-0.0327301,-0.0657501,9.87572
-0.0160675,-0.101456,9.84715
-0.0184479,-0.0562286,9.87334
0.0363007,-0.0490875,9.97093
0.0148773,0.0437469,9.97569
0.0482025,0.0199432,9.95427
0.124374,0.0128021,10.0614
0.0934296,0.0746918,10.1447
0.0815277,-0.00624084,10.0757
-0.00416565,0.024704,9.93523
-0.0565338,-0.0324249,9.82097
-0.0232086,0.0175629,9.93761
0.0101166,0.0532684,9.89476
0.0934296,-0.0371857,9.99712
0.119614,-0.0633698,9.93999
-0.0398712,-0.101456,9.93761
-0.0565338,-0.213333,9.8662
-0.123184,-0.203812,9.80907
-0.0589142,-0.158585,9.90666
-0.306473,0.000900269,10.0304
-0.320755,0.108017,9.97093
-0.349319,0.18895,9.93523
-0.320755,0.229416,9.97569
-0.301712,0.279404,9.95189
-0.344559,0.236557,9.83287
-0.280289,0.103256,9.83763
-0.213638,0.103256,9.86858
-0.220779,0.131821,9.91618
-0.22316,0.205612,9.8662
-0.266006,0.210373,9.83763
-0.187454,0.143723,9.78764
-0.0779572,0.0508881,9.82811
-0.00892639,-0.0276642,9.81145
-0.0351105,-0.106216,9.86382
-0.127945,-0.125259,9.81145
-0.163651,-0.144302,9.81145
-0.127945,-0.0252838,9.78526
-0.118423,0.0794525,9.81621
-0.256485,-0.00862122,9.76384
-0.0993805,0.110397,9.92808
-0.0874786,0.172287,10.0638
-0.0684357,0.298447,9.98997
-0.113663,0.362717,10.0804
-0.199356,0.398422,9.94237
-0.268387,0.32225,9.87334
-0.218399,0.279404,9.74718
-0.15889,0.243698,9.82335
-0.106522,0.331772,9.83763
-0.0351105,0.338913,9.84715
-0.0850983,0.346054,9.79002
-0.315994,0.412704,9.77812
-0.335037,0.265121,9.66624
-0.301712,0.215134,9.67815
-0.258865,0.198471,9.61626
-0.146988,0.148483,9.6353
-0.15889,0.0770721,9.61626
-0.285049,0.143723,9.62102
-0.368362,0.215134,9.68767
-0.294571,0.236557,9.74718
-0.196976,0.217514,9.80907
-0.216019,0.236557,9.83525
-0.216019,0.231796,9.86144
-0.232681,0.200851,9.85905
-0.237442,0.265121,9.86382
-0.235062,0.217514,9.7686
-0.180313,0.198471,9.86382
-0.237442,0.200851,9.93761
-0.266006,0.148483,10.0304
-0.201736,0.12706,9.97807
-0.239822,0.0984955,9.89714
-0.154129,0.0937347,9.99235
-0.0922394,0.0865936,9.9138
-0.166031,0.0556488,9.95903
-0.132706,0.131821,9.9019
-0.163651,0.0770721,9.90428
-0.220779,0.0342255,9.85905
-0.135086,0.0342255,10.0352
-0.173172,-0.0443268,9.98283
-0.208878,-0.00386047,10.0185
-0.266006,0.0770721,10.0495
-0.282669,0.0604095,9.95665
-0.211258,0.0770721,9.96141
-0.192215,0.108017,9.98521
-0.144608,0.122299,9.94951
-0.189835,0.088974,10.0257
-0.111282,0.110397,10.0019
-0.166031,0.12468,10.1328
-0.154129,0.115158,10.0614
-0.251724,0.172287,10.0566
-0.163651,0.205612,10.0661
-0.127945,0.203232,10.1614
-0.16127,0.212753,10.1209
-0.0970001,0.227036,10.0614
-0.142227,0.143723,10.0828
-0.144608,0.203232,10.0923
-0.0779572,0.360336,10.1756
-0.0279694,0.38652,10.1566
-0.0517731,0.346054,10.0685
-0.044632,0.300827,10.0376
-0.275528,0.238937,9.80907
-0.180313,0.150864,9.77574
-0.199356,0.169907,9.82335
-0.208878,0.205612,9.87572
-0.185074,0.196091,9.81621
-0.132706,0.172287,9.81621
-0.0993805,0.184189,9.84239
-0.125565,0.293686,9.81383
-0.104141,0.324631,9.90428
-0.00178528,0.279404,9.95189
-0.0493927,0.441269,9.92571
-0.0303497,0.429367,9.99235
-0.132706,0.388901,9.99474
-0.137466,0.455551,9.94237
-0.118423,0.436508,9.95903
-0.0517731,0.491257,9.90666
-0.0589142,0.51506,10.0376
-0.0970001,0.45079,9.94237
-0.213638,0.407944,9.91142
-0.201736,0.376999,9.9876
-0.127945,0.281784,10.0423
-0.113663,0.327011,10.0352
-0.0922394,0.410324,10.0495
-0.177933,0.369858,10.0066
-0.208878,0.300827,10.0114
-0.299332,0.31987,9.85905
-0.28743,0.288925,9.81621
-0.242203,0.231796,9.81621
-0.189835,0.262741,9.86858
-0.182693,0.286545,9.85905
-0.315994,0.426987,9.79955
-0.339798,0.555527,9.83287
-0.306473,0.567429,9.93047
-0.268387,0.503159,9.98283
-0.249344,0.496017,9.99474
-0.227921,0.484116,10.0328
-0.185074,0.424606,10.109
-0.116043,0.336533,10.1923
-0.0970001,0.403183,10.1542
-0.277908,0.5103,10.3185
-0.363602,0.498398,10.3708
-0.313614,0.505539,10.4137
-0.256485,0.607895,10.5779
-0.244583,0.688828,10.5993
-0.294571,0.569809,10.6612
-0.530228,0.298447,10.6731
-0.701614,0.296066,10.735
-0.749222,0.398422,10.8755
-0.851578,0.415085,11.0611
-0.870621,0.500778,11.0683
-0.230301,2.7907,7.8524
0.0624847,3.40007,7.36443
0.207687,3.93803,7.28587
0.16246,4.088,6.60033
0.152939,3.53337,6.17186
0.0886688,3.57622,5.30064
0.28624,4.1118,4.76744
0.650436,5.2877,4.41038
1.18126,7.192,4.67937
1.42406,8.29411,5.00786
1.62639,8.74162,5.12212
1.63829,8.67259,5.60295
1.90013,7.81328,5.94572
2.23576,7.63951,5.70769
2.34288,7.42052,5.36967
2.42381,7.72996,4.74364
2.14293,8.74876,4.46751
1.87871,8.76781,4.17711
1.88109,9.01299,3.66771
1.90013,9.03203,3.26781
1.93584,7.99181,1.58965
1.71208,8.22746,1.38969
1.65257,8.72734,1.39922
1.61211,8.98204,1.1826
1.7097,9.15819,1.12547
1.82634,9.34148,1.23021
1.97154,9.46526,1.43016
2.05724,9.71758,1.46111
2.10246,9.82945,1.51347
2.11436,9.29387,1.20641
2.12151,8.76781,1.19926
2.19292,8.89873,1.17784
2.26671,9.21294,1.28258
2.22862,9.64378,1.49443
2.30956,9.96275,1.69438
2.44286,10.1603,1.77769
2.55711,10.4436,2.00621
2.63567,10.3674,2.05144
2.64995,10.1936,2.23711
2.59282,9.46764,2.15141
2.0858,7.799,6.01476
2.23338,7.28484,6.18376
2.60948,6.04942,6.18138
2.30241,5.15916,6.2885
2.05009,4.34984,6.50987
2.08104,3.25725,6.42418
1.84538,2.3289,6.92406
1.7216,2.39793,7.50725
1.9406,2.38841,8.13567
2.26671,2.48601,8.71886
2.16197,2.46696,8.99974
1.86205,2.45982,9.19493
1.75255,2.19322,9.09496
1.58116,1.48625,9.1378
1.63829,0.872116,9.08067
1.91441,-0.344254,9.15208
1.82158,-0.794144,9.21874
1.85728,-0.620377,9.1378
1.63353,-0.525162,8.98546
1.08842,-0.375198,8.90691
0.214828,-1.96767,9.85429
0.421921,-1.76534,10.0114
0.48143,-1.61061,10.1566
0.41716,-1.40352,10.1042
0.307663,-1.46779,10.0757
0.255295,-1.782,9.93285
0.126755,-2.05098,9.80431
0.0101166,-2.12715,9.86144
0.0434418,-2.15096,9.82811
0.141037,-2.29616,9.88048
0.231491,-1.9391,10.1019
0.440964,-1.5154,10.3661
0.574264,-1.42018,10.5303
0.552841,-1.62489,10.447
0.555222,-1.84627,10.3351
0.590927,-2.15096,10.1066
0.538559,-2.31996,9.89714
0.486191,-2.32472,9.84477
0.500473,-2.22237,9.94237
0.600449,-2.14619,10.0043
0.624252,-1.94624,9.73766
0.581406,-1.87007,9.64958
0.512375,-1.54872,9.75194
0.583786,-1.20357,9.85191
0.812302,-1.52254,9.86858
0.821823,-1.72963,9.69005
0.714706,-1.9272,9.58055
0.559982,-2.13191,9.48296
0.455246,-2.2057,9.43297
0.364792,-2.14857,9.47819
0.460007,-1.98671,9.48058
0.495712,-1.84627,9.52104
0.526657,-1.72487,9.5377
0.524277,-1.6487,9.64958
0.581406,-1.62489,9.63768
0.569504,-1.6725,9.57579
0.509995,-1.78914,9.45439
0.60759,-2.08192,9.48772
0.655197,-2.35091,9.42345
0.871811,-2.42946,9.5258
0.836105,-1.86293,9.84239
0.859909,-1.67964,9.7686
0.871811,-1.57729,9.80669
0.776596,-1.4178,9.92333
0.819443,-1.36543,10.0542
0.776596,-1.37733,10.0923
0.783737,-1.45589,10.0233
0.878952,-1.60585,9.91856
0.957504,-1.77486,9.92808
0.974167,-1.76534,9.9019
0.99321,-1.81294,9.93047
0.959885,-1.86055,9.88286
0.983688,-1.82722,9.78526
0.883713,-1.58919,9.72337
0.869431,-1.57491,9.72099
0.900375,-1.61299,9.73052
0.917038,-1.67726,9.80431
0.93132,-1.72725,9.7567
0.878952,-1.79152,9.79478
0.895615,-1.7701,9.75432
0.783737,-1.86769,9.46629
0.638535,-1.8058,9.54485
0.643295,-1.69392,9.65196
0.655197,-1.61061,9.71385
0.702805,-1.54158,9.80431
0.728989,-1.48921,9.88048
0.788498,-1.45113,9.84239
0.824203,-1.45113,9.86144
0.843246,-1.70107,9.82097
0.874191,-1.77962,9.8662
0.862289,-1.84865,9.81621
0.888474,-1.82484,9.75194
0.969406,-1.8177,9.71623
0.974167,-1.75343,9.64244
0.99559,-1.71535,9.78764
0.919418,-1.68202,9.73052
0.848007,-1.71773,9.74718
0.712326,-1.61537,9.81383
0.788498,-1.43446,9.92094
0.874191,-1.4059,9.88048
0.890854,-1.54396,10.0066
0.86705,-1.68202,9.85905
0.900375,-1.81294,9.7924
0.936081,-1.83675,9.68291
0.964645,-1.76772,9.66624
0.957504,-1.61537,9.72813
0.943222,-1.5154,9.77574
0.924179,-1.46541,9.77574
0.957504,-1.43208,9.93047
0.986069,-1.54634,9.90428
0.838486,-1.55824,9.6591
0.869431,-1.49635,9.7567
0.919418,-1.43208,9.82811
0.93132,-1.36067,9.88048
0.964645,-1.4297,9.84239
0.971786,-1.4416,9.81145
0.940842,-1.57014,9.76622
0.938461,-1.66298,9.67815
0.888474,-1.65108,9.58769
0.855148,-1.62251,9.76146
0.938461,-1.52254,9.80669
1.0313,-1.54396,9.87334
1.02415,-1.51302,9.90666
0.986069,-1.39162,9.93523
0.924179,-1.28212,9.95665
0.978928,-1.26308,9.96617
0.945602,-1.36067,9.86144
0.967026,-1.51302,9.69243
0.921799,-1.71297,9.66624
0.874191,-1.81056,9.56865
0.900375,-1.64632,9.59721
0.938461,-1.63918,9.70909
0.855148,-1.59157,9.77574
0.86467,-1.47731,9.93999
0.905136,-1.32973,9.89476
0.93132,-1.32973,9.98521
0.952744,-1.4416,9.93523
0.957504,-1.5154,9.83763
0.967026,-1.63918,9.74242
0.957504,-1.61537,9.71147
0.93132,-1.64394,9.85191
0.962265,-1.63441,9.74956
0.92894,-1.57729,9.77574
0.936081,-1.53206,9.88048
0.936081,-1.51064,9.88762
0.917038,-1.55586,9.95427
0.917038,-1.53206,9.91142
0.947983,-1.48683,9.89238
0.988449,-1.41304,9.9138
0.952744,-1.46065,9.82335
0.909897,-1.53206,9.77098
0.878952,-1.59395,9.70671
0.836105,-1.60347,9.72337
0.895615,-1.57491,9.76384
0.924179,-1.52254,9.7686
0.988449,-1.48445,9.80907
0.952744,-1.45113,9.75908
0.907516,-1.52492,9.69243
0.819443,-1.53444,9.66863
0.859909,-1.48445,9.74004
0.840866,-1.42494,9.92333
0.890854,-1.36067,10.0043
0.969406,-1.4178,9.94951
0.947983,-1.5511,9.79955
0.890854,-1.78438,9.67577
0.862289,-1.90816,9.58531
0.86705,-1.84389,9.63768
0.819443,-1.67012,9.70195
0.833725,-1.56776,9.71147
0.912277,-1.50349,9.79478
0.955124,-1.50587,9.85429
0.969406,-1.48445,9.88286
0.969406,-1.43922,9.86858
1.0432,-1.54158,9.84477
1.01701,-1.70583,9.86858
0.986069,-1.74867,9.81383
0.924179,-1.75581,9.68767
0.848007,-1.74391,9.74242
0.814682,-1.63203,9.78764
0.814682,-1.5392,9.84477
0.983688,-1.52254,9.78288
1.02415,-1.54396,9.73766
1.04558,-1.59633,9.78288
1.067,-1.56062,9.79002
1.00987,-1.46779,9.7805
0.978928,-1.37257,9.87096
0.969406,-1.43922,9.89
0.905136,-1.47731,9.9138
0.883713,-1.51778,9.7448
0.848007,-1.51302,9.61388
0.826584,-1.43922,9.57579
0.852768,-1.35829,9.7567
0.912277,-1.37257,9.66148
0.840866,-1.33925,9.69243
0.809921,-1.41304,9.71147
0.840866,-1.41066,9.81859
0.838486,-1.38448,9.85667
0.876572,-1.37733,9.82811
0.86705,-1.33449,9.7924
0.86705,-1.31306,9.69957
0.814682,-1.50111,9.70195
0.895615,-1.51778,9.78288
0.964645,-1.50111,9.82811
0.919418,-1.43684,9.85667
0.878952,-1.4059,9.84477
0.869431,-1.37733,9.95665
0.831345,-1.3821,9.92571
0.886093,-1.37733,9.90428
0.862289,-1.39876,9.8662
0.817062,-1.42256,9.82097
0.824203,-1.37495,9.83287
0.809921,-1.41066,9.74004
0.748032,-1.33687,9.92094
0.857529,-1.29878,9.9138
0.814682,-1.27498,9.89
0.80516,-1.25117,9.89952
0.855148,-1.32497,9.94713
0.883713,-1.40352,9.92571
0.890854,-1.49397,9.87334
0.831345,-1.59871,9.72337
0.862289,-1.36543,9.86144
0.828964,-1.27022,9.9019
0.812302,-1.24641,9.89714
0.778976,-1.25832,9.88286
0.778976,-1.27736,9.74718
0.774216,-1.34877,9.82573
0.776596,-1.43684,9.73289
0.883713,-1.42732,9.73052
0.824203,-1.32735,9.67815
0.73613,-1.31306,9.79716
0.664719,-1.18452,9.79478
0.619492,-1.20833,9.73766
0.740891,-1.31306,9.76622
0.812302,-1.32021,9.84001
0.828964,-1.27974,9.84715
0.852768,-1.29878,9.74718
0.80516,-1.29164,9.671
0.743271,-1.27022,9.75432
0.700424,-1.34639,9.7567
0.769455,-1.4297,9.76384
0.836105,-1.36781,9.75432
0.795639,-1.25832,9.75194
0.783737,-1.32259,9.81621
0.743271,-1.34401,9.70671
0.683762,-1.37257,9.73766
0.705185,-1.38924,9.71147
0.726608,-1.36543,9.72099
0.755173,-1.35115,9.76384
0.821823,-1.31068,9.83525
0.80278,-1.26784,9.82573
0.73851,-1.30592,9.92571
0.702805,-1.27974,9.92333
0.759934,-1.20357,10.0019
0.826584,-1.24879,9.97331
0.759934,-1.34401,9.85905
0.712326,-1.41066,9.82335
0.719467,-1.46065,9.74956
0.702805,-1.46541,9.80431
0.774216,-1.36305,9.86858
0.709946,-1.22023,9.85905
0.67424,-1.23451,9.72337
0.669479,-1.22737,9.76384
0.759934,-1.2607,9.71385
0.700424,-1.27974,9.78764
0.814682,-1.29402,9.88762
0.8004,-1.2964,9.85191
0.731369,-1.19881,9.95665
0.731369,-1.13216,9.94475
0.752792,-1.15358,10.0281
0.788498,-1.25594,9.97569
0.774216,-1.31306,9.78526
0.774216,-1.29402,9.78526
0.80516,-1.29402,9.80431
0.817062,-1.32259,9.71861
0.643295,-1.175,9.85191
0.721848,-1.07741,9.89
0.764694,-1.10121,9.93999
0.8004,-1.13692,9.87096
0.740891,-1.19643,9.81145
0.683762,-1.26308,9.7567
0.774216,-1.11549,9.77336
0.767075,-1.13454,9.85905
0.662338,-1.175,9.84001
0.636154,-1.19643,9.7924
0.638535,-1.18452,9.82573
0.679001,-1.16786,9.87334
0.73851,-1.07265,9.87096
0.764694,-1.08217,9.93999
0.695663,-1.0536,9.89476
0.693283,-1.02504,9.88524
0.657578,-1.1631,9.88524
0.67662,-1.12978,9.8781
0.748032,-1.12502,9.79955
0.817062,-1.19167,9.79955
0.831345,-1.28212,9.74956
0.812302,-1.25117,9.88524
0.783737,-1.23213,9.84477
0.748032,-1.21071,9.84239
0.764694,-1.1631,9.82335
0.790878,-1.21785,9.77098
0.8004,-1.12025,9.85667
0.731369,-1.0298,9.92808
0.745651,-1.00362,9.86858
0.681381,-1.10121,9.83525
0.764694,-1.16072,9.81145
0.80278,-1.15834,9.80907
0.781357,-1.07503,9.85905
0.757553,-1.02028,9.84001
0.707565,-1.04884,9.83525
0.721848,-1.06075,9.81859
0.690903,-1.0298,9.87096
0.719467,-1.08455,9.89952
0.693283,-1.05836,9.91618
0.778976,-1.02266,9.93761
0.826584,-1.05836,9.81859
0.755173,-1.08217,9.79002
0.745651,-1.12263,9.79478
0.695663,-1.16072,9.81145
0.679001,-1.08693,9.73527
0.67662,-1.04408,9.86144
0.705185,-1.16548,9.74242
0.683762,-1.23689,9.72099
0.712326,-1.1869,9.85667
0.8004,-1.13454,9.93761
0.809921,-1.08693,9.99235
0.788498,-1.04884,10.009
0.798019,-1.06789,9.89714
0.745651,-1.07027,9.78764
0.724228,-1.1512,9.78764
0.755173,-1.16786,9.74956
0.724228,-1.07979,9.80193
0.648056,-1.0179,9.80431
0.655197,-0.948868,9.81145
0.645676,-0.922684,9.88524
0.693283,-0.925064,9.88048
0.726608,-0.958389,9.88762
0.695663,-1.05122,9.85429
0.683762,-1.07265,9.85905
0.752792,-1.10121,9.8781
0.743271,-1.09169,9.89476
0.693283,-0.996475,9.84001
0.733749,-0.996475,9.88286
0.783737,-1.12978,9.89
0.817062,-1.27736,9.82097
0.809921,-1.28926,9.73527
0.695663,-1.27974,9.671
0.683762,-1.12502,9.77336
0.690903,-0.986954,9.83525
0.698044,-0.929825,9.96855
0.712326,-0.90126,9.92571
0.681381,-0.891739,9.9019
0.683762,-0.975052,9.84715
0.629013,-1.0179,9.78288
0.693283,-1.10359,9.78764
0.790878,-1.1393,9.8662
0.845627,-1.07503,9.81621
0.795639,-1.11549,9.77574
0.726608,-1.06313,9.82097
0.73613,-1.08217,9.94713
0.705185,-1.08217,9.87096
0.698044,-1.05836,9.84715
0.757553,-1.1274,9.77098
0.712326,-1.13216,9.7805
0.707565,-1.07979,9.73289
0.707565,-1.15596,9.82097
0.714706,-1.15596,9.78288
0.662338,-1.08693,9.94713
0.752792,-1.07027,9.97807
0.724228,-1.07503,9.88524
0.683762,-1.12978,9.85905
0.721848,-1.25117,9.79002
0.683762,-1.18452,9.7805
0.655197,-1.08455,9.77098
0.695663,-1.11073,9.87334
0.745651,-1.08455,9.87334
0.73613,-1.05122,9.89714
0.693283,-1.06075,9.87572
0.717087,-1.14644,9.8662
0.721848,-1.1631,9.90904
0.724228,-1.09883,9.84239
0.562363,-0.939346,9.93285
0.664719,-1.03218,9.81383
0.652817,-1.08217,9.74718
0.657578,-1.1393,9.77574
0.714706,-1.11549,9.86858
0.717087,-1.10835,9.80431
0.667099,-0.994095,9.75432
0.640915,-0.972672,9.85667
0.688522,-1.07979,9.87572
0.700424,-1.05836,9.78288
0.683762,-1.11073,9.81621
0.712326,-1.14168,9.88286
0.743271,-1.08455,9.88048
0.762314,-1.00124,9.95189
0.709946,-0.967911,9.95189
0.73851,-1.02504,9.92094
0.743271,-1.07741,9.89238
0.719467,-1.12502,9.85905
0.669479,-1.18214,9.79478
0.645676,-1.18214,9.7805
0.643295,-1.05598,9.91618
0.667099,-0.953629,9.95427
0.657578,-0.998856,9.97331
0.621872,-1.0179,9.88048
0.569504,-1.08455,9.89238
0.562363,-1.16548,9.89714
0.595688,-1.08455,9.86858
0.617111,-1.12025,9.89714
0.621872,-1.13216,9.93285
0.681381,-1.17976,9.93523
0.657578,-1.0179,9.88286
0.645676,-1.01076,9.78288
0.650436,-1.04646,9.81383
0.709946,-1.0417,9.77574
0.745651,-1.06551,9.79955
0.776596,-1.03694,9.68053
0.705185,-1.10835,9.77098
0.745651,-1.04884,9.85667
0.714706,-0.982193,9.93761
0.698044,-0.929825,9.83049
0.61235,-0.920303,9.7686
0.557602,-0.96553,9.75908
0.576645,-0.989334,9.73766
0.54808,-0.977432,9.77574
0.54808,-0.998856,9.64244
0.486191,-0.967911,9.64958
0.490952,-0.979813,9.70909
0.505234,-0.951248,9.83763
0.60759,-0.90126,9.83049
0.583786,-0.946487,9.81621
0.562363,-1.00124,10.1066
0.586166,-1.05122,10.0185
0.60997,-1.0536,10.009
0.598068,-1.08217,10.0019
0.507614,-1.11073,10.0804
0.514755,-1.11549,10.159
0.426682,-1.22737,10.0281
0.376694,-1.35353,10.0019
0.440964,-1.49873,9.93523
0.429062,-1.37257,9.89952
0.155319,2.00041,8.70458
-0.313614,2.33604,7.91905
-0.361221,2.82402,7.83812
-0.232681,3.5905,7.174
0.148178,4.23796,6.95738
0.686142,5.24486,7.06926
0.724228,6.77782,7.30254
0.567123,7.9204,8.23326
0.16008,7.76567,7.90477
0.243393,6.90398,7.42394
1.53593,8.67735,3.7415
1.52879,8.78685,3.79863
1.56212,8.97014,3.84862
1.61449,8.74876,3.83672
1.73112,8.26793,3.73912
1.843,8.01561,3.52727
1.93346,7.83946,3.27019
2.10246,8.37981,3.13927
2.04295,9.07488,2.92503
1.82634,9.40575,2.69652
2.32384,9.44145,1.73961
2.47856,9.24864,1.97527
2.53331,8.83446,1.75865
2.49046,8.92729,1.74199
2.49998,9.43431,1.88957
2.56664,9.65569,2.19664
2.62852,9.93657,2.31804
2.64757,10.315,2.64177
2.65471,10.3436,2.57988
2.69279,10.1294,2.68938
2.20482,7.19438,5.39348
2.25005,6.55168,5.31969
2.42857,6.07085,5.32207
2.2072,6.23747,6.15282
1.94536,6.56834,6.85027
1.88109,6.82066,7.0764
1.78587,6.18272,7.09068
1.34789,5.22581,7.13591
0.997971,4.27367,6.3004
1.286,2.3051,6.63127
1.05748,-0.546585,9.19017
1.11461,-0.584671,9.05687
0.698044,-0.479935,9.18779
0.369553,-0.25618,9.56865
0.302902,-0.529922,9.66386
0.360031,-0.877457,9.80431
0.740891,-1.01552,9.98045
0.997971,-0.977432,10.2375
1.0432,-0.870316,10.2709
0.900375,-0.729874,10.1733
0.681381,-1.50111,9.88286
0.743271,-1.33687,9.95665
0.843246,-1.02742,10.1209
0.976547,-0.796524,10.1804
0.969406,-0.815567,10.0828
0.890854,-0.913162,9.95189
0.783737,-0.872696,9.90904
0.764694,-0.915543,10.0233
0.771835,-0.984573,10.09
0.786118,-1.07503,10.0209
0.86705,-1.09645,9.671
0.755173,-1.06313,9.72575
0.728989,-1.05598,9.80669
0.73851,-1.04884,9.94951
0.783737,-0.996475,9.84477
0.764694,-1.01552,9.67339
0.683762,-1.11311,9.60912
0.693283,-1.09407,9.6591
0.655197,-1.12263,9.64482
0.67662,-0.944107,9.77574
0.679001,-0.870316,9.67339
0.693283,-0.958389,9.63292
0.790878,-1.03932,9.72813
0.790878,-0.956009,9.7924
0.771835,-0.920303,9.80193
0.698044,-0.932205,9.74242
0.783737,-1.0417,9.69481
0.824203,-1.04646,9.71861
0.843246,-1.0298,9.71147
0.793259,-1.03456,9.72337
0.843246,-0.996475,9.71861
0.833725,-1.05836,9.73766
0.783737,-1.09883,9.69005
0.86467,-1.13216,9.74004
0.836105,-1.09407,9.80907
0.862289,-0.925064,9.94475
0.964645,-0.83461,10.0995
1.00035,-0.725113,10.1685
1.05272,-0.756058,10.0995
1.05034,-0.927444,9.94475
0.902756,-0.986954,9.83763
0.933701,-0.982193,9.78764
0.983688,-0.863174,9.79955
0.952744,-0.748917,9.80193
0.924179,-0.653702,9.86382
0.902756,-0.544205,9.93285
0.86705,-0.594193,10.0019
0.909897,-0.627518,10.0352
0.933701,-0.751297,10.0304
0.978928,-0.794144,9.87572
0.900375,-0.948868,9.69481
0.869431,-0.90126,9.6472
0.890854,-0.853653,9.7448
0.862289,-0.875076,9.79002
0.86705,-0.886978,9.82097
0.876572,-0.908401,9.7805
0.914658,-0.884598,9.7805
0.92894,-0.903641,9.75194
0.905136,-0.83223,9.77336
0.828964,-0.827469,9.80431
0.878952,-0.765579,9.85429
0.945602,-0.877457,9.85191
0.978928,-0.875076,9.95427
0.905136,-0.822708,9.93999
0.907516,-0.856033,9.92333
0.895615,-0.879837,9.85667
0.905136,-0.829849,9.89952
0.947983,-0.867935,9.87572
0.959885,-0.894119,9.79955
0.905136,-0.915543,9.81145
0.881332,-0.70369,9.7686
0.824203,-0.753677,9.79002
0.914658,-0.803665,9.78764
0.921799,-0.756058,9.81145
0.900375,-0.691788,9.92333
0.926559,-0.775101,9.8662
0.940842,-0.844131,9.7924
0.974167,-0.753677,9.73766
0.983688,-0.717972,9.81859
0.943222,-0.76796,9.78288
0.893234,-0.741776,9.84239
0.933701,-0.70845,9.78288
0.888474,-0.741776,9.71385
0.862289,-0.684647,9.72575
0.924179,-0.653702,9.83287
0.99559,-0.656082,9.86144
1.02177,-0.777481,9.83525
0.955124,-0.83461,9.83763
0.886093,-0.822708,9.81383
1.02177,-0.648941,10.0043
0.92894,-0.637039,9.99712
0.900375,-0.682266,9.96855
0.878952,-0.784622,9.96141
0.869431,-0.701309,9.89476
0.869431,-0.789383,9.85905
0.921799,-0.867935,9.87572
0.964645,-0.794144,9.86382
0.964645,-0.691788,9.95427
0.950363,-0.710831,9.93285
0.976547,-0.787003,9.82335
0.969406,-0.791763,9.74004
0.893234,-0.798904,9.6472
0.890854,-0.794144,9.69481
0.940842,-0.717972,9.73289
0.981308,-0.656082,9.86858
0.962265,-0.603714,9.80193
0.895615,-0.572769,9.7686
0.80278,-0.6418,9.70671
0.80278,-0.777481,9.56627
0.912277,-0.77034,9.90428
0.93132,-0.815567,9.91618
0.967026,-0.753677,9.86144
0.976547,-0.675125,9.87572
0.919418,-0.737015,9.85905
0.952744,-0.77272,9.96855
0.983688,-0.787003,9.89238
1.00749,-0.77034,9.94951
0.964645,-0.782242,10.0138
0.938461,-0.729874,10.006
0.943222,-0.717972,9.8781
0.986069,-0.739395,9.87572
0.924179,-0.675125,9.84953
0.924179,-0.698929,9.82811
0.878952,-0.710831,9.87334
0.981308,-0.732254,9.83763
0.917038,-0.663223,9.79716
0.962265,-0.656082,9.75432
0.957504,-0.6418,9.74242
0.92894,-0.64418,9.66148
0.93132,-0.691788,9.82335
0.912277,-0.64418,9.82811
0.936081,-0.76796,9.78764
0.936081,-0.827469,9.84001
0.933701,-0.729874,9.79002
0.905136,-0.76796,9.80193
0.917038,-0.856033,9.87572
0.99559,-0.739395,9.92571
0.99559,-0.632278,9.93761
0.974167,-0.532303,10.0209
0.969406,-0.534683,9.91618
0.92894,-0.560867,9.86144
0.821823,-0.613236,9.86858
0.814682,-0.70607,9.80193
0.836105,-0.715591,9.79002
0.912277,-0.710831,9.89952
0.959885,-0.608475,9.87334
0.947983,-0.648941,9.83049
0.924179,-0.732254,9.84715
0.976547,-0.77272,9.81145
0.912277,-0.713211,9.82811
0.888474,-0.660843,9.86858
0.878952,-0.667984,9.84715
0.793259,-0.682266,9.83525
0.809921,-0.729874,9.85429
0.86467,-0.663223,9.84239
0.895615,-0.625137,9.81621
0.890854,-0.625137,9.83525
0.862289,-0.717972,9.84715
0.886093,-0.717972,9.89238
0.881332,-0.746536,9.84001
0.909897,-0.725113,9.9138
0.938461,-0.689407,9.84477
0.936081,-0.725113,9.89952
0.945602,-0.739395,9.93523
0.926559,-0.746536,9.9138
0.812302,-0.717972,9.92333
0.781357,-0.720352,9.7924
0.80516,-0.653702,9.84477
0.878952,-0.70369,9.87096
0.769455,-0.701309,9.78288
0.752792,-0.672745,9.7686
0.812302,-0.698929,9.80431
0.80516,-0.70369,9.82811
0.869431,-0.725113,9.79716
0.897995,-0.660843,9.85191
0.86705,-0.63942,9.82335
0.817062,-0.615616,9.85905
0.833725,-0.553726,9.95427
0.80278,-0.608475,9.93523
0.852768,-0.696548,9.8662
0.871811,-0.748917,9.9138
0.900375,-0.796524,9.98521
0.850388,-0.57515,10.0138
0.881332,-0.503738,10.0447
0.886093,-0.558487,10.059
0.852768,-0.713211,10.0185
0.883713,-0.751297,9.96379
0.814682,-0.77034,9.91618
0.826584,-0.798904,9.93047
0.862289,-0.70845,9.85191
0.781357,-0.679886,9.88524
0.755173,-0.64418,9.8781
0.821823,-0.698929,9.82097
0.826584,-0.734634,9.91856
0.833725,-0.732254,9.84715
0.798019,-0.70845,9.84239
0.809921,-0.646561,9.84715
0.838486,-0.632278,9.92808
0.790878,-0.63942,9.9019
0.709946,-0.558487,9.74242
0.719467,-0.57515,9.84953
0.8004,-0.572769,9.82573
0.852768,-0.532303,9.84001
0.838486,-0.603714,9.7686
0.845627,-0.617996,9.84477
0.897995,-0.679886,9.81859
0.912277,-0.720352,9.77098
0.878952,-0.722733,9.74718
0.838486,-0.691788,9.79002
0.833725,-0.684647,9.94237
0.826584,-0.70845,9.93761
0.774216,-0.656082,9.94237
0.786118,-0.667984,9.96617
0.721848,-0.663223,10.0376
0.783737,-0.64418,9.94713
0.843246,-0.646561,9.96379
0.788498,-0.620377,10.0185
0.807541,-0.572769,10.0447
0.833725,-0.620377,9.9995
0.764694,-0.722733,9.7686
0.759934,-0.76796,9.79478
0.764694,-0.720352,9.76622
0.755173,-0.746536,9.79955
0.80516,-0.696548,9.79955
0.852768,-0.698929,9.82573
0.776596,-0.682266,9.74718
0.721848,-0.637039,9.81621
0.745651,-0.6418,9.88524
0.73851,-0.598953,9.91856
0.700424,-0.51564,9.82335
0.662338,-0.501358,9.77574
0.640915,-0.608475,9.78764
0.602829,-0.629898,9.73527
0.624252,-0.665604,9.70909
0.629013,-0.620377,9.66386
0.67662,-0.525162,9.65196
0.686142,-0.453751,9.6472
0.726608,-0.491837,9.61626
0.695663,-0.422806,9.48296
1.0789,0.0128021,9.56627
1.13365,0.153244,9.57579
1.06938,0.217514,9.49486
1.08128,0.296066,9.56627
1.07176,0.336533,9.46153
1.27171,0.45079,9.46867
1.30504,0.543625,9.33775
1.31932,0.648361,9.21397
1.31932,0.848312,9.14256
1.29314,1.11015,9.14018
3.01891,0.726913,10.5256
3.09508,0.63884,10.8945
3.06889,0.743576,11.1849
3.03795,0.786423,11.6896
3.07127,0.76738,11.9633
3.2617,0.805466,12.4084
3.44737,0.938766,12.6703
3.62828,0.874496,12.9869
3.78539,0.734055,13.1535
3.86156,0.629318,13.0868
3.33788,-1.32973,12.656
3.20219,-1.58205,12.3323
2.95702,-1.9272,12.1728
2.95226,-2.11287,12.2299
2.85704,-2.00099,12.1823
2.68803,-1.95338,12.0871
2.58092,-2.01765,11.9657
2.29051,-1.95338,11.8967
1.89537,-1.88911,11.8728
1.58116,-2.18666,11.7467
0.229111,-3.42445,10.1852
0.324326,-3.65297,9.73527
0.200546,-3.73152,9.40678
0.0482025,-3.56013,9.23778
-0.187454,-3.29115,9.19731
-0.501663,-3.10786,8.90453
-0.808731,-3.01265,8.75218
-1.07533,-3.02455,8.38322
-1.14674,-2.98408,8.0714
-1.3586,-2.85316,7.67625
-2.37263,-1.15834,5.97667
-2.56068,-1.006,5.77434
-2.62019,-0.796524,5.55058
-2.59163,-0.646561,5.37205
-2.62733,-0.38472,5.07689
-2.58211,-0.310928,5.03404
-2.58925,-0.0443268,5.24828
-2.5345,0.369858,5.48869
-2.57021,0.795944,5.60533
-2.48689,0.922104,5.73387
-1.21577,3.61906,8.30467
-0.830154,3.68333,8.32371
-0.634964,3.6024,8.12138
-0.708755,3.35008,8.13805
-0.908707,3.03587,7.93571
-1.17531,2.95494,7.78099
-1.30623,3.0811,8.119
-1.21339,3.1787,8.57841
-0.970596,3.10728,8.6284
-0.913467,2.8145,8.35228
-0.899185,2.6812,8.27135
-0.720657,2.54552,8.4713
-0.48024,2.44078,8.79503
-0.263626,2.536,9.37108
-0.258865,2.88353,9.82097
-0.387405,3.16679,10.0733
-0.487381,3.19298,10.2494
-0.601639,3.01921,10.0114
-0.518326,2.41222,9.8662
-0.411209,1.89568,9.99235
1.05272,-3.12929,10.2494
0.86705,-3.21974,10.078
0.679001,-3.34114,9.92808
0.502853,-3.34114,9.95189
0.467148,-2.94838,10.0304
0.655197,-2.64607,10.1542
0.633774,-2.36043,10.2113
0.569504,-2.26521,10.2161
0.517136,-2.28664,10.0376
0.476669,-2.26045,9.88524
0.571884,-1.86769,9.79955
0.552841,-1.4178,9.88762
0.490952,-1.4297,9.62578
0.531418,-1.72011,9.60435
0.469528,-1.81056,9.58531
0.386215,-1.75343,9.57103
0.383835,-1.81294,9.65672
0.438583,-1.75581,9.58293
0.448105,-1.60347,9.66148
0.490952,-1.4178,9.68767
0.490952,-1.02028,9.85667
0.521896,-1.11073,9.95427
0.526657,-1.33687,9.75194
0.440964,-1.43922,9.73766
0.429062,-1.43446,9.77574
0.457626,-1.58443,9.64006
0.509995,-1.58443,9.68053
0.507614,-1.44399,9.77574
0.54808,-1.30592,9.75194
0.505234,-1.28926,10.1042
0.677811,-1.27022,10.1709
0.664719,-1.25117,10.0685
0.577835,-1.20119,9.88167
0.488571,-1.19405,9.85429
0.521896,-1.48683,9.83763
0.590927,-1.48088,9.89595
0.550461,-1.57491,9.66029
0.423111,-1.563,9.63887
0.504044,-1.42613,9.73647
0.589737,-1.2238,9.87215
0.6064,-1.25237,9.86858
0.531418,-1.25832,9.79598
0.519516,-1.33925,9.96617
0.467148,-1.18214,9.84596
0.492142,-1.25237,9.71623
0.567123,-1.13335,9.79359
0.60759,-1.3821,9.73289
0.599258,-1.33925,9.76146
0.595688,-1.32378,9.81264
0.552841,-1.12025,9.81383
0.413589,-1.10002,9.85191
0.438583,-1.03932,9.8293
0.467148,-1.08931,9.8412
0.408829,-0.933395,9.90666
0.392166,-0.817947,9.95903
0.413589,-0.931015,9.89595
0.486191,-1.1631,9.74718
0.540939,-1.20238,9.78645
0.617111,-1.23332,9.91618
0.573074,-1.16191,10.0185
0.577835,-1.16072,9.9507
0.61116,-1.2238,9.86977
0.646866,-1.19881,9.86739
0.60997,-1.07265,9.92928
0.554031,-1.13097,9.89476
0.536179,-1.22975,9.83525
0.518326,-1.08693,9.86739
0.490952,-1.05479,9.93999
0.549271,-1.08812,9.86262
0.650436,-1.20357,9.76384
0.645676,-1.03218,9.82097
0.559982,-0.907211,9.8531
0.48381,-0.885788,9.91023
0.575455,-0.986954,9.8412
0.589737,-1.20476,9.70671
0.584976,-1.21547,9.69005
0.54689,-1.11073,9.72218
0.54332,-0.996475,9.81502
0.508804,-1.10121,9.8662
0.54332,-1.11311,9.78883
0.54213,-0.988144,9.77217
0.540939,-0.988144,9.85072
0.495712,-1.00838,9.80312
0.506424,-1.08455,9.80907
0.529038,-1.12144,9.87453
0.514755,-1.00838,9.84358
0.533798,-1.11787,9.77812
0.552841,-1.1393,9.81383
0.60997,-1.05241,9.94713
0.67543,-0.947678,10.0685
0.593307,-0.981003,9.94951
0.493332,-1.07503,9.85072
0.469528,-1.00243,9.86382
0.463577,-0.985764,9.87334
0.499283,-1.04765,10.0043
0.61116,-0.853653,10.0459
0.587357,-0.969101,9.90785
0.538559,-1.09883,9.83049
0.54689,-1.09169,9.85429
0.630203,-1.06908,9.91261
0.639725,-0.956009,9.94237
0.60878,-1.03218,9.83525
0.496902,-1.01076,9.81978
0.538559,-0.967911,9.76384
0.538559,-0.916733,9.89714
0.537369,-0.8965,9.84596
0.467148,-1.00719,9.83287
0.486191,-1.03218,9.76979
0.492142,-1.02742,9.70671
0.412399,-0.970291,9.69838
0.477859,-0.976242,9.76622
0.588547,-0.953629,9.95308
0.493332,-1.04765,9.89595
0.520706,-1.07622,9.82811
0.499283,-1.04527,9.86144
0.523087,-1.0786,9.85191
0.556412,-1.0417,9.93999
0.568314,-1.02028,9.99831
0.558792,-1.07027,9.95546
0.475479,-0.96434,9.89595
0.505234,-0.927444,9.92213
0.601639,-0.959579,9.96617
0.586166,-1.15239,9.96022
0.60997,-1.17619,9.86739
0.565933,-1.10478,9.89357
0.504044,-0.873886,9.98283
0.470718,-0.869125,10.0221
0.473099,-0.933395,9.98164
0.492142,-1.04884,9.86382
0.521896,-1.0667,9.77931
0.487381,-0.973862,9.83168
0.474289,-1.02028,9.71742
0.530228,-1.03813,9.74837
0.432632,-1.05241,9.75789
0.436203,-1.02028,9.75551
0.520706,-0.948868,9.67339
0.558792,-0.978622,9.76146
0.486191,-1.01671,9.77931
0.490952,-0.966721,9.79359
0.531418,-0.966721,9.89357
0.502853,-1.10002,9.81264
0.383835,-1.14644,9.74004
0.393356,-1.1393,9.81383
0.487381,-1.0298,9.89952
0.529038,-1.02385,10.0162
0.527847,-1.12502,9.9876
0.511185,-1.14049,10.0126
0.512375,-1.01552,9.94951
0.458817,-0.870316,10.0138
0.492142,-0.916733,9.92213
0.523087,-0.933395,10.0245
0.520706,-1.09883,9.88286
0.521896,-1.18333,9.73289
0.425491,-1.11787,9.78645
0.454056,-0.945297,9.90309
0.438583,-0.939346,9.85429
0.471909,-1.1393,9.79121
0.540939,-1.20476,9.72932
0.476669,-1.00243,9.84715
0.439774,-0.915543,9.91856
0.467148,-0.923874,9.91737
0.524277,-1.0536,9.89952
0.507614,-1.10002,9.91618
0.492142,-1.06908,9.93166
0.41835,-0.935776,9.89476
0.456436,-0.940536,9.92333
0.501663,-0.979813,9.83644
0.48262,-1.02861,9.83168
0.494522,-1.05479,9.83525
0.485001,-1.05003,9.86501
0.487381,-1.03337,9.78883
0.445725,-1.01552,9.86262
0.451675,-1.01671,9.80193
0.401688,-1.02147,9.75789
0.423111,-0.995285,9.84715
0.410019,-0.96434,9.84953
0.438583,-0.977432,9.83406
0.420731,-1.02385,9.76979
0.41478,-1.04646,9.81978
0.452866,-1.01076,9.92094
0.493332,-0.917923,9.89238
0.48143,-0.907211,9.91261
0.442154,-1.05598,9.88643
0.41954,-1.02385,9.90309
0.423111,-0.975052,9.92213
0.367172,-0.908401,9.90785
0.41835,-0.938156,9.9019
0.494522,-1.03932,9.94118
0.570694,-1.04646,9.95189
0.539749,-0.96553,9.86144
0.41716,-1.00481,9.81621
0.343369,-1.08574,9.72694
0.402878,-1.02861,9.74004
0.454056,-0.956009,9.81859
0.379074,-0.864365,9.83406
0.407639,-0.911972,9.84715
0.442154,-0.927444,9.86501
0.41716,-0.997665,9.86858
0.48262,-1.00957,9.85905
0.47905,-0.969101,9.90785
0.470718,-1.00005,9.93523
0.412399,-1.00719,9.91737
0.499283,-0.945297,9.88405
0.399307,-0.976242,9.86025
0.423111,-0.995285,9.86262
0.504044,-0.957199,9.81145
0.582596,-1.03694,9.97093
0.526657,-1.04765,9.96974
0.398117,-0.913162,9.93166
0.449295,-0.90126,9.89357
0.462387,-0.982193,9.89476
0.554031,-1.00719,9.94832
0.511185,-0.996475,9.9269
0.455246,-0.997665,9.86025
0.506424,-0.975052,9.85786
0.404068,-0.938156,9.80788
0.435013,-0.903641,9.93642
0.492142,-0.884598,9.89357
0.48381,-0.909592,9.82573
0.420731,-1.02028,9.73647
0.402878,-0.966721,9.78288
0.451675,-0.894119,9.93761
0.490952,-0.917923,9.89714
0.487381,-1.05003,9.8174
0.443344,-1.03218,9.84239
0.461197,-0.925064,9.89357
0.424301,-0.910782,9.88643
0.490952,-1.02266,9.81859
0.423111,-0.976242,9.84001
0.431442,-0.879837,9.92808
0.507614,-0.800095,9.9745
0.531418,-0.876266,9.93761
0.487381,-0.894119,9.86501
0.488571,-0.869125,9.91261
0.427872,-0.911972,9.81145
0.505234,-1.05479,9.80788
0.48143,-0.890549,9.78764
0.490952,-0.89888,9.86501
0.508804,-0.904831,9.93404
0.448105,-0.981003,9.80669
0.444534,-0.977432,9.82216
0.515945,-0.956009,9.77455
0.506424,-0.814377,9.84953
0.525467,-0.70726,9.95546
0.594498,-0.721542,9.95903
0.639725,-0.466843,10.3339
0.688522,-0.199051,10.7279
0.708755,-0.228806,10.6981
0.477859,-0.666794,10.3625
0.732559,-2.37352,9.27705
0.357651,-2.8615,9.10567
0.268387,-3.14476,8.54866
0.0327301,-4.20998,7.54176
-0.375504,-4.38731,6.41823
-0.468338,-4.84077,3.9236
-0.057724,-7.18782,-0.545547
-1.22887,-11.0595,-2.20943
-1.76326,-10.4073,-2.47841
-1.90251,-9.10759,-3.2187
-1.77278,-8.28041,-3.70549
-2.65233,-8.73149,-5.37413
-2.64757,-9.91454,-6.5905
-2.78444,-9.88002,-6.70119
-2.54521,-8.34111,-5.76332
-2.45238,-7.49846,-5.2444
-2.52498,-8.24352,-5.54909
-2.45952,-9.04689,-6.43935
-2.59044,-9.6396,-6.78688
-2.56068,-9.48726,-6.69048
-2.49046,-9.72172,-6.47862
-2.50713,-9.86812,-6.27153
-2.50951,-10.1169,-6.46315
-2.42024,-10.3835,-6.3596
-2.256,-10.5322,-5.45625
-2.14769,-10.3263,-4.70168
-1.73232,-10.2585,-3.21037
-1.37407,-9.84788,-2.09755
-1.0313,-9.55391,-0.599106
-0.781357,-9.20519,0.533951
-0.732559,-9.33968,1.8622
-0.918228,-9.11592,2.32042
-0.35408,-7.6508,2.97978
0.404068,-3.74699,5.49583
0.698044,-0.64061,8.6534
0.571884,0.398422,10.3078
0.715897,0.122299,10.5363
0.191025,0.342484,10.5351
-0.0113068,0.628128,10.4303
0.0303497,0.19014,9.62102
0.0648651,0.462692,9.3925
0.0993805,1.44102,9.81502
0.0124969,1.93971,10.2899
0.0553436,1.39937,9.8662
-0.0660553,0.848312,9.4901
0.00773621,0.76857,9.45082
0.0196381,1.50172,9.76503
-0.044632,1.54695,9.60197
0.0684357,1.53029,9.80073
0.138657,0.801895,9.55675
0.0529633,0.597183,9.3437
0.212448,1.30653,9.68648
0.242203,1.81593,9.9507
0.207687,1.63622,10.0031
0.175552,0.826889,9.64839
0.139847,0.501968,9.49962
0.126755,0.974472,9.77693
0.0922394,1.3101,9.99712
0.0993805,1.26964,9.94356
0.179123,0.803085,9.74956
0.204117,0.613846,9.54604
0.212448,1.02922,9.74242
0.254105,1.21727,9.98402
0.266006,1.04707,9.9876
0.250534,0.810226,9.80193
0.248154,0.818558,9.74004
0.188644,0.978043,9.86144
0.196976,1.13872,9.95189
0.181503,0.816177,9.83763
0.270767,0.690018,9.82097
0.250534,0.749527,9.82454
0.233871,0.603134,9.76741
0.298141,0.685257,9.78764
0.420731,0.737625,9.89833
0.361221,0.842361,9.90904
0.302902,0.761429,9.90904
0.295761,0.605514,9.83168
0.323135,0.529343,9.79478
0.320755,0.617416,9.81859
0.239822,0.585281,9.72694
0.218399,0.619797,9.88762
0.358841,0.774521,9.9995
0.318375,0.822128,9.94713
0.261246,0.797134,9.89
0.269577,0.543625,9.78288
0.267197,0.763809,9.93166
0.331467,0.892349,9.99117
0.377884,0.848312,9.9269
0.358841,0.654312,9.90904
0.410019,0.451981,9.83763
0.407639,0.617416,9.86739
0.365982,0.725723,9.89833
0.306473,0.566238,9.8174
0.275528,0.365097,9.67458
0.294571,0.405563,9.68291
0.252914,0.732864,9.83763
0.300522,0.822128,9.91023
0.333847,0.760239,9.92451
0.291,0.507919,9.74837
0.339798,0.460312,9.7079
0.404068,0.7043,9.83644
0.28624,0.779282,9.94237
0.293381,0.698349,10.0019
0.313614,0.535294,9.78288
0.331467,0.461502,9.71504
0.318375,0.591232,9.83882
0.312424,0.742386,9.9876
0.325516,0.718582,9.87453
0.333847,0.482925,9.75194
0.346939,0.341293,9.65434
0.370743,0.581711,9.92333
0.425491,0.829269,9.91737
0.371933,0.645981,9.96736
0.345749,0.442459,9.73289
0.357651,0.434128,9.71861
0.311234,0.659073,9.78526
0.304092,0.816177,9.88524
0.291,0.610275,9.82454
0.337418,0.565048,9.82335
0.326706,0.610275,9.89952
0.339798,0.713821,9.89952
0.311234,0.76976,9.91856
0.402878,0.628128,9.94832
0.349319,0.6436,9.95546
0.410019,0.581711,9.9019
0.368362,0.620987,9.92808
0.356461,0.647171,9.90428
0.335037,0.57576,9.77455
0.35051,0.528152,9.74956
0.35289,0.662643,9.84953
0.346939,0.77095,9.9388
0.323135,0.700729,9.8412
0.28624,0.620987,9.69957
0.282669,0.501968,9.66863
0.291,0.57576,9.75313
0.342178,0.760239,9.9019
0.360031,0.76619,9.86144
0.365982,0.6436,9.80907
0.296951,0.537674,9.71861
0.305283,0.57695,9.76979
0.357651,0.672165,9.86262
0.294571,0.76619,9.8531
0.293381,0.732864,9.85191
0.273148,0.70668,9.87691
0.35051,0.749527,9.87096
0.399307,0.687637,9.89
0.357651,0.674545,9.87096
0.364792,0.63884,9.85548
0.387405,0.782852,9.81145
0.280289,0.824509,9.75432
0.28743,0.76738,9.77693
0.380264,0.722153,9.7924
0.364792,0.773331,9.83644
0.283859,0.76976,9.8055
0.308853,0.656693,9.76265
0.320755,0.709061,9.76622
0.258865,0.785233,9.84715
0.338608,0.812607,9.92928
0.356461,0.742386,9.91142
0.357651,0.592422,9.81383
0.326706,0.580521,9.77812
0.337418,0.736435,9.83168
0.305283,0.885208,10.034
0.229111,0.837601,9.88167
0.308853,0.672165,9.77336
0.330276,0.486496,9.7567
0.340988,0.624557,9.82811
0.267197,0.724533,9.89
0.270767,0.693588,9.89
0.292191,0.616226,9.8293
0.342178,0.673355,9.80907
0.281479,0.744766,9.84596
0.293381,0.774521,9.88881
0.274338,0.629318,9.8055
0.300522,0.649551,9.73052
0.248154,0.665024,9.74123
0.231491,0.76976,9.8662
0.277908,0.923294,9.91142
0.310043,0.824509,9.89119
0.260056,0.63765,9.79478
0.291,0.712631,9.83049
0.271957,0.756668,9.77931
0.321945,0.776901,9.9138
0.22197,0.814987,9.87215
0.260056,0.629318,9.92213
0.320755,0.697159,9.91618
0.295761,0.750717,9.84596
0.296951,0.781662,9.78526
0.250534,0.789993,9.88643
0.258865,0.709061,9.82335
0.304092,0.654312,9.7567
0.280289,0.654312,9.74361
0.243393,0.725723,9.77098
0.219589,0.814987,9.77217
0.212448,0.856644,9.86739
0.266006,0.844742,9.85548
0.15889,0.728104,9.80312
0.243393,0.668594,9.83525
0.267197,0.740005,9.81859
0.283859,0.76738,9.85072
0.208878,0.693588,9.86144
0.181503,0.728104,9.84834
0.296951,0.70192,9.86262
0.275528,0.748337,9.83168
0.211258,0.813797,9.79955
0.207687,0.754288,9.83406
0.243393,0.722153,9.79359
0.252914,0.692398,9.75432
0.212448,0.684067,9.81859
0.214828,0.83403,9.89119
0.257675,0.950668,9.89833
0.260056,0.791184,9.86858
0.250534,0.709061,9.86144
0.260056,0.719772,9.81383
0.207687,0.657883,9.78645
0.220779,0.728104,9.78526
0.212448,0.688828,9.77812
0.204117,0.70668,9.78288
0.214828,0.661453,9.75194
0.208878,0.76857,9.77812
0.264816,0.826889,9.89952
0.22316,0.795944,9.83406
0.238632,0.720962,9.83049
0.154129,0.761429,9.79121
0.22316,0.760239,9.88762
0.274338,0.699539,9.85429
0.325516,0.665024,9.87215
0.237442,0.680496,9.89119
0.163651,0.838791,9.93523
0.210068,0.842361,9.86858
0.250534,0.813797,9.87691
0.218399,0.779282,9.84834
0.261246,0.726913,9.8055
0.201736,0.70668,9.85548
0.176743,0.723343,9.80073
0.239822,0.653122,9.77098
0.252914,0.70549,9.81859
0.273148,0.816177,9.91142
0.210068,0.738815,9.89
0.22554,0.678116,9.8055
0.182693,0.781662,9.84953
0.198166,0.794754,9.82335
0.212448,0.856644,9.87929
0.227921,0.838791,9.8781
0.211258,0.732864,9.79478
0.186264,0.743576,9.79836
0.188644,0.776901,9.80312
0.185074,0.801895,9.78645
0.188644,0.731674,9.78883
0.22554,0.644791,9.77455
0.183884,0.713821,9.75551
0.241013,0.697159,9.77455
0.219589,0.788803,9.74718
0.194595,0.851883,9.82692
0.22435,0.804276,9.85667
0.252914,0.784042,9.8531
0.22197,0.789993,9.92451
0.22435,0.763809,9.8412
0.179123,0.737625,9.78764
0.263626,0.742386,9.81621
0.255295,0.806656,9.90071
0.239822,0.779282,9.88048
0.250534,0.763809,9.88286
0.244583,0.692398,9.84834
0.168411,0.820938,9.88643
0.168411,0.83522,9.89476
0.171982,0.778091,9.85905
0.202927,0.734055,9.82454
0.208878,0.678116,9.82335
0.245773,0.749527,9.85548
0.196976,0.724533,9.93404
0.164841,0.679306,9.83168
0.141037,0.751907,9.85905
0.22316,0.713821,9.87929
0.182693,0.70192,9.83168
0.232681,0.697159,9.90904
0.229111,0.732864,9.90785
0.246964,0.697159,9.86977
0.275528,0.687637,9.87334
0.205307,0.667404,9.77336
0.237442,0.657883,9.76027
0.207687,0.757858,9.89238
0.156509,0.817368,9.86858
0.155319,0.76976,9.84596
0.180313,0.732864,9.87334
0.252914,0.716202,9.8174
0.218399,0.807846,9.89595
0.198166,0.662643,9.92808
0.16008,0.603134,9.77098
0.185074,0.611465,9.71028
0.212448,0.670975,9.74599
0.192215,0.70668,9.79955
0.130325,0.755478,9.74956
0.0946198,0.780472,9.80073
0.136276,0.776901,9.7805
0.182693,0.569809,9.74956
0.217209,0.610275,9.82692
0.254105,0.818558,9.88048
0.1577,0.810226,9.80907
0.244583,0.731674,9.78169
0.312424,0.780472,9.76384
0.335037,1.00066,9.91261
0.28624,1.08159,9.81621
0.305283,1.03517,9.76741
0.370743,1.19823,9.60435
0.35289,1.23512,9.47343
0.35408,1.47197,9.40083
0.304092,1.67192,9.1747
0.300522,1.71358,8.93428
0.399307,1.77785,8.85573
0.594498,2.16823,8.93666
0.886093,2.66692,9.32228
0.840866,2.96922,9.47701
0.820633,2.96089,9.91618
1.11461,2.87044,10.2137
1.55141,2.65977,10.7136
1.53712,2.73119,10.9302
1.7466,2.79308,11.4801
1.93346,2.61574,11.5229
1.96083,1.61003,11.4944
1.99773,1.47673,11.9109
2.06438,2.10039,12.5965
2.08104,2.28844,12.8536
2.0132,0.694778,12.2597
2.12746,-1.05836,11.8276
1.93822,-0.058609,13.0214
2.01915,0.353195,13.6331
2.18101,-0.360916,13.5022
2.36787,-3.26735,12.293
2.05724,-3.51015,12.5048
1.54308,-2.53181,13.0535
1.40144,-2.61275,12.9547
1.40739,-3.05907,12.1549
1.03487,-4.72295,10.7803
0.594498,-4.44206,10.5517
0.167221,-3.51491,10.7207
0.00654602,-3.56966,10.0971
-0.0553436,-3.88982,9.32704
-0.712326,-3.86125,8.65935
-1.30504,-3.15785,8.01427
-1.63829,-2.66393,7.55605
-1.60735,-3.07097,6.91216
-1.74184,-2.88292,6.81099
-1.78349,-2.42708,6.54439
-1.93822,-1.76057,6.48964
-2.09294,-1.36543,6.42061
-2.47856,-1.11668,6.08617
-2.51189,-0.777481,6.04451
-2.47499,-0.0312347,6.17543
-2.57021,0.503159,6.19685
-2.94154,0.490067,5.79338
-3.08318,0.549576,5.69817
-3.20695,0.970901,5.57201
-3.59019,1.27321,5.07213
-3.48427,1.71001,5.62556
-2.75349,1.9778,6.33491
-2.67018,2.07182,6.22304
-2.99748,2.43364,6.13615
-2.87489,2.83116,6.5551
-2.34407,2.88829,7.04427
-2.38692,2.23488,6.8467
-2.49641,1.77309,6.94786
-2.17387,2.75737,8.25826
-1.59306,3.06444,8.36299
-1.5645,2.04088,7.64293
-1.65257,1.40889,7.74052
-1.57402,1.44102,8.95808
-1.25862,2.49672,10.2661
-1.00987,2.70619,10.178
-1.261,1.7838,9.65672
-1.38716,0.591232,9.78764
-1.11104,0.650742,10.5517
-0.761124,1.6017,11.3873
-0.532608,2.02779,12.0835
-0.298141,1.49458,12.3822
-0.399307,0.555527,11.8669
-0.499283,-0.253799,11.3575
-0.28624,-0.0181427,11.9609
0.0243988,0.438889,12.1252
0.258865,-0.106216,11.7038
0.264816,-1.04527,11.3682
0.219589,-1.50825,11.3849
0.270767,-1.64513,11.517
0.473099,-1.27498,11.711
0.493332,-1.62965,11.2159
0.436203,-2.17238,11.0992
0.385025,-2.08311,11.1694
0.511185,-2.17952,11.0766
0.501663,-1.94505,11.1885
0.376694,-2.31401,10.8505
0.342178,-2.67821,10.8005
0.468338,-2.66393,10.7148
0.275528,-2.79842,10.3577
0.233871,-2.78651,10.4089
0.386215,-2.92934,10.6255
0.411209,-3.16856,10.5363
0.313614,-3.21617,10.3875
0.238632,-3.03407,10.1899
0.195786,-2.99004,10.0078
0.0660553,-2.71986,10.04
0.155319,-2.66512,10.0721
0.236252,-2.81508,9.74004
0.246964,-2.7151,9.52342
0.168411,-2.49849,9.42107
-0.0374908,-2.38304,9.30562
-0.0755768,-2.4128,9.29015
0.0470123,-2.32948,9.27467
0.025589,-1.95934,9.32585
0.0803375,-1.42851,9.56984
-0.0267792,-1.39638,9.92213
-0.0267792,-1.59395,9.82692
0.0958099,-1.67964,9.84358
0.105331,-1.66298,9.86739
0.15889,-1.4666,10.0209
0.173172,-1.46541,10.1292
0.294571,-1.64275,10.0126
0.276718,-1.91173,9.79598
0.274338,-1.98552,9.72813
0.185074,-1.42494,9.87691
0.123184,-1.22618,9.85667
0.236252,-1.28807,9.89595
0.214828,-1.37019,9.96974
0.22435,-1.66893,9.75313
0.233871,-1.52016,9.8174
0.260056,-1.37733,9.95546
0.306473,-1.60585,9.82216
0.311234,-1.76891,9.87453
0.301712,-1.75938,9.77336
0.204117,-1.563,9.77098
0.183884,-1.29759,9.85072
0.100571,-1.2119,9.90666
0.0743866,-1.31425,9.79716
0.137466,-1.35115,9.82573
0.296951,-1.40233,9.85191
0.276718,-1.4904,9.84477
0.263626,-1.55467,9.85905
0.179123,-1.50945,9.89119
0.130325,-1.57372,9.71147
0.245773,-1.59871,9.74123
0.356461,-1.58443,9.67815
0.368362,-1.54039,9.76265
0.292191,-1.51064,9.90071
0.237442,-1.43208,9.82216
0.187454,-1.34758,9.87334
0.156509,-1.33449,9.87929
0.195786,-1.36781,9.83287
0.200546,-1.45232,9.94118
0.28862,-1.49992,9.91618
0.266006,-1.52968,9.90071
0.102951,-1.52849,9.78407
0.170792,-1.46422,9.74242
0.164841,-1.45351,9.69838
0.266006,-1.45827,9.84477
0.300522,-1.55586,9.8662
0.274338,-1.56776,9.89952
0.168411,-1.49278,9.86977
0.0981903,-1.40471,9.80669
0.208878,-1.39162,9.88881
0.219589,-1.56776,9.7
0.187454,-1.71773,9.66743
0.111282,-1.62489,9.77098
0.136276,-1.42137,9.94475
0.264816,-1.40828,9.87215
0.314804,-1.51659,9.7924
0.191025,-1.49635,9.71385
0.174362,-1.47731,9.79836
0.188644,-1.3821,9.91856
0.249344,-1.31187,9.95665
0.218399,-1.31306,9.94237
0.28624,-1.34282,10.0126
0.248154,-1.46065,9.87096
0.196976,-1.588,9.79955
0.193405,-1.5154,9.81383
0.239822,-1.31783,9.93285
0.270767,-1.26189,10.0233
0.304092,-1.40828,9.8781
0.276718,-1.51897,9.78526
0.270767,-1.47255,9.72337
0.267197,-1.42137,9.78288
0.243393,-1.45827,9.84239
0.283859,-1.54515,9.81859
0.298141,-1.58324,9.80312
0.248154,-1.50706,9.73647
0.212448,-1.51183,9.76979
0.217209,-1.45589,9.8412
0.212448,-1.44994,9.76265
0.279099,-1.44875,9.93166
0.28862,-1.41899,9.86382
0.261246,-1.37019,9.92213
0.264816,-1.26903,9.9507
0.213638,-1.24403,9.94475
0.206497,-1.29402,9.88167
0.180313,-1.37495,9.86501
0.251724,-1.48326,9.91023
0.313614,-1.52968,9.91499
0.191025,-1.63679,9.77455
0.260056,-1.56181,9.79836
0.313614,-1.44637,9.84834
0.390976,-1.38329,9.86858
0.336227,-1.45946,9.79478
0.279099,-1.52254,9.66863
0.291,-1.36067,9.84001
0.246964,-1.37257,9.85905
0.214828,-1.44994,9.86382
0.237442,-1.45351,9.81621
0.232681,-1.50945,9.78645
0.279099,-1.44518,9.8174
0.308853,-1.38924,9.90904
0.245773,-1.40947,9.96379
0.249344,-1.49278,9.89595
0.269577,-1.46779,9.92451
0.229111,-1.3452,9.9019
0.192215,-1.48564,9.84953
0.183884,-1.55348,9.86144
0.174362,-1.56895,9.88286
0.233871,-1.53444,9.83525
0.233871,-1.50706,9.81859
0.291,-1.54158,9.81145
0.371933,-1.52016,9.88999
0.370743,-1.52373,9.92928
0.305283,-1.45232,9.92808
0.218399,-1.52849,9.78645
0.230301,-1.54991,9.74718
0.245773,-1.55824,9.7686
0.246964,-1.43327,9.80193
0.300522,-1.43803,9.78526
0.337418,-1.47612,9.8055
0.275528,-1.55348,9.86025
0.22197,-1.52254,9.90904
0.308853,-1.51183,9.97688
0.299332,-1.42137,9.96736
0.237442,-1.39876,10.0459
0.238632,-1.41185,9.99355
0.279099,-1.44518,10.0221
0.300522,-1.41899,9.99117
0.298141,-1.4547,9.93404
0.275528,-1.57372,9.81978
0.256485,-1.51421,9.78764
0.261246,-1.41185,9.78883
0.15889,-1.39995,9.74718
0.241013,-1.40352,9.71742
0.244583,-1.32854,9.79598
0.143417,-1.3821,9.63887
0.0910492,-1.41066,9.66981
0.229111,-1.41304,9.75075
0.135086,-1.4785,9.70314
0.0874786,-1.46184,9.7805
0.120804,-1.37376,9.93047
0.145798,-1.44279,9.92333
0.0529633,-1.37733,9.75194
0.0208282,-1.34044,9.75432
-0.0374908,-1.31187,9.84239
-0.116043,-1.29164,9.92094
0.0684357,-1.26665,9.92571
-0.0660553,-1.22856,9.89476
-0.0172577,-1.20238,9.95546
0.137466,-1.2,10.034
0.0803375,-1.19167,9.99712
0.0934296,-1.21547,9.97688
0.324326,-1.27141,10.0293
0.399307,-1.27498,9.99355
0.236252,-1.2,9.80669
0.257675,-1.22499,9.75908
0.337418,-1.00124,9.82573
0.28862,-1.10478,9.76384
0.304092,-1.19286,9.78526
0.325516,-1.21071,9.68886
0.283859,-1.16786,9.83644
0.114853,-1.06194,9.8662
0.0410614,-1.0417,9.89714
0.166031,-1.10359,9.84358
0.0422516,-1.08693,9.85667
0.111282,-1.04051,9.97331
0.188644,-1.14763,9.87096
0.0339203,-1.20476,9.86144
0.025589,-1.0536,9.92094
-0.0422516,-0.935776,9.98283
-0.111282,-0.988144,10.0185
-0.180313,-0.947678,9.892
-0.156509,-0.939346,9.81502
-0.105331,-1.05122,9.83763
-0.0529633,-1.1881,9.77336
0.0243988,-1.21785,9.82097
-0.0267792,-1.04527,9.83644
-0.0624847,-1.0298,9.81026
0.0172577,-1.13097,9.87096
-0.00535583,-1.09288,9.94356
-0.0815277,-0.828659,10.0542
-0.167221,-0.926254,10.065
-0.216019,-1.03694,9.92928
-0.144608,-1.18214,10.0114
0.0172577,-1.00124,10.1126
-0.076767,-0.873886,10.0995
-0.241013,-1.29164,10.0304
-0.552841,-2.12715,9.35561
-0.659958,-2.25688,8.69148
0.0351105,-0.13002,9.30681
-0.000595093,1.735,9.10567
-0.0648651,2.60384,7.76314
0.508804,5.69832,8.09877
1.17293,7.79543,8.49629
1.13484,7.14677,7.27159
2.01201,7.38481,6.33373
1.89299,7.37886,5.68507
1.3705,7.5681,4.33897
1.21815,8.30482,3.93312
1.01939,8.66902,3.47609
1.0182,8.5381,3.00954
1.08366,8.78328,2.82625
1.50261,9.09868,2.93813
1.73946,9.36885,3.0024
1.81206,9.33196,2.84648
1.85966,8.88921,2.8084
1.62877,8.90111,2.72627
1.49309,8.7928,2.82982
1.58235,8.34291,2.69771
1.40977,8.29292,2.5775
1.48714,9.07011,2.72984
1.67519,10.1615,3.2202
1.72636,10.4591,3.55464
1.81563,10.1675,4.33659
1.97273,10.1591,5.48274
1.94893,10.3603,6.41704
2.09294,9.87706,6.76933
2.17863,8.769,6.80385
2.32027,5.56621,6.67769
2.05962,3.19536,6.20757
1.35384,-0.181198,5.62795
0.519516,-1.95219,6.55867
0.859909,-2.05812,8.67244
1.18126,-1.7094,9.22111
0.520706,-2.17595,8.85811
-0.00416565,-3.28639,8.10115
-0.0232086,-3.83507,8.42012
0.104141,-3.52443,9.22945
0.330276,-3.31258,9.74718
0.413589,-2.69606,9.96974
0.361221,-2.6913,9.89476
0.461197,-3.31496,9.60435
0.476669,-3.63036,9.60317
0.524277,-3.33281,9.76027
0.489761,-2.32234,9.99474
0.231491,-2.36281,9.9138
0.348129,-3.21617,9.65196
0.511185,-3.37209,9.61626
0.446915,-3.13881,9.4532
0.324326,-2.38304,9.84358
0.381454,-2.43422,9.95784
0.402878,-2.8008,9.64363
0.216019,-3.10072,9.29015
0.295761,-3.25902,9.24492
0.333847,-2.4854,9.77217
0.410019,-1.69511,10.322
0.385025,-2.2664,9.86858
0.298141,-2.85316,9.36156
0.299332,-2.96147,9.25444
0.373123,-2.45802,9.66029
0.450485,-1.85817,10.1495
0.579025,-2.47469,9.74599
0.531418,-2.7639,9.39488
0.509995,-2.56871,9.53532
0.596878,-2.29021,9.81502
0.602829,-2.145,9.90904
0.588547,-2.3033,9.72099
0.402878,-2.44374,9.4651
0.420731,-2.33305,9.55794
0.489761,-1.97243,9.68291
0.448105,-1.68083,9.88881
0.529038,-1.92244,9.79002
0.637344,-1.95696,9.71742
0.656387,-1.76891,9.82811
0.568314,-1.72011,9.82454
0.540939,-2.04979,9.7317
0.615921,-2.17357,9.72218
0.706375,-2.07002,9.73647
0.693283,-1.91292,9.78169
0.529038,-1.95576,9.8781
0.594498,-1.99504,9.86025
0.633774,-1.86531,9.93523
0.592117,-1.88316,9.8174
0.558792,-1.92958,9.77693
0.601639,-1.99504,9.72694
0.638535,-2.14143,9.63649
0.615921,-1.99147,9.7805
0.524277,-1.54039,10.0328
0.555222,-1.74034,9.84953
0.502853,-2.02122,9.65553
0.558792,-1.99504,9.66981
0.626633,-1.7939,9.8412
0.576645,-1.77843,9.86025
0.488571,-1.79152,9.82335
0.588547,-1.79033,9.89238
0.652817,-1.77367,9.81621
0.621872,-1.86174,9.7924
0.573074,-1.88554,9.68767
0.648056,-1.86174,9.85191
0.680191,-1.74272,9.80788
0.562363,-1.76176,9.69243
0.465958,-1.79033,9.70076
0.468338,-1.6963,9.63411
0.518326,-1.67845,9.69124
0.502853,-1.63203,9.70909
0.498093,-1.65227,9.77455
0.586166,-1.79033,9.66863
0.524277,-1.89149,9.45439
0.593307,-1.75938,9.62578
0.654007,-1.22618,9.94356
0.701614,-1.41066,9.93761
0.724228,-1.83199,9.76265
0.689712,-1.98076,9.66267
0.640915,-1.76295,9.81502
0.624252,-1.53206,9.92213
0.5457,-1.55705,9.90666
0.636154,-1.65703,9.82216
0.715897,-1.71416,9.84596
0.690903,-1.60823,9.89714
0.642105,-1.48564,9.82335
0.615921,-1.54753,9.99355
0.587357,-1.60347,9.83644
0.623062,-1.57133,9.84477
0.600449,-1.57252,9.78764
0.621872,-1.62965,9.78288
0.615921,-1.65227,9.80312
0.657578,-1.62013,9.76384
0.669479,-1.64156,9.74361
0.579025,-1.68559,9.72813
0.677811,-1.63918,9.84715
0.640915,-1.42732,9.80669
0.651627,-1.52492,9.85191
0.684952,-1.57848,9.75908
0.604019,-1.74391,9.55556
0.567123,-1.65346,9.67696
0.61235,-1.49873,9.8662
0.705185,-1.5999,9.85429
0.592117,-1.76891,9.67458
0.561172,-1.77248,9.65672
0.642105,-1.60466,9.7198
0.662338,-1.46779,9.89595
0.634964,-1.48326,9.90071
0.6064,-1.60347,9.80073
0.658768,-1.54634,9.86382
0.67186,-1.65108,9.82097
0.613541,-1.72011,9.7448
0.632584,-1.63203,9.83287
0.67305,-1.48802,9.93761
0.588547,-1.45946,9.88643
0.568314,-1.79033,9.66863
0.617111,-1.78914,9.62816
0.655197,-1.5511,9.88405
0.662338,-1.39043,9.96974
0.652817,-1.588,9.93047
0.633774,-1.6844,9.77812
0.642105,-1.66655,9.77574
0.577835,-1.53682,9.85786
0.575455,-1.50825,9.88286
0.533798,-1.6487,9.79836
0.60997,-1.71892,9.74242
0.571884,-1.62608,9.80073
0.507614,-1.46898,9.82216
0.501663,-1.63799,9.76146
0.574264,-1.66655,9.64363
0.534988,-1.74153,9.67339
0.661148,-1.50587,9.74599
0.642105,-1.53325,9.8781
0.689712,-1.563,9.85548
0.600449,-1.70345,9.72575
0.475479,-1.71773,9.6234
0.519516,-1.56895,9.70195
0.575455,-1.49397,9.88881
0.625443,-1.59871,9.8662
0.668289,-1.65346,9.81978
0.705185,-1.72963,9.79836
0.604019,-1.64275,9.84239
0.586166,-1.51897,9.99593
0.649246,-1.47493,9.89595
0.636154,-1.64037,9.81145
0.559982,-1.66179,9.80431
0.599258,-1.54396,9.82097
0.613541,-1.5273,9.80193
0.565933,-1.62013,9.76027
0.533798,-1.68083,9.7448
0.600449,-1.57967,9.78883
0.61116,-1.62489,9.73409
0.593307,-1.59038,9.74242
0.550461,-1.6356,9.73527
0.614731,-1.63799,9.7924
0.644486,-1.56538,9.85786
0.643295,-1.6118,9.79598
0.629013,-1.6606,9.81621
0.605209,-1.56062,9.8531
0.584976,-1.52492,9.86025
0.571884,-1.57729,9.72218
0.632584,-1.61656,9.73647
0.624252,-1.52135,9.78526
0.570694,-1.52492,9.77098
0.554031,-1.52254,9.94118
0.583786,-1.68321,9.88881
0.589737,-1.74034,9.75789
0.582596,-1.79152,9.7317
0.6064,-1.70464,9.80431
0.645676,-1.67012,9.86025
0.715897,-1.67964,9.84358
0.679001,-1.76176,9.70433
0.527847,-1.64394,9.77812
0.475479,-1.49873,9.84001
0.594498,-1.42256,9.88881
0.619492,-1.59038,9.80431
0.54689,-1.73558,9.73409
0.564743,-1.61656,9.74004
0.584976,-1.47493,9.77217
0.60759,-1.54515,9.79836
0.571884,-1.74748,9.68886
0.456436,-1.62132,9.75194
0.508804,-1.55229,9.85429
0.600449,-1.57491,9.83882
0.600449,-1.67012,9.86262
0.533798,-1.69392,9.88405
0.618301,-1.58443,9.78169
0.492142,-1.62489,9.77931
0.520706,-1.6725,9.76622
0.537369,-1.67964,9.78288
0.613541,-1.48088,9.98521
0.661148,-1.51183,9.93166
0.60997,-1.70226,9.79955
0.662338,-1.64989,9.85429
0.721848,-1.44279,9.98997
0.654007,-1.34639,9.96141
0.54689,-1.58086,9.74956
0.408829,-1.74034,9.5377
0.427872,-1.51659,9.69719
0.485001,-1.37257,9.81026
0.413589,-1.34758,9.86739
0.464767,-1.42494,9.8174
0.457626,-1.6963,9.64363
0.377884,-1.7332,9.61745
0.519516,-1.5761,9.89714
0.549271,-1.58681,9.9138
0.41597,-1.80937,9.69838
0.367172,-1.84389,9.66863
0.5457,-1.58919,9.78288
0.637344,-1.43208,9.94237
0.492142,-1.53087,9.93285
0.568314,-1.68678,9.80669
0.571884,-1.68559,9.7317
0.506424,-1.66179,9.83644
0.431442,-1.58086,9.9019
0.463577,-1.46184,9.97331
0.589737,-1.53325,9.90666
0.600449,-1.55943,9.79002
0.500473,-1.56419,9.78169
0.506424,-1.42375,9.87334
0.54332,-1.42256,9.76979
0.5457,-1.5999,9.671
0.499283,-1.5761,9.67577
0.556412,-1.50349,9.77455
0.602829,-1.44279,9.85667
0.536179,-1.58086,9.69838
0.48143,-1.60466,9.6234
0.488571,-1.48802,9.66148
0.536179,-1.30711,9.82573
0.580215,-1.42375,9.89952
0.575455,-1.59752,9.83287
0.617111,-1.64037,9.82573
0.499283,-1.44756,9.85905
0.467148,-1.35591,9.89714
0.445725,-1.47374,9.87453
0.533798,-1.57133,9.81621
0.521896,-1.61537,9.7924
0.485001,-1.58324,9.78645
0.48143,-1.57014,9.88286
0.493332,-1.61894,9.64839
0.519516,-1.5273,9.69124
0.465958,-1.41066,9.77217
0.35408,-1.43803,9.7805
0.487381,-1.47731,9.79359
0.527847,-1.47969,9.81026
0.500473,-1.55467,9.72694
0.486191,-1.59038,9.73052
0.537369,-1.56776,9.81145
0.559982,-1.60585,9.74718
0.526657,-1.49992,9.78883
0.494522,-1.45351,9.83644
0.495712,-1.40828,9.84715
0.520706,-1.47493,9.84001
0.5457,-1.53444,9.86977
0.555222,-1.45589,9.9864
0.521896,-1.58205,9.84596
0.487381,-1.67131,9.86501
0.513565,-1.52492,9.98045
0.539749,-1.50468,9.91499
0.490952,-1.60585,9.90071
0.5457,-1.51302,9.88167
0.464767,-1.36781,9.9745
0.504044,-1.40114,9.98045
0.509995,-1.39757,9.97807
0.475479,-1.38924,9.97331
0.404068,-1.4904,9.95189
0.333847,-1.24998,10.059
0.196976,-1.52373,10.0007
0.156509,-1.6487,9.79955
0.171982,-1.62846,9.66624
0.0958099,-1.24522,9.27229
0.180313,-0.303787,9.1628
0.182693,0.989944,8.76885
0.357651,2.15633,8.37608
0.250534,3.39174,7.79884
0.076767,4.58192,7.06926
0.529038,6.56953,7.32991
0.981308,7.57762,7.35371
0.967026,6.55644,5.72316
0.975357,5.86494,4.08427
1.37883,7.5562,3.47014
1.56331,8.42741,2.9655
1.96797,8.53572,2.38112
2.42857,8.8047,1.74794
2.425,9.62593,1.71581
2.29289,9.81636,1.35756
2.22029,9.48192,1.05525
2.03105,9.82231,0.817215
2.05605,10.3567,0.929092
2.1834,9.933,0.748184
2.3036,9.35219,0.324478
2.53093,9.11534,-0.0778046
2.68803,9.48906,-0.142075
2.74873,9.41527,-0.158737
2.65352,9.79494,-0.0873261
2.87251,10.3805,0.568466
3.13316,10.6043,0.936234
3.32954,10.6531,1.64558
3.20576,11.0708,2.76793
2.97606,11.1791,3.31899
3.01772,9.98061,3.44991
2.60234,9.27007,4.54726
2.21553,9.21413,5.4637
2.31313,8.40004,5.95048
2.64757,6.49217,6.15163
2.56664,4.31889,6.52534
2.1834,4.0023,7.06212
1.58949,2.15871,6.99785
0.977737,1.10063,7.31682
0.582596,0.19371,7.69768
0.399307,-1.67488,7.46559
-0.176743,-2.55324,7.2466
-0.857529,-2.78294,7.81194
-0.813492,-2.79723,8.61412
-0.338608,-2.25807,9.34251
-0.108902,-1.88673,10.0281
0.181503,-1.70821,10.2613
0.358841,-2.20689,10.0685
0.370743,-2.39732,10.1542
0.449295,-2.19856,10.3613
0.505234,-1.74629,10.4601
0.35051,-1.82365,10.1935
0.326706,-2.33662,9.96022
0.395737,-2.36995,9.94951
0.321945,-2.09978,10.0447
0.285049,-2.07002,9.91975
0.193405,-2.10216,9.85072
0.268387,-2.12953,9.84596
0.285049,-2.13191,9.82811
0.232681,-2.23784,9.69957
0.217209,-1.85222,10.0792
0.245773,-1.62251,10.0697
0.230301,-1.95576,9.81502
0.175552,-2.23784,9.69362
0.149368,-1.99742,9.8293
0.321945,-1.45946,10.1733
0.313614,-1.79747,9.86977
0.132706,-2.07716,9.52104
0.163651,-2.02956,9.57579
0.251724,-1.59871,9.78764
0.187454,-1.50945,9.87334
0.102951,-1.78081,9.60554
0.205307,-1.8308,9.57103
0.220779,-1.67726,9.71504
0.227921,-1.30473,9.99831
0.292191,-1.53206,9.81026
0.294571,-1.75462,9.52223
0.258865,-1.60466,9.73885
0.302902,-1.40114,9.92094
0.261246,-1.55943,9.74956
0.216019,-1.83913,9.63054
0.336227,-1.9391,9.57222
0.269577,-1.64156,9.76146
0.146988,-1.52492,9.94594
0.268387,-1.39281,10.1376
0.381454,-1.39281,10.0388
0.386215,-1.54396,10.0673
0.28743,-1.54753,9.89952
0.232681,-1.53563,9.83525
0.242203,-1.58324,9.77931
0.299332,-1.59395,9.73409
0.238632,-1.62251,9.67339
0.188644,-1.5154,9.73289
0.22316,-1.56419,9.67577
0.333847,-1.46779,9.76265
0.283859,-1.40709,9.65315
0.274338,-1.46898,9.6841
0.250534,-1.33449,9.81978
0.329086,-1.34163,9.82097
0.273148,-1.30949,9.77098
0.317184,-1.26784,9.84953
0.279099,-1.39519,9.77931
0.263626,-1.35948,9.79121
0.275528,-1.26903,9.9269
0.119614,-1.37495,9.79478
0.219589,-1.49397,9.8293
0.327896,-1.44756,9.87929
0.406448,-1.48564,9.9019
0.376694,-1.53087,10.0066
0.401688,-1.55943,9.93404
0.412399,-1.50587,9.87096
0.312424,-1.34877,10.0019
0.360031,-1.36543,9.86739
0.398117,-1.43208,9.86977
0.392166,-1.45232,9.88286
0.380264,-1.39519,9.80907
0.291,-1.33687,9.85905
0.343369,-1.31306,9.9364
0.365982,-1.32021,9.95546
0.308853,-1.47731,9.87215
0.321945,-1.52254,9.85905
0.320755,-1.47017,9.8174
0.361221,-1.34044,9.9019
0.344559,-1.26189,9.86262
0.333847,-1.35115,9.79121
0.361221,-1.32021,9.87453
0.329086,-1.29283,9.87096
0.426682,-1.29997,9.79121
0.312424,-1.369,9.6353
0.28981,-1.32854,9.73766
0.364792,-1.22142,9.8293
0.399307,-1.24879,9.79359
0.306473,-1.24998,9.7686
0.235062,-1.24998,9.81978
0.325516,-1.35115,9.81026
0.335037,-1.38329,9.85429
0.377884,-1.45946,9.74123
0.306473,-1.47969,9.80073
0.311234,-1.34758,9.83525
0.232681,-1.28331,9.78407
0.327896,-1.2607,9.78764
0.404068,-1.34639,9.73409
0.356461,-1.35829,9.84715
0.291,-1.35234,9.87096
0.291,-1.27974,10.015
0.338608,-1.21309,10.1078
0.376694,-1.36543,9.98997
0.386215,-1.51302,9.88643
0.267197,-1.24284,10.0328
0.325516,-1.2119,10.0126
0.398117,-1.32735,9.9138
0.438583,-1.37019,9.91142
0.432632,-1.32378,9.95189
0.435013,-1.2119,9.92928
0.408829,-1.21428,9.90309
0.365982,-1.24284,9.82811
0.442154,-1.18333,9.79836
0.519516,-1.22856,9.76622
0.567123,-1.20476,9.76027
0.520706,-1.10835,9.88405
0.532608,-1.07503,9.90071
0.533798,-1.06313,9.79002
0.507614,-1.16905,9.76622
0.562363,-1.03813,9.83049
0.420731,-0.990524,9.78883
0.381454,-0.979813,9.74599
0.371933,-0.90007,9.80788
0.427872,-0.842941,9.77455
0.455246,-0.870316,9.9019
0.410019,-1.06908,9.81145
0.407639,-1.1393,9.71266
0.400497,-1.13216,9.7567
0.385025,-1.19286,9.72813
0.449295,-1.20476,9.76146
0.402878,-1.175,9.83763
0.41954,-1.07384,9.97093
0.523087,-1.14049,9.92808
0.629013,-1.0786,10.0019
0.677811,-1.2726,10.0043
0.650436,-1.22975,9.90904
0.588547,-1.10002,9.93642
0.54808,-0.998856,9.90904
0.41835,-1.0536,9.77812
0.412399,-1.1631,9.70195
0.411209,-1.07503,9.74123
0.439774,-0.888168,9.81978
0.438583,-0.950058,9.86262
0.446915,-0.944107,9.75313
0.394547,-0.969101,9.83287
0.445725,-1.01552,9.8174
0.536179,-1.07146,9.93404
0.596878,-1.05836,9.97569
0.490952,-0.928635,9.96379
0.375504,-1.06789,9.8531
0.399307,-0.975052,9.93761
0.451675,-0.871506,9.90309
0.411209,-0.998856,9.75194
0.35527,-0.942917,9.78526
0.35527,-0.822708,9.75313
0.405258,-0.878647,9.69838
0.486191,-0.872696,9.76146
0.633774,-0.796524,9.83525
0.740891,-0.732254,9.91618
0.775406,-0.727493,9.97212
0.683762,-0.828659,9.92333
0.668289,-0.776291,9.8781
0.743271,-0.775101,10.0352
0.723038,-0.76796,10.0376
0.67662,-0.815567,10.0495
0.684952,-0.746536,9.98164
0.640915,-0.70845,9.95665
0.605209,-0.603714,9.9876
0.627823,-0.70845,9.86858
0.689712,-0.695358,9.8174
0.67186,-0.614426,9.96141
0.604019,-0.712021,9.77812
0.520706,-0.807236,9.62816
0.642105,-0.729874,9.77574
0.693283,-0.713211,9.75313
0.701614,-0.539444,9.92451
0.759934,-0.45256,9.92808
0.874191,-0.431137,9.88048
0.875381,-0.437088,9.90666
0.849197,-0.364487,9.92333
0.830154,-0.44899,9.79359
0.915848,-0.507309,9.7567
0.959885,-0.539444,9.69957
1.04439,-0.590622,9.81026
1.02415,-0.550156,9.85072
0.963455,-0.506119,9.81264
0.980118,-0.419235,9.7924
0.875381,-0.300217,9.87334
0.862289,-0.226425,9.87691
0.821823,-0.177628,9.90547
0.855148,-0.237137,9.91618
0.877762,-0.124069,9.90785
0.824203,-0.0621796,9.9995
0.828964,-0.295456,9.9269
0.922989,-0.399002,9.90547
1.06462,-0.421616,9.93166
1.06938,-0.409714,9.87215
0.981308,-0.434708,9.79955
0.86348,-0.634659,9.72218
0.939651,-0.57753,9.79478
0.969406,-0.354965,9.82335
0.926559,-0.214523,9.93761
1.05391,-0.220474,9.96736
0.940842,-0.302597,9.85429
0.934891,-0.359726,9.79598
0.955124,-0.272842,9.87453
0.862289,-0.374008,9.80907
0.888474,-0.564438,9.76503
0.957504,-0.550156,9.79598
0.953934,-0.470413,9.84001
0.92775,-0.435898,9.77455
0.940842,-0.440659,9.77336
0.937271,-0.51683,9.75075
0.987259,-0.497787,9.83644
