0.210068,0.474594,9.99474
0.164841,0.500778,9.88524
0.152939,0.362717,9.85191
0.243393,0.410324,9.89952
0.241013,0.593613,9.9138
0.195786,0.567429,9.93999
0.205307,0.493637,9.83287
0.133896,0.507919,9.88286
0.0981903,0.555527,9.90666
0.0648651,0.546005,9.87572
0.00773621,0.331772,9.57579
-0.0946198,0.303207,9.47582
-0.139847,0.212753,9.49962
-0.0684357,0.155624,9.56865
-0.0113068,0.222275,9.68291
0.057724,0.2556,9.70671
0.00773621,0.146103,9.63054
-0.00654602,0.158005,9.68529
0.0410614,0.160385,9.68291
0.0124969,0.160385,9.69005
-0.0279694,0.169907,9.83525
-0.106522,0.19133,9.75908
-0.0993805,0.158005,9.83287
-0.0422516,0.174667,9.86858
0.00297546,0.203232,9.89952
0.0743866,0.169907,9.95427
0.0482025,0.0937347,9.94713
0.0910492,0.131821,9.94951
0.136276,0.153244,9.94713
0.174362,0.0770721,10.0757
0.0910492,-0.0490875,10.0043
0.0267792,-0.096695,10.0876
0.105331,0.0175629,10.0447
0.112473,-0.0514679,10.0638
0.16008,-0.0348053,10.0923
0.16246,0.0437469,10.0709
0.267197,0.0675507,10.009
0.167221,0.0675507,10.0709
0.131516,-0.0014801,10.0233
0.0505829,-0.0538483,10.0423
0.143417,0.207993,9.96379
0.198166,0.105637,10.0304
0.214828,0.265121,10.009
0.176743,0.18895,10.0709
0.210068,0.150864,10.1304
0.245773,0.0818329,10.1423
0.238632,-0.0014801,10.209
0.181503,-0.0014801,10.1114
0.198166,-0.0514679,10.0304
0.241013,0.024704,10.1518
0.245773,0.0770721,10.0828
0.264816,0.136581,10.1756
0.217209,0.0984955,10.0757
0.169601,0.105637,10.0852
0.233871,0.248459,10.1495
0.176743,0.376999,10.1352
0.186264,0.379379,9.9876
0.186264,0.353195,10.0019
0.202927,0.265121,10.0709
0.141037,0.38414,10.0304
0.0910492,0.388901,9.93999
0.0339203,0.396042,9.94237
0.0553436,0.379379,9.93285
0.117233,0.346054,9.84001
0.0601044,0.472214,9.97569
0.0363007,0.498398,9.9019
-0.0398712,0.388901,9.86382
-0.0684357,0.341293,9.82573
-0.0684357,0.350815,9.7448
-0.0803375,0.243698,9.68291
0.176743,0.229416,9.84239
0.117233,0.238937,9.7924
-0.025589,0.148483,9.79002
-0.0136871,0.100876,9.79955
-0.0970001,0.0461273,9.671
-0.163651,-0.00386047,9.66863
-0.0136871,0.0104218,9.7686
0.0267792,0.0580292,9.87334
0.0720062,0.117538,9.7686
0.138657,0.0270844,9.82097
0.0981903,0.108017,9.98997
0.0220184,0.119919,9.91856
0.0315399,0.108017,9.93523
0.0839081,0.174667,9.97569
0.117233,0.0770721,10.0233
0.152939,0.000900269,9.92333
0.126755,0.000900269,9.9995
0.0815277,0.0413666,9.95427
0.129135,0.138962,9.98997
0.117233,0.136581,10.0114
0.112473,0.119919,10.0471
0.131516,0.0437469,9.9995
0.057724,0.00804138,9.96379
0.0696259,0.000900269,9.97807
0.0696259,0.12944,10.0376
0.038681,0.224655,10.0638
-0.0136871,0.150864,9.93999
-0.00654602,0.112778,9.88286
0.00773621,0.0937347,9.84001
-0.0136871,0.0818329,9.80907
-0.116043,0.0223236,9.80431
-0.0660553,0.0532684,9.94713
-0.0184479,0.0175629,9.94475
-0.0327301,0.134201,9.94237
-0.0303497,0.207993,9.94713
-0.025589,0.25798,9.9019
0.0339203,0.179428,9.92571
0.00535583,0.219894,9.99474
-0.0470123,0.241318,9.90904
-0.127945,0.19371,9.88048
-0.118423,0.0961151,9.88762
-0.123184,0.0389862,9.81859
-0.089859,0.0746918,9.81383
-0.070816,0.0937347,9.85429
-0.0541534,0.12706,9.83763
0.00535583,0.165146,9.85429
-0.0827179,0.12944,9.8662
-0.0922394,0.0913544,9.82811
-0.0493927,0.12468,9.77336
-0.0327301,0.150864,9.90666
0.00535583,0.103256,9.82573
-0.00892639,0.0746918,9.85429
0.00535583,0.158005,9.86144
0.0696259,0.241318,9.94713
-0.00178528,0.172287,9.93285
-0.0398712,0.172287,9.82573
-0.089859,0.203232,9.83287
-0.044632,0.260361,9.7805
-0.0517731,0.205612,9.89238
-0.0184479,0.162766,9.85905
-0.0398712,0.222275,9.91142
-0.0589142,0.205612,9.95427
-0.0731964,0.196091,9.81383
-0.025589,0.238937,9.85667
0.0410614,0.227036,9.94475
0.057724,0.212753,9.98045
0.0910492,0.2556,10.0114
0.0981903,0.219894,10.078
0.141037,0.155624,10.0519
0.155319,0.12944,10.1138
0.038681,0.131821,9.62816
0.0434418,0.0580292,9.73766
-0.0208282,-0.0324249,9.71623
0.0981903,0.0104218,9.80431
0.186264,0.138962,9.81383
0.245773,-0.013382,9.88762
0.28862,-0.0419464,9.84953
0.300522,-0.0371857,9.85905
0.314804,-0.0229034,9.93761
0.329086,-0.0633698,9.98997
0.357651,0.0104218,9.97093
0.364792,0.112778,10.0471
0.360031,0.312729,9.99474
0.405258,0.365097,9.94475
0.474289,0.307968,9.94237
0.467148,0.25322,10.0185
0.581406,0.207993,10.0471
0.5457,0.167526,9.97331
0.490952,0.117538,9.88286
0.371933,0.134201,9.84715
0.440964,0.103256,9.93285
0.564743,0.0865936,9.9995
0.67662,0.196091,10.0542
0.690903,0.19133,9.93761
0.688522,0.155624,9.91856
0.679001,0.141342,9.94713
0.619492,-0.0014801,10.0614
0.652817,-0.103836,10.0638
0.571884,-0.110977,9.89952
0.517136,-0.149063,9.92333
0.386215,0.0532684,9.47343
0.255295,0.069931,9.41631
0.233871,0.0366058,9.46867
0.390976,0.024704,9.50438
0.393356,0.0627899,9.52818
0.440964,0.196091,9.67339
0.557602,0.153244,9.88286
0.564743,0.0318451,9.81145
0.474289,0.0270844,9.68053
0.321945,0.00804138,9.65434
0.421921,0.0984955,9.63292
0.526657,0.343674,9.82573
0.73613,0.357956,9.91618
0.936081,0.300827,9.96617
1.067,0.150864,10.0542
0.974167,0.088974,10.0923
0.755173,0.0794525,10.0995
0.595688,-0.0467072,10.159
0.600449,-0.277603,10.1542
0.769455,-0.365677,10.1899
0.855148,-0.120499,10.2709
0.581406,-0.0609894,10.0733
0.643295,-0.0110016,10.1542
0.774216,-0.106216,10.1566
1.067,-0.0609894,10.159
1.24791,-0.101456,10.1566
1.23125,-0.187149,10.0733
1.10033,-0.132401,10.078
1.00273,-0.270462,9.9138
0.947983,-0.410904,9.9019
0.693283,0.169907,9.82811
0.812302,0.31749,9.89238
0.876572,0.38176,9.98997
0.886093,0.346054,10.159
0.938461,0.231796,10.2637
1.01701,0.117538,10.2875
0.964645,0.088974,10.1114
0.895615,0.18895,10.0685
0.907516,0.174667,10.0614
0.848007,0.219894,10.0185
0.807541,0.131821,10.0519
0.719467,0.0342255,10.0185
0.588547,0.00804138,9.98045
0.555222,0.069931,9.86858
0.433823,0.210373,9.87334
0.41716,0.212753,9.90904
0.424301,0.203232,9.96141
0.450485,0.2556,9.93285
0.433823,0.407944,9.98521
0.410019,0.524582,9.94475
0.474289,0.503159,10.0566
0.521896,0.388901,10.0709
0.529038,0.246078,9.91142
0.538559,0.141342,9.88048
0.562363,0.19371,9.87334
0.650436,0.281784,9.9138
0.695663,0.19133,9.90666
0.659958,0.0651703,9.88524
0.652817,0.110397,9.81859
0.629013,0.0961151,9.91618
0.495712,0.136581,9.83287
0.474289,0.148483,9.89238
0.41716,0.25322,9.88762
0.379074,0.250839,9.91856
0.333847,0.262741,9.92094
0.343369,0.324631,10.0519
0.445725,0.307968,10.128
0.460007,0.293686,10.0709
0.531418,0.19371,10.0138
0.533798,0.174667,9.96141
0.512375,0.179428,10.0066
0.54808,0.153244,10.1471
0.562363,0.215134,10.1114
0.486191,0.0675507,10.1233
0.345749,0.00328064,10.1399
0.455246,-0.0657501,10.2185
0.488571,-0.106216,10.209
0.429062,-0.144302,10.2137
0.326706,0.0366058,10.2018
0.262436,0.0128021,10.2113
0.183884,0.691208,9.88286
0.312424,0.224655,9.46867
0.326706,0.248459,9.33061
0.448105,0.422226,9.20921
0.455246,0.341293,9.0164
0.517136,0.591232,8.81645
0.576645,1.12682,8.62126
0.752792,1.52434,8.63316
0.752792,2.24559,8.23326
0.774216,2.50505,7.97142
0.600449,3.35722,7.4287
0.61235,4.06895,7.28587
0.579025,4.6212,7.13115
0.631393,5.46385,7.13591
0.645676,5.25438,6.955
0.848007,5.10204,6.46227
0.845627,5.20439,6.04332
1.0551,5.40196,5.60295
1.34789,6.24937,5.46727
1.5764,6.71355,5.55058
1.61449,8.12273,3.5844
1.90013,8.575,3.4
2.03819,9.22722,3.29637
2.02867,9.63664,3.15117
2.09294,9.45811,3.03929
1.9644,8.76067,2.68938
1.98106,8.87016,2.24187
1.9406,9.29387,1.82768
2.08342,9.39385,1.88957
2.3286,9.37242,2.1776
2.89513,10.8649,2.56084
2.90227,11.0863,2.66081
2.96654,10.9911,2.93694
2.82372,10.7007,3.06548
2.72374,10.3555,3.30589
2.66423,10.077,3.65581
2.64519,9.81755,4.56749
2.68089,9.45097,5.21971
2.4857,9.67711,5.05785
2.69279,8.75591,5.31731
1.50261,3.20488,7.70244
1.87395,3.05492,8.18089
1.89775,2.22655,8.54033
1.71446,1.929,7.8286
1.05748,1.16728,7.97856
0.838486,0.457932,7.89287
0.571884,-0.289505,8.20708
0.967026,-0.698929,8.58556
1.50737,-0.632278,8.80217
1.65971,-0.287125,8.97594
0.602829,-1.75105,9.67577
0.883713,-1.20119,9.90904
0.955124,-0.637039,10.3327
0.921799,-0.394241,10.4161
0.855148,-0.57991,10.4922
0.809921,-0.872696,10.4637
0.831345,-1.02266,10.3327
1.01939,-0.929825,10.2447
0.976547,-0.863174,10.1947
0.883713,-0.870316,10.059
0.86705,-0.984573,9.93761
0.778976,-0.932205,9.89238
0.688522,-0.889359,9.93761
0.60759,-0.994095,9.83287
0.531418,-1.1631,9.82335
0.550461,-1.17976,9.96855
0.726608,-1.13216,9.95665
0.759934,-1.18214,9.89476
0.748032,-1.06551,9.88524
0.755173,-1.13454,9.86382
0.917038,-0.970291,9.95189
0.833725,-1.33925,9.73289
0.764694,-1.64632,9.63054
0.707565,-1.76534,9.46391
0.679001,-1.57014,9.47819
0.67186,-1.32735,9.56151
0.688522,-1.07979,9.63292
0.724228,-1.08693,9.65196
0.667099,-1.02504,9.75908
0.726608,-1.0298,9.83049
0.909897,-0.956009,9.8781
0.886093,-0.936966,9.90428
0.817062,-0.806046,9.95665
0.886093,-0.822708,9.99474
0.876572,-0.979813,9.95665
0.869431,-1.12502,9.80193
0.895615,-1.21309,9.79955
0.893234,-1.27974,9.73052
0.819443,-1.27736,9.77336
0.807541,-1.1631,9.67339
0.786118,-1.05598,9.67815
0.843246,-1.01314,9.80193
0.878952,-0.894119,9.86144
0.905136,-0.815567,9.94951
0.883713,-0.589432,10.1019
0.883713,-0.572769,10.0876
0.850388,-0.748917,9.94237
0.826584,-0.991715,9.80193
0.80278,-1.23451,9.66624
0.764694,-1.37019,9.6115
0.73613,-0.994095,9.81621
0.752792,-0.991715,9.85667
0.702805,-1.00362,9.82573
0.807541,-0.996475,9.89952
0.855148,-0.939346,9.92571
0.86467,-0.870316,9.91142
0.845627,-0.875076,9.93523
0.848007,-0.851273,9.85905
0.817062,-0.913162,9.77336
0.748032,-1.00362,9.77336
0.731369,-0.808426,9.79955
0.740891,-0.841751,9.80907
0.809921,-0.886978,9.80431
0.919418,-0.913162,9.78288
0.952744,-0.948868,9.79716
0.92894,-0.929825,9.81145
0.848007,-0.903641,9.84001
0.819443,-0.979813,9.81859
0.783737,-0.972672,9.83049
0.86705,-0.908401,9.95189
0.957504,-0.889359,9.9138
0.967026,-0.839371,9.85667
0.871811,-0.877457,9.84239
0.750412,-0.867935,9.76622
0.686142,-0.903641,9.90428
0.831345,-0.910782,9.84239
0.874191,-0.884598,9.86144
0.836105,-0.83223,9.78764
0.776596,-0.83223,9.83763
0.769455,-0.863174,9.77336
0.717087,-0.877457,9.82097
0.707565,-0.884598,9.80669
0.774216,-0.953629,9.75432
0.776596,-0.908401,9.79955
0.878952,-0.906021,9.92808
0.855148,-0.829849,9.91856
0.826584,-0.90126,9.79478
0.824203,-0.884598,9.93047
0.826584,-0.958389,9.92808
0.809921,-1.02742,9.87334
0.812302,-1.0417,9.85905
0.817062,-1.0179,9.79716
0.862289,-1.00124,9.78526
0.902756,-0.967911,9.84239
0.793259,-0.856033,9.76622
0.767075,-0.83223,9.73766
0.755173,-0.975052,9.75194
0.821823,-0.948868,9.73052
0.831345,-0.96077,9.84715
0.876572,-0.944107,9.84239
0.859909,-0.875076,9.84953
0.778976,-0.841751,9.91618
0.693283,-0.83699,9.7805
0.73851,-0.787003,9.81621
0.757553,-0.796524,9.91618
0.731369,-0.729874,9.89714
0.781357,-0.741776,9.88524
0.781357,-0.77272,9.85905
0.819443,-0.903641,9.86144
0.855148,-1.01076,9.92808
0.914658,-1.04884,9.85667
0.828964,-1.11073,9.77098
0.814682,-1.11787,9.78288
0.838486,-1.04408,9.854
0.843246,-0.979813,9.89714
0.80278,-0.953629,9.89238
0.740891,-0.889359,9.84001
0.705185,-0.879837,9.82811
0.757553,-0.879837,9.89476
0.793259,-0.798904,9.88524
0.8004,-0.925064,9.89
0.831345,-0.891739,9.90904
0.833725,-0.860794,9.9876
0.874191,-0.846512,9.8781
0.862289,-0.910782,9.83287
0.831345,-0.925064,9.81145
0.776596,-0.848892,9.83049
0.733749,-0.920303,9.71385
0.721848,-0.944107,9.75908
0.762314,-0.860794,9.88762
0.831345,-0.808426,9.87096
0.781357,-0.829849,9.86382
0.745651,-0.817947,9.86382
0.748032,-0.867935,9.82097
0.767075,-0.765579,9.89
0.769455,-0.775101,9.68053
0.714706,-0.739395,9.7448
0.743271,-0.827469,9.79478
0.838486,-0.856033,9.81145
0.828964,-0.906021,9.82811
0.859909,-0.920303,9.78764
0.817062,-0.951248,9.81621
0.788498,-0.929825,9.80431
0.821823,-0.936966,9.77812
0.819443,-0.889359,9.81145
0.869431,-0.89888,9.89714
0.798019,-0.848892,9.82811
0.798019,-0.894119,9.79478
0.714706,-0.827469,9.79955
0.73613,-0.806046,9.84477
0.73613,-0.813187,9.94713
0.855148,-0.777481,10.0233
0.897995,-0.787003,9.94475
0.850388,-0.782242,9.89714
0.776596,-0.929825,9.89952
0.776596,-0.853653,9.86858
0.759934,-0.853653,9.85191
0.764694,-0.848892,9.84953
0.807541,-0.925064,9.80193
0.774216,-1.02028,9.87572
0.840866,-0.984573,9.88048
0.836105,-0.991715,9.87334
0.793259,-0.953629,9.84001
0.8004,-0.851273,9.92808
0.728989,-0.894119,9.77574
0.721848,-0.8965,9.81383
0.795639,-0.90126,9.78288
0.828964,-0.932205,9.79716
0.833725,-0.96077,9.74718
0.774216,-1.01552,9.77574
0.750412,-0.986954,9.82811
0.707565,-0.932205,9.85667
0.774216,-0.89888,9.87334
0.755173,-0.848892,9.83525
0.821823,-0.894119,9.83287
0.636154,-0.83461,9.80907
0.740891,-0.83223,9.95903
0.786118,-0.858414,9.93523
0.855148,-0.877457,9.86382
0.824203,-0.889359,9.85905
0.836105,-0.932205,9.80669
0.788498,-0.948868,9.85429
0.757553,-0.958389,9.83049
0.781357,-0.917923,9.84477
0.717087,-0.90126,9.79478
0.73613,-0.870316,9.82335
0.759934,-0.808426,9.88524
0.840866,-0.737015,9.96855
0.881332,-0.779861,10.0947
0.86467,-0.820328,9.96379
0.826584,-0.920303,9.89
0.819443,-1.02742,9.83287
0.759934,-1.03932,9.87572
0.836105,-0.977432,9.83287
0.650436,-0.860794,9.70195
0.683762,-0.851273,9.76384
0.707565,-0.796524,9.83049
0.793259,-0.753677,9.84239
0.781357,-0.782242,9.8662
0.771835,-0.787003,9.82335
0.755173,-0.775101,9.90428
0.790878,-0.827469,9.86144
0.814682,-0.879837,9.90666
0.826584,-0.922684,9.93047
0.848007,-0.944107,10.0352
0.848007,-0.936966,9.95427
0.814682,-0.891739,9.93999
0.795639,-0.932205,9.87572
0.798019,-0.934586,9.80193
0.788498,-0.932205,9.87572
0.817062,-0.932205,9.88762
0.764694,-0.872696,9.88524
0.769455,-0.815567,9.93285
0.790878,-0.813187,9.99235
0.683762,-0.76796,9.85191
0.728989,-0.739395,9.8662
0.693283,-0.784622,9.89
0.681381,-0.8965,9.88762
0.709946,-0.77034,9.84239
0.681381,-0.629898,9.86144
0.564743,-0.634659,9.77336
0.457626,-0.744156,9.74004
0.471909,-0.820328,9.69957
0.41716,-1.00838,9.59721
0.388596,-1.15596,9.38298
0.374313,-1.62965,8.91881
0.400497,-1.77486,8.96166
0.519516,-0.977432,9.14018
0.769455,-0.215714,9.64244
0.99559,0.903061,10.1185
1.0432,1.33629,10.0162
1.08366,1.60051,10.1376
1.05748,1.94804,9.69243
0.971786,1.84807,9.40678
1.19792,7.02061,7.3073
1.27885,6.7683,7.05974
1.31218,5.62096,5.99809
1.59544,5.72331,5.73863
1.78349,6.4041,5.55296
1.89775,6.94682,5.55058
1.75255,7.33958,5.2578
1.67162,7.4705,5.14354
1.71684,7.59905,4.94835
1.83348,7.60142,4.46037
2.05009,7.53477,4.27232
2.01439,8.05846,3.76292
1.92155,8.70592,3.3297
1.82158,9.06535,3.30589
1.57402,9.06535,3.05833
1.68114,8.97728,2.8322
1.87157,8.66069,2.57512
1.97392,8.54405,2.3109
1.99297,8.72972,2.17284
1.9763,8.60594,2.13237
2.74278,8.85588,1.34209
2.838,8.61308,1.38969
2.84514,9.31053,1.54442
2.84276,9.34386,1.36351
2.82133,9.32481,1.30876
2.838,9.15105,1.18498
2.8499,9.02013,0.944565
2.65947,9.23674,0.823166
2.48094,9.32005,0.687485
2.44048,9.3867,0.746994
2.90703,10.4222,2.26091
2.95226,10.7483,2.59416
3.01176,10.8863,2.80601
2.9594,10.5483,2.90837
2.9951,10.0627,3.02501
2.98558,9.40813,3.12022
2.90465,8.90587,3.10832
2.79515,8.82018,3.21544
2.62614,9.1082,3.56535
2.39763,9.25102,3.97716
2.15959,9.53429,4.01048
2.05724,8.99394,4.43419
1.99535,8.60118,4.62462
2.07628,7.75615,4.73888
2.10722,6.98253,4.91026
2.12389,6.34697,5.15068
2.04771,6.12321,5.29588
1.84776,6.16606,5.60295
1.7216,6.26842,6.07426
1.60258,6.35887,6.45036
1.28123,3.24059,8.90929
1.25743,3.10728,8.86644
1.39311,1.78618,8.78313
1.1646,1.5291,8.83073
1.24077,0.886398,8.81645
0.990829,0.717392,8.90215
0.902756,0.929245,8.89262
0.60759,1.00066,8.79027
0.500473,0.976852,8.71648
0.369553,0.619797,8.7379
0.605209,-1.28212,9.99235
0.583786,-1.36067,10.0471
0.688522,-1.2964,10.0471
0.681381,-1.19167,10.0376
0.648056,-0.96315,10.0614
0.662338,-1.08217,9.93285
0.590927,-1.35829,9.8781
0.60759,-1.57491,9.79955
0.564743,-1.52016,9.73052
0.533798,-1.48445,9.80669
0.517136,-1.46303,9.85191
0.550461,-1.5273,9.88524
0.54808,-1.36305,9.98521
0.619492,-1.16072,10.1399
0.638535,-0.856033,10.297
0.667099,-0.841751,10.3113
0.629013,-0.870316,10.2328
0.621872,-1.00362,10.0923
0.669479,-1.175,9.98521
0.652817,-1.30116,9.96379
0.690903,-1.2607,9.93523
0.640915,-1.03456,9.78526
0.562363,-1.02742,9.79716
0.429062,-0.991715,9.85429
0.371933,-0.977432,9.83287
0.457626,-1.0179,9.91856
0.595688,-1.02028,9.97093
0.67424,-0.951248,9.93761
0.643295,-0.877457,9.87334
0.562363,-0.882217,9.98997
0.581406,-0.83461,9.94237
0.605209,-0.953629,9.62816
0.583786,-0.810806,9.68767
0.54332,-0.689407,9.87334
0.526657,-0.468033,9.88048
0.576645,-0.627518,9.84477
0.559982,-0.748917,9.77336
0.569504,-1.006,9.6234
0.540939,-1.09645,9.54008
0.536179,-1.10121,9.54485
0.617111,-1.08693,9.59483
0.67186,-1.04646,9.70671
0.745651,-1.01076,9.78764
0.712326,-0.727493,9.9876
0.707565,-0.444229,10.1685
0.67424,-0.527542,10.1518
0.743271,-0.758438,10.0661
0.712326,-0.932205,9.8662
0.774216,-0.934586,9.8781
0.721848,-0.865555,9.83049
0.712326,-0.820328,9.94951
0.795639,-0.76796,9.91618
0.767075,-0.753677,9.93047
0.752792,-0.801285,9.78526
0.786118,-0.851273,9.67339
0.733749,-0.953629,9.69005
0.686142,-0.558487,9.88048
0.73851,-0.329971,10.0709
0.767075,-0.244278,10.1138
0.771835,-0.356155,9.98521
0.707565,-0.646561,9.80431
0.655197,-0.732254,9.64958
0.629013,-0.610855,9.72337
0.657578,-0.613236,9.72099
0.605209,-0.494217,9.85191
0.533798,-0.203812,9.82811
0.638535,-0.196671,10.0281
0.67186,-0.32045,9.93047
0.712326,-0.463272,9.92571
0.702805,-0.529922,9.84239
0.709946,-0.546585,9.89952
0.60997,-0.83461,9.71861
0.714706,-0.851273,9.73527
0.726608,-0.813187,9.74956
0.669479,-0.737015,9.80669
0.655197,-0.627518,9.83763
0.61235,-0.537064,9.88762
0.512375,-0.213333,10.2256
0.552841,-0.141922,10.1518
0.624252,-0.3871,10.0804
0.698044,-0.422806,10.009
0.695663,-0.401382,9.98521
0.631393,-0.458511,9.84001
0.531418,-0.615616,9.69719
0.588547,-0.727493,9.74956
0.655197,-0.625137,9.78764
0.640915,-0.541824,9.86858
0.664719,-0.484695,9.89
0.629013,-0.413284,9.89
0.633774,-0.434708,10.0066
0.640915,-0.460892,9.90428
0.781357,-0.491837,9.95427
0.748032,-0.57515,9.7448
0.667099,-0.622757,9.69243
0.60997,-0.594193,9.74956
0.574264,-0.572769,9.67815
0.598068,-0.594193,9.7448
0.679001,-0.596573,9.74718
0.740891,-0.51326,9.71147
0.698044,-0.432327,9.86144
0.621872,-0.0229034,9.96617
0.659958,-0.341873,9.92333
0.60997,-0.396622,9.97807
0.621872,-0.425186,9.91142
0.614731,-0.453751,9.87572
0.593307,-0.410904,9.94237
0.583786,-0.396622,9.93999
0.602829,-0.379959,9.89238
0.631393,-0.279984,9.97093
0.586166,-0.237137,9.91618
0.650436,-0.287125,10.0495
0.60759,-0.458511,9.8662
0.655197,-0.479935,9.7686
0.652817,-0.565628,9.73766
0.605209,-0.522781,9.68767
0.598068,-0.422806,9.70433
0.600449,-0.394241,9.79955
0.600449,-0.310928,9.84477
0.517136,-0.263321,9.90428
0.579025,-0.284744,9.80907
0.557602,-0.299026,9.87334
0.593307,-0.332352,9.85667
0.636154,-0.346634,9.80907
0.643295,-0.249039,9.91856
0.579025,-0.25856,9.98045
0.602829,-0.272842,9.97331
0.552841,-0.313309,9.99474
0.540939,-0.299026,9.95427
0.595688,-0.3871,9.86858
0.621872,-0.472794,9.8781
0.669479,-0.534683,9.91856
0.509995,-0.246658,9.75908
0.598068,-0.282364,9.74242
0.581406,-0.313309,9.69957
0.533798,-0.346634,9.74242
0.555222,-0.494217,9.66624
0.588547,-0.441849,9.71623
0.576645,-0.399002,9.68529
0.555222,-0.377579,9.66863
0.574264,-0.399002,9.72575
0.550461,-0.415665,9.75908
0.302902,-0.313309,9.86858
0.360031,-0.277603,10.0138
0.381454,-0.210953,10.04
0.402878,-0.334732,10.0709
0.398117,-0.456131,9.93761
0.41954,-0.57515,9.93523
0.443344,-0.679886,9.9138
0.493332,-0.672745,9.96141
0.462387,-0.70369,9.88286
0.574264,-0.565628,9.94951
0.493332,-0.396622,9.98283
0.445725,-0.265701,10.0495
0.41478,-0.244278,9.94237
0.438583,-0.303787,10.0566
0.440964,-0.25618,9.98045
0.440964,-0.349014,10.0138
0.429062,-0.441849,9.91142
0.402878,-0.491837,9.74242
0.474289,-0.482315,9.86144
0.433823,-0.379959,9.85667
0.41478,-0.249039,9.89
0.326706,-0.246658,9.82097
0.243393,-0.199051,9.95903
0.267197,-0.215714,9.92333
0.314804,-0.308548,9.87096
0.307663,-0.413284,9.8662
0.310043,-0.427567,9.79955
0.300522,-0.444229,9.82573
0.343369,-0.32283,9.88048
0.314804,-0.360916,9.88286
0.321945,-0.377579,9.86858
0.305283,-0.382339,9.8662
0.305283,-0.446609,9.84477
0.283859,-0.491837,9.85429
0.321945,-0.506119,9.88286
0.331467,-0.3871,9.9995
0.338608,-0.382339,10.009
0.279099,-0.396622,9.91142
0.22673,-0.465652,9.79478
0.198166,-0.444229,9.85667
0.207687,-0.441849,9.90428
0.200546,-0.477554,9.88524
0.260056,-0.418045,9.9138
0.319565,-0.458511,9.9019
0.269577,-0.413284,9.81859
0.191025,-0.372818,9.80431
0.210068,-0.344254,9.81859
0.212448,-0.32283,9.79955
0.233871,-0.344254,9.76622
0.28862,-0.382339,9.73289
0.271957,0.424606,9.31633
0.360031,0.438889,9.30681
0.455246,0.465073,9.29491
0.621872,0.548386,9.31871
0.812302,0.717392,9.32347
0.890854,0.972092,9.34489
0.983688,0.957809,9.45201
1.10747,0.903061,9.38774
1.16222,0.957809,9.3568
1.15269,0.957809,9.33537
1.20744,0.986374,9.41631
1.28838,0.943527,9.49486
1.39311,1.01732,9.5139
1.41692,1.14348,9.6115
1.47643,1.35771,9.78526
1.55022,1.50768,9.97093
1.59068,1.66478,10.059
1.58354,1.66002,10.078
1.58592,1.72429,10.0995
1.56688,1.86711,10.109
3.29741,-1.41304,14.0604
3.2617,-1.59395,13.8438
3.17363,-1.96291,13.6296
2.9832,-2.53658,13.3415
2.90703,-2.89839,12.9035
2.83324,-3.05788,12.894
2.8499,-2.94838,12.7441
2.68089,-2.72701,12.5298
2.39763,-2.67226,12.3799
2.09056,-2.62227,12.0085
-1.24434,-2.10097,8.4713
-1.7466,-2.17714,8.03569
-1.94179,-2.17,7.92143
-1.98701,-2.00575,7.76195
-1.91798,-1.92006,7.731
-1.96083,-1.67964,7.49059
-2.09889,-1.52968,7.22636
-2.27028,-1.29878,7.0526
-2.47737,-1.33925,6.86931
-2.58211,-1.23689,6.63603
-2.63924,-1.19643,6.50749
-2.68446,-0.986954,6.52892
-2.79634,-0.717972,6.47417
-2.84157,-0.629898,6.56462
-2.86775,-0.506119,6.4099
-2.77492,-0.246658,6.38847
-2.6797,-0.013382,6.27184
-2.6321,0.198471,6.08379
-2.69399,0.479355,6.02428
-2.57735,0.567429,5.99333
-2.82253,2.91924,6.39085
-2.90584,2.75737,5.89098
-3.0796,1.94804,5.67198
-2.93202,1.88853,5.7672
-2.81062,1.7838,5.78862
-2.50832,1.98137,6.19328
-2.21791,2.62407,6.50987
-2.11794,3.20726,6.99547
-2.06319,3.48338,7.2216
-2.07509,3.53337,7.2097
-2.01558,3.30724,7.10496
-1.94179,2.82164,6.93358
-1.74898,2.66454,6.95976
-1.42525,2.46458,7.02403
-1.18245,2.28606,7.30492
-1.03725,2.45268,7.47154
-1.1277,2.89543,7.66197
-1.37526,3.06206,7.67863
-1.58473,3.08348,7.87144
-1.44429,3.13109,8.2166
-1.16579,3.15013,8.65697
-0.834915,3.37627,9.26158
-0.456436,3.61668,9.77098
-0.216019,3.91185,9.8781
-0.266006,3.82854,9.61864
-0.425491,3.4929,9.30681
-0.625443,3.14061,9.08067
-0.665909,2.71214,9.114
-0.651627,2.40269,9.34727
-0.549271,2.15038,9.9876
0.486191,1.153,11.223
0.460007,1.48387,11.6301
0.276718,1.54576,11.8229
0.241013,1.49101,11.8871
0.291,1.36723,11.999
0.367172,1.27916,11.7562
0.605209,1.06731,11.6896
0.717087,0.953049,11.4634
0.750412,0.810226,11.423
0.769455,0.722153,11.3682
0.495712,0.57695,11.254
0.243393,0.296066,11.2373
0.155319,0.274643,11.5444
0.22673,0.374619,11.7705
0.512375,0.662643,11.9252
0.540939,0.667404,11.8824
0.633774,0.274643,11.5586
0.614731,-0.206192,11.3539
0.61235,-0.496597,11.0611
0.576645,-0.715591,11.1849
0.645676,-1.61537,11.0159
0.517136,-1.68202,10.9873
0.452866,-1.53682,10.8802
0.445725,-1.40114,10.9159
0.495712,-1.28212,10.8231
0.574264,-1.50349,10.716
0.552841,-1.80104,10.4732
0.457626,-1.9153,10.4327
0.450485,-1.96529,10.4756
0.450485,-2.02718,10.5375
0.512375,-1.78438,10.7755
0.514755,-1.71773,10.4922
0.576645,-1.83913,10.478
0.512375,-1.94624,10.3566
0.438583,-2.0605,10.228
0.421921,-2.08907,10.09
0.440964,-2.07954,10.0471
0.474289,-2.14381,10.1185
0.54332,-2.17476,9.98997
0.474289,-2.13429,9.95903
0.038681,-1.69392,9.55675
0.155319,-1.31783,9.76622
0.198166,-1.09407,9.94475
0.16246,-0.996475,10.0281
0.148178,-1.00838,9.89714
0.110092,-1.06313,9.90666
0.0672455,-1.22499,9.85667
0.00297546,-1.33211,9.84477
0.1577,-1.37019,9.83287
0.200546,-1.43922,9.78288
0.231491,-0.606094,9.98045
0.236252,-0.670364,9.95427
0.202927,-0.775101,9.90428
0.133896,-0.758438,9.89476
0.0910492,-0.717972,9.79002
0.121994,-0.744156,9.79478
0.188644,-0.722733,9.73766
0.202927,-0.696548,9.7805
0.229111,-0.617996,9.85191
0.257675,-0.570389,10.0043
0.186264,-0.763199,9.98521
0.141037,-0.751297,9.85667
0.131516,-0.867935,9.95427
0.167221,-0.851273,9.9019
0.22435,-0.865555,9.96855
0.214828,-0.877457,9.91856
0.124374,-0.77272,9.96141
0.1577,-0.720352,9.85191
0.129135,-0.70845,9.86382
0.107712,-0.677505,9.83287
0.183884,-0.737015,9.83049
0.124374,-0.760818,9.80431
0.0743866,-0.784622,9.71861
0.114853,-0.813187,9.76622
0.129135,-0.789383,9.89952
0.219589,-0.77272,9.90904
0.248154,-0.777481,9.98045
0.269577,-0.775101,9.93761
0.233871,-0.76796,10.0114
0.312424,-0.698929,9.98283
0.252914,-0.746536,9.94713
0.188644,-0.796524,9.79955
0.105331,-0.858414,9.87096
0.133896,-0.875076,9.92571
0.16246,-0.913162,9.89952
0.152939,-0.839371,9.88524
0.171982,-0.746536,9.87572
0.188644,-0.810806,9.93523
0.210068,-0.775101,9.9138
0.171982,-0.732254,9.87096
0.155319,-0.744156,9.93761
0.150558,-0.722733,9.92333
0.155319,-0.758438,9.95665
0.198166,-0.827469,9.98045
0.255295,-0.798904,9.96141
0.314804,-0.713211,9.92571
0.252914,-0.615616,9.98521
0.236252,-0.584671,9.99712
0.133896,-0.57753,10.0138
0.238632,-0.76796,9.94237
0.291,-0.658462,10.0376
0.262436,-0.634659,9.99474
0.193405,-0.582291,10.0162
0.167221,-0.694168,9.91856
0.102951,-0.777481,9.7805
0.0981903,-0.808426,9.71385
0.119614,-0.817947,9.73766
0.126755,-0.820328,9.7686
0.119614,-0.710831,9.75194
0.243393,-0.694168,9.93285
0.212448,-0.729874,10.0471
0.174362,-0.679886,10.0495
0.1577,-0.648941,9.97807
0.174362,-0.617996,10.0376
0.22435,-0.737015,10.0209
0.202927,-0.744156,9.89238
0.219589,-0.758438,9.84001
0.236252,-0.779861,9.90904
0.202927,-0.77272,9.86382
0.119614,-0.63942,9.81621
0.119614,-0.651321,9.89238
0.110092,-0.606094,9.92808
0.102951,-0.658462,9.90428
0.136276,-0.722733,9.95665
0.241013,-0.656082,10.0471
0.171982,-0.629898,9.97807
0.169601,-0.570389,10.0138
0.167221,-0.534683,10.0233
0.0934296,-0.508499,10.0233
0.143417,-0.696548,9.9138
0.121994,-0.6418,9.85191
0.0648651,-0.634659,9.89476
-0.0184479,-0.570389,9.93047
0.0101166,-0.537064,9.85667
-0.0136871,-0.570389,9.90666
0.0148773,-0.658462,9.82811
0.0315399,-0.651321,9.85667
-0.00654602,-0.608475,9.93523
0.0553436,-0.572769,9.90666
0.057724,-0.556107,9.9138
0.0410614,-0.518021,9.85191
0.0910492,-0.51088,9.93523
0.152939,-0.591812,10.0138
0.141037,-0.670364,9.98045
0.0886688,-0.637039,9.93761
0.0958099,-0.648941,9.91142
0.0862885,-0.70607,9.9019
0.0743866,-0.615616,9.92094
0.0529633,-0.684647,9.90666
0.217209,1.82069,9.71861
0.239822,1.61241,9.61626
0.298141,1.42555,9.45677
0.340988,1.53743,9.66386
0.233871,1.7469,9.88048
0.242203,1.88972,10.0281
0.211258,1.63026,9.83287
0.136276,0.920914,9.43654
0.181503,1.10539,9.49248
0.250534,1.72667,9.88762
0.231491,0.83641,9.50438
0.193405,0.89592,9.53294
0.255295,1.05064,9.55913
0.300522,1.32677,9.73289
0.279099,1.48149,9.90428
0.343369,1.54576,10.0162
0.338608,1.49815,10.0043
0.28624,1.33391,9.88048
0.210068,1.15062,9.74956
0.269577,1.09111,9.63292
0.295761,1.01018,9.60435
0.267197,0.929245,9.60912
0.293381,1.01494,9.55199
0.326706,1.21013,9.65672
0.298141,1.4196,9.87572
0.300522,1.48863,9.87572
0.300522,1.47435,9.91618
0.271957,1.45531,9.83525
0.260056,1.28392,9.80669
0.262436,1.13872,9.69243
0.264816,1.05302,9.69957
0.305283,1.22917,9.76146
0.255295,1.2863,9.74956
0.345749,1.34581,9.79955
0.357651,1.36485,9.84953
0.338608,1.3839,9.88048
0.357651,1.33629,9.88048
0.324326,1.29344,9.89714
0.35051,1.22203,9.92094
0.329086,1.17918,9.83049
0.360031,1.1768,9.79716
0.302902,1.20537,9.83049
0.340988,1.15776,9.79716
0.302902,1.08635,9.67577
0.302902,1.11967,9.66863
0.281479,1.21251,9.70909
0.317184,1.18156,9.73052
0.28862,1.25536,9.77574
0.326706,1.31725,9.83763
0.307663,1.34581,9.84953
0.279099,1.13634,9.79716
0.22435,0.991135,9.72337
0.252914,0.843552,9.64244
0.255295,0.855453,9.56865
0.326706,1.01018,9.69243
0.283859,1.24583,9.80669
0.274338,1.3958,9.82335
0.229111,1.37914,9.83287
0.205307,1.27678,9.8781
0.262436,1.16014,9.75908
0.262436,1.17204,9.77574
0.22197,1.04826,9.73766
0.22435,0.941147,9.62816
0.22197,1.0197,9.73289
0.176743,1.14824,9.65672
0.164841,1.20061,9.79478
0.193405,1.20775,9.73527
0.193405,1.16728,9.74242
0.238632,1.19585,9.78764
0.271957,1.23155,9.87096
0.262436,1.18871,9.84001
0.300522,1.1649,9.83049
0.293381,1.06017,9.75194
0.314804,1.06017,9.72337
0.312424,1.16728,9.67815
0.312424,1.15538,9.74242
0.291,1.1768,9.83525
0.245773,1.19109,9.83049
0.181503,1.21251,9.86144
0.262436,1.17204,9.7805
0.231491,1.15776,9.7805
0.281479,1.16966,9.7686
0.236252,1.02208,9.74242
0.276718,1.07207,9.72099
0.271957,1.15538,9.77574
0.298141,1.20775,9.9019
0.300522,1.24821,9.82335
0.252914,1.28154,9.7924
0.262436,1.35057,9.85905
0.241013,1.2982,9.83763
0.229111,0.986374,9.68053
0.186264,1.07207,9.68529
0.176743,1.11729,9.74956
0.238632,1.19585,9.80431
0.255295,1.31487,9.88762
0.274338,1.34581,9.90904
0.248154,1.21727,9.88286
0.264816,1.19585,9.86144
0.302902,1.13634,9.83525
0.291,1.13158,9.86858
0.236252,1.12682,9.89
0.238632,1.153,9.81621
0.262436,1.09587,9.7805
0.307663,1.18633,9.7805
0.28862,1.25774,9.79002
0.181503,1.16014,9.84239
0.255295,1.13396,9.76622
0.195786,1.13396,9.77574
0.202927,1.04588,9.77098
0.243393,1.0554,9.70433
0.257675,0.974472,9.71147
0.252914,1.11015,9.88762
0.276718,1.24821,9.79716
0.202927,1.30296,9.86858
0.22197,1.28392,9.89238
0.171982,1.153,9.78288
0.219589,1.07921,9.79002
0.257675,0.955429,9.65196
0.231491,0.845932,9.66386
0.207687,0.943527,9.73289
0.107712,1.2863,9.71147
0.174362,1.16252,9.78288
0.250534,1.08159,9.78526
0.28862,1.10301,9.7924
0.302902,1.16728,9.81145
0.338608,1.13396,9.85191
0.371933,1.16728,9.89476
0.357651,1.21727,9.90428
0.369553,1.09587,9.82097
0.283859,0.974472,9.71623
0.236252,0.945908,9.70671
0.22673,0.964951,9.69957
0.271957,1.04826,9.85429
0.305283,1.20775,9.88762
0.307663,1.19823,9.92808
0.267197,1.21727,9.96855
0.212448,1.23869,9.88286
0.252914,1.17442,9.88524
0.229111,1.03398,9.73766
0.243393,0.969711,9.68053
0.200546,1.04826,9.78288
0.236252,1.04826,9.74242
0.267197,1.02446,9.77574
0.28862,1.0435,9.79716
0.219589,1.02684,9.71385
0.233871,1.02446,9.72813
0.229111,1.06731,9.67339
0.28624,1.03874,9.82573
0.233871,1.08635,9.7686
0.262436,1.07207,9.76622
0.274338,1.18633,9.79478
0.333847,1.14586,9.76146
0.28862,1.153,9.68529
0.324326,1.05064,9.68767
0.312424,1.01732,9.66624
0.336227,1.13396,9.68291
0.340988,1.16728,9.67339
0.362411,1.11729,9.71385
0.388596,1.08397,9.72575
0.360031,1.10301,9.81383
0.324326,1.11729,9.75194
0.348129,1.17204,9.76622
0.326706,1.36247,9.74956
0.279099,1.44579,9.77574
0.324326,1.53148,9.71861
0.345749,1.40532,9.75432
0.348129,1.38152,9.61388
0.326706,1.22679,9.51152
0.312424,1.23393,9.47105
0.336227,1.30058,9.53294
0.362411,1.35057,9.57341
0.28624,1.4315,9.57103
0.279099,1.5529,9.45201
0.238632,1.62431,9.44487
0.195786,1.66716,9.32109
0.131516,1.68382,9.28538
0.188644,1.6505,9.11162
0.238632,1.73381,9.15447
0.181503,1.87425,9.02116
0.181503,2.08849,8.92119
0.136276,2.29558,8.91405
0.114853,2.4146,8.86168
0.102951,2.31938,8.84978
0.129135,2.45982,8.61888
0.291,2.40746,8.68315
0.364792,2.57884,8.71172
0.602829,2.61693,8.92119
0.783737,2.63121,9.02116
0.895615,2.73833,9.06401
1.02653,2.91685,9.35442
1.9287,2.13609,11.8562
1.93346,2.16942,11.8014
1.9644,2.3289,12.1395
1.85252,2.49791,12.6417
1.73112,2.04564,12.6488
1.86919,1.37675,12.6774
1.97154,0.807846,12.6203
2.13579,0.369858,12.5322
2.0739,0.262741,12.6822
2.13103,0.415085,12.9083
2.17149,0.44603,13.0083
2.18101,0.391281,13.1463
2.10246,0.476975,13.3249
2.11674,0.334152,13.6534
2.07152,-0.153824,13.532
1.94298,-0.720352,13.2225
2.07152,-1.29164,13.2297
2.19054,-1.19405,13.313
2.00487,-0.820328,13.4272
1.72636,-0.441849,13.3844
0.47905,-2.00337,11.6348
0.386215,-1.86293,11.6919
0.367172,-1.58443,11.7324
0.429062,-1.57729,11.5372
0.176743,-2.04146,11.0826
0.0101166,-2.63417,10.3804
-0.0803375,-3.08882,9.86144
-0.28981,-3.34828,9.43535
-0.439774,-3.47682,9.17827
-0.499283,-3.39827,8.92357
-2.0489,-1.38686,6.36467
-2.19173,-1.02266,6.24803
-2.425,-0.989334,6.20519
-2.52974,-0.879837,6.04332
-2.58925,-0.856033,5.5601
-2.73683,-0.739395,5.51488
-2.95345,-0.429947,5.59343
-2.99391,-0.0824127,5.66246
-3.00343,0.143723,5.68864
-2.92964,0.324631,5.76958
-2.70827,0.505539,5.74815
-2.68208,0.555527,5.68388
-2.76064,0.667404,5.57439
-2.89394,0.774521,5.50298
-3.02962,0.945908,5.49583
-3.07484,1.16252,5.52678
-3.0558,1.21251,5.41014
-3.17958,1.1768,5.43633
-3.16054,1.153,5.43394
-3.26527,1.2506,5.34349
-3.16768,1.59337,5.41966
-2.94392,1.69572,5.50536
-2.82729,1.63622,5.48631
-2.79158,1.85759,5.82671
-2.77254,2.15038,6.11235
-2.90584,2.28368,6.19566
-3.12721,2.33604,6.19804
-3.0677,2.25511,6.24565
-2.97963,2.08134,6.25517
-2.85347,1.99565,6.40038
-2.2798,2.23369,6.77171
-1.86562,2.6693,7.15257
-1.46571,3.24297,7.56676
-1.24434,3.28581,7.71672
-1.39906,3.08348,7.79765
-1.6609,2.79308,7.85716
-1.62996,2.52885,8.06187
-1.38002,2.49077,8.41655
-1.09438,2.64311,8.84978
-0.782547,2.91924,9.07353
-0.789688,3.13347,9.17589
-0.99678,3.24535,8.94737
-1.32289,3.1049,8.86644
-1.69899,2.98112,8.75694
-1.77278,2.9597,9.09019
-1.62044,2.94542,9.86144
-1.39906,2.8502,10.5018
-1.19435,2.67882,10.6993
-1.07295,1.929,11.9728
-0.918228,1.74333,12.0204
-0.965836,1.11729,11.8038
-0.972977,0.503159,11.6872
-0.844437,0.343674,11.7586
-0.563553,0.303207,12.0038
-0.401688,0.595993,12.218
-0.304092,0.945908,12.3632
-0.261246,1.14586,12.4751
-0.239822,0.788803,12.5584
0.312424,-0.389481,10.5613
0.41716,-0.713211,10.6184
0.421921,-1.1274,10.5541
0.333847,-1.1869,10.4446
0.279099,-1.24641,10.5946
0.262436,-1.28688,10.6993
0.267197,-1.14168,10.7517
0.238632,-0.925064,10.6874
0.136276,-0.756058,10.5755
0.188644,-0.787003,10.6279
0.210068,-0.851273,10.6589
0.181503,-1.02266,10.597
0.0934296,-1.22261,10.5684
0.117233,-1.32021,10.4637
0.241013,-1.31544,10.5303
0.283859,-1.48445,10.4708
0.274338,-1.49635,10.2233
0.345749,-1.3821,10.2542
0.324326,-1.20357,10.2994
0.241013,-1.17024,10.3208
-0.044632,-0.8965,9.75908
0.0315399,-0.927444,9.74242
0.0839081,-1.0298,9.7686
0.121994,-1.04408,9.63768
0.112473,-0.984573,9.65672
0.0410614,-0.998856,9.61388
-0.0160675,-0.903641,9.60435
0.0505829,-0.856033,9.78526
0.076767,-0.665604,9.84239
0.107712,-0.479935,10.0257
0.291,0.00566101,10.0138
0.255295,-0.187149,9.90428
0.167221,-0.349014,9.88286
0.152939,-0.458511,9.92808
0.231491,-0.51088,9.80907
0.238632,-0.360916,9.91618
0.271957,-0.201431,9.93285
0.343369,-0.13002,9.97807
0.395737,-0.103836,10.009
0.319565,-0.110977,9.89
0.238632,-0.168106,9.9019
0.252914,-0.182388,9.94951
0.28624,-0.215714,9.98521
0.307663,-0.196671,9.93285
0.274338,-0.0657501,9.94713
0.329086,-0.0324249,10.0162
0.317184,0.115158,10.0804
0.329086,0.00566101,9.99235
0.374313,-0.0943146,9.97093
0.381454,-0.134781,9.90666
0.300522,-0.187149,9.88048
0.326706,-0.115738,9.89
0.360031,-0.13002,9.89952
0.329086,-0.144302,9.86382
0.281479,-0.0728912,9.7686
0.28862,-0.0538483,9.73766
0.236252,-0.0490875,9.63054
0.176743,-0.0157623,9.66386
0.217209,0.0318451,9.74718
0.283859,-0.077652,9.9019
0.126755,-0.0990753,9.93523
0.193405,-0.144302,9.93523
0.16008,-0.141922,10.0352
0.179123,-0.251419,9.99712
0.150558,-0.275223,9.99474
0.186264,-0.151443,10.0352
0.252914,-0.108597,10.1042
0.300522,-0.0657501,9.97807
0.305283,-0.108597,9.9995
0.321945,-0.0847931,10.1019
0.198166,-0.0800324,10.0257
0.181503,-0.077652,9.98521
0.22435,-0.106216,9.99235
0.267197,-0.0990753,9.97807
0.279099,-0.118118,9.99474
0.314804,-0.229996,9.93999
0.262436,-0.199051,9.83049
0.214828,-0.184769,9.80431
0.16008,-0.201431,9.7924
0.16008,-0.215714,9.77336
0.152939,-0.0300446,9.70195
0.167221,-0.0252838,9.84239
0.207687,-0.0467072,9.96379
0.250534,-0.0657501,9.93285
0.279099,-0.0919342,9.89714
0.238632,-0.137161,9.90428
0.236252,-0.189529,9.91856
0.231491,-0.241898,9.79002
0.16008,-0.225235,9.73527
0.188644,-0.153824,9.86382
0.274338,-0.134781,10.0804
0.233871,-0.151443,9.97807
0.181503,-0.187149,9.85905
0.183884,-0.275223,9.80193
0.16246,-0.246658,9.84715
0.200546,-0.206192,9.90904
0.214828,-0.0752716,9.98997
0.191025,0.000900269,9.94237
0.241013,0.0104218,10.0447
0.262436,-0.013382,9.98521
0.238632,-0.0800324,9.97331
0.174362,-0.182388,9.88048
0.143417,-0.184769,9.88048
0.167221,-0.213333,9.89238
0.16008,-0.251419,9.80431
0.169601,-0.156204,9.86144
0.214828,-0.0990753,9.96617
0.148178,-0.0110016,10.0304
0.133896,-0.0705109,9.96379
0.148178,-0.12764,9.87572
0.214828,-0.0538483,9.92571
0.0553436,-0.158585,9.82097
0.0981903,-0.241898,9.91856
0.129135,-0.287125,9.75432
0.124374,-0.253799,9.78764
0.057724,-0.220474,9.89952
0.0981903,-0.0871735,9.98283
0.117233,0.0104218,9.91618
0.0743866,-0.0014801,9.90904
0.152939,-0.0681305,9.90666
0.231491,-0.265701,9.94237
0.243393,-0.215714,9.96379
0.267197,-0.163345,10.0471
0.264816,-0.0705109,10.1161
0.283859,-0.0705109,10.0757
0.238632,-0.0990753,10.0114
0.22435,-0.184769,9.93761
0.181503,-0.196671,9.95189
0.155319,-0.165726,9.9138
0.133896,-0.156204,9.9138
0.167221,-0.168106,9.8781
0.148178,-0.0847931,9.9138
0.0934296,-0.132401,9.93047
0.152939,-0.244278,9.87572
0.183884,-0.227615,9.90904
0.22197,-0.187149,9.89952
0.202927,-0.260941,9.89952
0.210068,-0.139542,9.92094
0.205307,-0.146683,9.89714
0.245773,-0.0324249,9.92571
0.133896,0.0604095,9.96617
0.164841,0.0532684,9.87572
0.176743,-0.0276642,9.92333
0.183884,-0.239517,9.83287
0.207687,-0.334732,9.74004
0.138657,-0.329971,9.75432
0.0981903,-0.263321,9.86858
0.16246,-0.196671,9.84477
0.133896,-0.149063,9.80907
0.102951,-0.0681305,9.84239
0.16008,-0.00624084,9.93999
0.119614,-0.0895538,9.96141
0.174362,-0.0895538,9.94951
0.143417,-0.110977,9.91856
0.0958099,-0.115738,9.93285
0.076767,-0.146683,9.92571
0.057724,-0.0443268,9.88286
0.121994,-0.125259,9.9019
0.171982,-0.122879,9.87572
0.198166,-0.0871735,9.90428
0.186264,-0.263321,9.81859
0.202927,-0.249039,9.88048
0.229111,-0.149063,9.91142
0.231491,-0.153824,9.83287
0.16008,-0.201431,9.82811
0.0839081,-0.206192,9.77812
0.0958099,-0.196671,9.7924
0.181503,-0.122879,9.96855
0.150558,0.0199432,9.97807
0.150558,0.0199432,9.94713
0.171982,0.0318451,9.96379
0.1577,-0.0276642,9.92333
0.207687,-0.125259,9.86858
0.16008,-0.19191,9.86144
0.150558,-0.180008,9.9019
0.126755,-0.0490875,9.94475
0.16008,-0.0276642,9.99474
0.210068,-0.0514679,10.0233
0.171982,-0.0324249,10.0209
0.164841,-0.0205231,9.97093
0.214828,-0.058609,10.0995
0.22197,-0.13002,10.0423
0.229111,-0.175247,10.0114
0.257675,-0.0657501,10.0019
0.210068,-0.0300446,10.0804
0.16008,0.105637,9.98521
0.110092,0.0389862,9.93047
0.176743,-0.039566,9.85667
0.269577,-0.110977,9.88048
0.35051,-0.096695,9.92571
0.307663,-0.0728912,9.9019
0.331467,0.000900269,9.88524
0.319565,-0.00386047,9.91142
0.295761,0.0128021,9.88286
0.22435,0.0532684,9.85667
0.255295,0.0865936,9.85429
0.212448,0.134201,9.81859
0.207687,0.119919,9.81859
0.210068,0.12706,9.80193
0.193405,0.0627899,9.75908
0.16008,0.0913544,9.78764
0.271957,0.134201,9.91142
0.241013,0.0842133,9.92094
0.200546,0.0556488,9.83763
0.174362,0.0128021,9.74956
0.210068,-0.0467072,9.68291
0.110092,-0.00862122,9.73527
0.0720062,-0.013382,9.72099
-0.0565338,0.000900269,9.73527
0.0124969,0.212753,10.2471
0.00535583,0.267502,10.3542
0.0243988,0.174667,10.3494
-0.0612946,0.167526,10.3232
-0.135086,0.143723,10.1899
-0.144608,-0.0014801,10.2423
-0.0922394,0.00566101,10.2542
-0.0113068,0.181808,10.2637
-0.0303497,0.267502,10.3018
-0.0565338,0.25322,10.378
-0.534988,0.6436,10.4756
-0.413589,0.993515,10.2161
-0.192215,1.36961,10.3137
-0.325516,1.60051,10.4303
-0.292191,1.8933,9.91618
0.057724,2.0742,9.72337
0.243393,2.09563,9.58293
0.517136,2.91447,9.00688
0.588547,3.68571,9.15208
0.633774,4.58073,9.09734
0.552841,4.93065,9.07591
0.517136,5.04253,8.34752
0.769455,4.80449,7.84288
0.909897,4.89018,7.45964
1.17412,5.54955,7.22874
1.26457,6.26842,6.81694
1.09081,6.56596,6.4099
0.862289,6.41838,6.13139
0.8004,6.37791,5.56248
0.857529,6.3922,4.87932
0.921799,6.9016,4.47466
1.04558,7.48717,4.39134
1.03368,8.04655,4.42943
0.962265,7.94182,4.14378
0.695663,7.67284,3.51775
0.54808,7.4586,2.91789
0.617111,7.27531,2.40373
0.552841,7.61809,2.03716
0.586166,7.90849,1.82768
0.638535,7.61571,1.74675
1.91203,9.14152,0.716049
1.78349,9.21056,0.920761
1.70018,9.53667,0.982651
1.87157,9.56285,0.937424
1.96202,9.53905,0.996933
2.05247,9.6057,0.7827
2.08104,9.81041,0.818405
2.09532,10.1794,0.746994
2.0739,10.3198,0.642258
2.02629,10.327,0.449448
2.03819,10.2984,0.627975
2.05486,10.2008,0.644638
2.02391,10.1484,0.439926
1.84538,10.0175,0.380417
1.64781,9.67235,0.239975
1.63353,9.76994,0.251877
1.7097,9.84135,0.416122
1.81682,10.1199,0.532761
1.82872,10.4555,0.635117
1.8192,10.7102,0.775559
1.51927,10.0008,4.44609
1.50975,10.5578,5.25066
1.31932,10.7316,5.96715
1.47643,10.3079,6.25993
1.74779,9.45573,6.33373
1.94298,8.22508,5.95048
2.30241,5.76616,5.45299
1.93822,4.39269,5.67912
1.56926,4.27129,5.46727
1.5407,3.7476,6.17424
1.674,4.09276,6.80266
1.45738,4.12608,7.36681
1.24315,4.53789,7.50011
1.09319,4.27129,7.69768
0.86467,3.50719,7.22398
0.550461,1.92186,7.58342
0.112473,1.14586,7.46202
0.529038,-0.0824127,7.07402
0.893234,-0.875076,7.39537
1.25029,0.0366058,7.88811
-0.335037,-0.301407,9.36632
-0.470718,-0.227615,9.48058
-0.430252,-0.0514679,9.74956
-0.116043,0.0508881,10.1614
0.131516,0.00328064,10.3494
0.250534,-0.0990753,10.3613
0.186264,-0.418045,10.259
0.0553436,-1.02028,9.83049
-0.0684357,-1.51778,9.59721
-0.168411,-1.63679,9.78526
0.112473,-1.03932,10.1661
0.191025,-0.598953,10.4708
0.298141,-0.539444,10.4732
0.241013,-0.663223,10.3923
0.129135,-0.841751,10.1114
0.217209,-1.38686,9.8662
0.274338,-1.42018,10.04
0.455246,-1.19881,10.1518
0.486191,-1.25594,10.0804
0.495712,-1.18929,10.0114
0.238632,-0.975052,9.66863
0.217209,-0.932205,9.6234
0.217209,-0.975052,9.7448
0.233871,-0.89888,9.71147
0.22435,-0.96553,9.671
0.195786,-1.006,9.75432
0.22673,-1.07503,9.70433
0.307663,-1.03456,9.71385
0.241013,-1.08455,9.82335
0.283859,-1.12978,9.76622
0.645676,-1.25832,9.92808
0.67186,-1.25356,9.9876
0.645676,-1.21309,9.99712
0.648056,-1.23451,9.96379
0.638535,-1.17262,9.97331
0.590927,-1.19643,9.95903
0.488571,-1.14168,9.93523
0.514755,-1.11073,9.99474
0.488571,-1.04408,10.0995
0.567123,-1.08931,9.99474
0.80278,-0.913162,10.1566
0.838486,-0.956009,10.0542
0.726608,-1.03694,9.97093
0.617111,-0.989334,10.0447
0.659958,-1.07503,9.95427
0.698044,-1.07027,9.95427
0.726608,-1.01552,9.84239
0.705185,-0.970291,9.77812
0.652817,-0.939346,9.79716
0.636154,-0.925064,9.71147
0.562363,-1.04646,9.53056
0.614731,-0.917923,9.68767
0.60997,-0.813187,9.76622
0.576645,-0.777481,9.82097
0.488571,-0.713211,9.95427
0.509995,-0.787003,9.86858
0.490952,-0.865555,9.85191
0.498093,-0.915543,9.83525
0.557602,-1.00124,9.7924
0.600449,-1.06789,9.83525
0.640915,-1.04884,9.81621
0.629013,-0.951248,9.85429
0.631393,-0.815567,9.94713
0.617111,-0.791763,9.9995
0.60997,-0.853653,9.9876
0.657578,-0.777481,9.98283
0.752792,-0.775101,10.04
0.726608,-0.858414,10.1328
0.776596,-0.872696,10.0233
0.771835,-0.841751,10.0138
0.626633,-0.798904,9.92333
0.574264,-0.789383,9.89
0.519516,-0.856033,9.80907
0.509995,-0.910782,9.72337
0.512375,-1.00124,9.7567
0.526657,-0.913162,9.85667
0.590927,-0.920303,9.87096
0.650436,-0.827469,9.96617
0.659958,-0.732254,9.98997
0.698044,-0.734634,9.90904
0.538559,-0.863174,9.93285
0.519516,-0.941727,9.89
0.467148,-0.984573,9.76146
0.450485,-0.996475,9.71623
0.440964,-0.870316,9.74956
0.517136,-0.827469,9.82097
0.526657,-0.77034,9.89238
0.490952,-0.758438,9.90904
0.493332,-0.860794,9.83287
0.474289,-0.958389,9.84001
0.626633,-1.06551,9.96617
0.662338,-0.998856,9.92808
0.693283,-0.903641,9.89
0.659958,-0.851273,9.80669
0.576645,-0.917923,9.72813
0.517136,-1.03456,9.75908
0.564743,-1.07741,9.79478
0.629013,-1.08217,9.79716
0.600449,-0.958389,9.77812
0.621872,-0.794144,9.91856
0.60997,-0.777481,9.88048
0.593307,-0.765579,9.97093
0.593307,-0.90126,9.9019
0.60759,-0.986954,9.81621
0.588547,-1.01552,9.84953
0.60759,-0.877457,9.92094
0.61235,-0.827469,9.87334
0.54808,-0.820328,9.9019
0.54808,-0.83699,9.86858
0.562363,-0.825089,9.95427
0.569504,-0.825089,9.88524
0.559982,-0.853653,9.8662
0.521896,-0.936966,9.78526
0.457626,-1.04646,9.82811
0.474289,-0.998856,9.77574
0.526657,-1.05598,9.67339
0.47905,-1.07027,9.81859
0.5457,-0.989334,9.91618
0.581406,-0.929825,9.99235
0.590927,-0.872696,9.98997
0.552841,-0.894119,9.96141
0.519516,-0.841751,9.97569
0.521896,-0.829849,10.0638
0.48143,-0.829849,9.98521
0.455246,-0.808426,9.99474
0.467148,-0.77034,9.92094
0.500473,-0.779861,9.91856
0.488571,-0.882217,9.88048
0.500473,-0.939346,9.94951
0.583786,-0.910782,9.88286
0.490952,-1.00124,9.9138
0.531418,-0.944107,9.85429
0.540939,-0.994095,9.79955
0.524277,-0.913162,9.84715
0.445725,-0.96077,9.78526
0.438583,-0.967911,9.79716
0.348129,-1.0298,9.75194
0.345749,-1.03694,9.9138
0.41478,-1.06551,9.88762
0.574264,-0.977432,9.95665
0.588547,-0.908401,10.0281
0.60997,-0.844131,10.0376
0.605209,-0.865555,9.94951
0.48143,-1.03694,9.86382
0.48143,-1.05122,9.79955
0.486191,-1.10121,9.84001
0.445725,-1.03218,9.83287
0.524277,-1.02742,9.90904
0.519516,-0.920303,9.87572
0.471909,-0.882217,9.84239
0.493332,-0.848892,9.83049
0.450485,-0.879837,9.89714
0.440964,-0.927444,9.95665
0.502853,-1.006,9.88762
0.471909,-1.00362,9.75908
0.445725,-0.927444,9.77574
0.462387,-0.917923,9.71861
0.369553,-0.970291,9.75432
0.35527,-0.920303,9.71147
0.35289,-0.977432,9.75908
0.431442,-0.941727,9.7686
0.486191,-0.96553,9.91142
0.626633,-0.941727,9.95665
0.631393,-0.860794,9.95665
0.61235,-0.817947,10.0376
0.5457,-0.817947,10.0257
0.540939,-0.936966,9.93285
0.457626,-1.00362,9.86382
0.405258,-1.01552,9.78526
0.424301,-1.04646,9.89238
0.448105,-0.796524,9.99235
0.529038,-0.794144,9.92571
0.48381,-0.777481,9.92333
0.41954,-0.810806,9.84953
0.405258,-0.863174,9.92094
0.433823,-0.913162,9.90666
0.486191,-0.932205,9.86144
0.445725,-0.96077,9.88762
0.500473,-0.998856,9.83763
0.514755,-1.00124,9.7567
0.569504,-0.958389,9.84953
0.533798,-0.944107,9.89952
0.514755,-0.884598,9.86858
0.457626,-0.872696,9.87096
0.486191,-0.958389,9.95189
0.505234,-0.917923,9.94713
0.519516,-0.8965,9.94713
0.512375,-0.891739,9.92094
0.48143,-0.941727,9.83525
0.531418,-0.89888,9.8781
0.488571,-0.886978,9.84477
0.436203,-0.89888,9.88286
0.431442,-0.903641,9.9019
0.381454,-0.951248,9.78526
0.371933,-0.89888,9.91618
0.41716,-0.858414,9.98997
0.438583,-0.756058,10.0447
0.467148,-0.796524,10.0495
0.498093,-0.806046,10.0066
0.533798,-0.846512,9.9995
0.429062,-1.06551,9.74242
0.395737,-1.02504,9.72813
0.41954,-0.972672,9.7805
0.381454,-0.813187,9.93285
0.398117,-0.760818,9.93047
0.457626,-0.746536,9.97093
0.424301,-0.808426,9.92808
0.486191,-0.886978,9.93761
0.457626,-0.936966,9.87334
0.474289,-1.03694,9.78764
0.412399,-0.917923,9.86144
0.488571,-1.01076,9.89238
0.519516,-0.989334,9.91142
0.526657,-0.889359,9.93285
0.514755,-0.737015,9.97569
0.405258,-0.646561,10.0209
0.443344,-0.679886,9.93047
0.438583,-0.710831,9.9138
0.493332,-0.83461,9.90428
0.467148,-0.839371,9.90904
0.495712,-0.851273,9.7686
0.452866,-0.756058,9.76622
0.495712,-0.710831,9.91856
0.588547,-0.867935,9.89
0.648056,-0.803665,9.96855
0.67662,-0.882217,9.89238
0.633774,-0.910782,9.89476
0.593307,-0.865555,9.83763
0.559982,-0.789383,9.85905
0.493332,-0.660843,9.88286
0.436203,-0.660843,9.8662
0.47905,-0.663223,9.91618
0.462387,-0.629898,9.87572
0.47905,-0.70369,9.94713
0.524277,-0.758438,9.92094
0.507614,-0.777481,9.79002
0.467148,-0.765579,9.81145
0.393356,-0.782242,9.85191
0.374313,-0.765579,9.8662
0.35051,-0.794144,9.82335
0.35289,-0.70845,9.90428
0.395737,-0.696548,9.92333
0.433823,-0.775101,9.86144
0.448105,-0.877457,9.85191
0.424301,-0.979813,9.74718
0.386215,-0.951248,9.71385
0.281479,-0.8965,9.77336
0.305283,-0.860794,9.87096
0.326706,-0.744156,9.96379
0.410019,-0.634659,10.0519
0.450485,-0.701309,10.0185
0.438583,-0.858414,9.89476
0.41478,-1.0298,9.90666
0.398117,-1.06789,9.82811
0.433823,-0.970291,9.83763
0.41954,-0.917923,9.93047
0.431442,-0.787003,10.0352
0.436203,-0.748917,10.0661
0.436203,-0.763199,10.0043
0.412399,-0.867935,9.89476
0.307663,-0.946487,9.80193
0.345749,-0.951248,9.81383
0.452866,-0.956009,9.82097
0.402878,-0.827469,9.89476
0.464767,-0.775101,9.80431
0.333847,-0.701309,9.97569
0.28862,-0.663223,10.0804
0.271957,-0.727493,10.0043
0.28862,-0.751297,9.88762
0.274338,-0.765579,9.87096
0.193405,-0.820328,9.9995
0.191025,-0.801285,10.0162
0.207687,-0.594193,10.0733
0.302902,-0.596573,10.1257
0.233871,-0.665604,10.128
0.214828,-0.727493,10.2113
0.124374,-0.648941,10.0923
0.0981903,-1.01314,10.1042
0.0624847,-1.09169,9.92333
0.0220184,-1.23451,9.92333
-0.0970001,-1.50587,9.53532
-0.242203,-1.74153,9.24968
-0.106522,-2.09383,8.91643
0.210068,-1.43684,9.18303
0.550461,-0.64418,9.15208
0.759934,0.31987,9.81621
0.778976,1.49815,9.76146
0.695663,2.2075,9.87572
0.728989,2.86687,9.27586
0.667099,3.01445,8.8474
1.49547,7.12059,4.69365
1.47881,7.09203,4.15807
1.25029,7.57286,3.75102
1.04082,7.98705,3.40349
0.843246,8.4536,3.07738
0.809921,8.55357,2.66795
0.73851,8.47502,2.29185
0.705185,8.43694,1.86577
0.728989,8.58928,1.84435
0.852768,8.5869,1.8134
0.981308,8.2346,1.56822
1.12413,8.25127,1.27068
1.3336,8.12511,1.12547
1.40977,8.4536,0.854111
1.51689,8.54405,0.611313
1.70732,8.69402,0.492294
1.79301,9.03917,0.428024
1.79301,9.13677,0.27092
1.67638,9.16533,0.0590668
1.64305,9.3867,0.0305023
1.64781,9.78185,-0.0432892
1.7097,9.77232,0.0519257
1.7216,9.74852,0.0233612
1.75493,9.46049,-0.0837555
1.77397,9.07725,-0.1147
1.75969,9.28911,-0.259903
1.82396,9.27721,-0.317032
1.80016,9.45335,-0.707413
1.88823,9.68901,-0.388443
2.062,9.75566,-0.386063
2.29527,9.69377,-0.271805
2.35954,9.63188,-0.0789948
2.41429,9.68901,-0.159927
2.3524,9.67473,-0.264664
2.32146,9.41527,-0.397964
2.32146,9.39146,-0.516983
2.24052,9.58427,-0.49794
2.29289,9.68425,-0.595535
2.28099,9.76994,-0.426529
2.31432,9.95085,-0.188492
2.40953,9.98418,-0.131363
2.4381,9.85088,-0.340836
2.42381,9.81755,-0.359879
2.38335,9.89372,-0.202774
2.3405,9.94133,-0.162308
2.39049,10.1056,0.00431824
2.46666,10.415,0.347092
2.45952,10.6269,0.551804
2.50237,10.8006,0.930283
2.64281,10.8935,1.17784
1.85966,9.04631,3.16069
1.66447,9.33196,3.82719
1.45976,9.7509,4.27946
1.37883,9.94133,4.52226
1.31456,9.56285,4.83171
1.37169,9.2296,4.97453
1.35265,9.13438,5.1245
1.40739,8.62499,5.27922
1.44786,7.85851,5.09593
1.49547,6.35411,5.6577
1.05272,6.04942,6.10759
1.45976,5.69475,6.49083
1.24791,5.3972,6.72173
1.35979,4.41411,6.71458
1.43834,2.95494,6.53606
1.09795,2.61455,6.13377
0.719467,1.7838,6.30516
0.41954,0.941147,6.58366
0.41478,-0.356155,6.26469
0.398117,-2.34377,6.68126
-0.0874786,-1.33687,9.69719
0.0220184,-1.48683,10.0162
0.360031,-1.44399,10.259
0.617111,-1.37019,10.2899
0.657578,-1.16548,10.3566
0.517136,-1.08455,10.3542
0.424301,-0.903641,10.378
0.367172,-0.856033,10.4589
0.552841,-0.806046,10.6113
0.664719,-0.882217,10.6874
0.809921,-1.05122,10.5232
0.843246,-1.2845,10.2899
0.636154,-1.4059,10.0876
0.5457,-1.6963,9.95665
0.424301,-1.9153,9.87572
0.386215,-1.68916,9.86144
0.488571,-1.31068,10.1971
0.579025,-0.853653,10.5184
0.807541,-0.715591,10.6184
0.874191,-0.848892,10.4589
0.340988,-1.31068,9.92571
0.317184,-1.40114,9.79002
0.362411,-1.41066,9.81383
0.41478,-1.43208,9.87334
0.438583,-1.36067,9.88286
0.460007,-1.15358,9.93523
0.431442,-0.96315,10.0757
0.421921,-0.913162,10.0471
0.388596,-0.929825,9.96855
0.348129,-0.986954,9.92808
0.340988,-1.02028,9.79716
0.271957,-1.15834,9.75194
0.271957,-1.28212,9.75432
0.295761,-1.33449,9.81621
0.35527,-1.22975,9.8662
0.398117,-1.16072,9.77574
0.369553,-1.15596,9.69243
0.245773,-1.23451,9.60435
0.112473,-1.2845,9.59959
0.0624847,-1.28688,9.71147
0.348129,-1.45827,9.67577
0.410019,-1.41542,9.71623
0.505234,-1.40114,9.81859
0.533798,-1.3083,9.79716
0.471909,-1.22975,9.79716
0.393356,-1.14168,9.84239
0.388596,-1.17976,9.95189
0.529038,-1.27022,9.99235
0.569504,-1.20833,9.97093
0.593307,-1.11311,9.97569
0.490952,-1.03456,9.88048
0.460007,-1.11549,9.95665
0.362411,-1.16548,9.90666
0.445725,-1.24165,9.89952
0.474289,-1.16548,9.91618
0.448105,-1.09883,9.88048
0.400497,-1.0417,9.93999
0.400497,-1.03694,9.88048
0.329086,-1.0179,9.91856
0.257675,-0.939346,9.87572
0.460007,-1.04646,9.81621
0.500473,-1.14406,9.80193
0.621872,-1.10835,9.84953
0.683762,-1.08693,9.86382
0.67424,-1.11787,9.83763
0.605209,-1.03694,9.84239
0.412399,-0.984573,9.87572
0.302902,-0.922684,9.87096
0.214828,-0.848892,9.96617
0.260056,-0.913162,9.93523
0.35289,-0.908401,10.0281
0.426682,-0.920303,9.95427
0.436203,-0.953629,9.95665
0.374313,-0.996475,9.95665
0.338608,-0.929825,9.99474
0.250534,-0.798904,10.0304
0.305283,-0.810806,10.0066
0.407639,-0.853653,9.96855
0.571884,-0.860794,10.009
0.643295,-0.886978,9.97331
0.502853,-0.865555,10.0209
0.531418,-0.879837,10.0638
0.529038,-0.817947,10.1304
0.621872,-0.856033,10.1971
0.602829,-0.844131,10.04
0.552841,-0.936966,9.96141
0.581406,-0.956009,9.89238
0.650436,-0.986954,9.87096
0.681381,-0.8965,9.82335
0.60759,-0.936966,9.71623
0.557602,-1.02266,9.70433
0.5457,-1.08455,9.66624
0.586166,-1.17738,9.58531
0.60759,-1.15358,9.61388
0.550461,-1.07027,9.56627
0.571884,-1.12502,9.53056
0.557602,-1.1512,9.46391
0.640915,-1.16786,9.43059
0.626633,-1.22499,9.29015
0.562363,-1.24641,9.38536
0.602829,-1.15834,9.37584
0.643295,-1.06075,9.37346
0.645676,-0.894119,9.502
0.588547,-0.725113,9.52342
0.681381,-0.77034,9.56627
0.707565,-0.760818,9.59721
0.826584,-0.77272,9.57341
0.786118,-0.760818,9.6234
0.774216,-0.677505,9.71623
0.795639,-0.725113,9.77336
0.921799,-0.956009,10.2066
0.943222,-1.03932,10.1685
0.924179,-0.886978,10.2209
0.828964,-0.665604,10.2161
0.871811,-0.532303,10.3708
0.874191,-0.456131,10.3042
0.874191,-0.587051,10.2828
0.836105,-0.64418,9.98997
0.771835,-0.83699,9.92333
0.838486,-1.00838,9.87096
0.862289,-0.967911,9.82335
0.869431,-0.867935,9.84715
0.895615,-0.729874,9.81383
0.795639,-0.606094,9.70195
0.719467,-0.737015,9.671
0.778976,-0.763199,9.64958
0.740891,-0.867935,9.55199
0.67662,-1.10359,9.46629
0.667099,-1.12978,9.42345
0.719467,-1.03932,9.46629
0.8004,-0.994095,9.5139
0.781357,-0.939346,9.49724
0.848007,-0.913162,9.61388
0.905136,-0.948868,9.65196
0.936081,-1.13216,9.6591
1.10509,-1.18929,9.69243
1.17412,-1.15834,9.82097
1.15508,-1.0179,9.78764
1.13127,-0.841751,9.77336
1.09795,-0.756058,9.83525
1.0551,-0.63942,9.93047
0.997971,-0.634659,9.93999
0.862289,-0.698929,9.86382
0.812302,-0.751297,9.81621
0.843246,-0.725113,9.73766
0.893234,-0.637039,9.72099
0.945602,-0.587051,9.77812
0.997971,-0.529922,9.81621
0.888474,-0.432327,9.97331
0.824203,-0.477554,10.0495
0.869431,-0.558487,10.0947
0.883713,-0.506119,10.09
0.926559,-0.463272,10.1352
0.947983,-0.408524,10.2494
1.04082,-0.472794,10.2923
1.08366,-0.44899,10.2923
1.14079,-0.429947,10.178
1.0432,-0.413284,10.1471
0.828964,-0.558487,10.1114
0.876572,-0.751297,9.99235
1.05986,-0.365677,9.74718
1.03844,-0.439468,9.66148
1.00987,-0.537064,9.59721
0.983688,-0.537064,9.44011
0.924179,-0.472794,9.56151
0.971786,-0.51326,9.64006
0.959885,-0.508499,9.55199
0.917038,-0.358536,9.64958
0.943222,-0.38472,9.63768
0.943222,-0.484695,9.69005
0.986069,-0.491837,9.62578
0.907516,-0.529922,9.59245
0.919418,-0.51564,9.60435
0.945602,-0.472794,9.77336
1.00511,-0.265701,9.93999
1.0551,-0.189529,10.0138
1.09081,-0.265701,10.0447
1.09081,-0.396622,10.0423
1.0313,-0.487076,9.92571
1.00035,-0.589432,9.91142
0.978928,-0.589432,9.79955
0.986069,-0.57515,9.88524
1.03606,-0.51326,9.93523
1.02892,-0.413284,9.92571
1.03368,-0.349014,9.93047
0.936081,-0.329971,9.93285
0.945602,-0.479935,9.80669
0.828964,-0.632278,9.76384
0.828964,-0.675125,9.7805
0.957504,-0.779861,9.77336
0.952744,-0.70845,9.73052
1.03844,-0.629898,9.86382
1.02892,-0.544205,9.92094
1.01225,-0.489456,9.82811
0.950363,-0.496597,9.74718
0.933701,-0.494217,9.7567
0.955124,-0.57515,9.81621
1.02653,-0.589432,9.69957
1.01701,-0.427567,9.69957
0.978928,-0.460892,9.75432
1.12175,-0.310928,10.1899
1.11223,-0.229996,10.1994
1.01939,-0.208572,10.1233
0.997971,-0.346634,10.0757
0.986069,-0.613236,9.98045
1.00273,-0.625137,9.90904
1.04558,-0.672745,9.90904
1.02177,-0.587051,9.94237
1.03606,-0.541824,10.0304
1.04558,-0.470413,9.98521
1.03606,-0.441849,10.0304
0.99321,-0.498978,9.9995
0.936081,-0.57753,9.89
0.952744,-0.558487,9.7686
0.938461,-0.582291,9.73766
0.921799,-0.482315,9.71385
0.897995,-0.375198,9.78526
0.862289,-0.341873,9.84953
0.8004,-0.365677,9.70671
0.743271,-0.375198,9.72813
0.981308,-0.617996,9.83049
1.00035,-0.57515,9.86144
1.04796,-0.453751,9.90904
0.981308,-0.344254,9.94237
0.909897,-0.353775,9.94475
0.902756,-0.334732,9.86144
0.838486,-0.458511,9.80907
0.824203,-0.51326,9.75432
0.862289,-0.563248,9.73052
0.852768,-0.556107,9.76622
0.869431,-0.498978,9.7567
0.783737,-0.439468,9.79716
0.80278,-0.327591,9.80431
0.776596,-0.337112,9.80907
0.821823,-0.332352,9.88524
0.919418,-0.418045,9.76622
0.874191,-0.603714,9.69719
0.871811,-0.729874,9.78288
0.897995,-0.782242,9.7567
0.950363,-0.64418,9.84715
0.964645,-0.415665,9.86382
0.917038,-0.379959,9.91142
0.952744,-0.353775,9.96141
1.01701,-0.394241,9.87096
1.067,-0.382339,9.91142
1.05272,-0.396622,9.83525
1.01939,-0.444229,9.75908
0.967026,-0.372818,9.79478
0.933701,-0.399002,9.82573
0.99559,-0.525162,9.77574
1.01701,-0.444229,9.74718
0.981308,-0.470413,9.83763
1.05986,-0.427567,9.80431
1.06938,-0.446609,9.84477
1.0789,-0.456131,9.84477
1.05272,-0.51564,9.84477
1.05748,-0.477554,9.77812
1.05272,-0.472794,9.79716
1.05034,-0.429947,9.82097
1.05034,-0.444229,9.76384
0.988449,-0.584671,9.87572
0.969406,-0.525162,9.89952
0.947983,-0.382339,9.86858
0.919418,-0.344254,9.91142
0.897995,-0.287125,9.87096
0.86705,-0.308548,9.86382
0.859909,-0.460892,9.82335
0.859909,-0.484695,9.80669
0.886093,-0.472794,9.80907
0.974167,-0.410904,9.88048
1.02177,-0.332352,9.95903
1.05034,-0.265701,9.93999
1.03844,-0.422806,9.87334
1.00987,-0.429947,9.80193
0.976547,-0.491837,9.84477
0.957504,-0.508499,9.82573
0.990829,-0.667984,9.74004
0.969406,-0.658462,9.71623
0.917038,-0.570389,9.7686
0.914658,-0.446609,9.85905
