0.143417,0.353195,9.7686
0.148178,0.407944,9.8662
0.205307,0.355576,9.8662
0.193405,0.367477,9.90904
0.138657,0.391281,9.85905
0.150558,0.32225,9.85667
0.110092,0.362717,9.91856
0.107712,0.417465,9.8662
0.171982,0.422226,9.84953
0.145798,0.438889,9.8781
0.117233,0.419846,9.80669
0.0958099,0.365097,9.78288
0.145798,0.346054,9.80907
0.124374,0.303207,9.83287
0.107712,0.310349,9.80431
0.131516,0.327011,9.88762
0.145798,0.329391,9.92333
0.150558,0.365097,9.93999
0.148178,0.331772,9.96617
0.148178,0.346054,9.98283
0.0196381,0.262741,9.76384
0.274338,0.25798,9.93999
0.245773,0.469833,10.1947
0.302902,0.410324,10.2375
0.312424,0.341293,10.1399
0.129135,0.284164,10.0281
0.0220184,0.288925,9.88762
0.0624847,0.486496,10.0471
0.0815277,0.374619,9.88762
-0.111282,0.698349,9.83049
0.0410614,0.717392,9.61864
0.0839081,0.781662,9.80669
0.133896,0.781662,10.0304
0.155319,0.688828,10.1019
0.167221,0.588852,10.0947
0.0791473,0.474594,10.009
0.0624847,0.434128,9.94713
0.0529633,0.550766,9.87096
0.150558,0.346054,9.7686
0.0410614,0.496017,9.6234
0.136276,0.595993,9.82811
0.107712,0.631699,9.7924
0.207687,0.488876,9.98283
0.35051,0.388901,9.97331
0.412399,0.496017,10.1257
0.362411,0.569809,10.0828
0.360031,0.584091,9.97569
0.326706,0.588852,9.72813
0.319565,0.615036,9.74956
0.379074,0.734055,9.69481
0.579025,0.57457,9.95665
0.686142,0.760239,10.0162
0.643295,0.803085,10.1328
0.679001,0.722153,10.0566
0.719467,0.743576,9.93523
0.579025,0.776901,9.78288
0.438583,0.719772,9.74242
0.367172,0.662643,9.68767
0.345749,0.745956,9.58769
0.279099,0.83165,9.66624
0.719467,0.817368,10.1161
0.657578,0.912582,10.1233
0.60997,0.76738,10.347
0.781357,0.376999,10.2566
0.824203,0.334152,10.2137
0.755173,0.529343,10.1423
0.681381,0.719772,10.0923
0.502853,0.924484,9.99712
0.340988,0.988754,9.8662
0.331467,1.09111,9.67577
0.340988,1.04112,9.79478
0.295761,1.00304,9.83525
0.35527,0.819748,9.84953
0.445725,0.70311,9.86382
0.529038,0.726913,9.90666
0.598068,0.83165,10.0019
0.659958,0.812607,9.84477
0.648056,0.603134,10.009
0.726608,0.343674,9.92094
0.683762,0.274643,9.83525
0.60997,0.396042,9.7448
0.629013,0.488876,9.86144
0.664719,0.526962,9.82097
0.617111,0.519821,9.95427
0.605209,0.426987,10.0233
0.721848,0.415085,10.0638
0.707565,0.572189,10.3542
0.698044,0.645981,10.3685
0.579025,0.629318,10.2566
0.393356,0.662643,9.99712
0.245773,0.672165,9.92333
0.212448,0.612656,9.7686
0.245773,0.584091,9.72813
0.264816,0.565048,9.73052
0.388596,0.493637,9.70195
0.460007,0.562668,9.85905
0.631393,0.57933,10.0495
0.712326,0.695969,10.178
0.857529,0.872116,10.3256
0.826584,0.810226,10.2613
0.705185,0.848312,10.1376
0.576645,0.829269,10.0233
0.5457,0.929245,9.92571
0.519516,1.20061,9.92094
0.424301,1.16728,9.96141
0.507614,0.986374,9.89
0.405258,0.800705,9.8781
0.281479,0.841171,9.93285
0.381454,0.662643,9.97093
0.562363,0.591232,9.97569
0.00297546,0.457932,9.61626
-0.118423,0.560288,9.44487
-0.218399,0.772141,9.32109
-0.168411,1.02446,9.40916
0.00297546,1.12206,9.54246
0.238632,1.09349,9.63054
0.381454,1.0078,9.69719
0.412399,0.819748,9.68529
0.369553,0.674545,9.67577
0.374313,0.63884,9.67815
-0.218399,0.83403,9.73766
-0.192215,0.598373,9.82097
-0.104141,0.424606,9.85905
-0.0565338,0.403183,9.84239
-0.0731964,0.584091,9.9138
0.0886688,0.453171,9.89952
0.0243988,0.457932,9.79716
0.0482025,0.441269,9.74242
0.00535583,0.422226,9.81859
-0.0731964,0.38414,9.75908
0.186264,0.691208,9.6115
0.193405,0.603134,9.60435
0.179123,0.686447,9.58055
0.181503,0.695969,9.61626
0.0886688,0.700729,9.62816
0.0482025,0.722153,9.78764
0.076767,0.695969,9.76146
0.0434418,0.586472,9.71861
-0.0398712,0.553146,9.70909
-0.139847,0.546005,9.77336
0.131516,0.83641,10.1233
0.076767,0.819748,10.0661
0.114853,0.829269,9.92808
0.0648651,0.757858,9.87096
0.114853,0.650742,9.85429
0.119614,0.63884,9.8662
0.0243988,0.726913,9.80193
-0.00416565,0.757858,9.83049
0.0101166,0.869736,9.77098
-0.0541534,0.826889,9.77574
0.0196381,0.819748,9.79478
0.00297546,0.686447,9.85905
0.0529633,0.688828,9.92808
0.126755,0.481735,9.81383
0.198166,0.388901,9.84715
0.112473,0.517441,9.7805
0.155319,0.63884,9.90904
0.291,0.741196,9.94237
0.245773,0.781662,9.89952
0.167221,0.715012,9.89
-0.00178528,0.679306,9.89952
0.0529633,0.529343,9.85905
0.107712,0.6436,9.84953
0.141037,0.657883,9.92808
0.233871,0.653122,9.97331
0.191025,0.722153,9.89
0.112473,0.762619,9.86144
0.057724,0.795944,9.92571
0.133896,0.750717,9.85429
0.145798,0.70549,9.87572
0.0862885,0.776901,9.91856
0.057724,0.879257,9.97807
0.133896,0.879257,10.0185
0.0458221,0.779282,10.0043
0.0363007,0.812607,9.97331
0.00297546,0.738815,9.92808
0.0243988,0.807846,9.94475
0.0934296,0.886398,9.98283
0.0839081,0.874496,9.93285
0.0862885,0.788803,9.8662
-0.0279694,0.774521,9.66863
0.0648651,0.819748,9.84239
0.0124969,0.884018,9.7924
0.0815277,0.791184,9.80431
-0.101761,0.57933,9.64958
-0.108902,0.686447,9.64244
-0.180313,0.841171,9.65196
-0.144608,0.76738,9.73052
-0.0779572,0.781662,9.69719
-0.0398712,0.829269,9.60674
0.0482025,0.710251,9.86144
0.0815277,0.724533,9.91856
0.126755,0.695969,9.98521
0.0743866,0.738815,9.88762
0.0958099,0.674545,9.92094
0.0672455,0.655502,9.91142
0.0743866,0.681686,9.89714
0.0815277,0.626938,9.97093
0.0696259,0.631699,9.91618
0.0624847,0.653122,9.97331
-0.0279694,0.722153,9.80669
0.0267792,0.653122,9.78764
0.00773621,0.607895,9.82811
-0.025589,0.667404,9.8662
0.038681,0.724533,9.89
0.0934296,0.791184,9.92571
0.148178,0.838791,9.94475
0.0648651,0.715012,9.93523
0.0862885,0.710251,9.84477
0.0743866,0.755478,9.81621
0.126755,0.812607,9.74242
0.145798,0.850693,9.80431
0.112473,0.788803,9.7567
0.102951,0.722153,9.80669
0.102951,0.688828,9.78526
0.076767,0.784042,9.73052
0.0696259,0.753098,9.74242
0.0529633,0.764999,9.76384
0.0410614,0.788803,9.83525
0.117233,0.83641,9.76146
0.141037,0.70311,9.80431
0.210068,0.712631,9.83763
0.145798,0.717392,9.92808
0.119614,0.710251,9.85667
0.121994,0.731674,9.80907
0.121994,0.803085,9.81621
0.129135,0.848312,9.86858
0.119614,0.8983,9.77336
0.138657,0.888779,9.84953
0.0886688,0.89592,9.90666
0.16008,0.772141,9.71861
0.143417,0.755478,9.71147
0.138657,0.791184,9.73289
0.0220184,0.757858,9.75194
-0.0184479,0.76738,9.67339
-0.106522,0.736435,9.6591
-0.0565338,0.876877,9.78288
-0.025589,0.817368,9.7567
-0.0184479,0.874496,9.7567
-0.0946198,0.903061,9.80431
0.179123,1.13872,9.91856
0.0291595,1.02446,9.68529
0.0886688,0.914963,9.71385
0.0339203,0.874496,9.70195
0.0482025,0.850693,9.6353
0.0363007,0.793564,9.68767
-0.0351105,0.843552,9.70909
-0.0113068,0.864975,9.7805
-0.0660553,0.910202,9.81621
-0.125565,1.02446,9.72337
0.0815277,0.924484,9.85905
-0.00178528,0.926865,9.83763
-0.0160675,0.903061,9.72813
0.00297546,0.848312,9.72813
0.0434418,0.779282,9.75194
0.00297546,0.83641,9.74956
-0.0565338,0.917343,9.69719
-0.0636749,1.00304,9.73289
-0.0731964,1.06731,9.72575
-0.0493927,1.04588,9.74718
-0.0232086,0.948288,9.69243
-0.0303497,0.967331,9.7805
0.0267792,1.08873,9.77336
0.0291595,1.10539,9.76622
-0.0279694,1.10539,9.74956
-0.0351105,1.09349,9.77098
-0.025589,1.07207,9.80669
0.0243988,0.96019,9.75194
0.0529633,0.986374,9.83049
0.0743866,0.988754,9.81621
0.0934296,1.28868,9.82097
0.00535583,1.1649,9.79478
-0.0517731,1.0435,9.72337
-0.0232086,1.02684,9.74718
-0.00654602,1.06017,9.72813
-0.0184479,1.0316,9.70433
-0.0232086,1.11729,9.63768
-0.0779572,1.21251,9.62102
-0.0993805,1.21489,9.62816
-0.0803375,1.13872,9.65672
-0.0779572,1.01256,9.84001
-0.0160675,1.07921,9.82573
-0.0327301,1.10301,9.8662
-0.0850983,1.10063,9.88286
-0.00178528,1.07445,9.94951
0.0410614,0.926865,9.93761
0.0648651,0.912582,9.92333
-0.0113068,0.900681,9.87096
0.0124969,0.907822,9.83287
0.00297546,0.995895,9.83287
0.0601044,1.13634,9.77574
0.057724,1.09587,9.79478
0.0482025,1.09111,9.76622
0.00297546,1.03636,9.74242
-0.00892639,1.12682,9.79955
0.057724,1.14824,9.85905
0.0981903,1.16014,9.87096
0.0934296,1.1292,9.84239
0.076767,1.14348,9.8662
0.0148773,1.20299,9.87572
-0.0303497,1.14586,9.88048
0.0315399,1.1292,9.89476
0.0434418,1.11015,9.91618
0.038681,1.04112,9.91142
0.0101166,1.05302,9.89238
0.00297546,1.03398,9.82573
0.038681,0.943527,9.89476
-0.0208282,1.11491,9.93285
0.0339203,1.16252,9.89714
0.0148773,1.09825,9.90904
-0.363602,1.29344,9.60435
-0.28743,1.41008,9.58531
-0.0612946,1.55528,9.69481
0.102951,1.7719,9.57103
0.300522,2.06706,9.62578
0.455246,2.09801,9.51152
0.331467,1.98137,9.16637
0.324326,2.08372,8.82835
0.364792,2.33842,8.46416
0.598068,2.9359,8.40465
2.15721,9.34148,2.80125
2.20006,9.2177,2.76079
2.09532,9.2534,2.72746
1.96202,9.23674,2.52751
1.79778,9.18437,2.37993
1.86443,9.17723,2.36565
1.8549,8.99394,2.31804
1.83348,8.97966,2.11571
1.79301,9.10344,2.0919
1.86919,8.97966,2.04192
2.14531,9.64854,3.29161
2.13341,9.55333,3.46538
2.16911,9.43193,3.73674
2.18816,9.21056,3.94145
2.1953,9.14152,4.20805
2.30479,8.98918,4.65556
2.33812,8.91539,5.12212
2.27147,9.18675,5.27684
2.29051,9.17009,5.64342
2.18101,8.91539,5.70055
0.838486,2.16704,7.25969
0.862289,1.62669,7.54057
1.3217,0.929245,7.78575
1.45024,1.02208,8.03569
1.34312,1.44102,8.48796
0.838486,1.72429,8.80693
0.381454,1.97423,9.32585
0.241013,2.19322,9.7805
0.495712,1.95757,10.1399
0.871811,1.78142,10.2875
0.0815277,-0.208572,9.77574
-0.0541534,-0.444229,9.91142
0.0791473,-0.415665,10.128
0.331467,-0.346634,10.2494
0.431442,-0.199051,10.3042
0.464767,-0.158585,10.278
0.300522,-0.122879,10.209
0.193405,-0.160965,10.1899
0.181503,-0.189529,10.1637
0.300522,-0.101456,10.1994
0.517136,-0.206192,10.0019
0.557602,-0.229996,9.94475
0.555222,-0.246658,9.98045
0.429062,-0.180008,9.98283
0.426682,-0.199051,10.0043
0.469528,-0.182388,9.93047
0.448105,-0.156204,9.85191
0.443344,-0.0609894,9.89
0.364792,-0.0252838,9.86858
0.35051,-0.137161,9.79955
0.405258,-0.0800324,9.79716
0.457626,-0.0419464,9.86382
0.440964,-0.0490875,9.82811
0.381454,-0.0205231,9.84239
0.329086,-0.058609,9.70909
0.331467,-0.0895538,9.77574
0.367172,-0.0562286,9.79478
0.390976,-0.0752716,9.81145
0.452866,-0.077652,9.83525
0.41478,-0.103836,9.83049
0.41716,-0.120499,9.70195
0.338608,-0.0800324,9.79478
0.357651,-0.0252838,9.73766
0.443344,-0.125259,9.81621
0.505234,-0.12764,9.89476
0.431442,-0.0847931,9.87096
0.405258,-0.122879,9.86858
0.390976,-0.0371857,9.88286
0.440964,0.0461273,9.89238
0.512375,0.0366058,10.0019
0.533798,-0.0110016,10.0542
0.552841,-0.0467072,10.1138
0.648056,-0.0514679,10.1304
0.757553,-0.039566,10.1614
0.80278,-0.0419464,9.97569
0.759934,-0.144302,9.9995
0.757553,-0.184769,9.93761
0.700424,-0.213333,9.93761
0.67424,-0.253799,9.93523
0.681381,-0.108597,9.96617
0.5457,0.108017,9.77098
0.559982,0.0675507,9.80669
0.529038,0.234177,9.89714
0.469528,0.222275,9.88286
0.48381,0.222275,9.90904
0.536179,0.162766,9.89238
0.621872,0.110397,9.8781
0.67424,0.069931,9.89476
0.669479,0.088974,9.84715
0.659958,0.0294647,9.81859
0.583786,0.00804138,9.73766
0.598068,0.0461273,9.69005
0.531418,0.0723114,9.72813
0.448105,0.167526,9.67577
0.452866,0.174667,9.72813
0.476669,0.177048,9.82097
0.488571,0.219894,9.85191
0.529038,0.181808,9.79002
0.54808,0.119919,9.75432
0.576645,0.0175629,9.75908
0.538559,0.174667,9.94713
0.557602,0.198471,10.0019
0.54332,0.215134,9.95903
0.514755,0.200851,9.94713
0.54808,0.203232,9.95189
0.557602,0.203232,9.98045
0.512375,0.177048,9.98997
0.581406,0.179428,9.92808
0.54808,0.179428,9.98283
0.54332,0.18895,9.8781
0.48143,0.155624,9.78764
0.526657,0.136581,9.73766
0.48381,0.136581,9.69719
0.5457,0.0984955,9.70433
0.524277,0.131821,9.68529
0.550461,0.203232,9.75194
0.54808,0.160385,9.80669
0.495712,0.169907,9.87096
0.579025,0.18895,9.85905
0.586166,0.222275,9.91142
0.667099,0.224655,9.97093
0.652817,0.274643,9.99235
0.593307,0.227036,9.96855
0.486191,0.243698,9.86858
0.507614,0.169907,9.8662
0.526657,0.12706,9.83763
0.555222,0.219894,9.87334
0.5457,0.274643,9.91618
0.605209,0.296066,10.0495
0.638535,0.310349,10.009
0.600449,0.341293,9.97569
0.557602,0.269882,9.92094
0.538559,0.212753,9.84953
0.505234,0.12944,9.9138
0.564743,0.186569,9.79955
0.60997,0.210373,9.92333
0.5457,0.274643,9.87096
0.54332,0.246078,9.81383
0.474289,0.25798,9.87572
0.490952,0.241318,9.79002
0.619492,0.360336,9.95189
0.645676,0.360336,9.93285
0.629013,0.293686,9.81383
0.514755,0.196091,9.85429
0.464767,0.165146,9.7448
0.424301,0.160385,9.83525
0.460007,0.203232,9.80669
0.5457,0.262741,9.81145
0.550461,0.343674,9.79716
0.505234,0.279404,9.81145
0.562363,0.312729,9.87096
0.588547,0.338913,9.92808
0.550461,0.307968,9.83525
0.54332,0.262741,9.91618
0.529038,0.210373,9.92333
0.550461,0.217514,9.9019
0.507614,0.222275,9.7805
0.48143,0.215134,9.85429
0.514755,0.198471,9.84953
0.526657,0.25798,9.861
0.402878,0.262741,9.80431
0.457626,0.250839,9.89
0.486191,0.267502,9.92571
0.486191,0.298447,9.89
0.486191,0.274643,9.83287
0.488571,0.160385,9.90666
0.536179,0.115158,9.90666
0.48381,0.184189,9.7924
0.476669,0.186569,9.84953
0.493332,0.241318,9.85667
0.5457,0.25798,9.88048
0.569504,0.231796,9.96855
0.593307,0.286545,9.91856
0.60997,0.260361,9.97569
0.614731,0.279404,9.93999
0.643295,0.298447,9.95903
0.631393,0.262741,9.91856
0.60997,0.267502,9.94237
0.54808,0.269882,9.83049
0.559982,0.303207,9.85429
0.552841,0.372238,9.88524
0.524277,0.303207,9.9138
0.552841,0.262741,9.90666
0.590927,0.260361,9.96855
0.54808,0.296066,9.8662
0.538559,0.329391,9.94237
0.540939,0.331772,9.94713
0.54808,0.327011,9.92808
0.48381,0.334152,9.89
0.533798,0.31987,9.79955
0.567123,0.362717,9.82097
0.557602,0.403183,9.83763
0.519516,0.324631,9.77098
0.531418,0.298447,9.78764
0.495712,0.246078,9.83049
0.467148,0.25798,9.80907
0.457626,0.31749,9.84001
0.512375,0.303207,9.8662
0.540939,0.38176,9.88048
0.540939,0.369858,9.89238
0.502853,0.365097,9.87572
0.514755,0.376999,9.88762
0.452866,0.31749,9.89238
0.54332,0.2556,9.89476
0.581406,0.246078,9.84715
0.621872,0.303207,9.89952
0.60759,0.374619,9.90428
0.526657,0.369858,9.90428
0.531418,0.338913,9.83049
0.507614,0.350815,9.91142
0.426682,0.374619,9.98521
0.633774,0.346054,9.93999
0.702805,0.298447,9.9019
0.776596,0.346054,9.82811
0.817062,0.353195,9.91142
0.748032,0.388901,9.87572
0.590927,0.503159,9.81383
0.602829,0.550766,9.78526
0.61235,0.493637,9.73766
0.590927,0.588852,9.77574
0.626633,0.686447,9.86382
0.60759,0.598373,9.7805
0.493332,0.550766,9.72813
0.512375,0.498398,9.65672
0.526657,0.500778,9.69957
0.514755,0.496017,9.64006
0.526657,0.453171,9.70195
0.524277,0.479355,9.59959
0.54808,0.507919,9.66863
0.462387,0.534103,9.7805
0.488571,0.517441,9.76146
0.460007,0.565048,9.67577
0.469528,0.560288,9.70671
0.47905,0.469833,9.71385
0.393356,0.38414,9.64482
0.390976,0.343674,9.69719
0.367172,0.441269,9.75194
0.521896,0.484116,9.80431
0.533798,0.536484,9.88048
0.474289,0.505539,9.79002
0.598068,0.426987,9.98997
0.586166,0.429367,10.0257
0.5457,0.376999,10.0447
0.512375,0.38176,9.9995
0.550461,0.269882,10.0709
0.524277,0.374619,10.0209
0.524277,0.493637,10.0257
0.457626,0.593613,10.04
0.412399,0.669785,9.99474
0.35051,0.657883,9.88524
-0.523087,3.24773,7.25493
-0.592117,3.77379,7.32634
-0.439774,4.95445,7.41203
0.191025,6.15892,8.07378
0.836105,7.15392,8.47368
0.897995,7.04204,8.29991
1.10985,6.5493,7.7191
1.35741,6.36601,7.05022
1.7216,6.82542,7.02403
1.74303,7.01109,6.76219
1.52403,8.46074,2.98454
1.40977,8.45836,2.86552
1.31694,8.76781,2.47276
1.20744,8.91063,2.37279
1.12889,8.89635,1.96098
1.13841,8.8297,1.8372
1.3336,8.80351,1.90623
1.46214,8.70116,1.72771
1.6002,8.77495,1.84435
1.54784,9.01299,1.692
1.90727,9.14152,0.59227
1.86919,9.04155,0.278061
1.85728,9.15105,0.344711
1.78587,9.33433,0.20665
1.81682,9.50096,0.404221
1.89537,9.00584,0.318527
2.01439,8.94871,0.325668
2.02153,9.17723,0.411362
2.15245,9.49382,0.520859
2.12389,9.81041,0.642258
2.40001,10.8506,2.08714
2.30003,11.0482,2.54894
2.25005,10.9458,2.70366
2.3286,10.753,2.91075
2.35716,10.1222,3.03691
2.36906,9.61522,3.23448
2.26671,9.73424,3.41539
2.28337,9.62474,3.76054
2.15721,9.42241,3.9962
1.84776,9.16771,4.15092
0.519516,3.10252,6.75743
0.964645,2.7169,7.30492
1.44548,1.60051,7.32396
1.05034,1.17204,7.56438
0.488571,0.786423,7.44774
0.167221,0.0294647,7.35252
-0.275528,-0.541824,7.8286
-0.142227,-0.537064,8.2166
0.22435,-0.546585,8.47844
0.569504,-0.634659,8.74742
0.229111,-0.399002,10.2256
0.405258,-0.332352,10.3756
0.5457,-0.151443,10.478
0.512375,-0.0014801,10.4541
0.421921,0.0818329,10.4875
0.300522,-0.220474,10.2804
0.133896,-0.406143,10.1923
0.207687,-0.525162,10.1637
0.379074,-0.627518,10.328
0.48143,-0.591812,10.2233
0.650436,-0.382339,10.0162
0.586166,-0.358536,9.92571
0.493332,-0.353775,10.0257
0.514755,-0.296646,10.0328
0.564743,-0.299026,10.0019
0.54808,-0.351395,9.88286
0.48143,-0.351395,9.77336
0.405258,-0.339493,9.75908
0.405258,-0.277603,9.88286
0.395737,-0.156204,9.86382
0.586166,-0.0490875,10.2042
0.605209,-0.137161,10.078
0.562363,-0.229996,10.0328
0.526657,-0.325211,9.96855
0.517136,-0.437088,9.85667
0.398117,-0.45137,9.77812
0.407639,-0.494217,9.82097
0.41478,-0.377579,9.81621
0.431442,-0.282364,9.7805
0.457626,-0.229996,9.84001
0.390976,-0.0657501,9.96141
0.426682,-0.0800324,9.97331
0.433823,-0.0657501,10.0138
0.410019,-0.101456,9.90666
0.319565,-0.189529,9.79716
0.321945,-0.349014,9.73289
0.402878,-0.325211,9.71385
0.431442,-0.215714,9.72813
0.374313,-0.153824,9.78288
0.336227,-0.125259,9.76622
0.41478,-0.113358,9.76384
0.436203,-0.0752716,9.90666
0.331467,-0.013382,9.82097
0.367172,-0.0252838,9.92571
0.410019,-0.110977,9.80907
0.429062,-0.189529,9.77574
0.438583,-0.263321,9.74004
0.443344,-0.301407,9.73289
0.41716,-0.201431,9.73766
0.379074,-0.180008,9.75
0.5457,-0.039566,10.0019
0.576645,-0.0229034,10.0019
0.507614,-0.00862122,10.0852
0.48143,-0.077652,10.0566
0.445725,-0.118118,10.0352
0.457626,-0.177628,9.99712
0.490952,-0.149063,9.93285
0.507614,-0.151443,9.94237
0.514755,-0.0609894,9.94475
0.450485,-0.0728912,9.93047
0.376694,-0.0014801,9.74242
0.395737,-0.0229034,9.66386
0.426682,0.0199432,9.6353
0.431442,0.112778,9.65672
0.407639,0.222275,9.77336
0.314804,0.284164,9.84477
0.402878,0.236557,9.89476
0.345749,0.172287,9.83763
0.393356,0.122299,9.86382
0.457626,0.024704,9.74242
0.462387,0.00328064,9.75194
0.388596,0.0366058,9.75194
0.400497,0.0937347,9.69719
0.314804,0.153244,9.74956
0.324326,0.203232,9.79955
0.343369,0.146103,9.87334
0.362411,0.0508881,9.83763
0.41716,0.0485077,9.84239
0.467148,0.0413666,9.95665
0.490952,0.0770721,9.87572
0.357651,0.00804138,9.90666
0.28862,0.00328064,9.84715
0.238632,-0.0229034,9.78526
0.248154,0.0199432,9.67339
0.364792,0.000900269,9.87334
0.490952,0.00328064,9.89714
0.509995,0.0508881,9.92333
0.398117,0.112778,9.89
0.360031,0.0984955,9.79002
0.298141,0.0413666,9.82097
0.429062,0.0937347,9.95665
0.433823,0.0984955,9.97569
0.438583,-0.0443268,9.93523
0.429062,-0.139542,9.92094
0.431442,-0.0919342,9.90428
0.467148,-0.0229034,9.91142
0.433823,-0.0324249,9.97093
0.457626,-0.013382,9.99235
0.400497,0.0723114,9.9995
0.443344,0.117538,10.0114
0.271957,0.0294647,9.90666
0.229111,0.0270844,9.7686
0.255295,-0.0181427,9.87572
0.314804,-0.0110016,9.85429
0.28624,0.0151825,9.86144
0.343369,0.0865936,9.95427
0.360031,0.177048,10.0066
0.376694,0.186569,10.0138
0.305283,0.136581,9.91856
0.333847,0.0651703,9.88286
0.195786,0.158005,9.95427
0.183884,0.155624,9.92094
0.171982,0.141342,10.0281
0.255295,0.100876,10.059
0.324326,0.0842133,10.0281
0.374313,0.0818329,9.96855
0.293381,0.069931,10.0066
0.291,0.0532684,9.91142
0.219589,-0.0348053,9.84001
0.167221,0.0175629,9.81145
0.191025,0.0318451,9.89238
0.186264,0.0413666,9.9876
0.22197,0.0937347,9.93761
0.171982,0.181808,9.9019
0.126755,0.108017,9.85667
0.124374,0.0984955,9.85191
0.114853,0.0151825,9.77098
0.174362,-0.0157623,9.79478
0.179123,0.0318451,9.85905
0.171982,0.00804138,9.82097
0.136276,0.0366058,9.83525
0.102951,0.12468,9.84477
0.076767,0.138962,9.88762
0.119614,-0.0871735,9.81383
0.202927,-0.156204,9.82097
0.212448,0.0366058,9.87334
0.16246,0.0604095,9.89238
0.0886688,0.00804138,9.89714
0.0886688,-0.0014801,9.83049
0.110092,-0.0300446,9.7805
0.124374,-0.0562286,9.84001
0.167221,-0.0229034,9.84239
0.16246,0.0175629,9.83287
0.179123,0.350815,9.80669
0.176743,0.422226,9.83763
0.179123,0.426987,9.83525
0.195786,0.398422,9.68529
0.169601,0.457932,9.64482
0.174362,0.44841,9.6115
0.152939,0.486496,9.54246
0.136276,0.462692,9.54246
0.105331,0.536484,9.502
0.169601,0.665024,9.41393
0.412399,1.32201,8.94737
0.581406,1.25536,8.99022
0.705185,1.33867,9.01164
0.909897,1.5648,9.06401
0.940842,1.68382,9.23064
0.893234,1.57909,9.42821
1.03368,1.66002,9.60674
1.19792,1.88853,9.80193
1.39311,2.10991,9.94237
1.52165,2.16228,10.178
3.16173,-0.222855,13.7176
1.54784,-2.01765,12.2728
1.22411,-2.16524,12.0633
1.0551,-2.40327,12.0609
0.809921,-2.56276,11.9657
0.702805,-2.68892,11.73
0.743271,-2.91267,11.4682
0.679001,-3.01979,11.2682
0.567123,-2.91743,11.104
0.374313,-2.74843,10.9397
-1.37764,-1.91768,7.79289
-1.46571,-1.94148,7.49059
-1.76802,-2.10335,7.20732
-1.86086,-2.23189,6.92644
-1.93465,-2.16524,6.60033
-2.06081,-2.12239,6.46703
-2.11079,-2.12715,6.29326
-2.26552,-1.88911,6.02666
-2.45595,-1.59871,6.05522
-2.44405,-1.24641,6.09569
-0.9944,3.38579,9.1497
-1.03725,3.11919,9
-1.03725,2.76927,8.97594
-0.86348,2.78831,9.27824
-0.642105,2.89543,9.59959
-0.534988,2.86687,10.0328
-0.668289,2.80974,10.328
-0.73494,2.70738,10.6636
-0.680191,2.63835,11.0112
-0.451675,2.41698,11.3825
0.148178,1.69572,11.6491
0.264816,1.48387,11.7991
0.22197,1.58147,11.9633
-0.0303497,1.97185,11.8086
-0.266006,2.15752,11.811
-0.318375,1.94566,11.9062
-0.268387,1.41008,11.9133
-0.273148,0.888779,11.9014
-0.22316,0.338913,11.8062
0.398117,-0.529922,12.2918
0.643295,-0.739395,11.8919
0.626633,-1.11787,11.3563
0.402878,-1.50587,10.9255
0.0124969,-1.75581,10.5922
-0.0612946,-1.6844,10.5208
0.155319,-1.54634,10.7779
0.379074,-1.28688,11.2301
0.659958,-1.21309,11.5801
0.824203,-1.37733,11.4372
0.712326,-2.39137,10.835
0.73613,-2.45326,10.735
0.714706,-2.37471,10.5351
0.655197,-2.1581,10.6874
0.629013,-1.76772,10.8136
0.54808,-1.44637,10.6351
0.452866,-1.41542,10.4494
0.402878,-1.45113,10.128
0.338608,-1.58681,9.90666
0.336227,-1.77962,9.76146
0.35289,-0.534683,9.7805
0.381454,-0.568008,9.71861
0.448105,-0.601334,9.6234
0.448105,-0.506119,9.74004
0.467148,-0.610855,9.67815
0.41716,-0.684647,9.68291
0.431442,-0.667984,9.7686
0.493332,-0.487076,9.94237
0.48381,-0.420425,9.84001
0.374313,-0.296646,9.83049
0.367172,-0.318069,9.73766
0.331467,-0.51326,9.76384
0.369553,-0.57991,9.7924
0.390976,-0.456131,9.76384
0.426682,-0.446609,9.83525
0.445725,-0.484695,9.87334
0.498093,-0.410904,9.80907
0.448105,-0.413284,9.82811
0.348129,-0.544205,9.78288
0.348129,-0.679886,9.80193
0.186264,-0.658462,9.72575
0.217209,-0.568008,9.75908
0.274338,-0.546585,9.84953
0.307663,-0.482315,9.98045
0.281479,-0.489456,10.0542
0.22197,-0.482315,10.0495
0.236252,-0.51326,9.99712
0.283859,-0.570389,9.94951
0.348129,-0.629898,9.97331
0.436203,-0.684647,9.9138
0.314804,-0.568008,9.8781
0.400497,-0.534683,9.88762
0.376694,-0.548965,9.81859
0.400497,-0.475174,9.87334
0.307663,-0.479935,9.89
0.348129,-0.503738,9.88286
0.314804,-0.565628,9.7805
0.35289,-0.563248,9.89238
0.421921,-0.534683,9.85191
0.319565,-0.568008,9.82573
0.371933,-0.520401,9.93285
0.421921,-0.527542,9.86858
0.371933,-0.57753,9.8662
0.333847,-0.494217,9.89952
0.312424,-0.494217,9.82811
0.305283,-0.546585,9.87096
0.291,-0.594193,9.95665
0.331467,-0.534683,10.0304
0.438583,-0.534683,10.059
0.412399,-0.494217,10.109
0.383835,-0.51564,10.0281
0.345749,-0.494217,9.95665
0.374313,-0.527542,9.97807
0.283859,-0.522781,9.86858
0.295761,-0.565628,9.86144
0.274338,-0.551346,9.85905
0.317184,-0.589432,9.78526
0.336227,-0.51564,9.72813
0.431442,-0.565628,9.77336
0.410019,-0.558487,9.74004
0.310043,-0.377579,9.92808
0.300522,-0.399002,9.85667
0.295761,-0.363297,9.93523
0.302902,-0.32283,9.88524
0.276718,-0.401382,9.89714
0.333847,-0.408524,9.94475
0.312424,-0.472794,9.84477
0.336227,-0.532303,9.81383
0.400497,-0.582291,9.90904
0.388596,-0.57753,9.91142
0.252914,-0.396622,9.82335
0.331467,-0.38472,9.91142
0.302902,-0.382339,9.92571
0.257675,-0.422806,9.89714
0.264816,-0.465652,9.88524
0.338608,-0.437088,9.92808
0.371933,-0.434708,9.88524
0.364792,-0.344254,9.96141
0.229111,-0.318069,9.93761
0.214828,-0.38472,9.89
0.291,-0.468033,9.77812
0.343369,-0.472794,9.84715
0.319565,-0.382339,9.86858
0.291,-0.358536,9.89
0.219589,-0.349014,9.75432
0.229111,-0.353775,9.7805
0.255295,-0.351395,9.84715
0.298141,-0.346634,9.88524
0.295761,-0.303787,9.86144
0.271957,-0.358536,9.80907
0.262436,-0.363297,9.89476
0.250534,-0.365677,9.81383
0.202927,-0.420425,9.87334
0.291,-0.370438,9.91856
0.317184,-0.341873,9.95189
0.338608,-0.344254,9.95189
0.324326,-0.344254,9.95903
0.267197,-0.403763,9.88762
0.269577,-0.422806,9.94951
0.267197,-0.444229,9.99235
0.269577,-0.310928,9.91618
0.267197,-0.275223,9.99712
0.22435,-0.289505,9.95903
0.269577,-0.260941,9.92094
0.241013,-0.268082,9.93761
0.255295,-0.263321,9.94713
0.324326,-0.329971,9.87096
0.317184,-0.332352,9.89952
0.267197,-0.370438,9.84477
0.205307,-0.365677,9.79716
0.269577,-0.356155,9.84715
0.267197,-0.351395,9.8781
0.274338,-0.360916,9.87572
0.252914,-0.434708,9.83525
0.267197,-0.429947,9.86144
0.248154,-0.472794,9.80907
0.164841,-0.484695,9.83525
0.176743,-0.406143,9.83287
0.195786,-0.394241,9.88048
0.22673,-0.313309,9.91618
0.271957,-0.470413,9.85905
0.219589,-0.391861,9.92571
0.191025,-0.370438,9.92094
0.181503,-0.44899,9.83763
0.191025,-0.425186,9.91618
0.198166,-0.427567,9.90904
0.22197,-0.375198,9.90666
0.233871,-0.396622,9.98045
0.252914,-0.353775,10.0328
0.238632,-0.377579,10.0971
0.210068,-0.472794,9.98521
0.229111,-0.408524,9.93047
0.195786,-0.327591,9.90428
0.150558,-0.365677,9.85429
0.150558,-0.368057,9.89476
0.145798,-0.425186,9.84953
0.136276,-0.410904,9.83525
0.0529633,-0.527542,9.80193
0.131516,-0.525162,9.88762
0.207687,-0.377579,9.9138
0.191025,-0.422806,9.95427
0.150558,-0.420425,9.94713
0.16008,-0.489456,9.83049
0.200546,-0.51564,9.81145
0.195786,-0.522781,9.81145
0.0958099,-0.38472,9.83763
0.0862885,-0.332352,9.77098
0.126755,-0.415665,9.89714
0.102951,-0.446609,9.85191
0.1577,-0.389481,10.009
0.145798,-0.408524,10.0114
0.143417,-0.434708,9.93999
0.164841,-0.51088,9.88286
0.22197,-0.546585,9.88762
0.188644,-0.613236,9.87096
0.124374,-0.587051,9.87572
0.171982,-0.596573,9.85667
0.119614,-0.491837,9.92094
0.105331,-0.434708,9.98045
0.155319,-0.477554,10.0043
0.169601,-0.606094,9.88762
0.143417,-0.606094,9.84001
0.141037,-0.556107,9.86382
0.0981903,-0.568008,9.92808
0.138657,-0.498978,9.89238
0.0648651,-0.482315,9.86858
0.102951,-0.439468,9.78288
0.0363007,-0.289505,9.84239
0.0720062,-0.418045,9.98283
-0.470718,-5.13832,7.8286
-0.618301,-5.63582,7.59056
-0.580215,-6.24995,6.87169
-0.580215,-6.89027,6.54558
-0.756363,-6.40706,6.05522
-0.846817,-6.68556,5.46965
-0.911087,-7.47823,4.22472
-1.04677,-7.97096,3.24876
-0.296951,-8.83742,2.39183
-0.911087,-9.50154,2.04668
-1.34431,-10.4846,1.4016
-1.43477,-10.5489,0.808884
-1.42525,-10.6536,0.989792
-1.40382,-9.96809,0.46611
-1.50618,-9.3611,0.182846
-1.44905,-9.07069,-0.350357
-1.46571,-9.40157,-1.09303
-1.7347,-9.89192,-1.86903
-1.25862,-9.81575,-1.95473
-1.3705,-9.93239,-3.63289
-2.05843,-9.83717,-3.36629
-1.95131,-10.1228,-3.20204
-1.87514,-10.6084,-3.14253
-1.88228,-10.8774,-3.27107
-1.86562,-10.8726,-3.44246
-1.85609,-10.9417,-2.96877
-1.84657,-11.0964,-2.53078
-1.96559,-10.8893,-2.34511
-1.98701,-10.975,-1.83809
-1.94417,-10.7655,-1.0002
-0.377884,-5.68581,5.6815
0.076767,-4.07668,6.58128
-0.00178528,-2.59132,8.13567
0.0458221,-1.47493,8.85692
-0.592117,-0.70607,9.82573
-0.792068,-0.234756,9.60674
-0.254105,-0.241898,8.83788
0.307663,0.131821,8.91881
0.174362,0.560288,8.75694
-0.00892639,1.27202,8.57365
-0.044632,2.07896,9.06401
-0.327896,2.62169,9.66148
-0.851578,3.16203,9.89
-0.827774,3.65715,9.59483
-0.170792,3.71666,9.41155
-0.0612946,3.93803,9.67577
0.00297546,4.3427,9.41631
-0.0374908,4.30461,9.47582
-0.187454,4.24748,9.41393
-0.123184,4.24272,9.59007
-0.0850983,2.20988,9.26
-0.025589,1.97661,9.29967
-0.0374908,1.88139,9.33775
-0.127945,1.99327,9.34966
-0.261246,2.24321,9.502
-0.251724,2.54076,9.62102
-0.189835,2.75023,9.85905
-0.163651,2.80498,9.88048
-0.168411,2.72643,9.77098
-0.180313,2.52647,9.671
-0.199356,1.87663,9.60912
-0.313614,1.51958,9.34727
-0.230301,1.30534,9.2235
-0.244583,1.43388,9.34013
-0.270767,1.78142,9.43059
-0.208878,2.06706,9.61864
-0.227921,2.25987,9.74956
-0.16127,2.31224,9.82097
-0.151749,2.18608,9.76622
-0.196976,1.88377,9.63768
-0.244583,1.65526,9.48058
-0.0850983,1.33629,9.38774
-0.0827179,1.42436,9.47819
-0.0993805,1.56242,9.57817
-0.0803375,1.80046,9.59483
-0.0303497,1.91948,9.69005
-0.0589142,2.01469,9.70671
-0.123184,1.90996,9.73527
-0.106522,1.82188,9.77336
-0.0827179,1.60527,9.58531
-0.0493927,1.58385,9.5139
-0.0660553,1.76237,9.57579
-0.00892639,2.04802,9.71385
-0.0303497,2.0504,9.84953
-0.108902,2.01945,9.79716
-0.0993805,1.95042,9.7686
-0.118423,1.88139,9.68529
-0.0922394,1.71715,9.59007
-0.0493927,1.63383,9.52342
-0.0279694,1.61479,9.47343
-0.0850983,1.67192,9.46153
-0.137466,1.74333,9.45439
-0.137466,1.8076,9.58531
-0.146988,1.95042,9.75432
-0.0922394,1.92186,9.72813
-0.0136871,1.84569,9.76146
-0.0493927,1.72191,9.67577
-0.0684357,1.58623,9.59959
-0.0470123,1.48387,9.51866
-0.044632,1.42912,9.502
-0.0684357,1.6624,9.73289
-0.123184,1.6386,9
-0.0970001,1.64098,9.64482
-0.089859,1.67192,9.69957
-0.156509,1.73857,9.74004
-0.101761,1.9052,9.73052
-0.154129,1.86473,9.74956
-0.139847,1.82188,9.74956
-0.163651,1.6981,9.75432
-0.0850983,1.62907,9.78526
-0.0850983,1.59099,9.71385
-0.0422516,1.66002,9.66624
-0.070816,1.76476,9.71861
-0.106522,1.81474,9.74718
-0.0874786,1.78618,9.72575
-0.104141,1.72667,9.73289
-0.139847,1.60765,9.67577
-0.213638,1.56004,9.66148
-0.16127,1.61241,9.65196
-0.0993805,1.73143,9.77574
-0.130325,1.82188,9.64482
-0.0922394,1.72429,9.70433
-0.127945,1.7957,9.69243
-0.139847,1.77428,9.78764
-0.135086,1.74095,9.73289
-0.170792,1.70049,9.74956
-0.175552,1.58861,9.61388
-0.127945,1.50291,9.61626
-0.156509,1.59337,9.55199
-0.120804,1.78142,9.66863
-0.137466,1.71953,9.74004
-0.149368,1.66002,9.71861
-0.0993805,1.64098,9.63768
-0.089859,1.67668,9.69243
-0.0993805,1.77666,9.71861
-0.0946198,1.80998,9.71385
-0.173172,1.70287,9.62816
-0.216019,1.59575,9.59007
-0.213638,1.53862,9.56151
-0.139847,1.66954,9.64958
-0.101761,1.79808,9.70909
-0.146988,1.77428,9.66148
-0.170792,1.73857,9.64244
-0.182693,1.81474,9.66386
-0.168411,1.82903,9.6472
-0.22554,1.78856,9.65196
-0.22316,1.64812,9.53532
-0.168411,1.57671,9.49724
-0.175552,1.59337,9.49248
-0.108902,1.66954,9.57817
-0.132706,1.75523,9.69719
-0.163651,1.94804,9.78526
-0.206497,2.04564,9.82573
-0.151749,1.99327,9.86858
-0.177933,1.87663,9.82335
-0.208878,1.74571,9.73527
-0.170792,1.60051,9.66863
-0.185074,1.46483,9.61626
-0.168411,1.42198,9.48058
-0.156509,1.44341,9.52818
-0.182693,1.85759,9.78764
-0.151749,1.90282,9.82573
-0.142227,1.80046,9.83049
-0.139847,1.67906,9.80431
-0.106522,1.61241,9.82335
-0.108902,1.50768,9.67815
-0.123184,1.47673,9.6234
-0.166031,1.47911,9.6353
-0.194595,1.59813,9.62816
-0.239822,1.76952,9.64482
-0.180313,1.63383,9.66863
-0.201736,1.61479,9.63768
-0.185074,1.60765,9.59245
-0.180313,1.61241,9.67815
-0.192215,1.65526,9.71861
-0.218399,1.58385,9.75432
-0.180313,1.50291,9.73052
-0.208878,1.50053,9.66148
-0.230301,1.62669,9.74956
-0.189835,1.73381,9.84239
-0.256485,1.63145,9.74956
-0.294571,1.58861,9.75432
-0.28981,1.55766,9.71385
-0.28981,1.48863,9.70671
-0.273148,1.55528,9.73052
-0.277908,1.70525,9.77336
-0.242203,1.85045,9.75194
-0.258865,1.76237,9.82335
-0.282669,1.74333,9.76622
-0.301712,1.74333,9.77812
-0.294571,1.65526,9.86144
-0.315994,1.44817,9.68529
-0.304092,1.35533,9.57579
-0.254105,1.42198,9.61388
-0.239822,1.46483,9.71147
-0.337418,1.5172,9.68767
-0.358841,1.5172,9.6234
-0.375504,1.42436,9.71147
-0.406448,1.40056,9.52818
-0.442154,1.48387,9.69481
-0.392166,1.49339,9.67815
-0.306473,1.46721,9.71623
-0.282669,1.53862,9.74956
-0.266006,1.66478,9.68291
-0.28743,1.75999,9.80669
-0.256485,1.6981,9.85667
-0.189835,1.66478,9.81383
-0.242203,1.62431,9.80431
-0.208878,1.5291,9.69719
-0.263626,1.64812,9.71147
-0.0779572,1.79332,9.6472
-0.118423,1.77666,9.69005
-0.194595,1.84926,9.57222
-0.28981,1.66835,9.45677
-0.326706,1.68144,9.54604
-0.300522,1.85521,9.64958
-0.348129,1.76118,9.55675
-0.329086,1.59932,9.51747
-0.305283,1.59813,9.51628
-0.291,1.58623,9.56746
-0.255295,1.63502,9.68053
-0.268387,1.6862,9.65434
-0.235062,1.72072,9.68291
-0.132706,1.51244,9.61031
-0.0922394,1.51839,9.68648
-0.151749,1.63145,9.82692
-0.0862885,1.68144,9.81502
-0.100571,1.60884,9.83168
-0.16246,1.48506,9.70552
-0.207687,1.52791,9.67696
-0.106522,2.22655,8.91762
-0.110092,2.44911,8.71648
-0.00654602,2.24559,8.56532
0.171982,2.28963,8.52962
0.426682,2.45744,8.55461
0.617111,2.82402,8.77122
0.817062,2.91924,9.0771
1.05391,3.28819,9.50557
1.18483,3.59764,9.79478
1.32765,4.03682,10.378
1.36336,4.09395,10.7243
1.56331,3.47624,11.073
1.90251,3.23225,11.5396
1.87395,3.3727,11.9978
2.08342,3.2394,12.462
2.34526,2.14085,12.3644
2.73802,0.935196,12.5667
2.51427,1.32677,13.3808
2.4381,1.52672,14.2461
2.5714,1.0804,14.577
2.87846,-1.08693,13.5355
2.69875,-1.90935,13.0202
1.86443,-1.23213,13.4106
1.82991,-0.854843,13.6462
1.96559,-2.27116,12.6048
1.66804,-4.22783,11.3123
1.36931,-3.84578,11.0719
0.798019,-2.94005,11.1183
0.748032,-2.43422,11.073
0.631393,-2.90315,10.6029
0.0648651,-3.6851,9.39607
-0.630203,-3.47325,8.81764
-0.905136,-2.58656,8.93547
-0.997971,-2.12239,8.56294
-1.48119,-2.58656,7.58342
-1.93465,-3.04121,6.53963
-2.30122,-2.69963,6.36705
-2.51308,-1.90221,6.70268
-2.38692,-1.36662,6.84312
-2.56902,-0.90126,6.48845
-2.86418,-1.01433,5.61009
-2.92607,-0.556107,5.43394
-3.27361,-0.133591,5.29469
-3.76515,-0.106216,5.12569
-3.20338,0.0830231,5.38039
-2.96059,0.365097,5.0995
-3.80205,0.340103,4.52821
-4.18648,0.530533,4.91145
-3.45213,1.37675,6.0219
-3.45213,1.42674,5.82195
-3.61638,1.01256,5.56487
-3.10936,1.47554,6.26112
-2.91179,2.01112,6.8467
-2.66066,2.06825,7.0038
-2.31313,2.30986,7.56795
-2.31194,1.90758,7.77266
-2.59401,1.2744,7.7798
-2.34764,1.65288,8.31895
-1.85847,2.35985,8.94856
-1.9406,2.00755,9.00807
-2.06319,0.872116,8.8224
-1.80016,0.907822,9.4175
-1.58949,1.81236,10.3518
-1.74541,1.89211,10.5172
-1.45857,1.83855,10.9255
-1.47524,1.53862,11.0314
-1.92632,0.89711,10.7481
-1.74303,0.8983,11.035
-1.19078,1.81117,11.8062
-1.49904,1.66954,11.655
-1.95845,0.993515,11.6253
-1.43834,0.856644,11.83
-0.93132,0.472214,11.7491
-1.1158,0.38533,11.6527
-1.06819,-0.233566,11.348
-0.652817,-1.29521,11.3694
-0.461197,-1.84984,11.4289
-0.410019,-1.50825,11.0183
-0.381454,-1.19643,11.1207
-0.476669,-1.48802,11.2825
-0.315994,-2.01884,11.3385
-0.426682,-2.22237,10.9588
-0.469528,-2.1581,10.8195
-0.47905,-2.28307,10.8338
-0.305283,-2.19023,11.104
-0.331467,-2.72105,10.7969
-0.256485,-2.79128,10.5256
-0.370743,-2.43541,10.4339
-0.383835,-2.47945,10.4458
-0.398117,-2.45921,10.4494
-0.524277,-2.79485,10.0554
-0.599258,-2.88292,9.77217
-0.555222,-2.49492,9.9507
-0.452866,-2.23308,10.0602
-0.424301,-2.34258,9.86262
-0.509995,-2.38304,9.64958
-0.488571,-1.98314,9.78407
-0.431442,-1.66179,9.85905
-0.375504,-1.72844,9.79121
-0.367172,-1.8308,9.70909
-0.349319,-1.65108,9.7448
-0.304092,-1.19048,10.0185
-0.22197,-1.09288,10.0471
-0.293381,-1.26903,9.8662
-0.273148,-1.14049,9.9138
-0.164841,-0.906021,10.0947
-0.100571,-1.06194,10.065
-0.0803375,-1.21309,9.94713
-0.0136871,-1.08217,10.0412
-0.00892639,-0.650131,10.2125
0.0184479,-0.944107,10.1066
-0.0874786,-1.33449,9.73409
-0.0922394,-1.2964,9.68291
-0.0291595,-0.733444,9.93166
-0.111282,-0.38353,10.0661
-0.100571,-0.817947,9.8412
-0.185074,-1.03456,9.64125
-0.145798,-1.04884,9.62578
-0.168411,-0.738205,9.7448
-0.267197,-0.795334,9.71385
-0.189835,-0.976242,9.80193
-0.236252,-1.00362,9.74361
-0.156509,-1.02623,9.86739
-0.118423,-1.04051,9.85905
-0.0874786,-1.01195,9.92451
-0.0827179,-0.925064,9.9626
-0.113663,-0.83699,9.95308
-0.0291595,-0.994095,9.83287
0.0374908,-1.12025,9.93047
0.0505829,-1.11549,9.90666
0.0398712,-0.992905,10.0019
0.00535583,-0.959579,10.0066
0.00297546,-0.890549,10.0352
-0.00773621,-0.70845,10.0554
-0.0862885,-0.77391,9.9745
-0.0839081,-0.917923,9.86739
-0.0291595,-0.920303,9.97093
0.0815277,-0.738205,10.0126
-0.0731964,-0.762009,9.96855
-0.100571,-1.01552,9.78883
-0.0279694,-0.926254,9.86739
-0.00892639,-0.950058,9.99593
-0.0612946,-0.894119,10.0578
-0.0160675,-0.747726,10.0769
-0.0482025,-0.779861,10.0114
-0.0374908,-0.908401,9.93047
-0.0101166,-0.845322,9.93285
-0.0731964,-0.653702,9.93761
-0.0696259,-0.669174,9.93642
-0.0624847,-0.828659,9.81502
-0.0339203,-0.978622,9.74956
-0.0862885,-0.83342,9.74599
-0.0970001,-0.670364,9.80073
-0.0184479,-0.538254,9.87334
0.00416565,-0.694168,9.80312
0.0303497,-0.820328,9.80669
0.0529633,-0.864365,9.74004
0.0303497,-0.585861,9.91142
-0.057724,-0.602524,9.90666
0.0172577,-0.663223,9.9269
0.0541534,-0.670364,9.97331
-0.00892639,-0.660843,9.97807
-0.0493927,-0.432327,10.015
-0.0232086,-0.482315,10.0412
0.00535583,-0.740585,9.91737
-0.0886688,-0.785812,9.79716
-0.00773621,-0.538254,9.97212
0.0815277,-0.554916,10.0019
-0.00535583,-0.694168,9.89238
-0.0267792,-0.764389,9.92333
-0.0172577,-0.821518,9.81978
0.0410614,-0.633469,9.94237
0.0636749,-0.589432,9.97688
0.0220184,-0.683456,9.93404
0.0470123,-0.722733,9.79002
-0.00297546,-0.688217,9.78407
-0.100571,-0.638229,9.72813
-0.089859,-0.714401,9.81978
-0.0351105,-0.657272,9.88048
-0.0363007,-0.688217,9.80193
-0.0113068,-0.662033,9.91142
-0.076767,-0.469223,10.0364
-0.0981903,-0.582291,9.96974
-0.0101166,-0.764389,9.89595
-0.0434418,-0.788193,9.88643
-0.125565,-0.729874,9.90547
-0.112473,-0.541824,10.0531
-0.114853,-0.504929,10.0721
-0.146988,-0.554916,10.1495
-0.22435,-0.429947,10.2018
-0.111282,-0.477554,10.2304
-0.0850983,-0.489456,10.109
-0.000595093,-0.503738,10.1721
-0.0303497,-0.533493,9.96379
-0.0208282,-0.709641,9.83525
-0.0505829,-0.690598,9.73766
-0.127945,-0.584671,9.83644
-0.114853,-0.747726,9.6591
0.136276,-0.815567,9.74956
0.179123,-0.654892,9.89595
0.102951,-0.734634,9.78883
0.0398712,-0.647751,9.85548
0.00535583,-0.504929,9.84358
-0.129135,-0.489456,9.78883
-0.108902,-0.45256,9.8412
-0.0743866,-0.425186,9.90428
-0.110092,-0.4478,9.82454
-0.104141,-0.413284,9.95308
-0.00178528,-0.334732,9.98164
-0.070816,-0.548965,9.84358
-0.117233,-0.650131,9.82097
-0.0958099,-0.422806,9.9269
-0.0684357,-0.272842,10.0638
-0.0434418,-0.289505,9.97093
-0.0755768,-0.518021,9.79002
-0.145798,-0.543014,9.7805
-0.145798,-0.228806,9.87572
-0.0958099,-0.246658,9.93166
-0.057724,-0.45018,9.79598
-0.155319,-0.5811,9.69124
-0.142227,-0.462082,9.83644
-0.0981903,-0.493027,9.88762
-0.16008,-0.465652,9.85667
-0.106522,-0.484695,9.84834
-0.0398712,-0.418045,9.93404
-0.0541534,-0.412094,9.92571
-0.123184,-0.400192,9.92808
-0.132706,-0.484695,9.91142
-0.151749,-0.428757,9.90071
-0.0970001,-0.437088,9.91856
-0.137466,-0.464462,9.89833
-0.106522,-0.407333,9.98879
-0.0981903,-0.32045,9.98402
-0.0208282,-0.423996,9.9876
0.0398712,-0.691788,9.8781
-0.038681,-0.547775,9.9269
-0.0601044,-0.381149,10.0316
-0.00416565,-0.421616,9.99117
-0.0339203,-0.422806,9.9745
-0.0755768,-0.523972,9.91975
-0.0196381,-0.525162,9.91618
-0.0113068,-0.358536,9.97688
-0.0482025,-0.332352,9.93404
-0.0803375,-0.471603,9.86739
-0.125565,-0.489456,9.84834
-0.0220184,-0.362106,9.89
-0.0363007,-0.294266,9.94594
-0.0827179,-0.414475,9.90904
-0.0303497,-0.426376,9.8412
-0.0434418,-0.443039,9.82573
-0.0184479,-0.419235,9.96022
-0.0410614,-0.490646,9.87334
-0.102951,-0.526352,9.86144
-0.0434418,-0.539444,9.88048
-0.0208282,-0.445419,9.84239
-0.0720062,-0.288315,10.0185
-0.0755768,-0.369247,9.95189
0.0303497,-0.454941,9.85667
-0.0303497,-0.407333,9.94356
-0.0850983,-0.353775,9.93285
-0.0351105,-0.265701,9.92213
-0.00773621,-0.271652,9.91737
0.0422516,-0.25737,9.97926
-0.0243988,-0.38472,9.91856
-0.00892639,-0.494217,9.8293
0.0612946,-0.315689,9.96022
0.0291595,-0.214523,10.0209
-0.0434418,-0.309738,10.0162
-0.00773621,-0.548965,9.85548
0.0101166,-0.425186,9.90547
0.0113068,-0.301407,9.95903
-0.0113068,-0.260941,9.9388
-0.00535583,-0.466843,9.91737
-0.0196381,-0.520401,9.86739
-0.0541534,-0.440659,9.86739
-0.0529633,-0.396622,9.95665
-0.0803375,-0.25618,9.98045
-0.111282,-0.270462,9.93285
-0.0529633,-0.32402,9.88167
0.0291595,-0.315689,9.93404
0.00773621,-0.209763,9.96855
0.070816,-0.171677,10.0185
0.111282,-0.282364,9.90428
0.195786,-0.307358,9.91975
0.194595,-0.243088,9.96022
0.111282,-0.172867,9.91499
0.121994,-0.222855,9.88762
0.142227,-0.226425,9.9138
0.0910492,-0.146683,9.87334
0.0184479,0.0187531,9.9745
-0.0148773,-0.0740814,9.87691
-0.0910492,-0.0514679,9.88286
-0.0422516,0.0627899,9.94118
-0.132706,0.0104218,9.93404
-0.101761,-0.164536,9.96617
-0.0363007,-0.213333,10.0435
-0.102951,-0.19191,10.0769
-0.206497,-0.184769,10.2494
-0.28862,0.0949249,10.5708
-0.22316,0.111588,10.6517
-0.254105,-0.174057,10.2828
-0.214828,-0.160965,10.2542
-0.044632,0.653122,10.1673
0.0970001,1.58385,9.74004
-0.0517731,2.39674,9.14137
0.200546,3.21797,8.28206
0.152939,4.07014,7.2823
0.394547,5.61501,6.73244
0.99202,7.26936,6.47179
1.23125,8.33339,6.35634
1.21101,7.53358,5.51845
1.45262,7.35982,4.77577
1.79063,8.14534,4.627
1.6133,8.42146,4.21638
1.56569,8.17747,3.64153
1.45976,8.0894,3.08809
0.862289,8.34529,2.38231
0.788498,8.12511,1.87767
1.15627,8.08583,1.53728
1.32408,8.7321,1.7527
1.47166,8.94276,1.60036
1.62877,9.08797,1.42778
1.72874,9.23912,1.39326
1.86086,9.3748,1.3159
1.83586,9.52715,1.32185
1.9037,9.29506,1.1707
1.78111,9.62474,0.935043
1.72279,9.92348,0.916
1.8311,9.83897,1.14214
1.88823,10.227,1.46111
1.86086,10.7602,2.00859
1.9156,10.9387,2.8441
1.93346,10.0175,3.34041
1.78706,9.31648,3.74031
1.74541,9.46288,4.11641
1.70375,9.69496,5.05547
1.58473,9.47835,5.89217
1.6859,8.37266,5.94215
1.22292,7.61571,6.35872
1.48595,6.06728,6.59676
1.15865,3.38103,5.59343
0.620682,0.970901,6.13139
0.789688,1.07207,7.70244
0.776596,1.32558,8.18684
0.0160675,-0.0276642,8.34395
-0.0422516,-1.33687,8.18565
0.104141,-3.01027,8.03212
-0.121994,-2.33543,8.63911
-0.0303497,-1.12621,9.81978
0.129135,-0.652512,10.5113
0.410019,-0.45018,11.0373
0.570694,-1.17619,10.6327
0.457626,-1.62251,10.1019
0.311234,-1.42137,10.1316
0.584976,-0.546585,10.6339
0.636154,-0.333542,10.6565
0.47905,-0.756058,10.3613
0.601639,-1.03813,9.99355
0.614731,-1.03099,9.88762
0.551651,-0.695358,10.0554
0.682571,-0.583481,10.1875
0.640915,-0.804855,9.93285
0.534988,-0.906021,9.8055
0.575455,-0.934586,9.60435
0.601639,-0.590622,9.82573
0.501663,-0.351395,10.0435
0.421921,-0.463272,10.0054
0.361221,-0.671555,9.76503
0.276718,-0.70845,9.62221
0.321945,-0.627518,9.71385
0.324326,-0.559677,9.77812
0.298141,-0.719162,9.67577
0.22316,-0.757248,9.69481
0.273148,-0.660843,9.86858
0.219589,-0.51088,9.89476
0.152939,-0.70488,9.84239
0.107712,-0.811996,9.85548
0.281479,-0.758438,9.97093
0.390976,-0.675125,10.0757
0.421921,-0.546585,10.1483
0.452866,-0.738205,10.0614
0.396927,-0.854843,9.92571
0.374313,-0.778671,9.88643
0.293381,-0.521591,9.96141
0.248154,-0.379959,10.0043
0.340988,-0.395432,9.98402
0.421921,-0.501358,9.88524
0.425491,-0.70726,9.77931
0.475479,-0.648941,9.81026
0.399307,-0.51564,9.89714
0.421921,-0.423996,9.85548
0.411209,-0.431137,9.86382
0.35408,-0.619186,9.67696
0.338608,-0.57991,9.70671
0.432632,-0.531113,9.7805
0.452866,-0.431137,9.91499
0.41954,-0.538254,9.89357
0.454056,-0.57634,9.84358
0.375504,-0.51683,9.86977
0.368362,-0.335922,10.0328
0.423111,-0.341873,10.0852
0.493332,-0.519211,9.99712
0.471909,-0.594193,9.93642
0.54213,-0.587051,9.94951
0.537369,-0.38591,9.97212
0.458817,-0.478745,9.88167
0.408829,-0.600143,9.80907
0.471909,-0.435898,9.82692
0.432632,-0.369247,9.93404
0.437393,-0.371628,9.92571
0.445725,-0.493027,9.89
0.446915,-0.603714,9.77812
0.521896,-0.609665,9.80193
0.439774,-0.408524,9.92333
0.382645,-0.400192,9.93047
0.407639,-0.588242,9.7448
0.537369,-0.676315,9.79598
0.512375,-0.51207,9.95546
0.549271,-0.425186,10.0043
0.462387,-0.508499,9.94237
0.438583,-0.710831,9.81145
0.464767,-0.728684,9.73527
0.390976,-0.490646,9.90428
0.327896,-0.458511,9.99355
0.477859,-0.526352,10.009
0.554031,-0.689407,9.84001
0.439774,-0.593002,9.82335
0.451675,-0.531113,9.8781
0.456436,-0.439468,9.93404
0.399307,-0.51207,9.91975
0.410019,-0.504929,9.87096
0.390976,-0.3871,9.99355
0.406448,-0.374008,10.0388
0.458817,-0.431137,10.0412
0.511185,-0.582291,9.9507
0.451675,-0.529922,9.92928
0.475479,-0.601334,9.88048
0.530228,-0.493027,9.95427
0.390976,-0.548965,9.87334
0.439774,-0.603714,9.77931
0.485001,-0.518021,9.77217
0.429062,-0.454941,9.83525
0.399307,-0.459702,9.85191
0.485001,-0.489456,9.89119
0.523087,-0.489456,9.85786
0.426682,-0.487076,9.90785
0.493332,-0.462082,9.91975
0.499283,-0.493027,9.93999
0.47905,-0.488266,9.83763
0.404068,-0.523972,9.77574
0.390976,-0.389481,9.85786
0.395737,-0.222855,9.89714
0.432632,-0.350204,9.92928
0.411209,-0.552536,9.80193
0.486191,-0.619186,9.82216
0.446915,-0.441849,9.87096
0.425491,-0.351395,9.91023
0.357651,-0.391861,9.86025
0.461197,-0.543014,9.77693
0.496902,-0.571579,9.91261
0.492142,-0.468033,9.90071
0.404068,-0.538254,9.98997
0.460007,-0.602524,9.90309
0.431442,-0.539444,9.93523
0.454056,-0.482315,9.9745
0.431442,-0.521591,9.86501
0.405258,-0.543014,9.85191
0.421921,-0.456131,9.94594
0.405258,-0.285934,9.96379
0.363602,-0.264511,9.9507
0.306473,-0.439468,9.81145
0.396927,-0.543014,9.7924
0.400497,-0.45018,9.91023
0.370743,-0.332352,9.90309
0.393356,-0.545395,9.86025
0.386215,-0.603714,9.81026
0.400497,-0.472794,9.90785
0.454056,-0.325211,9.98997
0.446915,-0.498978,9.88643
0.400497,-0.570389,9.85072
0.367172,-0.481125,9.8055
0.327896,-0.390671,9.84596
0.3517,-0.337112,9.90904
0.346939,-0.432327,9.91023
0.383835,-0.459702,9.90309
0.396927,-0.416855,9.89595
0.331467,-0.473984,9.86025
0.446915,-0.416855,9.97688
0.407639,-0.3871,9.92571
0.343369,-0.479935,9.91261
0.429062,-0.51326,9.86025
0.339798,-0.541824,9.81621
0.340988,-0.412094,9.99117
0.392166,-0.31926,9.96855
0.462387,-0.38472,9.9864
0.446915,-0.445419,9.85191
0.368362,-0.381149,9.84953
0.387405,-0.313309,9.83168
0.383835,-0.309738,9.85072
0.377884,-0.399002,9.82811
0.379074,-0.458511,9.84715
0.343369,-0.466843,9.82216
0.385025,-0.325211,9.94118
0.317184,-0.32045,9.90666
0.424301,-0.391861,9.91023
0.399307,-0.376389,9.82692
0.41716,-0.508499,9.85905
0.432632,-0.426376,9.86977
0.399307,-0.408524,9.90071
0.369553,-0.400192,9.9507
0.412399,-0.334732,9.9138
0.358841,-0.357346,9.9269
0.362411,-0.438278,9.93285
0.432632,-0.351395,9.88643
0.408829,-0.439468,9.90071
0.329086,-0.415665,9.8662
0.35289,-0.391861,9.9138
0.385025,-0.366867,9.90071
0.321945,-0.433517,9.91856
0.337418,-0.527542,9.89238
0.473099,-0.502548,9.94713
0.41716,-0.38353,9.92213
0.392166,-0.466843,9.88762
0.313614,-0.453751,9.86977
0.375504,-0.427567,9.93761
0.41835,-0.476364,9.88167
0.396927,-0.433517,9.89714
0.399307,-0.391861,9.91975
0.405258,-0.440659,9.93404
0.430252,-0.433517,9.87691
0.3517,-0.470413,9.76979
0.282669,-0.446609,9.70552
0.279099,-0.414475,9.80073
0.380264,-0.406143,9.94237
0.435013,-0.334732,10.015
0.362411,-0.445419,9.97807
0.383835,-0.353775,10.0293
0.424301,-0.364487,10.0626
0.432632,-0.495407,9.91618
0.437393,-0.495407,9.8662
