0.0743866,0.936386,10.0828
-0.0827179,0.998276,10.0923
-0.199356,0.957809,9.95427
-0.273148,0.912582,9.83525
-0.244583,0.888779,9.82335
-0.230301,0.922104,9.85905
-0.170792,0.972092,9.87572
-0.139847,0.957809,9.89238
-0.123184,0.914963,9.95427
-0.0827179,0.929245,9.84953
-0.127945,0.974472,9.85905
-0.180313,1.02684,9.84477
-0.182693,0.943527,9.69481
-0.251724,0.934006,9.53056
-0.313614,0.96257,9.45201
-0.320755,0.96019,9.52818
-0.301712,1.02446,9.54008
-0.242203,1.0435,9.67339
-0.232681,1.0435,9.60912
-0.249344,1.04112,9.56627
-0.261246,0.700729,9.52342
-0.220779,0.805466,9.59721
-0.256485,0.867355,9.70195
-0.22554,0.948288,9.84477
-0.239822,0.955429,9.80431
-0.323135,1.00304,9.72099
-0.470718,1.01732,9.67339
-0.470718,0.981613,9.58531
-0.401688,1.00542,9.6591
-0.263626,1.06493,9.68767
-0.116043,0.819748,9.56389
-0.116043,0.943527,9.5258
-0.132706,0.907822,9.47819
-0.0517731,0.943527,9.45439
-0.130325,1.02208,9.45915
-0.116043,1.05778,9.49486
-0.0850983,1.03398,9.46391
-0.127945,1.03398,9.56865
-0.0660553,1.11015,9.60435
0.0243988,1.153,9.69243
-0.0113068,1.05064,9.69243
-0.0541534,1.02446,9.75194
-0.0731964,0.993515,9.91856
0.00773621,0.974472,9.86382
-0.0303497,1.08873,9.78764
-0.0589142,1.07207,9.72099
-0.106522,1.10777,9.73527
-0.0922394,1.10539,9.83287
-0.00892639,1.20061,9.87572
0.0648651,1.1768,10.059
0.0815277,1.13634,10.09
0.150558,1.04588,10.0923
0.16008,1.02684,10.0019
0.057724,1.02684,9.86858
-0.070816,0.955429,9.83763
-0.0755768,0.934006,9.80431
-0.0874786,0.891159,9.82811
-0.0660553,0.917343,9.84477
-0.118423,0.926865,9.84715
-0.201736,0.941147,9.76622
-0.339798,0.886398,9.71147
-0.380264,0.969711,9.74718
-0.549271,0.734055,9.68053
-0.558792,0.70787,9.59483
-0.423111,0.626938,10.0066
-0.375504,0.567429,9.79478
-0.342178,0.108017,9.74004
-0.3517,0.069931,9.67815
-0.475479,0.262741,9.50676
-0.456436,0.2556,9.46153
-0.342178,0.605514,9.85429
-0.213638,0.903061,9.79002
-0.163651,0.988754,9.99712
-0.0160675,0.979233,10.0661
0.205307,0.798325,10.0542
0.340988,0.791184,10.3042
0.445725,0.524582,10.2352
0.452866,0.346054,10.0304
0.41954,0.324631,9.95189
0.398117,0.438889,9.90428
-0.0636749,0.455551,9.75194
-0.196976,0.612656,9.9138
-0.0850983,0.536484,9.96141
0.0101166,0.557907,10.0423
0.0482025,0.588852,9.99712
0.0243988,0.598373,9.74956
-0.0946198,0.496017,9.49724
-0.132706,0.343674,9.45201
-0.0279694,0.162766,9.61864
0.131516,0.179428,9.64244
0.205307,0.234177,9.76384
0.267197,0.162766,9.83287
0.255295,0.196091,9.96141
0.238632,0.153244,10.0995
0.210068,0.110397,10.1185
0.112473,0.0318451,9.91618
-0.0779572,0.100876,9.80431
-0.0517731,0.00566101,9.9876
0.0505829,0.143723,10.059
0.179123,0.179428,10.2756
0.22435,0.436508,10.1399
0.198166,0.531723,9.85905
0.0696259,0.550766,9.7448
-0.0589142,0.422226,9.75194
-0.130325,0.305588,9.75908
-0.170792,0.148483,9.6353
-0.0922394,0.103256,9.63292
-0.0113068,0.281784,9.69481
0.0553436,0.45079,9.68053
-0.0470123,0.500778,9.54008
-0.139847,0.422226,9.54485
-0.0422516,0.38652,9.73527
0.145798,0.403183,9.87096
0.293381,0.329391,9.96855
0.381454,0.291306,10.0661
0.448105,0.229416,10.0233
0.457626,0.286545,9.94713
0.371933,0.31987,9.94475
0.340988,0.341293,10.0281
0.295761,0.374619,9.96855
0.383835,0.57933,10.1042
0.443344,0.64122,10.2066
0.48381,0.610275,10.259
0.493332,0.534103,10.1923
0.41716,0.474594,10.0638
0.295761,0.531723,10.0804
0.243393,0.600754,9.93047
0.236252,0.598373,9.88048
0.169601,0.503159,9.67815
0.0529633,0.453171,9.6591
0.348129,0.196091,9.84477
0.41716,0.32225,9.9019
0.367172,0.362717,9.81859
0.324326,0.472214,9.81383
0.407639,0.488876,9.7805
0.376694,0.562668,9.8781
0.293381,0.615036,9.7448
0.248154,0.593613,9.81621
0.307663,0.529343,9.81859
0.35527,0.546005,9.76384
0.464767,0.543625,9.7686
0.512375,0.534103,9.75908
0.54808,0.622177,9.87572
0.583786,0.755478,9.92094
0.648056,0.741196,9.88286
0.621872,0.665024,9.87096
0.621872,0.617416,9.8781
0.657578,0.6436,9.83763
0.557602,0.722153,9.81621
0.457626,0.698349,9.80669
0.629013,0.469833,9.84477
0.686142,0.526962,9.89714
0.655197,0.619797,10.0281
0.593307,0.660263,10.0614
0.605209,0.562668,9.91142
0.559982,0.484116,9.84001
0.536179,0.536484,9.84001
0.533798,0.598373,9.83525
0.502853,0.667404,9.79478
0.431442,0.657883,9.74718
0.386215,0.593613,9.73289
0.312424,0.655502,9.69719
0.424301,0.648361,9.69243
0.455246,0.762619,9.74242
0.457626,0.676926,9.86382
0.433823,0.631699,9.81145
0.400497,0.562668,9.81621
0.410019,0.491257,9.7805
0.464767,0.531723,9.78288
0.514755,0.662643,9.81145
0.47905,0.684067,9.68291
0.493332,0.757858,9.80669
0.488571,0.753098,9.83763
0.536179,0.679306,9.80669
0.47905,0.588852,9.68291
0.445725,0.412704,9.68529
0.421921,0.44841,9.68053
0.457626,0.398422,9.59721
0.443344,0.462692,9.64482
0.490952,0.560288,9.65434
0.555222,0.650742,10.0043
0.529038,0.572189,9.91618
0.517136,0.672165,9.89952
0.490952,0.693588,9.90904
0.498093,0.631699,9.79955
0.448105,0.569809,9.7924
0.405258,0.610275,9.83287
0.390976,0.584091,9.7567
0.35527,0.636459,9.81859
0.407639,0.612656,9.80193
0.407639,0.619797,9.74718
0.440964,0.610275,9.74242
0.41716,0.538864,9.79955
0.448105,0.526962,9.84239
0.476669,0.538864,9.74718
0.490952,0.624557,9.8662
0.524277,0.657883,9.90904
0.526657,0.645981,9.87572
0.54808,0.686447,9.88048
0.507614,0.505539,9.77812
0.505234,0.655502,9.88524
0.498093,0.619797,9.81621
0.360031,0.669785,9.85191
0.360031,0.676926,9.82097
0.400497,0.660263,9.82573
0.512375,0.788803,9.7924
0.502853,0.803085,9.81145
0.493332,0.684067,9.68291
0.462387,0.657883,9.76384
0.54332,0.57695,9.78526
0.469528,0.684067,9.86382
0.47905,0.6436,9.87334
0.495712,0.655502,9.97569
0.540939,0.772141,9.93999
0.509995,0.726913,9.93285
0.54332,0.684067,9.93523
0.533798,0.762619,9.88762
0.464767,0.779282,9.87572
0.400497,0.672165,9.9019
0.448105,0.584091,9.83763
0.460007,0.534103,9.8781
0.462387,0.610275,9.78526
0.502853,0.605514,9.78288
0.467148,0.605514,9.72575
0.452866,0.51268,9.78526
0.452866,0.548386,9.71861
0.405258,0.63884,9.67339
0.383835,0.624557,9.69957
0.426682,0.662643,9.70195
0.452866,0.686447,9.79955
0.410019,0.479355,9.74956
0.431442,0.484116,9.7686
0.393356,0.51268,9.83049
0.41954,0.572189,9.81145
0.440964,0.57695,9.69243
0.393356,0.64122,9.84953
0.41716,0.688828,9.91618
0.41954,0.719772,9.91618
0.443344,0.674545,9.87334
0.424301,0.612656,9.95189
0.517136,0.615036,9.84953
0.47905,0.603134,9.87572
0.502853,0.612656,9.80193
0.426682,0.615036,9.80193
0.448105,0.572189,9.84953
0.433823,0.538864,9.82573
0.464767,0.660263,9.75432
0.386215,0.70311,9.6472
0.398117,0.660263,9.77812
0.421921,0.674545,9.75194
0.388596,0.655502,9.72099
0.35051,0.591232,9.65434
0.398117,0.731674,9.64958
0.357651,0.660263,9.68053
0.383835,0.484116,9.70433
0.329086,0.615036,9.64958
0.333847,0.70311,9.73052
0.462387,0.562668,9.7448
0.445725,0.474594,9.55199
0.410019,0.584091,9.65672
0.519516,0.557907,10.0281
0.488571,0.648361,10.0423
0.493332,0.612656,10.0019
0.54808,0.569809,9.95903
0.602829,0.57933,10.0162
0.724228,0.679306,10.1423
0.752792,0.798325,10.2209
0.80516,0.876877,10.0162
0.733749,1.00542,9.99235
0.826584,1.12444,10.0185
0.917038,1.40532,9.22111
0.895615,1.541,9.23302
0.848007,1.55766,9.35204
0.938461,1.53624,9.36394
1.03844,1.54338,9.48772
1.27409,1.50768,9.6234
1.54784,1.42674,9.73052
1.66447,1.29344,9.6353
1.64305,1.17442,9.66148
1.58592,1.21727,9.75908
1.50261,1.19585,9.60674
1.2122,1.18633,9.48772
1.02653,1.21251,9.3687
0.945602,1.33153,9.38536
0.921799,1.45531,9.42345
0.859909,1.66478,9.48772
0.826584,1.75761,9.3687
0.790878,1.81474,9.37584
0.774216,1.82188,9.45677
0.967026,1.80522,9.69243
1.36693,1.07207,9.9185
1.20268,1.0197,9.88524
0.926559,1.02208,9.77812
0.707565,0.948288,9.68767
0.659958,1.02922,9.59959
0.645676,1.10539,9.61626
0.733749,1.21251,9.671
0.850388,1.31725,9.9138
1.01225,1.33153,9.98521
1.04796,1.33629,10.0328
0.878952,1.15538,9.94713
0.681381,1.0316,9.74004
0.590927,0.872116,9.88762
0.693283,0.710251,9.94713
0.809921,0.824509,10.0233
0.86705,0.941147,10.1495
0.850388,0.983994,10.0162
0.73851,1.08873,10.0043
0.80278,1.05302,9.97569
0.914658,0.943527,9.99474
1.14079,0.238937,9.6591
1.01701,0.265121,9.75194
0.943222,0.307968,9.75194
0.919418,0.277023,9.64958
0.73851,0.310349,9.45677
0.657578,0.526962,9.36632
0.61235,0.741196,9.44249
0.626633,0.884018,9.54723
0.569504,0.855453,9.57103
0.60759,0.874496,9.62578
0.902756,0.793564,9.68291
0.886093,0.722153,9.73527
0.798019,0.826889,9.671
0.709946,0.750717,9.64958
0.852768,0.717392,9.70433
1.05034,0.684067,9.73766
1.05748,0.791184,9.85191
1.08842,0.819748,9.9019
1.02177,0.738815,9.9138
0.983688,0.841171,9.87334
0.86705,1.33153,9.40678
0.969406,1.31963,9.46391
0.99321,1.35057,9.43773
0.997971,1.25774,9.40916
0.850388,1.05778,9.34251
0.776596,0.972092,9.33775
0.774216,1.00066,9.44249
0.909897,1.06017,9.57817
0.990829,1.13158,9.671
0.957504,1.21013,9.67815
0.86467,1.19585,9.73527
0.857529,1.23869,9.89952
0.997971,1.22917,10.0114
1.09557,1.09349,9.95189
1.21935,1.09587,10.0209
1.35027,1.0435,9.99235
1.23601,1.09111,9.85667
1.10033,0.900681,9.77336
1.00511,0.712631,9.6591
0.933701,0.541245,9.59007
0.907516,0.565048,9.62816
1.07414,0.648361,9.68529
1.05748,0.743576,9.79716
1.16698,0.881638,9.74004
1.16698,0.8983,9.69243
1.0313,1.00066,9.69957
0.909897,1.07921,9.66624
0.893234,1.11015,9.62578
0.886093,1.08159,9.73289
0.848007,1.10777,9.60912
0.698044,1.07921,9.69719
0.67186,1.1292,9.70195
0.574264,1.08397,9.68291
0.648056,1.11729,9.80669
0.80516,1.20537,9.90428
0.824203,1.26726,10.0971
0.788498,1.25298,10.1376
0.645676,1.08397,10.1138
0.512375,1.03398,10.1352
0.600449,0.848312,10.1114
1.32646,3.11205,7.62627
1.50261,3.91899,7.2216
1.88347,5.39958,7.29778
2.2072,6.47789,7.40965
2.40001,6.52312,7.39775
2.27385,6.47789,6.60271
2.26195,6.18987,6.07188
2.28575,7.0468,5.34825
2.18101,8.11558,5.07451
1.99535,8.27031,5.0031
1.9525,8.67973,0.896957
1.99773,9.19151,0.616074
2.15959,9.43669,0.937424
2.1953,9.16771,0.749374
2.21434,9.06535,0.570847
2.31432,9.22722,0.192368
2.41429,9.67235,0.101913
2.36192,9.61998,0.485153
2.55473,9.53667,0.392319
2.71422,9.18199,0.113815
3.13792,10.4531,3.97002
3.18077,9.58666,4.61272
3.33311,9.66521,4.81743
3.32359,9.11058,4.7841
2.86418,7.92516,4.91978
2.062,6.66356,5.05547
1.70018,5.48528,5.00548
1.48119,4.48314,5.06737
1.50023,4.14513,5.46489
1.76921,3.79283,5.71721
2.05009,3.0454,5.65056
1.843,2.20036,5.91478
1.15984,1.88853,6.13139
0.538559,1.20299,6.67888
0.452866,0.51268,7.39061
1.01701,-0.096695,7.78099
1.35027,-0.696548,7.68578
1.52165,-0.670364,8.10234
1.31456,-0.25618,8.33324
0.99321,0.000900269,8.89262
1.41216,-0.182388,10.7803
1.54784,-0.548965,10.3018
0.73851,-1.34639,9.56389
0.493332,-1.43922,9.56389
0.686142,-1.13216,9.79716
1.07414,-0.882217,10.0852
1.29076,-0.83223,10.0661
1.30266,-0.846512,10.0376
1.09795,-0.951248,9.94237
0.824203,-0.958389,9.87095
1.35503,-1.08455,9.82573
1.41454,-1.04646,9.84239
1.26457,-1.04408,9.77574
1.08366,-1.05122,9.73527
0.967026,-1.0179,9.80431
1.06462,-0.863174,9.92094
1.30266,-0.715591,10.159
1.39073,-0.551346,10.1852
1.3098,-0.565628,10.0304
1.12175,-0.637039,9.58769
0.981308,-0.932205,9.41393
0.883713,-1.01552,9.52818
1.07176,-1.05836,9.74242
1.30504,-0.975052,9.89952
1.45976,-0.860794,10.059
1.48119,-0.756058,10.0971
1.35741,-0.906021,10.0281
1.20506,-1.00362,9.85191
1.10509,-1.21071,9.77098
1.14079,-1.37019,9.67815
1.42168,-1.06075,9.7805
1.44072,-0.844131,9.78288
1.25505,-0.83223,9.63768
1.08604,-0.789383,9.48772
1.00749,-0.729874,9.52818
1.09795,-0.715591,9.7448
1.30742,-0.725113,9.89714
1.39787,-0.589432,9.89952
1.37645,-0.632278,9.93761
1.286,-0.741776,9.7805
1.3217,-0.939346,9.82573
1.17888,-0.929825,9.78288
1.14079,-0.939346,9.94713
1.17174,-0.96077,9.88762
1.19792,-0.975052,9.77574
1.20268,-0.986954,9.71861
1.25505,-0.915543,9.79955
1.31218,-0.894119,9.88524
1.22173,-0.889359,9.82811
1.10747,-0.863174,9.80193
1.08604,-0.851273,9.76146
1.20982,-0.96315,9.73766
1.31932,-0.991715,9.80669
1.40739,-0.979813,9.78288
1.40263,-1.01314,9.76384
1.29076,-0.979813,9.69957
1.22411,-0.956009,9.60674
1.19792,-1.00362,9.68291
1.19792,-0.989334,9.68291
1.31218,-0.979813,9.65196
1.24791,-0.882217,9.85905
1.27409,-0.846512,9.86144
1.19316,-0.758438,9.70909
1.20506,-0.810806,9.70195
1.19554,-0.813187,9.7805
1.13841,-0.853653,9.77812
1.09319,-0.991715,9.7686
1.16222,-1.03932,9.73766
1.1765,-0.989334,9.70671
1.14793,-1.05598,9.66624
1.25029,-0.944107,9.69957
1.20744,-0.967911,9.77574
1.20506,-0.915543,9.77812
1.19554,-0.989334,9.80669
1.22887,-0.967911,9.72813
1.20268,-0.889359,9.72099
1.17174,-0.875076,9.7448
1.20268,-0.967911,9.77336
1.25981,-0.906021,9.75908
1.26457,-0.910782,9.83525
1.22411,-0.903641,9.82097
1.22887,-1.04408,9.86144
1.23125,-1.03694,9.85667
1.26219,-1.04646,9.84477
1.25981,-1.00838,9.84001
1.29076,-0.906021,9.96617
1.31218,-0.8965,9.98045
1.28362,-0.882217,9.93047
1.27409,-0.934586,9.89714
1.28838,-0.932205,9.91856
1.27409,-0.920303,9.82573
1.24553,-0.920303,9.72337
1.20982,-0.922684,9.68767
1.19078,-0.860794,9.73527
1.17888,-0.758438,9.81859
1.14317,-0.684647,9.74004
1.06224,-0.594193,9.73289
1.16222,-0.70845,9.66624
1.20744,-0.863174,9.62102
1.22173,-0.865555,9.60435
1.23125,-0.8965,9.58293
1.2122,-0.867935,9.60197
1.2122,-0.8965,9.66148
1.24791,-0.917923,9.65434
1.23125,-0.927444,9.6472
1.21458,-0.920303,9.68767
1.18364,-0.872696,9.68053
1.23601,-0.853653,9.7686
1.23363,-0.853653,9.70909
1.22411,-0.846512,9.66624
1.35027,-0.863174,9.76622
1.42406,-0.829849,9.82811
1.34074,-0.77034,9.83287
1.39787,-0.789383,9.83525
1.30266,-0.851273,9.78764
1.18602,-0.796524,9.83525
1.23363,-0.760818,9.92808
1.25981,-0.753677,9.84715
1.28123,-0.70369,9.89476
1.30266,-0.696548,9.91856
1.2979,-0.841751,9.73052
1.26457,-0.722733,9.64958
1.25743,-0.741776,9.62578
1.25743,-0.758438,9.62578
1.23601,-0.860794,9.54485
1.24553,-0.806046,9.62816
1.15508,-0.737015,9.50438
1.05748,-0.689407,9.6591
1.08128,-0.660843,9.77812
1.21696,-0.660843,9.77574
1.21935,-0.691788,9.7805
1.17888,-0.617996,9.72337
1.15508,-0.715591,9.67815
1.13127,-0.848892,9.71861
1.12175,-0.96315,9.69719
1.21458,-0.998856,9.70909
1.16936,-0.944107,9.59483
1.15984,-0.994095,9.63768
1.17174,-0.953629,9.76146
1.26695,-0.882217,9.80193
1.25981,-0.806046,9.89238
1.24791,-0.848892,9.85191
1.20982,-0.827469,9.76146
1.25981,-0.822708,9.78288
1.27171,-0.753677,9.73052
1.20268,-0.817947,9.79002
1.21458,-0.848892,9.72575
1.23125,-0.844131,9.75432
1.22173,-0.884598,9.70671
1.12413,-0.815567,9.80907
1.26695,-0.794144,9.68529
1.20268,-0.796524,9.74004
1.17412,-0.77272,9.68767
1.19554,-0.822708,9.70909
1.14079,-0.841751,9.83049
1.2003,-0.863174,9.82811
1.2122,-0.813187,9.89714
1.1884,-0.760818,9.8781
1.12651,-0.727493,9.94237
1.25981,-0.722733,9.96617
1.30504,-0.813187,9.86382
1.30742,-0.803665,9.81621
1.35265,-0.908401,9.82335
1.36455,-0.929825,9.85191
1.37645,-0.8965,9.88286
1.31456,-0.846512,9.93047
1.24791,-0.801285,9.93047
1.21458,-0.737015,9.93285
1.24077,-0.622757,9.96855
1.28362,-0.634659,9.98997
1.21935,-0.720352,9.75908
1.23601,-0.63942,9.77574
1.15746,-0.696548,9.76146
1.15269,-0.689407,9.69005
1.18602,-0.679886,9.69957
1.22887,-0.696548,9.68767
1.24077,-0.739395,9.69957
1.20506,-0.748917,9.82811
1.23839,-0.660843,9.88524
1.24077,-0.658462,9.86382
1.20744,-0.637039,9.87334
1.18602,-0.70607,9.84001
1.22173,-0.751297,9.80669
1.26219,-0.739395,9.80907
1.19554,-0.672745,9.81621
1.13603,-0.63942,9.85667
1.19554,-0.572769,9.89952
1.14555,-0.491837,9.81621
1.1765,-0.551346,9.82335
1.19792,-0.546585,9.73527
1.17412,-0.613236,9.7567
1.10985,-0.617996,9.74004
1.15269,-0.637039,9.76146
1.2122,-0.651321,9.71861
1.21935,-0.653702,9.72099
1.286,-0.737015,9.71623
1.19792,-0.784622,9.67815
1.10033,-0.794144,9.65434
1.18364,-0.751297,9.66148
1.19078,-0.715591,9.74242
1.24315,-0.627518,9.76384
1.23601,-0.563248,9.76622
1.18126,-0.589432,9.8781
1.26457,-0.608475,9.92808
1.26219,-0.634659,9.92571
1.20744,-0.672745,9.76146
1.23601,-0.694168,9.69243
1.26695,-0.77034,9.67577
1.286,-0.691788,9.71147
1.22173,-0.606094,9.77574
1.25743,-0.608475,9.89
1.25267,-0.64418,9.81145
1.22173,-0.525162,9.83287
1.19078,-0.57515,9.82573
1.15269,-0.558487,9.87334
1.14555,-0.548965,9.85905
1.16698,-0.582291,9.84001
1.19554,-0.617996,9.78288
1.2122,-0.691788,9.71623
1.15508,-0.70845,9.84239
1.13603,-0.648941,9.78526
1.13127,-0.494217,9.83525
1.12889,-0.508499,9.78526
1.1765,-0.665604,9.76146
1.2122,-0.732254,9.77336
1.24553,-0.717972,9.77812
1.2122,-0.739395,9.81383
1.15508,-0.689407,9.85191
1.11223,-0.670364,9.79955
1.11223,-0.57753,9.84239
1.07414,-0.525162,9.79716
1.09319,-0.51564,9.75432
1.10271,-0.572769,9.77336
1.10271,-0.563248,9.71623
1.15031,-0.591812,9.7686
1.21458,-0.646561,9.77098
1.1765,-0.620377,9.81145
1.17174,-0.656082,9.82811
1.14555,-0.622757,9.78526
1.16936,-0.582291,9.7448
1.1646,-0.556107,9.73766
1.11699,-0.57991,9.63054
0.99559,-0.57753,9.6353
0.936081,-0.663223,9.68529
1.00987,-0.732254,9.72575
1.12651,-0.565628,9.78288
1.16936,-0.463272,9.82573
1.14317,-0.446609,9.82335
1.13127,-0.57515,9.80669
1.10271,-0.617996,9.71861
1.06938,-0.64418,9.81144
1.13127,-0.603714,9.83763
1.13603,-0.565628,9.83049
1.09795,-0.584671,9.84953
1.06938,-0.544205,9.89
1.08842,-0.520401,9.81621
1.0551,-0.544205,9.76384
0.990829,-0.51088,9.80431
1.02653,-0.598953,9.76146
1.00511,-0.613236,9.7924
1.13127,-0.696548,9.84715
1.15031,-0.591812,9.86382
1.11699,-0.496597,9.93285
1.08604,-0.520401,9.82573
1.04796,-0.520401,9.86382
1.02415,-0.556107,9.82811
1.03844,-0.632278,9.91618
1.10747,-0.620377,9.84477
1.10271,-0.634659,9.88524
1.15031,-0.610855,9.78288
1.10271,-0.603714,9.74004
1.04796,-0.601334,9.67815
0.99321,-0.648941,9.71385
1.01701,-0.648941,9.77336
1.03368,-0.563248,9.80669
1.04796,-0.489456,9.87334
1.03844,-0.51088,9.82573
1.10747,-0.527542,9.81621
1.10509,-0.57991,9.81859
1.14793,-0.603714,9.81621
1.12413,-0.727493,9.7924
1.10271,-0.794144,9.74242
1.06224,-0.737015,9.7448
1.06224,-0.63942,9.83287
1.12889,-0.615616,9.85905
1.03368,-0.518021,9.79955
1.0432,-0.539444,9.86382
1.01939,-0.627518,9.79716
1.03606,-0.606094,9.75908
0.964645,-0.613236,9.77812
1.0313,-0.527542,9.79478
1.04558,-0.548965,9.78288
1.00987,-0.479935,9.86858
1.01701,-0.598953,9.84953
1.03606,-0.598953,9.73052
1.13127,-0.682266,9.77098
1.11461,-0.775101,9.82573
1.12889,-0.696548,9.79002
1.07652,-0.665604,9.74242
1.09795,-0.677505,9.79002
1.0313,-0.660843,9.75908
1.02653,-0.57753,9.76384
1.01701,-0.582291,9.74718
0.976547,-0.589432,9.74718
0.955124,-0.670364,9.75194
0.940842,-0.694168,9.73766
1.05986,-0.687027,9.88762
1.11461,-0.684647,9.81859
1.0551,-0.648941,9.84239
0.969406,-0.57991,9.89238
0.950363,-0.675125,9.8781
1.04558,-0.632278,9.84001
1.0551,-0.632278,9.8662
1.03844,-0.584671,9.82335
1.05748,-0.548965,9.80907
1.17412,-0.675125,9.92808
1.19792,-0.665604,9.86858
1.1646,-0.529922,9.93285
1.16222,-0.544205,10.009
1.22887,-0.553726,9.89238
1.20268,-0.660843,9.95189
1.1884,-0.696548,9.87572
1.18126,-0.760818,9.81859
1.14793,-0.741776,9.80669
1.08842,-0.696548,9.79716
1.0789,-0.632278,9.89
1.12175,-0.606094,9.89476
1.13603,-0.658462,9.93761
1.10271,-0.582291,9.91618
1.05748,-0.477554,10.0519
1.0551,-0.534683,9.72575
0.997971,-0.587051,9.68291
0.988449,-0.632278,9.67815
0.978928,-0.518021,9.70433
0.955124,-0.522781,9.65434
0.943222,-0.51326,9.69481
0.890854,-0.532303,9.78526
0.912277,-0.51564,9.80669
0.967026,-0.544205,9.87096
0.990829,-0.532303,9.82573
1.07652,-0.979813,9.86144
1.01225,-1.50111,9.502
0.757553,-1.93672,8.81407
0.686142,-1.4059,8.90215
0.700424,-0.441849,9.30681
0.681381,0.955429,9.89714
0.54332,1.87901,9.7567
0.464767,1.93376,9.44011
0.0934296,1.72191,8.30705
0.150558,1.42436,7.81908
2.13579,8.29649,2.1776
2.27623,8.39171,1.96336
2.4738,9.12248,1.59441
2.45238,10.0342,1.60155
2.5714,10.3984,1.58488
2.36668,10.4364,1.46349
2.30241,10.1199,1.50871
2.37621,9.9818,1.78484
2.33812,9.93657,1.64677
2.18578,9.79613,1.48491
2.16673,9.82469,1.35637
2.21196,10.1151,1.05882
2.1953,10.5293,1.07549
2.32146,10.4031,1.00645
2.35716,10.2532,1.03264
2.32146,10.0151,1.07549
2.35478,9.71519,1.08977
2.34288,9.50096,1.03026
2.37383,9.5938,1.22545
2.4976,9.86992,1.46111
2.46666,9.84135,5.71245
2.46666,9.91991,5.9124
2.46666,9.49382,5.66722
2.39287,8.47502,5.83147
2.11198,7.80852,5.86479
2.05009,6.35411,5.69102
1.93346,4.82829,5.59343
2.01201,3.39293,5.41014
1.85966,1.94328,6.41466
1.86919,2.70738,6.58366
1.74303,2.71452,6.80742
1.41692,2.54076,7.09068
1.17174,2.38841,7.40727
0.833725,1.89091,7.87144
1.0551,0.64122,7.90239
0.80516,0.248459,8.06902
0.814682,0.167526,8.25944
0.933701,-0.401382,7.83336
0.621872,-1.22737,7.99998
0.314804,-1.59633,8.34514
0.295761,-1.50349,8.84978
0.524277,-1.1869,9.42345
0.897995,-0.860794,9.93285
1.01463,-0.956009,9.90904
0.748032,-1.1869,9.65196
0.405258,-1.5511,9.28062
0.35527,-2.08907,8.83549
0.317184,-2.76747,8.7379
0.445725,-3.14833,8.60936
0.507614,-2.84126,9.19017
0.529038,-2.66035,9.49486
0.529038,-2.49849,9.52342
0.712326,-2.16524,9.81383
0.893234,-1.83675,10.0471
1.03368,-1.57014,10.2113
1.00749,-1.41304,10.2637
0.897995,-1.48683,10.0947
0.80516,-1.67488,10.0447
0.821823,-2.02718,9.84001
0.795639,-2.08669,9.73289
0.852768,-1.85579,9.671
0.80278,-1.85341,9.55913
0.745651,-1.91292,9.48058
0.812302,-1.951,9.6234
0.786118,-1.74391,9.66148
0.807541,-1.58443,9.9995
0.726608,-1.53444,10.0995
0.757553,-1.57729,9.87096
0.681381,-1.62727,9.70909
0.67424,-1.72725,9.7686
0.757553,-1.83199,9.7686
0.771835,-1.782,9.6115
0.778976,-1.75105,9.50676
0.757553,-1.81532,9.58769
0.73851,-1.6963,9.68291
0.719467,-1.5154,9.80193
0.695663,-1.50587,9.84477
0.695663,-1.64394,10.0043
0.757553,-1.76295,9.97093
0.774216,-1.80342,9.79955
0.819443,-1.82722,9.74004
0.707565,-1.82008,9.6115
0.514755,-1.54872,9.51628
0.54332,-1.3821,9.75908
0.600449,-1.28688,9.98283
0.717087,-1.45113,9.88762
0.73851,-1.55348,9.81621
0.812302,-1.56776,9.89238
0.833725,-1.55824,9.78288
0.798019,-1.55586,9.64482
0.571884,-1.24641,9.89
0.681381,-1.33687,9.89952
0.67662,-1.24641,9.68291
0.693283,-1.26308,9.59245
0.638535,-1.26546,9.62816
0.583786,-1.21785,9.6234
0.531418,-1.08693,9.64958
0.614731,-1.06789,9.7686
0.643295,-0.984573,9.78764
0.667099,-1.006,9.85905
0.690903,-1.28212,9.86382
0.702805,-1.25832,9.7448
0.619492,-1.05122,9.80431
0.621872,-0.975052,9.98521
0.714706,-0.970291,10.078
0.824203,-0.998856,10.0542
0.843246,-1.06075,9.92333
0.745651,-1.16548,9.72575
0.688522,-1.19405,9.63292
0.621872,-1.22261,9.73527
0.714706,-1.21785,9.70671
0.728989,-1.09883,9.69957
0.712326,-1.08693,9.78288
0.657578,-1.08455,9.76146
0.638535,-0.984573,9.81383
0.719467,-1.09407,9.82811
0.798019,-1.02504,9.86144
0.848007,-0.939346,9.86858
0.809921,-0.879837,9.87334
0.821823,-1.11073,9.88524
0.80516,-1.19881,9.68529
0.705185,-1.12025,9.67339
0.614731,-1.12025,9.69243
0.529038,-1.14882,9.65196
0.564743,-1.1393,9.69005
0.574264,-0.998856,9.72337
0.605209,-0.934586,9.69957
0.631393,-0.872696,9.86382
0.633774,-0.891739,9.86382
0.60759,-0.970291,9.87334
0.788498,-1.13692,9.89952
0.767075,-1.26308,9.75432
0.745651,-1.29878,9.89476
0.719467,-1.22975,9.78288
0.728989,-1.12025,9.92094
0.717087,-1.06313,10.04
0.73613,-0.915543,10.0281
0.80516,-0.922684,9.99712
0.783737,-1.03694,9.89952
0.793259,-1.08693,9.75432
0.626633,-0.806046,9.73052
0.633774,-0.787003,9.7686
0.688522,-0.813187,9.83525
0.733749,-0.83699,9.75908
0.790878,-0.951248,9.77812
0.714706,-0.936966,9.67815
0.688522,-0.967911,9.78288
0.67186,-1.02504,9.69481
0.624252,-1.03218,9.67577
0.631393,-1.00838,9.69243
0.633774,-0.848892,9.76622
0.717087,-0.806046,9.88524
0.757553,-0.858414,9.90428
0.790878,-0.925064,9.89
0.778976,-0.894119,9.86382
0.726608,-0.894119,9.83287
0.669479,-0.856033,9.88524
0.648056,-0.936966,9.91618
0.645676,-0.915543,9.7805
0.705185,-0.860794,9.92094
0.743271,-1.00838,9.84477
0.712326,-0.946487,9.85191
0.724228,-0.967911,9.8781
0.73851,-0.817947,9.81859
0.705185,-0.882217,9.85429
0.683762,-0.863174,9.86858
0.686142,-0.83223,9.88286
0.683762,-0.858414,9.87096
0.700424,-0.936966,9.89476
0.752792,-0.915543,9.81859
0.681381,-0.917923,9.74242
0.757553,-0.844131,9.80193
0.774216,-0.910782,9.80669
0.762314,-0.941727,9.82811
0.776596,-1.0179,9.83763
0.733749,-0.951248,9.83763
0.688522,-0.848892,9.87334
0.643295,-0.734634,9.83525
0.645676,-0.70369,9.94237
0.695663,-0.546585,10.0162
0.771835,-0.813187,9.95665
0.757553,-0.875076,9.94475
0.731369,-0.844131,9.90666
0.693283,-0.851273,9.86858
0.679001,-0.848892,9.88762
0.664719,-0.936966,9.8781
0.714706,-0.877457,9.90904
0.783737,-0.808426,9.88286
0.850388,-0.903641,9.81145
0.807541,-0.844131,9.85191
0.707565,-0.679886,9.97807
0.764694,-0.63942,9.98521
0.771835,-0.715591,9.95427
0.750412,-0.775101,9.82573
0.748032,-0.872696,9.79955
0.726608,-0.841751,9.72337
0.681381,-0.782242,9.71385
0.657578,-0.744156,9.7805
0.638535,-0.715591,9.8662
0.659958,-0.689407,9.9376
0.731369,-0.672745,9.9995
0.750412,-0.737015,9.92333
0.695663,-0.858414,9.82573
0.590927,-0.922684,9.72337
0.602829,-0.879837,9.65434
0.574264,-0.782242,9.66624
0.581406,-0.727493,9.73766
0.588547,-0.670364,9.7567
0.593307,-0.63942,9.8662
0.652817,-0.584671,9.89714
0.683762,-0.587051,9.84001
0.659958,-0.629898,9.85667
0.73613,-0.751297,9.81859
0.755173,-0.875076,9.84953
0.814682,-0.879837,9.82097
0.798019,-0.787003,9.7924
0.721848,-0.801285,9.75194
0.679001,-0.860794,9.7805
0.755173,-0.851273,9.85191
0.80516,-0.817947,9.85191
0.826584,-0.810806,9.82811
0.786118,-0.806046,9.81621
0.745651,-0.789383,9.89714
0.767075,-0.841751,9.84477
0.752792,-0.756058,9.77098
0.690903,-0.660843,9.77336
0.61235,-0.637039,9.86382
0.657578,-0.658462,9.8781
0.698044,-0.710831,9.82335
0.686142,-0.713211,9.88524
0.724228,-0.784622,9.77336
0.700424,-0.877457,9.81145
0.719467,-0.851273,9.7686
0.664719,-0.882217,9.84001
0.655197,-0.827469,9.85905
0.633774,-0.77272,9.85429
0.643295,-0.727493,9.88524
0.640915,-0.663223,9.90666
0.655197,-0.698929,9.93285
0.67424,-0.677505,9.85667
0.652817,-0.748917,9.90666
0.588547,-0.77034,9.84953
0.602829,-0.822708,9.92808
0.695663,-0.820328,9.90428
0.80516,-0.789383,9.97093
0.778976,-0.813187,9.90904
0.73613,-0.853653,9.81621
0.683762,-0.882217,9.83525
0.621872,-0.729874,9.87572
0.681381,-0.648941,9.95665
0.67186,-0.651321,10.0185
0.698044,-0.744156,9.90666
0.662338,-0.841751,9.81145
0.659958,-0.877457,9.89952
0.712326,-0.879837,9.90666
0.624252,-0.83461,9.89
0.633774,-0.77272,9.96379
0.707565,-0.748917,9.93285
0.693283,-0.713211,9.87572
0.681381,-0.696548,9.76384
0.650436,-0.725113,9.78526
0.67424,-0.76796,9.78526
0.662338,-0.775101,9.76622
0.695663,-0.803665,9.81383
0.638535,-0.76796,9.74718
0.624252,-0.687027,9.73289
0.679001,-0.765579,9.78288
0.73613,-0.70845,9.79955
0.724228,-0.813187,9.7567
0.662338,-0.970291,9.80193
0.662338,-0.936966,9.73527
0.657578,-0.789383,9.75908
0.662338,-0.651321,9.84239
0.693283,-0.57753,9.85429
0.600449,-0.532303,9.94951
0.640915,-0.594193,10.0114
0.709946,-0.756058,10.0066
0.8004,-0.860794,9.94951
0.814682,-0.944107,9.84953
0.717087,-0.651321,10.0019
0.614731,-0.660843,10.0281
0.617111,-0.694168,9.92571
0.655197,-0.717972,9.84477
0.700424,-0.77034,9.92571
0.757553,-0.758438,9.9138
0.745651,-0.758438,9.96141
0.631393,-0.670364,9.91142
0.590927,-0.682266,9.91618
0.571884,-0.727493,9.84
0.60759,-0.760818,9.69005
0.617111,-0.725113,9.72813
0.569504,-0.744156,9.68291
0.605209,-0.813187,9.79955
0.667099,-0.746536,9.84239
0.626633,-0.717972,9.83049
0.550461,-0.682266,9.74718
0.590927,-0.739395,9.81145
0.588547,-0.756058,9.69243
0.636154,-0.83223,9.77336
0.693283,-0.875076,9.90666
0.686142,-0.779861,9.89238
0.702805,-0.751297,9.9995
0.724228,-0.753677,10.0542
0.659958,-0.791763,10.0566
0.695663,-0.825089,9.95189
0.719467,-0.801285,9.97093
0.650436,-0.839371,10.0066
0.688522,-0.808426,9.79716
0.605209,-0.684647,9.89476
0.621872,-0.689407,9.97807
0.562363,-0.727493,9.85191
0.581406,-0.763199,9.84477
0.590927,-0.794144,9.85905
0.624252,-0.751297,9.84239
0.624252,-0.744156,9.75432
0.60997,-0.744156,9.83763
0.540939,-0.679886,9.85429
0.531418,-0.70845,9.80669
0.638535,-0.879837,9.80669
0.581406,-0.863174,9.87096
0.576645,-0.872696,9.89
0.581406,-0.777481,9.88048
0.629013,-0.763199,9.83049
0.567123,-0.691788,9.79955
0.598068,-0.803665,9.87572
0.598068,-0.737015,9.98521
0.626633,-0.70845,10.0233
0.624252,-0.667984,9.93999
0.714706,-0.687027,9.85191
0.664719,-0.765579,9.88286
0.600449,-0.865555,9.81145
0.562363,-0.870316,9.7567
0.633774,-0.917923,9.73527
0.571884,-0.856033,9.70671
0.640915,-0.727493,9.7924
0.598068,-0.720352,9.80431
0.5457,-0.689407,9.72575
0.533798,-0.822708,9.86858
0.588547,-0.820328,9.88286
0.60997,-0.720352,9.91856
0.598068,-0.715591,9.9876
0.619492,-0.746536,9.83049
0.595688,-0.739395,9.86144
0.571884,-0.810806,9.84001
0.598068,-0.851273,9.79716
0.583786,-0.763199,9.73052
0.555222,-0.739395,9.71623
0.514755,-0.946487,10.0185
0.595688,-0.934586,10.0733
0.602829,-0.89888,10.0043
0.574264,-0.867935,10.0947
0.638535,-0.870316,10.1661
0.614731,-0.872696,10.1042
0.621872,-0.889359,10.0138
0.602829,-0.858414,9.98997
0.581406,-0.810806,9.92571
0.567123,-0.860794,9.85429
0.600449,-0.225235,9.79478
0.648056,-0.210953,9.74718
0.533798,-0.306168,9.78764
0.540939,-0.427567,9.66386
0.54332,-0.51326,9.72575
0.564743,-0.508499,9.75432
0.595688,-0.432327,9.67339
0.679001,-0.344254,9.68291
0.728989,-0.306168,9.69481
0.755173,-0.25618,9.60674
0.997971,0.600754,8.79027
1.11461,0.715012,8.65697
0.971786,0.914963,8.68553
0.86705,1.0554,8.69029
0.809921,1.19109,8.78551
0.798019,1.65288,8.85454
0.978928,1.50768,9.16161
1.14793,1.4196,9.47105
1.28838,1.70287,9.82335
1.5764,1.89568,10.1209
3.07365,1.02208,13.9414
3.24504,0.938766,13.8581
3.29979,0.669785,13.9485
3.30693,0.212753,13.7129
3.23076,-0.0943146,13.5629
3.21172,-0.327591,13.5129
3.11174,-0.351395,13.6629
2.97368,-0.439468,13.7414
2.98796,-0.606094,13.8438
3.05461,-0.906021,13.8152
-1.5157,-2.76747,6.41942
-1.74422,-2.78175,5.98857
-1.93941,-2.48421,5.75291
-1.93465,-2.27473,5.36967
-1.92036,-2.04146,4.92931
-2.12508,-2.01765,4.48418
-2.4131,-2.05336,4.08427
-2.66304,-2.18904,3.83434
-2.62972,-2.14143,3.65105
-2.63686,-1.97481,3.68913
-2.49403,1.88853,5.2459
-2.56544,2.13371,5.33397
-2.54164,2.53362,5.56725
-2.39882,2.74785,5.6815
-2.19649,2.73357,5.63866
-2.20363,2.43364,5.50774
-2.37978,2.07658,5.41252
-2.68446,2.25273,5.43394
-2.81776,2.52171,5.78386
-2.66542,2.57884,6.13615
-1.27052,2.61217,7.96666
-1.261,2.65501,8.46654
-0.925369,2.96446,9.42583
-0.342178,3.42149,10.1161
-0.0850983,3.67857,10.1138
-0.201736,3.7476,9.92094
-0.556412,3.37865,9.57579
-0.880142,3.01207,9.62578
-1.01344,2.58598,9.7805
-1.17531,2.20036,9.8662
-0.280289,1.55766,11.5491
-0.487381,1.15538,11.5063
-0.442154,0.57457,11.4182
-0.232681,0.388901,11.5277
0.0243988,0.5103,11.8181
0.0243988,0.748337,12.1395
-0.270767,0.843552,12.3299
-0.573074,0.798325,12.6036
-0.625443,0.757858,12.5346
-0.646866,0.679306,12.5179
-0.663528,-1.15358,11.761
-0.875381,-1.67726,11.2897
-0.99202,-1.95815,10.9826
-0.903946,-2.0367,10.9897
-0.787308,-2.00337,10.9945
-0.763504,-1.93434,11.0754
-0.906326,-1.85103,10.9683
-0.970596,-1.85103,10.8993
-0.832535,-2.05812,10.8564
-0.615921,-2.21284,10.9469
-0.554031,-2.67226,9.81621
-0.475479,-2.42708,9.86858
-0.54689,-2.19142,10.0233
-0.48024,-2.12477,10.1471
-0.563553,-2.17714,9.97807
-0.575455,-2.3271,9.88048
-0.618301,-2.37471,9.70195
-0.665909,-2.22713,9.60435
-0.637344,-2.18428,9.51628
-0.568314,-2.1581,9.53056
-0.461197,-1.25832,9.79716
-0.580215,-1.10121,9.7924
-0.60878,-1.006,9.83049
-0.573074,-0.903641,9.89238
-0.437393,-1.06551,9.95189
-0.363602,-1.18214,9.84715
-0.332657,-1.30116,9.75432
-0.375504,-1.22975,9.84239
-0.308853,-0.984573,9.94475
-0.266006,-0.829849,9.99235
-0.266006,-0.582291,10.1756
-0.342178,-0.594193,10.1138
-0.332657,-0.472794,10.2066
-0.189835,-0.534683,10.2042
-0.213638,-0.518021,10.2113
-0.258865,-0.503738,10.1257
-0.275528,-0.548965,10.0495
-0.311234,-0.64418,9.9019
-0.394547,-0.758438,9.83763
-0.327896,-0.827469,9.62102
-0.296951,-0.453751,9.80431
-0.294571,-0.415665,9.84239
-0.315994,-0.470413,9.8662
-0.263626,-0.518021,9.72337
-0.28743,-0.551346,9.68767
-0.301712,-0.508499,9.80431
-0.294571,-0.432327,9.81621
-0.320755,-0.44899,9.93285
-0.296951,-0.534683,9.9019
-0.232681,-0.610855,9.98045
-0.330276,-0.682266,9.9138
-0.292191,-0.596573,10.0971
-0.235062,-0.525162,10.2471
-0.151749,-0.441849,10.2613
-0.168411,-0.38472,10.2185
-0.235062,-0.382339,10.0685
-0.301712,-0.377579,10.1637
-0.230301,-0.503738,10.1947
-0.189835,-0.484695,10.1947
-0.261246,-0.458511,10.2566
-0.35408,-0.506119,9.68767
-0.323135,-0.532303,9.79955
-0.232681,-0.527542,9.82573
-0.218399,-0.491837,9.86858
-0.170792,-0.458511,9.83049
-0.227921,-0.468033,9.85429
-0.244583,-0.401382,9.81859
-0.280289,-0.456131,9.94951
-0.239822,-0.396622,9.90904
-0.325516,-0.313309,9.9138
-0.192215,-0.472794,9.84239
-0.196976,-0.503738,9.85905
-0.168411,-0.472794,9.9138
-0.208878,-0.503738,9.89714
-0.266006,-0.465652,9.85667
-0.256485,-0.484695,9.8781
-0.227921,-0.522781,9.84001
-0.173172,-0.494217,9.78288
-0.237442,-0.427567,9.88286
-0.258865,-0.356155,9.8
-0.277908,-0.284744,9.92094
-0.304092,-0.203812,9.99712
-0.246964,-0.294266,10.0114
-0.235062,-0.460892,9.93285
-0.251724,-0.494217,9.88048
-0.237442,-0.51564,9.94713
-0.296951,-0.477554,9.9138
-0.323135,-0.465652,9.86382
-0.346939,-0.339493,9.96855
-0.382645,-0.215714,9.94475
-0.16127,-0.453751,9.93999
-0.15889,-0.522781,9.99235
-0.16127,-0.548965,9.86144
-0.182693,-0.527542,9.96617
-0.232681,-0.563248,9.97093
-0.196976,-0.548965,10.0043
-0.185074,-0.437088,10.059
-0.218399,-0.420425,9.96379
-0.294571,-0.418045,9.97093
-0.268387,-0.460892,9.91142
-0.249344,-0.57515,9.94237
-0.239822,-0.553726,9.95665
-0.211258,-0.465652,10.0233
-0.239822,-0.391861,9.96141
-0.211258,-0.382339,9.96617
-0.246964,-0.337112,9.88524
-0.332657,-0.363297,9.87572
-0.344559,-0.318069,9.93999
-0.315994,-0.337112,9.9995
-0.177933,-0.227615,9.97093
-0.218399,-0.287125,9.92808
-0.22554,-0.346634,9.97807
-0.216019,-0.44899,9.82335
-0.263626,-0.44899,9.81621
-0.323135,-0.463272,9.87572
-0.292191,-0.453751,9.8662
-0.268387,-0.363297,9.93999
-0.177933,-0.391861,9.98521
-0.151749,-0.275223,10.0304
-0.313614,-0.332352,9.79716
-0.361221,-0.410904,9.85429
-0.294571,-0.472794,9.82097
-0.22554,-0.413284,9.86858
-0.206497,-0.349014,9.99474
-0.211258,-0.377579,9.94237
-0.208878,-0.403763,9.90904
-0.213638,-0.3871,9.90904
-0.204117,-0.422806,9.89714
-0.237442,-0.434708,9.91142
-0.230301,-0.418045,9.8781
-0.237442,-0.498978,9.94713
-0.15889,-0.45137,9.94475
-0.173172,-0.434708,9.93285
-0.163651,-0.408524,9.89714
-0.242203,-0.372818,9.92094
-0.230301,-0.318069,9.95427
-0.299332,-0.277603,9.92333
-0.251724,-0.244278,9.91142
-0.256485,-0.346634,10.0138
-0.180313,-0.427567,9.87096
-0.206497,-0.444229,9.78764
-0.275528,-0.346634,9.8781
-0.282669,-0.365677,9.87334
-0.261246,-0.444229,9.89476
-0.237442,-0.422806,9.88762
-0.204117,-0.360916,9.93523
-0.170792,-0.377579,9.93999
-0.175552,-0.382339,9.84715
-0.185074,-0.356155,9.92094
-0.230301,-0.370438,9.9995
-0.208878,-0.232376,10.009
-0.242203,-0.208572,10.0352
-0.249344,-0.282364,10.009
-0.192215,-0.377579,9.97807
-0.187454,-0.420425,9.96617
-0.166031,-0.444229,9.95665
-0.182693,-0.368057,9.9876
-0.216019,-0.377579,9.98521
-0.22316,-0.399002,10.0685
-0.237442,-0.318069,10.0162
-0.211258,-0.356155,9.94951
-0.239822,-0.279984,9.90904
-0.22316,-0.363297,9.93523
-0.280289,-0.420425,9.86858
-0.327896,-0.51088,9.89476
-0.282669,-0.484695,9.81859
-0.151749,-0.470413,9.9138
-0.168411,-0.358536,9.94475
-0.154129,-0.372818,9.92094
-0.28981,-0.327591,9.89714
-0.301712,-0.3871,9.84715
-0.285049,-0.506119,9.86858
-0.201736,-0.494217,9.85191
-0.263626,-0.44899,9.88286
-0.263626,-0.396622,9.88524
-0.189835,-0.434708,9.92571
-0.230301,-0.389481,9.92808
-0.266006,-0.313309,9.88048
-0.244583,-0.303787,9.95903
-0.301712,-0.463272,9.78288
-0.28981,-0.520401,9.79716
-0.306473,-0.372818,9.78764
-0.242203,-0.265701,9.81621
-0.282669,-0.272842,9.78526
-0.263626,-0.208572,9.75432
-0.22554,-0.180008,9.89476
-0.239822,-0.19429,9.92333
-0.220779,-0.358536,9.94237
-0.216019,-0.377579,9.95665
-0.211258,-0.303787,9.97093
-0.218399,-0.375198,9.92571
-0.244583,-0.329971,9.89714
-0.301712,-0.344254,9.87334
-0.28743,-0.346634,9.84953
-0.277908,-0.365677,9.93047
-0.239822,-0.327591,9.95665
-0.275528,-0.325211,10.0114
-0.192215,-0.410904,10.0328
-0.15889,-0.3871,10.0328
-0.156509,-0.403763,10.0209
-0.0970001,-0.468033,10.0304
-0.192215,-0.401382,9.95903
-0.173172,-0.508499,9.93523
-0.308853,-0.313309,9.95427
-0.277908,-0.282364,9.95665
-0.285049,-0.196671,9.93047
-0.244583,-0.210953,9.9876
-0.268387,-0.234756,9.91618
-0.266006,-0.227615,9.99235
-0.315994,-0.327591,9.90428
-0.3517,-0.308548,9.89
-0.356461,-0.282364,9.92571
-0.313614,-0.351395,9.93047
-0.304092,-0.349014,9.95189
-0.246964,-0.341873,9.93761
-0.154129,-0.399002,9.90428
-0.130325,-0.413284,9.8781
-0.16127,-0.306168,9.94475
-0.249344,-0.25856,9.94475
-0.251724,-0.325211,9.88762
-0.237442,-0.306168,9.90904
-0.237442,-0.25618,9.87334
-0.192215,-0.313309,9.94237
-0.16127,-0.272842,9.97569
-0.201736,-0.299026,9.98045
-0.244583,-0.365677,9.93999
-0.175552,-0.360916,9.97093
-0.166031,-0.406143,9.85191
-0.204117,-0.403763,9.78764
-0.251724,-0.351395,9.82573
-0.220779,-0.275223,9.87572
-0.256485,-0.308548,9.88286
-0.273148,-0.296646,9.81859
-0.230301,-0.220474,9.90904
-0.208878,-0.222855,9.94475
-0.216019,-0.239517,9.87572
-0.230301,-0.241898,9.8662
-0.208878,-0.313309,9.84715
-0.218399,-0.25856,9.79716
-0.237442,-0.218094,9.88048
-0.239822,-0.187149,9.94713
-0.199356,-0.137161,9.88286
-0.254105,-0.215714,9.97331
-0.227921,-0.303787,9.89476
-0.335037,-0.327591,9.86858
-0.294571,-0.337112,9.90666
-0.263626,-0.291885,9.89714
-0.220779,-0.277603,9.89238
-0.266006,-0.246658,9.89476
-0.261246,-0.260941,9.98521
-0.151749,-0.389481,9.94951
-0.180313,-0.368057,9.97569
-0.125565,-0.310928,10.0519
-0.201736,-0.215714,10.0852
-0.199356,-0.277603,10.0376
-0.311234,-0.141922,9.93285
-0.308853,-0.337112,9.8781
-0.304092,-0.372818,9.82335
-0.323135,-0.382339,9.84001
-0.204117,-0.0110016,9.91142
-0.144608,0.0223236,9.93761
-0.127945,0.0294647,9.86382
0.00297546,0.115158,10.0614
0.0124969,0.298447,10.1685
0.0482025,0.598373,10.1947
0.121994,0.750717,10.3827
0.102951,1.01732,10.6541
0.0363007,1.03874,10.5589
-0.182693,1.12682,10.4922
-0.344559,1.9171,9.95665
-0.377884,1.90758,9.96855
-0.330276,1.81474,9.87572
-0.275528,1.52672,9.671
-0.306473,1.13634,9.36632
-0.270767,0.912582,9.24492
-0.282669,1.01018,9.33775
-0.294571,1.47435,9.54723
-0.275528,1.91472,9.82811
-0.244583,2.12419,9.99712
-0.242203,2.17656,9.94237
-0.206497,2.09801,9.95903
-0.270767,1.94804,9.80193
-0.327896,1.59575,9.70433
-0.308853,1.14824,9.50438
-0.208878,0.941147,9.30205
-0.254105,0.926865,9.32823
-0.227921,1.1649,9.49724
-0.189835,1.59337,9.75908
-0.142227,1.81474,9.93999
-0.237442,1.97661,10.0423
-0.187454,1.82426,9.93523
-0.227921,1.6981,9.9876
-0.294571,1.66954,9.95665
-0.41597,1.57671,10.0542
-0.22554,1.49339,9.83287
-0.185074,1.0197,9.56865
-0.144608,0.653122,9.34251
-0.127945,0.412704,9.33775
-0.192215,0.953049,9.57579
-0.218399,1.36485,9.77098
-0.263626,1.6386,9.97331
-0.154129,1.66716,10.0757
-0.118423,1.48625,10.0828
-0.166031,1.45769,9.99474
-0.180313,1.29344,9.87334
-0.251724,1.02922,9.70195
-0.216019,0.938766,9.53532
-0.218399,0.914963,9.58293
-0.199356,1.04826,9.5377
-0.15889,1.15538,9.55675
-0.166031,1.21013,9.59959
-0.192215,1.53624,9.77098
-0.194595,1.52434,9.86858
-0.268387,1.50768,9.80907
-0.192215,1.36247,9.80431
-0.173172,1.27916,9.68053
-0.189835,1.18633,9.60912
-0.196976,1.10777,9.61864
-0.208878,1.04826,9.67339
-0.235062,1.50053,9.86144
-0.175552,1.45769,9.87334
-0.168411,1.45769,9.77336
-0.187454,1.2863,9.71861
-0.180313,1.20537,9.67577
-0.208878,1.11967,9.65434
-0.196976,1.14586,9.6234
-0.22316,1.05302,9.68053
-0.227921,1.10777,9.71147
-0.246964,1.3101,9.63054
-0.244583,1.40532,9.71623
-0.218399,1.41008,9.77812
-0.175552,1.42674,9.85905
-0.0993805,1.2982,9.83525
-0.149368,1.27678,9.81859
-0.196976,1.15062,9.56151
-0.235062,0.96257,9.6115
-0.218399,0.900681,9.59721
-0.149368,1.08159,9.77812
-0.118423,1.31725,9.8662
-0.216019,1.03874,9.4901
-0.204117,1.0078,9.49486
-0.163651,1.26488,9.64482
-0.108902,1.44579,9.81859
-0.199356,1.44817,9.84477
-0.254105,1.38628,9.76146
-0.180313,1.34819,9.74718
-0.135086,1.28154,9.76622
-0.130325,1.18633,9.69481
-0.16127,1.13158,9.67339
-0.16127,1.13634,9.671
-0.166031,1.23155,9.75432
-0.170792,1.40294,9.89
-0.101761,1.48387,9.93523
-0.149368,1.47911,9.97093
-0.0970001,1.47911,9.85429
-0.113663,1.4077,9.89
-0.0755768,1.32439,9.83763
-0.118423,1.24583,9.73289
-0.182693,1.20299,9.64958
-0.149368,1.14824,9.58769
-0.189835,1.17918,9.66386
-0.15889,1.21727,9.72575
-0.0970001,1.35533,9.83763
-0.137466,1.41722,9.77098
-0.118423,1.50053,9.7924
-0.0874786,1.42912,9.96855
-0.101761,1.26726,9.83525
-0.0827179,1.11967,9.72813
-0.0779572,1.02446,9.67815
-0.0755768,1.08159,9.74242
-0.125565,1.24345,9.7567
-0.220779,1.30296,9.68291
-0.194595,1.43388,9.7567
-0.180313,1.48387,9.8662
-0.185074,1.45293,9.79955
-0.180313,1.31487,9.79955
-0.130325,1.21251,9.78288
-0.0279694,1.1292,9.671
-0.0827179,1.10539,9.63768
-0.206497,1.33153,9.74718
-0.180313,1.41008,9.85429
-0.201736,1.49815,9.83525
-0.204117,1.5291,9.97093
-0.213638,1.43864,9.93523
-0.235062,1.32677,9.87096
-0.208878,1.06255,9.66624
-0.139847,1.12682,9.67815
-0.154129,1.22441,9.79478
-0.111282,1.17918,9.94951
-0.130325,1.18871,9.89476
-0.175552,1.20537,9.80431
-0.163651,1.17442,9.72099
-0.16127,1.09111,9.671
-0.108902,1.10301,9.69719
-0.166031,1.14348,9.68767
-0.175552,1.16252,9.77098
-0.146988,1.16728,9.69719
-0.166031,1.19109,9.74718
-0.154129,1.29106,9.79002
-0.208878,1.34343,9.69957
-0.239822,1.33867,9.71623
-0.313614,1.30058,9.73766
-0.313614,1.3101,9.59721
-0.323135,1.29106,9.63054
-0.249344,1.19585,9.6115
-0.242203,1.20537,9.71147
-0.175552,1.30534,9.80431
-0.218399,1.29106,9.73052
-0.254105,1.29582,9.83287
-0.306473,1.24583,9.82573
-0.101761,1.19109,9.87572
-0.104141,1.23869,9.84477
-0.113663,1.17918,9.74004
-0.118423,1.22203,9.59483
-0.106522,1.15776,9.67339
-0.0922394,1.18156,9.62816
-0.0993805,1.17918,9.70433
-0.0684357,1.21251,9.76146
-0.0517731,1.22679,9.87572
-0.089859,1.32915,9.90666
-0.0541534,1.33391,9.91856
-0.0422516,1.28154,9.97093
-0.0684357,1.23631,9.82335
-0.123184,1.26012,9.72813
-0.156509,1.25536,9.69957
-0.199356,1.21489,9.70671
-0.227921,1.29344,9.77812
-0.216019,1.34581,9.84477
-0.189835,1.2863,9.79478
-0.280289,1.22679,9.78526
-0.344559,1.2863,9.7
-0.389786,1.2863,9.72337
-0.401688,1.30058,9.66863
-0.304092,1.3101,9.75194
-0.270767,1.02922,9.6591
-0.249344,1.07445,9.6591
-0.254105,1.07921,9.67815
-0.356461,1.15062,9.69005
-0.337418,1.26488,9.73289
-0.263626,1.20299,9.76384
-0.306473,1.1292,9.70909
-0.261246,1.00304,9.77336
-0.175552,0.862595,9.75432
-0.185074,0.853073,9.7448
-0.127945,0.781662,9.67577
-0.199356,0.867355,9.75908
-0.242203,1.02684,9.82335
-0.175552,1.20299,9.90666
-0.104141,1.24345,9.90904
-0.182693,1.09349,9.79478
-0.304092,1.13396,9.93523
-0.266006,0.812607,9.69481
-0.275528,0.853073,9.69481
-0.249344,0.715012,9.83049
-0.15889,0.550766,9.71623
-0.156509,0.64122,9.81383
-0.101761,0.83641,9.97569
-0.0470123,1.00304,10.0209
-0.139847,1.05064,9.947
-0.173172,1.07445,9.92808
-0.268387,0.986374,9.87096
-0.299332,0.860214,9.79478
-0.330276,0.686447,9.78764
-0.256485,0.57933,9.80431
-0.204117,0.572189,9.81621
-0.185074,0.684067,9.73052
-0.208878,0.729294,9.85191
-0.246964,0.693588,9.92094
-0.268387,0.648361,9.78526
-0.315994,0.488876,9.74956
-0.296951,0.365097,9.74242
-0.230301,0.522202,9.86382
-0.218399,0.605514,9.84001
-0.246964,0.603134,9.88048
-0.349319,0.5103,9.7686
-0.335037,0.412704,9.89238
-0.330276,0.505539,9.87572
-0.330276,0.422226,9.86858
-0.332657,0.00804138,9.66148
-0.292191,-0.132401,9.60674
-0.277908,0.217514,9.77336
-0.275528,0.400803,9.99712
-0.246964,0.443649,9.96141
-0.261246,0.415085,9.93047
-0.263626,0.417465,9.92571
-0.254105,0.284164,9.89238
-0.261246,0.260361,9.83525
-0.163651,0.279404,9.99712
-0.189835,0.222275,9.97093
-0.166031,0.267502,9.99712
-0.220779,0.355576,10.0685
-0.168411,0.338913,10.0519
-0.206497,0.38176,10.009
-0.208878,0.331772,9.98521
-0.192215,0.246078,9.92808
-0.137466,0.0627899,9.86144
-0.173172,0.0485077,9.80431
-0.182693,0.136581,9.71623
-0.146988,0.277023,9.83287
-0.182693,0.372238,9.94951
-0.116043,0.424606,9.95427
-0.113663,0.44841,10.0614
-0.123184,0.484116,10.009
-0.0755768,0.434128,9.99235
-0.101761,0.296066,9.80907
-0.108902,0.134201,9.66386
-0.16127,0.296066,9.80431
-0.201736,0.424606,9.85905
-0.180313,0.441269,9.89952
-0.199356,0.303207,9.84001
-0.235062,0.288925,9.99474
-0.211258,0.298447,9.92333
-0.254105,0.272263,10.0328
-0.282669,0.196091,9.96855
-0.254105,0.174667,9.96379
-0.396927,0.0675507,9.83763
-0.392166,-0.0252838,9.73289
-0.361221,-0.0847931,9.81383
-0.373123,0.110397,9.91618
-0.335037,0.32225,10.0519
-0.342178,0.441269,10.2042
-0.318375,0.498398,10.2233
-0.299332,0.403183,10.2399
-0.301712,0.260361,10.0923
-0.273148,0.131821,10.0971
-0.187454,-0.0562286,10.0423
-0.156509,-0.0609894,10.009
-0.0946198,0.0413666,9.96855
-0.0636749,0.146103,10.0661
-0.0232086,0.262741,10.278
-0.251724,0.391281,9.90428
-0.273148,0.374619,9.8662
-0.285049,0.307968,9.83049
-0.239822,0.241318,9.91618
-0.163651,0.203232,9.83049
-0.177933,0.141342,9.75432
-0.151749,0.105637,9.81145
-0.192215,0.160385,9.72575
-0.194595,0.260361,9.71861
-0.230301,0.31987,9.77336
-0.275528,0.229416,9.80669
-0.244583,0.131821,9.85667
-0.244583,0.0794525,9.84953
-0.177933,0.0413666,9.87334
-0.192215,0.0199432,9.87334
-0.170792,0.0270844,9.78288
-0.239822,0.103256,9.89
-0.251724,0.148483,9.87334
-0.216019,0.196091,9.89238
-0.294571,0.222275,9.84001
-0.15889,0.172287,10.0066
-0.0779572,0.069931,9.88286
-0.151749,0.0723114,9.87096
-0.220779,0.100876,9.84239
-0.232681,0.174667,9.98997
-0.206497,0.200851,9.92333
-0.194595,0.12944,10.0542
-0.211258,0.155624,10.1304
-0.22554,0.0223236,10.0162
-0.275528,-0.0324249,9.87096
-0.251724,-0.0538483,9.89476
-0.268387,0.0556488,9.96617
-0.277908,0.0746918,9.98521
-0.230301,0.162766,10.059
-0.211258,0.155624,10.1994
-0.189835,0.174667,10.1138
-0.16127,0.146103,10.1423
-0.189835,0.12706,9.97569
-0.268387,0.115158,9.58769
-0.230301,-0.0419464,9.68291
-0.249344,0.0604095,9.73052
-0.251724,0.203232,9.89952
-0.306473,0.198471,9.87334
-0.323135,0.19133,9.87334
-0.235062,0.148483,9.74004
-0.189835,0.141342,9.77098
-0.163651,0.155624,9.88524
-0.22554,0.155624,9.87334
-0.263626,0.0865936,9.81621
-0.270767,0.18895,9.81859
-0.261246,0.269882,9.7448
-0.28743,0.307968,9.90428
-0.294571,0.329391,9.94237
-0.237442,0.272263,9.9876
-0.344559,0.274643,9.79002
-0.361221,0.212753,9.72813
-0.330276,0.200851,9.83049
-0.270767,0.31987,9.90904
-0.28743,0.388901,10.0614
-0.244583,0.434128,10.0757
-0.296951,0.303207,10.0423
-0.28743,0.100876,9.93761
-0.318375,-0.0847931,9.76384
-0.35408,-0.160965,9.71147
-0.296951,-0.227615,9.74242
-0.339798,-0.0371857,9.78288
-0.349319,0.0842133,9.90904
-0.375504,0.203232,10.0019
-0.320755,0.438889,9.75194
-0.285049,0.379379,9.68291
-0.346939,0.327011,9.64482
-0.349319,0.398422,9.51152
-0.246964,0.403183,9.47105
-0.261246,0.431747,9.4901
-0.232681,0.624557,9.49724
-0.246964,0.810226,9.54961
-0.230301,0.931625,9.54723
-0.149368,0.986374,9.47819
1.30504,2.10753,11.0397
1.40263,2.02422,11.2968
1.40977,1.95042,11.4563
1.54308,1.89568,11.7681
1.66447,1.96471,11.8871
1.78349,1.97185,12.3537
2.00487,2.10039,12.7131
2.13341,1.89091,12.9988
2.24052,1.56242,13.1416
2.41905,0.917343,12.9512
2.51189,0.500778,12.8607
2.41191,0.474594,12.8607
2.34288,0.636459,12.925
2.30241,0.736435,12.9797
2.29051,0.681686,13.1225
2.27385,0.603134,12.975
2.30241,0.422226,12.9869
2.27385,-0.0943146,12.7631
2.231,-0.729874,12.3727
2.20006,-0.875076,12.3442
0.73613,-2.10573,12.9131
0.48381,-1.06789,13.3463
0.555222,-0.796524,13.1892
0.567123,-1.03218,13.1035
0.47905,-2.03908,12.4775
0.621872,-3.54585,11.6253
0.667099,-4.45991,10.9588
0.645676,-4.57417,10.397
0.407639,-4.24092,10.2113
0.0839081,-3.60536,10.3851
-0.0398712,-2.9222,10.4756
-0.327896,-2.56752,10.328
-0.220779,-2.97694,10.1756
-0.168411,-3.38875,9.55675
-0.401688,-3.81722,8.8474
-0.73732,-4.5956,8.25707
-0.980118,-4.81935,7.75243
-1.20387,-4.39327,7.54533
-1.36336,-3.87434,7.48106
-1.57997,-3.33638,7.3192
-3.0201,-1.80342,5.76244
-3.00343,-1.6725,5.79814
-3.0439,-1.48683,5.95763
-3.01057,-1.4416,6.00523
-3.01533,-1.45113,5.93144
-3.09865,-1.55348,5.88384
-2.97249,-1.50349,5.87907
-2.90108,-1.22261,5.91002
-2.86775,-0.722733,6.00761
-3.03914,-0.318069,6.01476
-3.37477,-0.149063,5.9362
-3.4081,-0.118118,5.98381
-3.19862,0.0651703,6.23137
-2.99153,0.315109,5.96239
-3.02724,0.243698,5.95287
-3.25099,0.312729,5.97905
-3.35811,0.243698,5.65532
-3.49379,0.222275,5.6339
-3.56044,0.453171,5.9124
-3.35573,0.662643,6.09331
-3.09627,0.698349,6.26231
-2.94392,1.01018,6.13377
-3.06532,1.33629,6.14568
-3.22243,1.43864,6.05284
-3.1891,1.10063,5.91002
-3.19386,0.976852,5.791
-2.84633,1.13634,6.18376
-2.53926,1.60051,6.67174
-2.23457,2.09325,7.13829
-2.11794,2.58122,7.36919
-1.03011,3.66905,9.6234
-1.05391,3.45482,9.37584
-1.33717,2.40746,8.74266
-1.38478,1.88377,8.93309
-1.40858,1.49577,8.72838
-1.40382,1.6624,9.04259
-1.17055,2.23845,9.59483
-0.875381,2.72404,10.2613
-0.922989,2.80974,10.5708
-0.942032,2.76927,10.466
-1.00154,2.50029,10.3756
-0.846817,2.08611,10.4541
-0.601639,1.71715,10.8183
-0.370743,1.37914,10.9564
-0.261246,1.11253,11.1326
-0.28743,1.33629,10.9588
-0.456436,1.32439,10.766
-0.703995,1.46959,10.9421
-0.637344,1.4196,11.2111
-0.537369,1.46245,11.7467
-0.0208282,-0.0514679,12.0061
0.35527,0.346054,12.2394
0.909897,0.155624,12.1156
0.921799,-0.422806,11.7538
0.840866,-0.932205,11.3373
0.536179,-1.15358,11.173
0.336227,-1.36305,11.0611
0.255295,-1.48207,10.8874
0.374313,-1.37972,10.9112
0.519516,-1.1274,11.054
0.61235,-0.991715,11.054
0.433823,-1.32259,10.6684
0.171982,-1.65584,10.3446
0.0505829,-1.73201,10.1328
0.126755,-1.96053,10.1852
0.283859,-2.15334,10.3875
0.457626,-2.22713,10.6898
0.41954,-1.98909,10.7207
0.431442,-1.49635,10.8612
0.507614,-1.47493,10.6922
0.850388,-1.9391,10.6279
0.600449,-2.90791,10.078
0.5457,-3.06978,10.0281
0.602829,-2.89125,10.0257
0.752792,-2.82936,9.74718
0.714706,-2.53181,10.0043
0.767075,-2.13667,10.2542
0.619492,-2.17476,10.1971
0.505234,-2.26759,10.2185
0.571884,-2.47945,10.0828
0.724228,-2.75081,9.92571
0.774216,-2.81746,10.0019
0.740891,-2.82222,9.85429
0.533798,-2.81984,9.66386
0.421921,-2.76033,9.65196
0.364792,-2.57228,9.61388
0.262436,-2.16048,10.1161
0.538559,-1.75581,10.2209
0.645676,-1.91768,10.2423
0.752792,-2.21523,10.0423
0.624252,-1.71773,10.1114
0.629013,-1.70583,10.0542
0.593307,-1.74867,9.91856
0.593307,-1.71773,9.91618
0.61235,-1.72249,10.0114
0.564743,-1.71773,9.90666
0.514755,-1.563,9.84477
0.474289,-1.53444,10.0495
0.562363,-1.33211,10.2042
0.657578,-1.2845,10.347
0.631393,-1.40114,10.1661
0.586166,-1.45589,10.0804
0.524277,-1.46303,9.95903
0.471909,-1.53444,9.77574
0.490952,-1.59395,9.76146
0.557602,-1.59871,9.80669
0.636154,-1.46541,9.91618
0.624252,-1.32973,10.0876
0.67186,-1.24403,10.1661
0.717087,-1.3083,10.04
0.571884,-1.31306,9.55675
0.590927,-1.37257,9.6234
0.61235,-1.33687,9.69957
0.567123,-1.40828,9.65196
0.512375,-1.49635,9.66624
0.54808,-1.47493,9.71861
0.629013,-1.32735,9.78764
0.602829,-1.20119,9.84715
0.595688,-1.21309,9.85667
0.667099,-1.16548,9.84001
0.443344,-1.175,9.81145
0.486191,-1.27736,9.87096
0.550461,-1.39876,9.89238
0.61235,-1.54396,9.82097
0.564743,-1.62013,9.80669
0.61235,-1.55824,9.80193
0.579025,-1.36067,9.90428
0.598068,-1.20357,10.04
0.667099,-1.23451,10.09
0.617111,-1.28688,9.96379
0.583786,-1.62489,9.72575
0.619492,-1.70107,9.66624
0.605209,-1.75819,9.54961
0.521896,-1.70107,9.56627
0.436203,-1.40828,9.67815
0.495712,-1.21785,9.7686
0.443344,-1.19881,9.7924
0.471909,-1.23689,9.81383
0.490952,-1.2845,9.96379
0.559982,-1.38686,9.84239
0.683762,-1.40114,9.79716
0.655197,-1.58681,9.69005
0.60997,-1.58681,9.67339
0.621872,-1.47017,9.67815
0.626633,-1.36543,9.83049
0.624252,-1.2607,9.85429
0.54332,-1.06551,9.7805
0.540939,-1.09883,9.90666
0.509995,-1.12263,9.97093
0.512375,-1.17024,9.96855
0.581406,-1.30116,9.93047
0.576645,-1.4178,9.76622
0.557602,-1.48207,9.81145
0.581406,-1.38448,9.87334
0.633774,-1.24165,9.88048
0.583786,-1.22023,9.77812
0.533798,-1.20357,9.86382
0.595688,-1.19405,9.82335
0.605209,-1.11311,9.94237
0.617111,-1.11311,9.94713
0.621872,-1.34639,9.91618
0.595688,-1.44399,9.8662
0.645676,-1.51778,9.85429
0.593307,-1.46065,9.77336
0.602829,-1.42494,9.81145
0.617111,-1.28212,9.82573
0.617111,-1.20357,9.97807
0.583786,-1.14406,9.97331
0.54332,-1.27022,9.97093
0.533798,-1.34401,9.95427
0.555222,-1.51302,9.7924
0.533798,-1.4297,9.78764
0.583786,-1.37733,9.80669
0.505234,-1.29402,9.77098
0.48381,-1.30354,9.75194
0.440964,-1.27974,9.74956
0.462387,-1.37019,9.73052
0.48143,-1.37733,9.73289
0.536179,-1.42494,9.73052
0.579025,-1.5273,9.80431
0.588547,-1.47731,9.71861
0.567123,-1.33925,9.82573
0.550461,-1.26784,9.78764
0.557602,-1.22261,9.88048
0.512375,-1.25832,9.82573
0.529038,-1.30116,9.77336
0.519516,-1.39876,9.76146
0.495712,-1.46065,9.74718
0.529038,-1.50587,9.71385
0.54332,-1.49397,9.80669
0.471909,-1.29402,9.75432
0.500473,-1.35829,9.81859
0.519516,-1.36305,9.82573
0.586166,-1.39876,9.84953
0.552841,-1.41066,9.93285
0.559982,-1.39162,9.81859
0.583786,-1.48683,9.85667
0.524277,-1.52968,9.80669
0.469528,-1.57729,9.75908
0.507614,-1.5273,9.80431
0.529038,-1.50349,9.79955
0.5457,-1.4059,9.83525
0.536179,-1.31306,9.81383
0.54332,-1.22023,9.92094
0.529038,-1.22975,9.98045
0.567123,-1.22499,9.93285
0.559982,-1.35353,9.93523
0.569504,-1.37972,9.91856
0.583786,-1.5392,9.80669
0.567123,-1.48207,9.79716
0.60759,-1.36781,9.70433
0.529038,-1.37495,9.71385
0.495712,-1.32259,9.68291
0.569504,-1.4059,9.67815
0.493332,-1.4416,9.68291
0.509995,-1.36543,9.70909
0.531418,-1.27022,9.79955
0.514755,-1.25594,9.83763
0.54332,-1.27498,9.74956
0.581406,-1.31306,9.72337
0.5457,-1.39638,9.72337
0.600449,-1.48445,9.71385
0.60759,-1.48207,9.72099
0.571884,-1.42256,9.78526
0.538559,-1.38924,9.76622
0.540939,-1.36067,9.83287
0.509995,-1.35115,9.87096
0.555222,-1.32021,9.87334
0.507614,-1.2726,9.80431
0.514755,-1.33925,9.87334
0.54332,-1.43208,9.9138
0.581406,-1.40828,9.94237
0.60759,-1.39638,9.8781
0.579025,-1.39876,9.93285
0.54808,-1.37972,9.90904
0.514755,-1.34877,9.81859
0.498093,-1.25594,9.77098
0.507614,-1.3083,9.74718
0.569504,-1.394,9
0.529038,-1.4178,9.68767
0.509995,-1.394,9.73527
0.519516,-1.47493,9.71623
0.526657,-1.46065,9.81383
0.493332,-1.35829,9.72813
0.429062,-1.34639,9.72575
0.436203,-1.38924,9.73052
0.48381,-1.38924,9.76146
0.531418,-1.47017,9.7805
0.586166,-1.53206,9.82097
0.579025,-1.53444,9.80669
0.536179,-1.59633,9.87334
0.512375,-1.51302,9.79478
0.467148,-1.49397,9.85191
0.569504,-1.47969,9.89238
0.526657,-1.40114,9.88286
0.509995,-1.35115,9.81859
0.41716,-1.35591,9.88286
0.424301,-1.42732,9.85905
0.509995,-1.37972,9.90666
0.564743,-1.47017,9.89714
0.555222,-1.394,9.82335
0.452866,-1.35829,9.80431
0.495712,-1.18929,9.79716
0.502853,-1.23689,9.86382
0.529038,-1.34163,9.85905
0.526657,-1.37257,9.89
0.488571,-1.40352,9.83049
0.464767,-1.37972,9.73527
0.521896,-1.34877,9.89952
0.495712,-1.26308,9.80193
0.438583,-1.35829,9.81383
0.500473,-1.40114,9.79716
0.524277,-1.36781,9.91142
0.507614,-1.36305,9.81383
0.48381,-1.33211,9.80669
0.502853,-1.32735,9.83287
0.455246,-1.28926,9.87096
0.448105,-1.28688,9.81859
0.443344,-1.42256,9.79478
0.469528,-1.49159,9.83763
0.519516,-1.41542,9.81621
0.531418,-1.42494,9.87334
0.433823,-1.43684,9.79478
0.367172,-1.4297,9.79716
0.333847,-1.4059,9.70909
0.305283,-1.35829,9.6472
0.293381,-1.34401,9.78764
0.364792,-1.30116,9.77812
0.381454,-1.30354,9.84239
0.474289,-1.34877,9.89238
0.398117,-1.22737,9.9876
0.388596,-1.23451,9.88524
0.35527,-1.37495,9.77336
0.376694,-1.5273,9.74004
0.467148,-1.54396,9.69243
0.457626,-1.55348,9.80431
0.436203,-1.52492,9.81621
0.450485,-1.4178,9.78288
0.464767,-1.26784,9.92571
0.457626,-1.11549,9.98
0.405258,-1.07979,9.9995
0.431442,-1.18214,9.92333
0.443344,-1.17976,9.87334
0.471909,-1.22261,9.87572
0.486191,-1.26308,9.85905
0.47905,-1.33211,9.81859
0.507614,-1.30592,9.7805
0.471909,-1.2845,9.77812
0.436203,-1.22023,9.7924
0.400497,-1.18929,9.89
0.357651,-1.24879,9.76146
0.307663,-1.24879,9.7686
0.400497,-1.21547,9.69957
0.402878,-1.21309,9.73527
0.424301,-1.20833,9.80669
0.395737,-1.14168,9.83763
0.405258,-1.11073,9.81859
0.374313,-1.10597,9.79955
0.367172,-1.21071,9.75908
0.41478,-1.19881,9.83287
0.48143,-1.20833,9.82811
0.340988,-1.1631,9.84239
0.386215,-1.13454,9.90904
0.367172,-1.14882,9.80907
0.364792,-1.22975,9.83287
0.41716,-1.23689,9.85191
0.452866,-1.31306,9.80193
0.474289,-1.32973,9.77336
0.507614,-1.41304,9.84715
0.476669,-1.48207,9.80193
0.467148,-1.32735,9.85429
0.407639,-1.26784,9.7686
0.362411,-1.34877,9.7924
0.388596,-1.30116,9.82573
0.426682,-1.2607,9.89238
0.48143,-1.23451,9.92571
0.505234,-1.1869,9.96379
0.445725,-1.175,9.9019
0.400497,-1.17262,9.93761
0.407639,-1.20357,9.83763
0.398117,-1.27498,9.87572
0.367172,-1.23689,9.79002
0.321945,-1.16786,9.73527
0.338608,-1.20119,9.75194
0.35289,-1.18929,9.76622
0.369553,-1.08693,9.7805
0.295761,-1.10597,9.72813
0.302902,-1.08693,9.77336
0.336227,-1.15834,9.80907
0.369553,-1.19643,9.76146
0.388596,-1.17262,9.82573
0.429062,-1.20357,9.85667
0.450485,-1.19643,9.83525
0.395737,-1.19643,9.87572
0.321945,-1.21785,9.88762
0.345749,-1.15358,9.9019
0.47905,-1.07979,9.9019
0.514755,-1.13692,10.0257
0.61235,-1.175,10.0185
0.586166,-1.25117,9.97093
0.569504,-1.25594,9.93047
0.405258,-1.11311,9.87334
0.343369,-1.14168,9.85667
0.343369,-1.10121,9.80907
0.262436,-1.14406,9.84953
0.202927,-1.24165,9.73289
0.181503,-1.22975,9.70909
0.264816,-1.15596,9.77574
0.360031,-1.16786,9.83287
0.433823,-1.12502,9.91856
0.388596,-1.175,9.9019
0.35289,-1.25594,9.82573
0.260056,-1.23927,9.85667
0.22673,-1.19881,9.87096
0.269577,-1.26546,9.7448
0.271957,-1.24403,9.85905
0.28624,-1.13692,9.82335
0.314804,-1.16548,9.88048
0.345749,-1.21785,9.89952
0.28862,-1.21785,9.87572
0.276718,-1.20595,9.81859
0.307663,-1.07979,9.87572
0.307663,-1.07265,9.96855
0.193405,-1.00362,10.0566
0.176743,-0.996475,10.0328
0.200546,-0.927444,10.2328
0.200546,-0.96077,10.1138
0.145798,-1.17738,10.0757
-0.206497,-1.09645,10.0257
-0.249344,-1.21547,9.6472
-0.394547,-1.42018,9.63292
-0.80397,-1.93434,9.01878
-0.442154,-1.77248,8.99022
-0.292191,-1.87483,7.93095
-0.270767,-1.31068,7.69292
-0.0541534,0.31749,7.57152
-0.187454,2.10753,7.2216
-0.361221,3.07634,6.7003
-0.301712,4.64024,7.01213
-0.125565,5.50908,6.81218
0.181503,6.12321,7.12401
2.37144,8.3084,5.22447
2.52141,8.73448,4.94597
2.34764,8.90587,4.49846
2.07628,8.4536,4.13426
2.00487,8.5988,3.79625
2.13341,8.77019,3.6082
2.2429,8.64641,3.50822
2.20006,8.48692,3.48204
2.27861,8.99632,3.33922
2.05724,9.1201,3.01073
1.97154,9.21532,2.6013
1.86443,9.22008,2.33232
1.91203,8.91777,2.07762
1.99059,8.61546,1.95622
2.13341,9.03203,1.79198
2.13103,9.351,1.74675
2.13579,9.28435,1.88243
2.29765,9.18675,2.19902
2.4738,8.963,2.18712
2.42619,9.05345,2.09904
2.56902,10.058,2.97264
2.52855,10.2008,3.30589
2.40001,10.2865,3.77721
2.26433,10.0865,4.6151
2.23814,10.8982,4.91264
2.43333,10.734,5.54582
2.51665,10.3127,5.73625
2.53331,9.63188,5.6815
2.63805,8.69878,5.53154
2.28337,8.25603,5.95763
2.15245,8.55357,6.21233
2.33812,8.46788,6.16234
2.36906,7.10631,6.52415
2.43333,5.60667,6.65031
2.7523,4.05943,6.05284
2.58092,2.10277,6.1909
2.12865,2.61931,6.33849
1.82158,2.48363,6.74077
1.47166,1.78142,6.93596
1.2003,0.929245,7.00261
0.448105,-3.334,8.119
0.207687,-2.82222,8.34276
0.0553436,-2.59608,8.48796
-0.0922394,-2.29854,9.42345
0.136276,-2.08192,10.1138
0.54808,-1.90816,10.497
0.812302,-1.67964,10.6565
0.80516,-1.40828,10.6612
0.683762,-1.56062,10.4161
0.564743,-2.07002,10.3327
0.940842,-2.57466,10.3399
1.05034,-2.53419,10.2518
1.02653,-2.14381,10.2042
0.878952,-1.72011,10.428
0.840866,-1.31783,10.4994
0.871811,-1.1512,10.5208
1.09557,-1.11787,10.6993
1.29314,-1.21309,10.6374
1.18602,-1.50825,10.2732
0.897995,-1.69154,9.89714
0.748032,-1.91054,9.62816
0.819443,-2.06764,9.64482
0.857529,-1.9153,9.63054
0.99321,-1.71773,9.90904
1.06462,-1.563,9.96855
1.12889,-1.60109,10.0519
1.09795,-1.53444,10.09
1.06938,-1.62489,9.88762
0.940842,-1.94148,9.59483
0.952744,-2.21046,9.46391
1.10271,-2.40565,9.47819
1.13603,-2.12001,9.44963
1.00273,-1.64632,9.77812
1.08604,-1.24165,9.96379
1.09557,-1.08693,10.1495
1.20744,-1.25356,10.1185
1.16222,-1.44637,9.9138
1.0789,-1.75581,9.68529
0.850388,-2.17952,9.24492
0.855148,-1.94624,9.2592
0.983688,-1.54872,9.57341
1.08128,-1.2845,9.76384
1.04796,-1.17738,9.73052
1.02415,-1.2607,9.64958
0.900375,-1.47969,9.51866
0.824203,-1.58443,9.46629
0.776596,-1.68916,9.43297
0.807541,-1.77248,9.43773
0.581406,-1.65346,9.61388
0.555222,-1.71059,9.56151
0.690903,-1.563,9.81621
0.755173,-1.47017,9.90666
0.855148,-1.45351,9.9995
0.878952,-1.47255,10.1042
0.897995,-1.45113,10.0995
0.86467,-1.5273,10.0733
0.93132,-1.57729,9.98997
0.912277,-1.55586,9.9019
0.926559,-1.58681,9.71385
1.03606,-1.70345,9.7924
1.08366,-1.74867,9.91856
1.13841,-1.75581,10.0019
1.13365,-1.65584,10.0661
1.07652,-1.50111,9.97569
1.12175,-1.563,9.9019
1.10985,-1.50349,9.98283
1.1884,-1.48445,9.97093
1.1765,-1.55348,9.76146
0.921799,-1.4178,9.71385
0.92894,-1.44875,9.74242
0.969406,-1.28688,9.89714
1.04558,-1.18214,10.0304
1.08604,-1.0298,10.0995
0.952744,-1.03932,10.1042
0.924179,-1.14644,9.99712
0.857529,-1.17024,9.96379
0.924179,-1.31783,9.77574
0.93132,-1.42494,9.62816
0.874191,-1.44637,9.69719
0.843246,-1.38448,9.72575
0.850388,-1.2964,9.73527
0.778976,-1.17976,9.78526
0.776596,-1.13454,9.81383
0.807541,-1.24641,9.74242
0.817062,-1.30116,9.7567
0.878952,-1.38924,9.64006
0.871811,-1.49873,9.502
0.886093,-1.38924,9.54246
1.06462,-1.33211,9.61626
1.10033,-1.40114,9.65434
1.12175,-1.49397,9.70433
1.14079,-1.51302,9.69719
1.09557,-1.57252,9.60197
1.06938,-1.43922,9.48534
1.05986,-1.32497,9.58055
1.0432,-1.20357,9.6353
0.990829,-1.1869,9.66386
0.99559,-1.27736,9.62578
0.99559,-1.394,9.63768
1.07176,-1.47731,9.671
1.19316,-1.5154,9.69957
1.24553,-1.45113,9.74956
1.27647,-1.2607,9.79002
1.23601,-1.27022,9.80907
1.21696,-1.31783,9.86144
1.23125,-1.37495,9.84239
1.18364,-1.37733,9.81621
1.17888,-1.44875,9.79002
1.35027,-1.34163,9.80193
1.33598,-1.34877,9.82335
1.30504,-1.33687,9.79002
1.25743,-1.32021,9.84001
1.19792,-1.36067,9.82573
1.16698,-1.35591,9.81145
1.18364,-1.38924,9.7805
1.23839,-1.44399,9.83049
1.26933,-1.563,9.72813
1.22411,-1.34401,9.78288
1.15031,-1.2964,9.83525
1.11461,-1.32021,9.84239
1.15746,-1.36305,9.82573
1.20982,-1.35829,9.93285
1.15746,-1.2845,9.86144
1.07652,-1.3083,9.81859
1.04082,-1.28926,9.84715
1.02653,-1.3083,9.84477
1.09795,-1.36305,9.80907
1.16222,-1.29402,9.83763
1.16698,-1.21071,9.89476
1.19078,-1.1274,9.91142
1.15746,-1.22499,9.84001
1.14079,-1.27736,9.82097
1.09081,-1.33925,9.64482
1.02415,-1.46303,9.60435
0.883713,-1.50587,9.51628
0.833725,-1.44399,9.55437
0.881332,-1.42018,9.60435
0.871811,-1.25117,9.72575
1.04558,-1.24403,9.72099
1.13127,-1.28926,9.68529
1.15269,-1.34639,9.65672
1.13365,-1.4178,9.71385
0.926559,-1.4297,9.63054
0.888474,-1.44399,9.62102
0.909897,-1.43684,9.70195
0.959885,-1.41066,9.71861
1.04082,-1.30354,9.66863
1.09081,-1.29402,9.69957
1.10747,-1.20357,9.87572
0.981308,-1.51302,9.68529
0.938461,-1.37495,9.67577
1.03844,-1.27022,9.85191
1.04796,-1.27736,9.76146
1.03606,-1.27022,9.72099
0.964645,-1.20833,9.77336
0.893234,-1.25356,9.84239
0.943222,-1.29402,9.72337
1.03368,-1.32021,9.7924
1.04082,-1.23927,9.82811
1.07652,-1.32259,9.79716
1.07652,-1.42018,9.75432
0.997971,-1.50111,9.74004
0.938461,-1.49159,9.68053
0.943222,-1.43208,9.71861
0.986069,-1.2845,9.87334
1.04558,-1.24641,9.80907
1.07652,-1.21785,9.79478
0.983688,-1.19405,9.65672
0.957504,-1.28926,9.67815
0.92894,-1.30354,9.69719
1.00273,-1.32021,9.70671
1.03606,-1.2726,9.59721
0.959885,-1.25594,9.7567
1.00273,-1.21309,9.73289
0.917038,-1.19643,9.80193
0.947983,-1.20119,9.80669
0.919418,-1.21071,9.70671
0.900375,-1.20595,9.62816
1.02653,-1.4178,9.70671
0.924179,-1.32735,9.74004
1.00987,-1.31544,9.83049
1.09319,-1.29164,10.0066
1.13127,-1.26546,9.99712
1.09557,-1.31544,9.91856
1.02177,-1.27022,9.92571
0.962265,-1.31306,9.9019
0.957504,-1.34163,9.94713
0.981308,-1.39162,9.85667
0.943222,-1.37257,9.72099
1.00511,-1.27022,9.81859
0.955124,-1.19405,9.85191
0.978928,-1.1631,9.94475
0.902756,-1.175,9.87096
0.900375,-1.1869,9.9138
0.92894,-1.25356,9.88524
1.02177,-1.35115,9.77336
0.976547,-1.47017,9.7567
1.01939,-1.47731,9.64958
0.955124,-1.51302,9.75908
0.912277,-1.53682,9.59245
0.905136,-1.2726,9.75908
0.936081,-1.24641,9.76622
1.00511,-1.29402,9.86858
0.99321,-1.29164,9.91618
1.00987,-1.29878,9.78764
0.938461,-1.31544,9.80907
0.947983,-1.34163,9.69719
0.907516,-1.38686,9.74004
0.940842,-1.27022,9.70433
1.00035,-1.10121,9.81859
0.967026,-1.11549,9.78526
0.978928,-1.17262,9.76146
1.01701,-1.23927,9.69719
0.947983,-1.32259,9.70909
0.933701,-1.50111,9.72099
0.964645,-1.5511,9.69719
0.990829,-1.52968,9.77574
0.990829,-1.50825,9.69481
0.997971,-1.39638,9.76384
1.00749,-1.32021,9.73527
0.952744,-1.25356,9.80669
0.947983,-1.25594,9.9019
0.919418,-1.29402,9.91142
0.943222,-1.21071,9.89714
0.952744,-1.18929,9.86858
0.900375,-1.19881,9.89476
0.859909,-1.22975,9.75908
0.938461,-1.30354,9.72099
0.890854,-1.31783,9.62816
0.905136,-1.36067,9.67339
0.962265,-1.32973,9.68291
0.955124,-1.29878,9.79478
0.947983,-1.24403,9.89476
0.99321,-1.19405,9.86858
0.974167,-1.27974,9.82573
0.945602,-1.36781,9.82335
0.938461,-1.42256,9.79002
0.933701,-1.38448,9.81621
1.00511,-1.49635,9.73052
0.983688,-1.394,9.85667
0.926559,-1.34401,9.79002
0.92894,-1.34401,9.67577
0.869431,-1.36067,9.76146
0.919418,-1.38448,9.91856
0.933701,-1.34877,9.86858
0.986069,-1.31783,9.90666
0.900375,-1.28212,9.90428
0.919418,-1.24879,9.86144
0.893234,-1.32021,9.82811
0.92894,-1.26784,9.85429
0.888474,-1.34639,9.84477
0.921799,-1.39162,9.7805
0.924179,-1.46065,9.7448
0.874191,-1.39638,9.7567
0.952744,-1.27022,9.76146
0.976547,-1.19167,9.83049
1.01463,-1.1393,9.80669
0.926559,-1.1869,9.7567
0.900375,-1.43446,9.71861
0.890854,-1.21785,9.82097
0.857529,-1.17976,9.79955
0.86467,-1.22737,9.84477
0.831345,-1.28212,9.78288
0.857529,-1.42256,9.72575
0.881332,-1.43446,9.72337
0.917038,-1.38686,9.74004
0.914658,-1.44875,9.89952
0.940842,-1.38448,9.88048
0.983688,-1.22975,10.0066
0.983688,-1.14882,10.0066
0.947983,-1.14406,10.0447
0.92894,-1.19405,9.98045
0.943222,-1.24403,9.92571
0.926559,-1.32735,9.78764
0.86467,-1.2964,9.76384
0.92894,-1.42018,9.84239
0.902756,-1.36067,9.90904
0.990829,-1.16072,9.93047
0.924179,-1.29164,9.74956
0.900375,-1.22023,9.79478
0.80278,-1.21309,9.68291
0.764694,-1.23451,9.68291
0.840866,-1.26308,9.70909
0.900375,-1.31306,9.62578
0.897995,-1.27498,9.61864
0.831345,-1.32021,9.65196
0.786118,-1.36067,9.72337
0.831345,-1.3821,9.80193
0.914658,-1.22975,9.91856
0.850388,-1.2607,9.82573
0.855148,-1.31306,9.87096
0.907516,-1.31068,9.89714
0.876572,-1.29878,9.92808
0.917038,-1.24165,9.87572
0.828964,-1.20833,9.79955
0.786118,-1.24641,9.80193
0.845627,-1.33211,9.90428
1.00273,-1.26784,10.0114
0.974167,-1.13216,9.78526
0.914658,-1.20357,9.79716
0.947983,-1.11311,9.85905
0.848007,-0.941727,9.88286
0.798019,-1.01076,9.88286
0.783737,-1.11549,9.79716
0.798019,-1.03932,9.75194
0.814682,-1.08931,9.66624
0.824203,-1.17738,9.62816
0.8004,-1.19643,9.6115
0.702805,-1.15358,9.66624
0.717087,-1.12502,9.69005
0.745651,-1.09645,9.77812
0.788498,-1.06075,9.83287
0.769455,-1.08931,9.80431
0.73851,-1.1631,9.79955
0.778976,-1.25832,9.7805
0.814682,-1.34877,9.72337
0.788498,-1.40114,9.67339
0.814682,-1.46303,9.67815
0.881332,-1.37257,9.78526
0.905136,-1.24165,9.95903
0.786118,-1.27498,9.91142
0.764694,-1.30592,9.92333
0.702805,-1.34639,9.94237
0.709946,-1.40114,9.88286
0.80516,-1.37257,9.80431
0.855148,-1.23451,9.85905
0.890854,-1.23213,9.86382
0.857529,-1.24165,9.8662
0.807541,-1.32021,9.67815
0.819443,-1.38448,9.73289
0.731369,-1.37972,9.74956
0.67662,-1.27974,9.77098
0.67424,-1.17262,9.85667
0.693283,-1.15358,9.85905
0.733749,-1.11311,9.75432
0.743271,-1.09169,9.85667
0.712326,-1.14168,9.75194
0.698044,-1.22023,9.74242
0.688522,-1.2845,9.67815
0.643295,-1.30354,9.64482
0.629013,-1.22499,9.71861
0.693283,-1.08217,9.83525
0.712326,-1.1274,9.90666
0.755173,-1.05122,9.8781
0.795639,-1.05598,9.96617
0.843246,-1.18214,9.92808
0.824203,-1.28688,9.90428
0.852768,-1.42018,9.79002
0.840866,-1.4059,9.91856
0.900375,-1.32735,10.04
0.883713,-1.29402,10.0923
0.809921,-1.09169,10.1471
0.80516,-1.20595,10.0233
0.798019,-1.3821,9.81383
0.643295,-1.81294,9.54961
0.600449,-2.44374,9.02593
0.47905,-2.54372,8.67839
0.329086,-2.52229,8.48558
0.386215,-1.75581,8.94737
0.438583,-0.472794,9.03545
0.443344,0.210373,9.03545
0.324326,0.893539,8.4832
0.169601,0.805466,7.78813
0.310043,1.50053,6.93596
0.219589,2.61217,6.39799
0.102951,3.64049,6.50987
0.61235,5.71855,6.70744
1.08366,7.43004,7.62151
1.97392,9.18199,2.28471
2.01201,9.47716,2.26567
2.06914,10.1127,2.06096
2.10722,10.3912,2.26091
2.03343,10.784,2.26567
2.02867,10.9292,2.21092
2.06676,10.9458,1.94908
2.05724,10.6745,1.53252
2.02629,10.7864,1.09929
1.97868,10.903,1.15166
2.00725,10.9292,1.29924
2.09294,10.9292,1.46825
2.16197,10.4817,1.68724
2.23814,10.3174,1.94194
2.39763,9.89134,2.20616
2.64043,9.51286,2.22044
2.64519,9.43431,1.9467
2.56187,9.28911,1.48729
2.35716,9.0844,1.07549
2.26195,9.09154,0.97789
2.15007,2.9716,6.52177
1.69066,2.56694,6.64555
1.62639,1.83617,7.45964
1.99535,1.33867,7.38347
1.81444,0.607895,8.03093
1.67162,0.369858,8.30705
1.53355,0.550766,8.14281
0.821823,-0.096695,8.14281
0.593307,-0.986954,8.31895
0.443344,-1.32259,8.27611
0.600449,-2.72701,9.6353
0.576645,-2.83888,9.66148
0.638535,-2.65321,9.81145
0.721848,-2.31758,10.1114
0.950363,-1.89626,10.2613
1.01701,-1.87245,10.2542
0.959885,-2.17476,9.99712
0.862289,-2.5461,9.72575
0.771835,-2.68892,9.52342
0.831345,-2.80318,9.59245
0.914658,-2.85793,9.51152
0.838486,-2.56038,9.70671
0.821823,-2.21046,9.84953
0.845627,-1.95338,10.009
0.73613,-1.82722,9.99474
0.700424,-1.92482,9.89
0.731369,-2.10573,9.84715
0.73851,-2.28902,9.70671
0.848007,-2.55324,9.48772
0.8004,-2.61751,9.34251
0.8004,-2.55562,9.41631
0.750412,-2.37233,9.50676
0.824203,-2.24379,9.54723
0.886093,-2.12953,9.6115
0.848007,-2.09383,9.67577
0.73613,-1.95815,9.7448
0.757553,-2.04622,9.72099
0.793259,-2.16048,9.7686
0.793259,-2.39613,9.53294
0.748032,-2.41994,9.27586
0.667099,-2.36995,9.41393
0.695663,-2.39613,9.38298
0.583786,-2.3152,9.40916
0.564743,-2.26283,9.52818
0.640915,-2.21284,9.80193
0.695663,-2.14619,9.93047
0.759934,-2.05574,10.0019
0.700424,-1.85341,10.0876
0.690903,-1.93196,9.99235
0.750412,-2.19618,9.86144
0.812302,-2.30568,9.72575
0.883713,-2.35567,9.71385
0.876572,-2.31044,9.74242
0.893234,-2.3033,9.75432
0.878952,-2.26759,9.67577
0.80278,-2.17476,9.77098
0.831345,-2.09621,9.71861
0.881332,-2.08192,9.76384
0.943222,-2.09859,9.81621
0.976547,-2.14143,9.83763
0.838486,-1.87007,9.93523
0.814682,-1.68202,9.78764
0.819443,-1.62251,9.81145
0.86705,-1.72011,9.84953
0.902756,-1.81056,9.70909
0.888474,-1.82961,9.68529
0.905136,-2.06526,9.60912
0.855148,-2.14381,9.6353
0.819443,-2.05098,9.61626
0.762314,-2.0367,9.55199
0.959885,-1.68678,9.88524
0.943222,-1.61061,9.97093
0.967026,-1.60823,10.0209
0.900375,-1.72725,10.0376
0.874191,-1.81056,9.79955
0.876572,-1.89626,9.7805
0.883713,-1.96053,9.79002
0.862289,-1.96767,9.72813
0.759934,-1.94386,9.6115
0.80278,-1.87007,9.66624
0.809921,-1.86769,9.61388
0.876572,-1.92006,9.68053
0.886093,-1.98909,9.66148
0.862289,-1.64156,9.82811
0.843246,-1.56776,9.94475
0.900375,-1.51064,9.89238
0.962265,-1.65822,9.82811
0.905136,-1.81532,9.78764
0.895615,-1.82722,9.58055
0.917038,-2.09859,9.45201
0.812302,-1.76534,9.64958
0.869431,-1.76534,9.71623
0.955124,-1.74391,9.74956
1.00987,-1.75581,9.83049
0.952744,-1.67012,9.81145
0.947983,-1.66536,9.85191
0.900375,-1.75343,9.81383
0.909897,-1.78914,9.83525
0.905136,-1.82246,9.82097
0.959885,-1.83199,9.86144
0.93132,-1.75343,9.81383
0.80278,-1.6606,9.77336
0.80516,-1.75581,9.82573
0.871811,-1.74629,9.89
0.888474,-1.73677,9.86858
0.881332,-1.75819,9.84001
0.962265,-1.77962,9.87334
1.01463,-1.76772,9.76384
0.936081,-1.74391,9.82335
0.888474,-1.74391,9.70909
0.859909,-1.87959,9.52342
0.828964,-1.83199,9.57817
0.778976,-1.68678,9.67577
0.824203,-1.62489,9.71623
0.897995,-1.58919,9.71147
0.905136,-1.59871,9.62102
0.871811,-1.65346,9.63292
0.824203,-1.67964,9.64006
0.821823,-1.71773,9.69243
0.850388,-1.6963,9.69243
0.859909,-1.6963,9.74718
0.819443,-1.67012,9.78288
0.80278,-1.68678,9.75908
0.798019,-1.69154,9.74718
0.793259,-1.66774,9.77098
0.80278,-1.66774,9.76622
0.798019,-1.75343,9.72337
0.817062,-1.69868,9.77336
0.888474,-1.59395,9.80193
0.859909,-1.62965,9.78764
0.814682,-1.62965,9.75194
0.743271,-1.59871,9.83763
0.774216,-1.6725,9.81145
0.743271,-1.67726,9.85905
0.778976,-1.67488,9.83525
0.807541,-1.71535,9.75908
0.814682,-1.75343,9.74242
0.859909,-1.71773,9.75194
0.817062,-1.78676,9.81145
0.714706,-1.70107,9.77098
0.728989,-1.6844,9.9138
0.783737,-1.71297,9.85905
0.745651,-1.67488,9.74718
0.733749,-1.72963,9.72099
0.709946,-1.65108,9.78526
0.786118,-1.67488,9.72337
0.774216,-1.71297,9.77336
0.757553,-1.68202,9.74242
0.73613,-1.70583,9.75432
0.693283,-1.66774,9.68767
0.700424,-1.72725,9.72337
0.705185,-1.67964,9.73527
0.669479,-1.62965,9.73766
0.683762,-1.74629,9.73289
0.638535,-1.79152,9.66386
0.657578,-1.79628,9.68767
0.645676,-1.70821,9.72099
0.631393,-1.73201,9.66148
0.640915,-1.6487,9.83049
0.669479,-1.56776,9.76622
0.724228,-1.59395,9.83287
0.719467,-1.58919,9.79002
0.728989,-1.58443,9.83763
0.724228,-1.61775,9.75908
0.695663,-1.65346,9.75432
0.683762,-1.69154,9.70671
0.662338,-1.8058,9.67815
0.657578,-1.79152,9.64244
0.717087,-1.782,9.69481
0.719467,-1.72011,9.78764
0.700424,-1.71535,9.83049
0.700424,-1.71535,9.84239
0.759934,-1.6725,9.85429
0.743271,-1.6487,9.95665
0.745651,-1.66774,9.85191
0.659958,-1.67964,9.82573
0.659958,-1.71773,9.85429
0.621872,-1.7939,9.7448
0.631393,-1.79628,9.68053
0.705185,-1.782,9.74956
0.759934,-1.67726,9.78526
0.755173,-1.63679,9.81383
0.724228,-1.56062,9.85191
0.702805,-1.61537,9.7567
0.709946,-1.68916,9.80193
0.640915,-1.67964,9.68053
0.669479,-1.67726,9.671
0.650436,-1.70821,9.72099
0.726608,-1.64394,9.81145
0.778976,-1.67488,9.76384
0.724228,-1.72487,9.68529
0.740891,-1.81532,9.73052
0.67186,-1.75819,9.72099
0.667099,-1.70583,9.79716
0.662338,-1.63679,9.82811
0.67662,-1.59871,9.83287
0.752792,-1.56776,9.84239
0.778976,-1.52492,9.86858
0.776596,-1.49397,9.89476
0.786118,-1.56062,9.89476
0.745651,-1.68202,9.74004
0.712326,-1.79628,9.69005
0.67186,-1.7939,9.72099
0.67186,-1.76057,9.78764
0.67662,-1.61775,9.82335
0.688522,-1.54634,9.86382
0.67424,-1.54396,9.89952
0.664719,-1.59395,9.8781
0.638535,-1.563,9.77812
0.624252,-1.6606,9.7567
0.655197,-1.69868,9.72099
0.636154,-1.72011,9.70433
0.686142,-1.6963,9.7686
0.67186,-1.65584,9.68529
0.731369,-1.65584,9.76622
0.755173,-1.69868,9.70433
0.717087,-1.69392,9.77098
0.683762,-1.71297,9.85429
0.700424,-1.6844,9.82335
0.726608,-1.65584,9.85191
0.752792,-1.69392,9.86858
0.781357,-1.70107,9.88286
0.826584,-1.67964,9.99235
0.814682,-1.65346,9.89714
0.776596,-1.64394,9.89714
0.731369,-1.57014,9.92571
0.667099,-1.6487,9.94951
0.552841,-1.67488,9.92333
0.54332,-1.77248,9.83287
0.576645,-1.87721,9.79002
0.464767,-1.65822,9.9
0.395737,-1.61061,9.92808
0.398117,-1.6844,9.93761
0.379074,-1.69868,9.92094
0.41716,-1.6963,9.9019
0.462387,-1.68202,9.89476
0.512375,-1.61775,9.81859
0.529038,-1.59633,9.92094
0.538559,-1.70583,9.81383
0.529038,-1.77248,9.75194
0.5457,-1.71297,9.69005
0.533798,-1.70583,9.69957
0.536179,-1.68678,9.70671
0.531418,-1.63679,9.67577
0.602829,-1.60823,9.69957
0.579025,-1.64632,9.72337
0.595688,-1.71535,9.82573
0.700424,-1.75343,9.83049
0.745651,-1.68678,9.79955
0.67662,-1.67488,9.80907
0.700424,-1.76772,9.74004
0.712326,-1.77962,9.70909
0.679001,-1.75581,9.68767
0.788498,-1.69392,9.71385
0.748032,-1.71297,9.72813
0.774216,-1.76772,9.70671
0.733749,-1.75343,9.67577
0.743271,-1.63679,9.66148
0.717087,-1.66298,9.64482
0.667099,-1.66536,9.62102
0.717087,-1.61061,9.71623
0.798019,-1.60585,9.72813
0.8004,-1.56062,9.61864
0.774216,-1.44399,9.59245
0.786118,-1.46303,9.72575
0.786118,-1.5273,9.68291
0.774216,-1.50587,9.71385
0.776596,-1.46541,9.77812
0.781357,-1.49159,9.79955
0.8004,-1.46779,9.79955
0.502853,-1.28926,9.60912
0.500473,-1.29164,9.62816
0.536179,-1.3083,9.59007
0.517136,-1.23451,9.6115
0.521896,-1.14644,9.57579
0.455246,-1.02742,9.61626
0.360031,-1.07503,9.60674
0.295761,-1.0417,9.60435
0.257675,-1.006,9.54008
0.281479,-1.11311,9.54246
0.345749,-1.04646,9.57103
0.386215,-1.14882,9.56151
0.41954,-1.1274,9.54246
0.329086,-1.09883,9.56151
0.28624,-1.03456,9.55199
0.28862,-1.14406,9.63054
0.336227,-1.15834,9.66863
0.362411,-1.21785,9.59483
0.343369,-1.28212,9.55437
0.28862,-1.33449,9.50914
0.302902,-1.43208,9.54723
0.293381,-1.45589,9.5377
0.283859,-1.41066,9.59721
0.360031,-1.26784,9.68529
0.512375,-1.20119,9.75432
0.602829,-1.14882,9.79478
0.557602,-1.11073,9.75908
0.498093,-1.10597,9.6353
0.512375,-1.18452,9.72099
0.633774,-1.25832,9.7805
0.659958,-1.24641,9.81859
0.748032,-1.37257,9.82097
0.650436,-1.43922,9.71861
0.669479,-1.42256,9.80431
0.702805,-1.42732,9.81621
0.731369,-1.42018,9.79716
0.764694,-1.40352,9.77574
0.769455,-1.33449,9.86144
0.764694,-1.22975,9.8662
0.80516,-1.23689,9.83763
0.831345,-1.17738,9.81621
0.857529,-1.15358,9.86382
0.924179,-1.17262,9.8781
0.907516,-1.16548,9.94475
0.871811,-1.10121,9.86144
0.883713,-1.0536,9.89238
0.947983,-1.05598,9.99235
0.919418,-0.977432,10.0352
0.843246,-1.00362,9.94951
0.888474,-1.17738,10.0542
1.01225,-1.16072,10.0233
1.0432,-1.03218,10.0733
0.936081,-0.96315,10.1518
0.890854,-0.903641,10.1161
0.850388,-0.917923,10.0471
0.855148,-0.903641,9.96141
0.886093,-0.90126,9.98283
0.881332,-0.886978,9.97569
0.812302,-0.956009,9.96855
0.774216,-1.06789,9.95903
0.833725,-1.08455,9.94475
0.893234,-1.02266,9.93999
0.893234,-1.14168,9.88524
0.850388,-1.07741,9.84239
0.86705,-1.04884,9.76146
0.959885,-1.07979,9.79002
0.902756,-1.1512,9.7805
0.86705,-1.14644,9.78764
0.878952,-1.21547,9.7805
0.86467,-1.1631,9.76622
0.819443,-1.07979,9.66386
0.783737,-1.08217,9.6115
0.726608,-1.02028,9.66863
0.8004,-0.932205,9.79955
0.819443,-0.915543,9.73052
0.912277,-0.908401,9.75432
0.940842,-1.0417,9.85191
0.881332,-1.00362,9.81383
