1.98106,0.305588,9.7567
1.97154,0.262741,9.671
1.98344,0.243698,9.72099
2.01915,0.241318,9.72813
2.05247,0.238937,9.81859
2.0858,0.274643,9.79478
2.04295,0.286545,9.80431
2.01677,0.353195,9.75432
2.03819,0.372238,9.64006
2.01439,0.422226,9.7567
2.05486,0.184189,9.68529
2.06438,0.179428,9.59483
1.99297,0.224655,9.62578
2.05724,0.219894,9.62102
2.01439,0.265121,9.60674
2.01201,0.300827,9.60674
1.9644,0.324631,9.59483
1.90489,0.241318,9.59721
1.88109,0.243698,9.52104
1.80254,0.288925,9.53532
1.7216,0.32225,9.46629
1.70256,0.288925,9.44249
1.66447,0.229416,9.51628
1.69066,0.219894,9.45439
1.73827,0.260361,9.56627
1.75731,0.267502,9.5139
1.78349,0.25798,9.45439
1.73351,0.238937,9.47582
1.71208,0.198471,9.49486
1.78587,0.207993,9.6234
2.20958,0.143723,9.47343
2.19768,0.146103,9.46629
2.12389,0.134201,9.50914
2.03819,0.281784,9.46391
1.9406,0.284164,9.45201
1.86919,0.293686,9.3568
1.77397,0.31987,9.34966
1.74541,0.248459,9.3806
1.70732,0.238937,9.38298
1.80016,0.207993,9.49962
1.78825,0.25798,9.44487
1.79301,0.365097,9.5139
1.8073,0.336533,9.68767
1.90965,0.350815,9.64482
2.0739,0.38176,9.80193
2.15483,0.44603,9.76384
2.0739,0.569809,9.72813
1.98106,0.748337,9.72099
1.99059,0.838791,9.82097
2.05486,0.774521,9.89
2.20958,0.691208,9.88048
2.31432,0.581711,9.79002
2.28099,0.610275,9.71623
2.15721,0.600754,9.67339
2.05962,0.572189,9.58531
2.06438,0.543625,9.62578
2.00249,0.403183,9.59959
1.98106,0.315109,9.52818
1.96916,0.312729,9.51152
1.93822,0.341293,9.45677
1.97392,0.726913,9.83049
1.97154,0.63884,9.84715
2.03581,0.534103,9.90904
1.99535,0.426987,9.90666
1.99535,0.315109,9.94713
1.9763,0.300827,9.89476
1.94774,0.355576,9.80193
1.93108,0.327011,9.93523
2.01677,0.346054,9.92808
2.08104,0.300827,9.83525
2.10484,0.310349,9.81383
2.08104,0.267502,9.7567
2.03343,0.203232,9.7924
2.03343,0.210373,9.71861
2.01201,0.265121,9.58531
2.03105,0.372238,9.61864
1.99059,0.5103,9.54246
1.93584,0.591232,9.58531
1.89537,0.484116,9.74718
1.82872,0.405563,9.69719
1.80254,0.288925,9.9019
1.69542,0.400803,9.73289
1.55022,0.38176,9.66148
1.34789,0.379379,9.55437
1.22649,0.438889,9.59721
1.09557,0.398422,9.72099
1.02892,0.346054,9.69005
1.07176,0.260361,9.64006
1.14793,0.198471,9.69243
1.14555,0.2556,9.80193
1.17174,0.360336,9.81145
1.09081,0.431747,9.8781
0.967026,0.343674,9.97093
0.907516,0.25322,10.0138
0.848007,0.134201,9.94237
0.86705,0.0627899,10.1209
0.986069,-0.0300446,10.1875
1.0432,-0.0300446,10.1614
1.01701,-0.0276642,10.0876
0.997971,-0.113358,10.0876
0.893234,0.343674,9.51152
0.843246,0.38414,9.5139
0.783737,0.467453,9.6234
0.812302,0.412704,9.6234
0.876572,0.184189,9.57817
0.926559,0.200851,9.45201
0.897995,0.281784,9.41393
1.00273,0.353195,9.47343
0.933701,0.431747,9.33299
0.967026,0.555527,9.40678
1.05034,0.469833,9.50676
1.1884,0.31749,9.64958
1.26457,0.310349,9.68529
1.34789,0.274643,9.90666
1.47404,0.300827,9.87334
1.47881,0.38176,9.77336
1.41692,0.369858,9.83525
1.3336,0.350815,9.78764
1.21696,0.396042,9.74956
1.18364,0.438889,9.70433
0.921799,0.246078,9.7567
1.0789,0.143723,9.81145
1.04558,0.217514,9.64958
0.971786,0.312729,9.6591
0.924179,0.355576,9.66386
0.940842,0.357956,9.79002
0.959885,0.376999,10.0162
1.05034,0.434128,9.95189
1.14555,0.355576,9.99235
1.21458,0.31987,9.98997
1.15031,0.307968,10.0495
1.15508,0.286545,9.94951
1.02415,0.279404,9.85667
1.00035,0.172287,9.72813
1.0432,0.177048,9.66148
1.07414,0.2556,9.80431
1.11461,0.315109,9.84239
1.10033,0.227036,9.85429
1.0313,0.150864,9.74956
0.933701,-0.0157623,9.64006
1.11461,0.0175629,10.09
1.27885,-0.110977,10.0923
1.24315,-0.163345,9.94475
1.27647,-0.172867,9.7567
1.23363,-0.244278,9.89
1.21696,-0.184769,9.88286
1.3098,-0.177628,9.86144
1.32408,0.0104218,9.79716
1.28123,0.0984955,9.77098
1.20982,0.0675507,9.67339
1.20268,0.148483,9.78764
1.13603,0.279404,9.61864
1.10033,0.441269,9.49248
1.03844,0.541245,9.39488
1.05034,0.519821,9.42107
1.14555,0.493637,9.62816
1.38597,0.438889,9.61626
1.68114,0.376999,9.502
1.78825,0.331772,9.49248
1.73589,0.262741,9.38774
0.778976,0.181808,9.49724
0.724228,0.179428,9.67577
0.833725,0.269882,9.68053
0.959885,0.329391,9.90904
1.16698,0.362717,10.0995
1.2979,0.338913,10.1304
1.41692,0.443649,10.0138
1.44072,0.391281,10.0423
1.37883,0.357956,9.89714
1.19792,0.215134,9.72813
1.067,0.222275,9.60674
1.06938,0.315109,9.73527
1.14317,0.474594,9.62578
1.19792,0.529343,9.58293
1.22887,0.591232,9.54723
1.22411,0.538864,9.62816
1.19792,0.453171,9.64006
1.13603,0.274643,9.58769
1.07414,0.203232,9.49962
1.07176,0.203232,9.36394
1.35741,0.557907,9.64006
1.33598,0.645981,9.61626
1.36217,0.595993,9.55437
1.4669,0.588852,9.59959
1.61211,0.607895,9.58055
1.71922,0.653122,9.54246
1.82396,0.634079,9.60197
1.81682,0.57457,9.5258
1.79778,0.615036,9.51628
1.65495,0.736435,9.65196
1.55736,0.653122,9.72575
1.44548,0.634079,9.63054
1.44072,0.615036,9.67815
1.49309,0.565048,9.63054
1.46928,0.541245,9.7805
1.47166,0.403183,9.71147
1.455,0.400803,9.78288
1.43834,0.207993,9.81859
1.39073,0.0961151,9.71861
1.36217,0.0627899,9.69481
1.59068,0.286545,9.57817
1.55974,0.158005,9.4901
1.5883,0.274643,9.5139
1.63115,0.338913,9.59245
1.61925,0.365097,9.49962
1.56688,0.393661,9.43773
1.55974,0.312729,9.32347
1.61687,0.18895,9.31633
1.67638,0.103256,9.36632
1.64781,-0.0110016,9.35204
1.64781,-0.232376,9.41631
1.68828,-0.389481,9.31633
1.64305,-0.637039,9.18779
1.65733,-0.817947,9.10686
1.74541,-1.05836,9.14256
1.8549,-1.22261,9.16637
1.98106,-1.4059,9.20207
1.97154,-1.44875,9.2473
2.00963,-1.43684,9.40678
2.04295,-1.47969,9.68053
2.14769,-1.51778,9.77098
2.19054,-1.74153,9.77336
2.14769,-2.00813,9.66624
2.24767,-2.27235,9.72575
2.30479,-2.38423,9.78764
2.4738,-2.54134,9.93285
2.61424,-2.4604,10.0638
2.6071,-2.50325,10.1328
2.72374,-2.46278,10.2209
2.64757,-2.22713,10.1471
2.64519,-2.13191,10.1114
2.67851,-2.20094,10.2066
2.77849,-2.10573,10.178
2.9713,-1.94862,10.2185
3.12602,-1.71297,10.3518
3.25932,-1.48207,10.3637
3.19981,-1.20833,10.4351
3.03795,-1.13454,10.3327
2.96892,-1.04884,10.3161
2.89989,-0.89888,10.2518
2.94749,-0.958389,10.4161
3.12364,-0.506119,10.7017
3.29027,-0.218094,10.9302
3.4926,-0.108597,11.035
3.47832,0.0104218,10.9445
3.50926,-0.249039,10.6969
3.70445,-0.144302,11.004
4.03294,-0.0229034,11.1635
4.41618,0.136581,11.4539
4.62804,0.626938,11.6158
4.65184,1.0197,11.6324
4.51616,1.27916,11.3063
4.36382,1.43864,11.2111
4.19005,1.33391,11.0254
4.06627,1.21489,10.9231
4.09721,1.42198,10.9564
4.09721,1.88853,10.954
4.1234,2.35747,11.2087
4.21861,3.04301,11.2301
4.20671,3.34294,11.0183
3.9782,3.41673,11.0778
3.58781,3.37865,10.8279
3.29741,3.2144,10.7422
3.14745,3.15251,10.6922
3.1284,3.34532,10.8874
3.24028,3.50243,10.8969
3.32359,3.7,10.8493
3.24742,3.85948,10.647
3.0927,3.88091,10.4089
2.85466,3.63335,9.93523
1.49785,3.27867,9.04973
1.27409,3.31438,9.06163
1.10509,3.312,8.93547
0.926559,3.4572,8.82359
0.776596,3.80949,8.84264
0.588547,4.01421,8.79027
0.371933,4.1118,8.76646
0.371933,3.99754,8.4713
0.164841,3.9547,8.2285
-0.146988,3.75237,8.10472
-0.299332,3.55479,8.14281
-0.408829,3.36913,8.32133
-0.496902,3.32866,8.3261
-0.432632,3.4453,8.40941
-0.337418,3.3477,8.33562
-0.463577,3.21202,8.13329
-0.618301,2.8383,7.93333
-0.858719,2.54314,7.73576
-1.01106,2.55028,7.72862
-1.08485,2.63121,7.7072
-2.56068,1.70763,6.49321
-2.65114,1.75285,6.55272
-2.74635,1.95757,6.57652
-2.73921,1.92424,6.47893
-2.9106,1.94566,6.50035
-3.02248,1.91948,6.58366
-3.032,1.57195,6.75981
-3.07246,1.41246,6.87883
-2.9344,1.33153,7.05022
-2.79634,1.35057,7.18352
-2.58925,1.37675,7.25731
-2.44405,1.34105,7.24541
-2.62733,1.33629,7.28111
-2.88203,1.30296,7.16685
-3.09151,1.12206,7.25017
-3.18196,0.931625,7.33348
-3.03914,0.891159,7.23827
-2.83919,0.757858,7.30254
-2.74159,0.753098,7.38823
-2.92726,0.738815,7.45726
-2.84157,-0.691788,8.22612
-2.71065,-0.582291,8.53319
-2.61305,-0.272842,8.78313
-2.50356,-0.106216,8.93547
-2.39406,-0.0824127,8.72838
-2.2679,-0.244278,8.64269
-2.06081,-0.260941,8.71172
-2.0132,-0.394241,8.62364
-2.08461,-0.672745,8.74504
-2.27028,-0.953629,8.87834
-2.33693,-1.22261,9.04735
-2.23457,-0.982193,9.39726
-1.83467,-0.482315,9.64006
-1.45381,-0.270462,9.74718
-1.46095,-0.153824,9.83049
-1.77516,-0.160965,9.71385
-2.02986,-0.601334,9.47105
-2.26314,-1.10359,9.34966
-2.41548,-1.35829,9.49486
-2.40358,-1.17024,9.9876
-0.613541,-1.11311,11.0326
-0.806351,-1.41304,10.9088
-1.07057,-1.76772,10.6827
-1.28957,-2.12001,10.5351
-1.31337,-2.31044,10.5279
-1.17531,-2.1938,10.6874
-0.965836,-1.94148,10.8517
-0.677811,-1.71059,10.8945
-0.518326,-1.40828,10.8421
-0.599258,-1.22737,10.7255
-0.725418,-1.06789,10.5803
-0.725418,-1.07265,10.4922
-0.61116,-1.05836,10.4637
-0.423111,-0.932205,10.397
-0.251724,-0.944107,10.4708
-0.227921,-0.882217,10.4565
-0.427872,-0.83223,10.4232
-0.623062,-0.90126,10.4161
-0.727798,-0.903641,10.3161
-0.575455,-0.941727,10.3018
-0.00892639,0.12468,11.3301
0.00773621,-0.00624084,11.3444
0.0958099,-0.0824127,11.4301
0.210068,-0.0467072,11.3777
0.412399,0.0984955,11.5277
0.624252,0.310349,11.5325
0.695663,0.44603,11.4015
0.726608,0.476975,11.2111
0.740891,0.372238,11.1706
0.740891,0.246078,11.073
0.73851,0.0865936,11.0873
0.690903,-0.0419464,10.8969
0.621872,-0.0538483,10.7279
0.471909,-0.265701,10.6446
0.35527,-0.296646,10.478
0.412399,-0.177628,10.4327
0.48381,0.265121,10.3851
0.605209,0.607895,10.3542
0.574264,0.872116,10.2613
0.450485,0.993515,10.1423
0.110092,0.169907,9.84477
0.181503,0.108017,9.8781
0.241013,-0.0014801,9.82573
0.248154,-0.0871735,9.88048
0.264816,-0.175247,9.83287
0.22673,-0.272842,9.90428
0.231491,-0.434708,9.9019
0.238632,-0.64418,9.83525
0.171982,-0.856033,9.85191
0.169601,-0.908401,10.0519
0.138657,-0.829849,10.0971
0.148178,-0.870316,10.1304
0.129135,-0.877457,10.0995
0.148178,-0.948868,10.0233
0.174362,-0.975052,9.91618
0.0743866,-0.975052,9.80669
0.0696259,-0.925064,9.84477
-0.0541534,-0.875076,9.83763
-0.116043,-0.882217,9.83287
-0.146988,-0.83699,9.79955
0.0172577,-0.606094,9.72099
0.0672455,-0.608475,9.92333
0.114853,-0.6418,9.95665
0.176743,-0.715591,10.0233
0.169601,-0.789383,10.0257
0.186264,-0.820328,10.0947
0.200546,-0.794144,10.1257
0.22435,-0.648941,10.0043
0.248154,-0.484695,10.0304
0.181503,-0.365677,10.128
0.179123,-0.360916,10.1376
0.169601,-0.470413,10.0757
0.217209,-0.44899,10.0162
0.245773,-0.501358,9.99235
0.22197,-0.532303,9.90666
0.117233,-0.491837,9.93999
0.0981903,-0.532303,9.85667
0.0791473,-0.596573,9.75908
0.0934296,-0.539444,9.75432
0.171982,-0.479935,9.77098
0.105331,-0.725113,9.89952
0.117233,-0.727493,9.92571
0.169601,-0.713211,9.9876
0.219589,-0.727493,9.88048
0.193405,-0.710831,9.94475
0.200546,-0.660843,9.92808
0.167221,-0.587051,9.86382
0.119614,-0.634659,9.81859
0.0981903,-0.629898,9.92333
0.114853,-0.656082,9.90904
0.1577,-0.634659,9.89
0.141037,-0.637039,9.85429
0.100571,-0.620377,9.89238
0.124374,-0.608475,10.0447
0.150558,-0.660843,9.96855
0.0910492,-0.648941,9.88048
0.0458221,-0.637039,9.84715
0.0267792,-0.6418,9.77574
0.0172577,-0.601334,9.7924
0.0839081,-0.663223,9.84715
0.171982,-0.487076,9.90428
0.117233,-0.456131,9.8662
0.038681,-0.484695,9.86144
0.057724,-0.732254,9.88286
0.0148773,-0.777481,9.79955
0.112473,-0.829849,9.89
0.245773,-0.625137,9.97331
0.238632,-0.546585,9.97807
0.210068,-0.663223,9.99474
0.143417,-0.70845,9.92094
0.200546,-0.70845,10.0066
0.217209,-0.663223,10.0614
0.188644,-0.656082,10.0471
0.195786,-0.734634,10.0709
0.171982,-0.796524,9.97807
0.143417,-0.765579,9.97569
0.0981903,-0.660843,9.94713
0.126755,-0.606094,9.97093
0.136276,-0.617996,10.0352
0.126755,-0.629898,10.009
0.276718,-0.470413,9.79478
0.195786,-0.51564,9.77336
0.186264,-0.627518,9.74242
0.188644,-0.651321,9.76622
0.210068,-0.691788,9.74242
0.236252,-0.720352,9.68053
0.219589,-0.710831,9.7448
0.248154,-0.744156,9.82811
0.262436,-0.656082,9.82335
0.243393,-0.560867,9.82335
0.243393,-0.51326,9.92333
0.229111,-0.646561,9.85667
0.141037,-0.634659,9.78288
0.148178,-0.675125,9.78764
0.200546,-0.746536,9.80669
0.28624,-0.734634,9.85667
0.302902,-0.789383,9.81859
0.310043,-0.746536,9.79716
0.252914,-0.601334,9.85905
0.217209,-0.558487,9.89476
0.171982,-0.603714,9.92571
0.210068,-0.620377,9.94237
0.336227,-0.617996,9.96617
0.41478,-0.658462,9.93285
0.433823,-0.620377,9.97331
0.35527,-0.582291,9.89714
0.35289,-0.596573,9.92808
0.250534,-0.487076,9.91142
0.22673,-0.57991,9.84953
0.212448,-0.665604,9.77812
0.298141,-0.70369,9.86144
0.431442,-0.646561,9.85429
0.464767,-0.582291,9.76384
0.410019,-0.606094,9.66624
0.367172,-0.691788,9.57103
0.369553,-0.627518,9.36156
0.412399,-0.582291,9.34966
0.476669,-0.494217,9.24492
0.529038,-0.463272,9.03307
0.576645,-0.570389,8.83311
0.576645,0.231796,7.74052
0.857529,0.00566101,7.80717
1.1646,-0.229996,7.77147
1.36455,-0.308548,7.98808
1.60258,-0.429947,8.11186
1.70018,-0.460892,8.25944
1.86205,-0.606094,8.30229
2.03343,-0.806046,8.29277
2.16197,-0.889359,8.19994
2.37144,-1.00124,8.46892
2.74516,-1.10121,8.52367
3.11888,-0.951248,8.54033
3.31407,-0.913162,8.42845
3.43309,-0.853653,8.27849
3.41405,-0.910782,8.14281
3.38548,-0.929825,8.12852
3.55211,-0.989334,8.4832
3.88536,-0.998856,8.52367
4.25432,-0.958389,8.30705
4.44951,-0.748917,8.31657
5.87297,-1.05836,8.02617
6.00389,-1.34877,8.12376
6.29192,-1.28688,8.17851
6.47759,-0.96553,8.3856
6.52519,-0.765579,8.37846
6.549,-0.732254,8.18089
6.54185,-0.906021,7.91429
6.6942,-1.15834,7.731
6.8275,-1.18214,7.53343
6.95604,-1.28926,7.57866
7.19884,-0.979813,7.75957
7.29167,-0.598953,7.8405
7.40355,-0.391861,7.75005
7.43925,-0.422806,7.48582
7.46782,-0.518021,7.26445
7.40117,-0.701309,6.99785
7.45592,-0.794144,6.83598
7.52971,-0.625137,6.85741
7.72728,-0.622757,6.85503
7.90343,-0.594193,6.76695
8.68181,-0.120499,5.39348
8.81511,-0.180008,5.15782
8.877,-0.325211,4.88646
8.9008,-0.403763,4.69365
8.95079,-0.472794,4.51036
9.05315,-0.413284,4.47227
9.10313,-0.115738,4.43895
9.09361,0.160385,4.44133
9.12932,0.422226,4.33897
9.13408,0.562668,4.02477
9.26976,0.410324,3.73198
9.27214,0.241318,3.52013
9.32451,0.0175629,3.40825
9.38878,0.0389862,3.28685
9.39116,0.0746918,3.33922
9.46733,0.196091,3.47966
9.58159,0.44841,3.44395
9.64586,0.595993,3.43443
9.79344,0.817368,3.44395
9.85295,0.884018,3.3773
9.7982,0.372238,3.11784
9.68156,0.443649,2.92741
9.75774,0.541245,2.92265
9.68156,0.824509,2.79173
9.69109,1.02684,2.98454
9.74345,0.948288,2.97978
9.72441,0.857834,2.856
9.66728,0.655502,2.76079
9.70775,0.526962,2.79649
9.75536,0.662643,2.79173
9.68871,0.931625,2.86552
9.64348,1.08397,2.72032
9.6411,1.11729,2.56322
9.73393,0.998276,2.62511
9.73155,0.879257,2.56084
9.76488,0.750717,2.64177
9.66728,0.781662,2.54655
9.6292,0.795944,2.72746
9.56731,0.867355,2.76793
9.59825,0.807846,2.82268
10.0243,0.286545,3.77721
9.90532,0.429367,3.7177
9.86961,0.750717,3.87956
9.88628,0.734055,4.06761
9.88628,0.676926,4.16045
9.91246,0.541245,4.05095
9.84343,0.346054,4.12712
9.82201,0.369858,4.13902
9.69347,0.372238,4.16283
9.55302,0.422226,4.41277
9.51494,0.534103,4.60796
9.40306,0.479355,4.54607
9.33403,0.362717,4.56035
9.2888,0.184189,4.56273
9.19597,0.0723114,4.79362
9.13646,0.0627899,4.84123
9.12694,-0.0252838,4.8698
9.07695,0.0342255,5.08879
8.97459,0.131821,5.17924
8.89366,0.069931,5.19115
8.13432,-0.606094,6.3123
8.08433,-0.603714,6.44798
7.98674,-0.425186,6.567
7.95103,-0.422806,6.79552
7.90343,-0.441849,6.84074
7.67967,-0.57753,6.67174
7.42259,-0.710831,6.75981
7.21074,-0.737015,6.85265
7.00127,-0.717972,6.96452
6.8037,-0.6418,7.01927
6.61327,-0.563248,7.23827
6.40141,-0.563248,7.2954
6.30858,-0.589432,7.41203
6.12053,-0.615616,7.35252
5.98247,-0.64418,7.39299
5.86583,-0.751297,7.32396
5.70396,-0.694168,7.50011
5.50163,-0.596573,7.61198
5.39928,-0.570389,7.99522
5.46355,-0.57991,8.13329
5.48259,-0.694168,8.14519
5.50163,-0.946487,8.23564
5.42784,-1.05598,8.04759
5.32548,-0.994095,8.08092
5.16362,-0.958389,8.14757
5.00652,-1.02266,8.45464
-0.0850983,-0.622757,8.9926
-0.280289,-0.656082,9.1021
-0.335037,-0.660843,8.97832
-0.492142,-0.57515,8.93547
-0.496902,-0.327591,9.2235
-0.511185,-0.218094,9.21874
-0.570694,-0.187149,9.35918
-0.723038,-0.365677,9.3568
-0.782547,-0.684647,9.283
-0.975357,-0.903641,9
-0.858719,-0.894119,9.84001
-0.67543,-0.927444,9.87096
-0.701614,-0.870316,9.84953
-0.725418,-0.779861,9.89476
-0.761124,-0.829849,9.95427
-0.692093,-0.860794,9.88524
-0.680191,-0.846512,9.98283
-0.668289,-0.856033,10.0661
-0.627823,-0.90126,10.1209
-0.646866,-0.796524,10.0019
-0.853958,-0.701309,10.0519
-0.956314,-0.646561,9.86858
-0.942032,-0.651321,9.98521
-0.913467,-0.608475,9.85667
-0.925369,-0.656082,9.9138
-0.896805,-0.610855,9.85905
-0.961075,-0.627518,9.78288
-0.942032,-0.646561,9.73052
-0.896805,-0.734634,9.75194
-0.889664,-0.806046,9.84715
-0.649246,-0.698929,9.85667
-0.699234,-0.713211,9.87334
-0.713516,-0.794144,9.82335
-0.746841,-0.846512,9.72099
-0.773026,-0.889359,9.68529
-0.818253,-0.856033,9.70433
-0.832535,-0.801285,9.74718
-0.823013,-0.794144,9.83525
-0.79921,-0.796524,9.73052
-0.763504,-0.839371,9.83763
-0.706375,-0.96315,9.70433
-0.727798,-0.975052,9.74004
-0.615921,-0.787003,10.0566
-0.746841,-0.760818,10.04
-0.823013,-0.813187,9.98997
-0.875381,-0.851273,9.93047
-0.873001,-0.813187,9.98521
-0.86586,-0.806046,9.96141
-0.846817,-0.748917,9.95903
-0.784927,-0.784622,9.96141
-0.815872,-0.810806,9.91856
-0.849197,-0.853653,9.98997
-0.79921,-0.808426,9.97807
-0.696854,-0.875076,9.97331
-0.703995,-0.929825,9.91856
-0.80397,-0.915543,9.99235
-0.753983,-0.956009,9.87572
-0.765884,-0.941727,9.91142
-0.7397,-0.872696,9.89238
-0.73494,-0.867935,9.89714
-0.701614,-0.829849,9.89238
-0.775406,-0.848892,9.80907
-0.834915,-0.689407,9.8781
-0.794449,-0.701309,9.85667
-0.792068,-0.803665,9.85191
-0.689712,-0.934586,9.84715
-0.703995,-1.06789,9.77098
-0.727798,-1.03456,9.7686
-0.756363,-0.908401,9.91618
-0.749222,-0.858414,9.96141
-0.749222,-0.727493,9.93523
-0.784927,-0.813187,9.93285
-0.796829,-0.90126,9.83049
-0.915848,-0.941727,9.7567
-0.906326,-1.04646,9.80193
-0.906326,-1.04646,9.73052
-0.851578,-1.06075,9.79478
-0.813492,-0.927444,9.7686
-0.823013,-0.801285,9.73766
-0.858719,-0.751297,9.72813
-0.837296,-0.70607,9.76622
-0.79921,-0.725113,9.81859
-0.687332,-0.77034,9.89952
-0.701614,-0.753677,9.92808
-0.651627,-0.791763,9.93523
-0.589737,-0.853653,10.0281
-0.570694,-0.89888,9.96141
-0.615921,-0.922684,9.97569
-0.680191,-0.865555,9.93999
-0.765884,-0.872696,10.0066
-0.706375,-0.90126,10.0233
-0.730179,-0.920303,10.0614
-0.723038,-0.906021,10.0281
-0.763504,-0.829849,9.98045
-0.820633,-0.794144,9.97569
-0.942032,-0.748917,9.94475
-0.920609,-0.798904,9.96141
-0.934891,-0.841751,9.92094
-0.892044,-0.932205,9.90904
-0.851578,-1.02028,9.79716
-0.73732,-0.989334,9.88286
-0.753983,-0.860794,9.91618
-0.7397,-0.741776,9.95903
-0.79921,-0.627518,9.6115
-0.899185,-0.744156,9.65196
-0.93013,-0.825089,9.60435
-0.844437,-0.844131,9.53294
-0.808731,-0.886978,9.51866
-0.784927,-0.89888,9.5258
-0.763504,-0.872696,9.57817
-0.761124,-0.794144,9.63292
-0.79921,-0.858414,9.58531
-0.861099,-0.870316,9.61864
-0.727798,-0.922684,9.6353
-0.654007,-0.932205,9.52818
-0.627823,-0.886978,9.48534
-0.644486,-0.891739,9.57341
-0.713516,-0.908401,9.47819
-0.746841,-0.83461,9.40678
-0.782547,-0.765579,9.29491
-0.751602,-0.739395,9.29253
-0.834915,-0.656082,9.17113
-0.842056,-0.587051,8.99974
0.231491,-0.8965,8.97594
0.688522,-0.982193,9.05211
0.952744,-1.02742,8.89262
1.04796,-0.920303,8.81645
0.990829,-0.83223,8.80693
0.957504,-0.782242,8.82597
1.01939,-0.827469,8.8831
1.10033,-0.682266,8.90453
1.17412,-0.76796,8.74266
1.23839,-0.922684,8.68077
1.28123,-0.96077,8.51652
1.34074,-1.02504,8.42369
1.48595,-0.967911,8.40227
1.65257,-0.734634,8.68077
1.98821,-0.727493,9.03783
2.39525,-0.872696,9.11162
2.76897,-0.967911,9.2235
2.99034,-1.00362,9.22588
3.17363,-1.21071,9.1497
3.28313,-1.17262,8.90215
4.58043,-0.846512,8.38084
4.67088,-0.722733,8.43321
4.94701,-0.806046,8.54985
5.16362,-0.827469,8.57841
5.38499,-0.90126,8.50938
5.48259,-0.915543,8.44988
5.52782,-0.884598,8.51177
5.77061,-1.00124,8.59508
5.94914,-1.03456,8.46416
6.10625,-1.11549,8.14519
6.18004,-1.17024,7.93571
6.20146,-1.25356,7.72862
6.28954,-1.29878,7.62389
6.25145,-1.25594,7.61198
6.18718,-1.11311,7.56676
6.14909,-0.932205,7.6096
6.1967,-0.96315,7.62865
6.4633,-1.05598,7.50249
6.60851,-1.21309,7.15971
6.77751,-1.14406,6.95262
8.04149,-0.727493,6.50511
8.15337,-0.879837,6.31468
8.2224,-0.882217,6.10045
8.29857,-0.606094,6.18138
8.35094,-0.372818,6.38371
8.44615,-0.25856,6.36467
8.489,-0.301407,6.28374
8.55803,-0.534683,6.05046
8.6461,-0.682266,5.90288
8.68181,-0.886978,5.63628
8.66753,-0.839371,5.48393
8.65324,-0.653702,5.48393
8.56993,-0.237137,5.50774
8.53422,0.0437469,5.54344
8.47472,0.122299,5.4149
8.55565,0.0556488,5.18401
8.658,-0.206192,4.96739
8.68419,-0.425186,4.72221
8.84843,-0.379959,4.70317
8.88176,0.148483,4.6151
9.47923,0.648361,3.16307
9.62444,0.374619,3.12737
9.73393,0.167526,3.07024
9.83867,-0.0705109,2.9774
9.8839,-0.170486,2.72984
9.92674,-0.137161,2.86076
9.85057,-0.0633698,2.83696
9.82439,0.0175629,2.81554
9.74822,0.331772,2.62511
9.76488,0.460312,2.56084
9.77678,0.496017,2.46324
9.77916,0.6436,2.63225
9.69585,0.681686,2.57988
9.58873,0.64122,2.4442
9.55064,0.498398,2.21568
9.60777,0.465073,2.29185
9.61968,0.346054,2.08952
9.56493,0.565048,1.85387
9.59587,0.753098,1.80864
9.63396,0.750717,1.92052
9.66966,0.912582,2.20616
9.68394,0.886398,2.06334
9.68394,0.979233,2.04192
9.69347,0.931625,1.66582
9.76964,0.914963,1.63487
9.75536,0.912582,1.62773
9.68871,0.812607,1.59203
9.64348,0.757858,1.59679
9.67204,0.726913,1.60869
9.59825,0.824509,1.61583
9.56016,0.843552,1.64915
9.54588,0.807846,1.42064
9.57207,0.719772,1.35161
9.58873,0.653122,1.38493
9.57445,0.719772,1.49443
9.49113,0.888779,1.40398
9.47923,0.905441,1.56822
9.48875,0.862595,1.63249
9.50304,0.719772,1.57298
9.58397,0.631699,1.73485
9.76964,0.336533,2.84172
9.86961,0.341293,2.93456
10.0053,0.496017,3.00597
9.99815,0.691208,3.0988
9.96721,0.650742,3.10832
9.94817,0.524582,3.12975
9.94102,0.267502,3.26305
9.88152,0.119919,3.39873
9.84581,0.122299,3.57487
9.93626,0.069931,3.72246
9.69823,-0.101456,4.20091
9.56255,-0.141922,4.17473
9.62205,-0.110977,4.31517
9.60777,-0.0467072,4.33897
9.57921,-0.120499,4.49608
9.52208,-0.0681305,4.6151
9.44115,-0.149063,4.68175
9.37212,-0.132401,4.81267
9.2531,-0.284744,4.93407
9.13408,-0.203812,5.04118
9.05077,-0.0824127,5.25304
8.94603,-0.0824127,5.22447
8.877,-0.158585,5.26018
8.69847,-0.389481,5.27446
8.57945,-0.558487,5.19353
8.38188,-0.3871,5.39348
8.26286,-0.303787,5.6339
8.17479,-0.0943146,5.90526
8.16051,-0.184769,5.94334
8.0891,-0.375198,5.88621
6.9608,-0.534683,6.955
6.87749,-0.525162,7.08354
6.83702,-0.570389,7.22398
6.67754,-0.603714,7.13829
6.60851,-0.648941,7.10496
6.40617,-0.684647,7.07878
6.26573,-0.967911,6.97881
6.12767,-1.13692,7.21208
6.09196,-1.17738,7.34538
6.10387,-0.998856,7.42632
6.02055,-0.83223,7.55962
5.95866,-0.525162,7.65483
5.73491,-0.356155,7.70006
5.55162,-0.344254,7.79289
5.41356,-0.420425,7.85716
5.30168,-0.525162,7.77147
5.166,-0.603714,7.71434
5.0089,-0.817947,7.76433
4.92796,-1.03218,7.89287
4.90654,-1.12263,8.04283
2.8618,-0.920303,8.29515
2.64519,-0.948868,8.36418
2.41429,-0.801285,8.51652
2.25481,-0.632278,8.68077
2.05486,-0.477554,8.71172
1.90489,-0.45137,8.67125
1.66924,-0.479935,8.65697
1.47166,-0.544205,8.77837
1.32408,-0.57515,8.70696
1.13841,-0.565628,8.67839
0.945602,-0.70845,8.82835
0.881332,-0.83699,8.8712
0.843246,-0.875076,8.93309
0.833725,-0.739395,8.97118
0.831345,-0.582291,9.05687
0.748032,-0.408524,9.15447
0.728989,-0.291885,9.34489
0.686142,-0.382339,9.54246
0.655197,-0.415665,9.36156
0.631393,-0.556107,9.46153
-0.437393,-0.277603,9.10924
-0.584976,-0.45137,9.05211
-0.656387,-0.479935,8.94261
-0.703995,-0.508499,8.79503
-0.818253,-0.529922,8.78075
-0.849197,-0.520401,8.88786
-0.818253,-0.470413,9.03545
-0.601639,-0.403763,9.15922
-0.387405,-0.432327,9.21874
-0.370743,-0.558487,9.22111
-0.396927,-0.701309,9.20445
-0.28981,-0.922684,9.17827
-0.220779,-0.920303,9.33537
0.00773621,-0.77034,9.47582
0.0672455,-0.672745,9.53056
-0.00892639,-0.691788,9.62102
-0.0541534,-0.877457,9.68291
-0.0517731,-1.01552,9.66148
0.0482025,-1.05122,9.75908
0.0886688,-1.18452,9.83763
-0.00178528,-0.939346,10.1114
0.0124969,-0.89888,10.1804
0.0482025,-0.875076,10.1733
0.121994,-0.906021,10.2471
0.102951,-0.870316,10.1185
0.0363007,-0.913162,10.0638
-0.0208282,-0.8965,10.0733
0.0363007,-0.8965,10.0542
0.0124969,-0.860794,9.97569
-0.0160675,-0.717972,9.94951
-0.0517731,-0.679886,9.95427
-0.0517731,-0.725113,10.0281
-0.0565338,-0.729874,9.99474
-0.0422516,-0.83699,9.96617
-0.00178528,-0.910782,9.9138
-0.0279694,-0.886978,9.89238
-0.0803375,-0.798904,9.83049
-0.0850983,-0.656082,9.86144
0.0267792,-0.563248,9.89
-0.00892639,-0.551346,9.95903
0.00297546,-0.839371,9.73527
-0.0184479,-0.839371,9.75908
0.038681,-0.763199,9.77098
0.0196381,-0.63942,9.71623
-0.0160675,-0.479935,9.69481
0.00535583,-0.468033,9.64958
-0.0612946,-0.503738,9.64482
-0.139847,-0.684647,9.59245
-0.130325,-0.765579,9.57341
-0.0946198,-0.794144,9.59721
-0.0493927,-0.722733,9.66624
-0.025589,-0.529922,9.68291
-0.00416565,-0.477554,9.79478
0.107712,-0.482315,9.8781
0.179123,-0.64418,9.79955
0.191025,-0.651321,9.80431
0.183884,-0.710831,9.7805
0.119614,-0.694168,9.7805
0.0958099,-0.617996,9.82573
0.114853,-0.484695,9.82097
0.0410614,-0.0443268,9.35204
-0.0327301,0.024704,9.32109
0.0148773,-0.0419464,9.20207
0.0291595,-0.0538483,9.20207
0.112473,-0.0657501,9.24016
0.217209,0.0318451,9.33775
0.376694,0.158005,9.37346
0.48381,0.162766,9.39964
0.638535,0.179428,9.35204
0.748032,0.158005,9.35918
0.790878,0.119919,9.37346
0.848007,0.186569,9.35442
0.838486,0.38652,9.35918
0.814682,0.424606,9.46629
0.895615,0.553146,9.46153
0.986069,0.610275,9.41869
0.917038,0.750717,9.34489
0.883713,0.693588,9.3687
0.874191,0.476975,9.33775
0.959885,0.393661,9.26872
2.49046,0.791184,10.2018
2.69756,0.729294,10.4518
2.95226,0.598373,10.5613
3.13554,0.291306,10.5375
3.30217,-0.0252838,10.5993
3.54735,-0.284744,10.7779
3.7235,-0.563248,10.9017
3.91154,-0.57515,11.292
3.95915,-0.508499,11.5634
4.002,-0.382339,11.78
4.03056,-0.460892,11.9585
4.05199,-0.779861,11.9942
4.14482,-1.10359,12.1323
4.1591,-1.31306,12.2156
4.27336,-1.38686,12.2228
4.05913,-1.28212,12.3822
3.90202,-1.27736,12.2204
3.70921,-1.37972,12.099
3.56877,-1.53444,12.068
3.44023,-1.65584,11.9895
2.61186,-1.78676,11.2563
2.64519,-1.73201,11.2206
2.5714,-1.62727,11.0849
2.39049,-1.53444,10.9207
2.20482,-1.50587,10.9397
2.04295,-1.57014,10.9516
1.99535,-1.63441,10.735
1.92155,-1.69868,10.7493
1.79778,-1.86293,10.5351
1.76683,-1.76534,10.3708
1.61687,-1.64156,10.2899
1.3455,-1.47969,10.2875
1.05986,-1.33925,10.1661
0.838486,-1.46303,10.0876
0.621872,-1.5511,9.89952
0.429062,-1.60347,9.86858
0.248154,-1.54396,9.85429
0.057724,-1.35115,9.84953
-0.0922394,-1.17024,9.84239
-0.254105,-1.09883,9.68529
-2.15126,0.229416,7.87859
-2.1584,0.331772,7.82146
-2.28218,0.293686,7.49535
-2.48213,0.248459,7.36681
-2.6797,0.207993,7.3549
-2.81062,0.172287,7.35728
-2.79396,-0.160965,7.53343
-2.74397,-0.110977,7.10973
-2.65114,-0.0371857,6.955
-2.65828,0.146103,7.18352
-2.48689,2.38841,7.75005
-2.46071,1.78856,7.97856
-2.32027,2.04564,8.31895
-2.05843,2.5836,8.69505
-1.87276,2.87877,8.75694
-1.93465,3.01683,8.75218
-2.09175,2.99065,8.65221
-2.2798,2.8264,8.56889
-2.39644,2.74071,8.75694
-2.27266,2.85735,9.08543
-2.03462,3.10967,9.32823
-1.68233,3.13585,9.50676
-1.5276,3.12871,9.54008
-1.46809,2.81688,9.55913
-1.59187,2.47887,9.36632
-1.84419,2.0385,9.39964
-2.04176,1.88139,9.47819
-1.98463,1.99089,9.71147
-1.76088,2.42888,9.98521
-1.49666,2.87401,10.2471
-0.439774,2.66454,10.6398
-0.363602,2.5717,10.5113
-0.370743,2.36461,10.4541
-0.325516,2.09325,10.3827
-0.227921,1.7957,10.4042
-0.144608,1.56004,10.228
-0.0993805,1.3839,10.2851
0.0196381,1.48387,10.4684
0.105331,1.6505,10.7374
0.229111,1.83617,10.816
0.229111,1.84569,10.8517
0.307663,1.60051,10.7731
0.324326,1.2625,10.6612
0.348129,0.943527,10.516
0.298141,0.622177,10.4827
0.236252,0.531723,10.566
0.255295,0.617416,10.647
0.410019,0.788803,10.6874
0.500473,1.02446,10.6208
0.636154,1.18156,10.6327
0.809921,1.17442,10.547
0.907516,1.04112,10.4684
0.964645,0.819748,10.4208
0.969406,0.603134,10.2661
0.900375,0.407944,10.1637
0.959885,0.472214,10.2804
0.969406,0.57695,10.1994
0.988449,0.595993,10.2851
0.990829,0.560288,10.2947
0.955124,0.457932,10.2732
0.952744,0.31987,10.2875
0.957504,0.215134,10.2637
0.900375,0.293686,10.2804
0.871811,0.396042,10.3589
0.843246,0.260361,10.3613
0.845627,0.0294647,10.259
0.862289,-0.0538483,10.1566
0.905136,-0.163345,10.1328
1.00273,-0.268082,10.2161
1.13841,-0.356155,10.3232
1.20268,-0.215714,10.3542
1.15746,0.165146,10.4494
1.10509,0.434128,10.4541
1.02892,0.617416,10.5565
1.06462,0.417465,10.4494
1.19554,0.0485077,10.4161
1.38359,-0.249039,10.3089
1.43596,-0.389481,10.1637
1.39311,-0.534683,10.0519
1.34074,-0.556107,10.0447
1.3336,-0.403763,10.0043
1.41216,-0.246658,10.0423
1.41216,-0.184769,10.0709
1.36693,-0.0943146,10.1161
1.36217,-0.170486,10.1114
1.39787,-0.365677,10.1138
1.48595,-0.568008,9.97093
1.41692,-0.727493,10.0043
1.31218,-0.70369,9.9876
1.25743,-0.525162,10.059
1.00987,0.179428,10.0995
0.852768,0.210373,9.98521
0.759934,0.143723,9.96141
0.767075,-0.013382,9.92571
0.845627,-0.172867,9.9995
0.976547,-0.158585,10.0614
1.07414,-0.00624084,10.1756
1.09319,0.122299,10.2709
0.940842,0.100876,10.1804
0.686142,0.103256,9.93999
0.529038,0.0794525,10.0257
0.557602,0.12468,10.0328
0.743271,0.103256,10.0185
0.778976,0.105637,10.0352
0.786118,0.112778,10.0828
0.824203,0.241318,10.0852
0.819443,0.365097,10.0447
0.743271,0.367477,10.0638
0.721848,0.350815,9.97331
0.719467,0.169907,9.90904
0.926559,0.438889,9.84001
0.952744,0.469833,9.74718
0.988449,0.467453,9.67339
0.926559,0.44603,9.73052
0.964645,0.350815,9.74956
0.938461,0.279404,9.66863
1.00749,0.298447,9.68767
0.974167,0.369858,9.67339
0.967026,0.355576,9.66386
0.947983,0.279404,9.57103
0.893234,0.0580292,9.54961
0.895615,-0.096695,9.56389
0.900375,-0.00862122,9.60912
0.986069,0.143723,9.84239
1.04082,0.312729,9.79955
1.03368,0.379379,9.81859
0.945602,0.38652,9.83763
0.912277,0.457932,9.79955
0.874191,0.472214,9.70671
0.831345,0.472214,9.72813
0.895615,0.38176,9.74718
1.01701,0.393661,9.79716
1.05272,0.272263,9.84477
1.08604,0.196091,9.86144
1.06462,0.148483,9.90904
1.02415,0.108017,9.88524
0.888474,0.162766,9.89476
0.890854,0.198471,9.92094
0.855148,0.141342,9.82573
0.848007,0.0485077,9.84715
0.890854,0.0437469,9.77098
0.919418,0.0223236,9.72813
0.859909,0.000900269,9.74242
0.869431,0.0746918,9.74718
0.817062,0.12706,9.86382
0.840866,0.155624,9.88048
0.80278,0.217514,9.91618
0.888474,0.212753,9.83049
0.926559,0.167526,9.82811
0.919418,0.169907,9.71623
0.857529,0.108017,9.75432
0.781357,0.0770721,9.75194
0.683762,0.0746918,9.73766
0.67662,0.150864,9.76384
0.721848,0.315109,9.84477
0.752792,0.315109,9.86382
0.774216,0.215134,9.78764
0.828964,0.0818329,9.86382
0.859909,-0.0657501,9.75908
0.793259,-0.115738,9.80907
0.80516,-0.122879,9.87096
0.881332,-0.118118,9.7924
0.902756,0.00328064,9.84477
0.883713,0.158005,9.9019
0.936081,0.160385,9.86144
0.909897,0.115158,9.87096
0.93132,0.19133,9.87334
0.964645,0.231796,9.88048
0.967026,0.153244,9.88286
0.893234,0.0723114,9.82811
0.838486,0.00566101,9.79478
0.80278,0.105637,9.7924
0.86467,0.115158,9.76622
0.93132,0.150864,9.79478
0.971786,0.12706,9.80193
0.971786,0.158005,9.78288
0.938461,0.12944,9.81145
0.886093,0.117538,9.81145
0.905136,0.0651703,9.84477
0.971786,0.0818329,9.85667
0.986069,0.100876,9.89238
1.03844,0.0746918,9.9138
1.067,0.236557,9.95665
1.02892,0.2556,9.94713
0.952744,0.260361,9.89476
0.824203,0.198471,9.85905
0.831345,0.174667,9.79716
0.924179,0.250839,9.88524
0.969406,0.312729,9.88524
0.99321,0.350815,9.86144
0.983688,0.203232,9.88524
1.02177,0.088974,9.90428
1.00273,0.0175629,9.8662
0.957504,0.0270844,9.86858
0.947983,-0.00624084,9.83525
0.981308,-0.0490875,9.78526
0.964645,0.0223236,9.79478
1.06462,0.0961151,9.87096
1.07414,0.103256,9.85667
0.976547,0.177048,9.85667
0.869431,0.181808,9.84477
0.86467,0.203232,9.81859
0.852768,0.160385,9.83049
0.921799,0.177048,9.84953
0.945602,0.219894,9.84001
0.981308,0.231796,9.79955
0.974167,0.277023,9.87334
1.02415,0.224655,9.81859
0.971786,0.117538,9.81621
0.924179,0.115158,9.74718
0.921799,0.0627899,9.82573
0.86705,0.0770721,9.79002
0.890854,0.0818329,9.79955
0.850388,0.0627899,9.74718
0.838486,0.0556488,9.7805
0.907516,0.0270844,9.74004
0.871811,0.0199432,9.7567
0.893234,0.110397,9.86144
0.902756,0.198471,9.92808
0.959885,0.348434,10.0328
1.00035,0.412704,9.85905
0.93132,0.329391,9.83049
0.80278,0.207993,9.82097
0.848007,0.105637,9.76384
0.876572,-0.00624084,9.74956
0.919418,-0.0348053,9.71623
0.914658,0.0175629,9.71385
0.921799,0.134201,9.87334
0.945602,0.224655,9.88286
0.962265,0.260361,9.89476
0.981308,0.222275,9.9019
1.01939,0.186569,9.84477
1.03368,0.131821,9.80193
1.01225,0.153244,9.77574
1.00987,0.0294647,9.75194
1.04082,0.0175629,9.69719
1.00749,0.00804138,9.73527
1.03606,0.12944,9.74956
0.952744,0.2556,9.86144
0.981308,0.346054,9.86144
0.969406,0.329391,9.91856
0.986069,0.32225,9.8662
0.969406,0.327011,9.96855
1.19078,0.472214,10.8612
1.28362,0.522202,10.8683
1.26219,0.51268,10.9516
1.25029,0.484116,10.9445
1.27409,0.460312,11.1849
1.23125,0.431747,11.4491
1.30742,0.331772,11.5515
1.42644,0.19371,11.7419
1.53117,0.0223236,11.6943
1.45976,-0.0538483,11.6705
1.3336,-0.0847931,11.5467
1.15746,-0.156204,11.6562
1.0432,-0.199051,11.7134
0.955124,-0.296646,11.7538
0.886093,-0.32045,11.7324
0.762314,-0.222855,11.8038
0.733749,-0.125259,11.6753
0.588547,-0.120499,11.5801
0.488571,-0.203812,11.5539
0.448105,-0.225235,11.3801
0.283859,-0.38472,11.3349
0.307663,-0.539444,11.3206
0.360031,-0.617996,11.1992
0.371933,-0.570389,11.223
0.298141,-0.458511,11.1968
0.1577,-0.329971,11.1659
-0.0827179,-0.196671,10.7826
-0.420731,-0.118118,10.6136
-0.715897,-0.146683,10.5089
-0.934891,-0.313309,10.3732
-3.62947,0.260361,7.92619
-3.90559,0.0342255,7.88811
-4.13411,-0.0562286,7.61198
-4.36024,0.0128021,7.40965
-4.57448,0.162766,7.15495
-4.84584,0.162766,7.14781
-5.04817,0.12706,7.03117
-5.2386,0.19371,6.90263
-5.37904,0.162766,6.82408
-5.55043,0.293686,6.60033
-5.57661,0.546005,6.40038
-5.68849,0.691208,6.41466
-5.81465,0.700729,6.47893
-6.03365,0.745956,6.4099
-6.17647,0.567429,6.46227
-6.21693,0.422226,6.11473
-6.33119,0.234177,6.09807
-6.45497,0.350815,5.78386
-6.62636,0.365097,5.79576
-6.76918,0.455551,5.52916
-8.10219,1.30058,4.6389
-8.07838,1.53624,4.5294
-8.18312,1.64574,4.20329
-8.37117,1.60765,4.21281
-8.52589,1.57671,4.02238
-8.62349,1.42912,4.09856
-8.73061,1.36009,4.06999
-8.86867,1.38152,4.03191
-8.87819,1.30058,3.9843
-8.98054,1.24583,3.95097
-8.97578,1.08635,3.87718
-9.0829,1.07207,3.68199
-9.17573,1.21251,3.61534
-9.1805,1.45055,3.31541
-9.1924,1.73619,3.25352
-9.32094,1.84807,3.25591
-9.37569,1.8195,3.06786
-9.52089,1.70049,2.91075
-9.54469,1.62431,2.71318
-9.5804,1.52196,2.67509
-9.49232,1.06969,2.96074
-9.14479,0.950668,3.03215
-9.00435,0.881638,3.02977
-9.03053,0.843552,3.18925
-9.12099,0.867355,3.2321
-9.13289,0.903061,3.24638
-9.11385,0.934006,3.16307
-9.14717,1.08635,3.15117
-9.12813,1.09111,3.1107
-9.08052,1.09111,3.20116
-9.01863,1.08397,3.37968
-8.9139,1.05064,3.42729
-8.91865,0.83165,3.45824
-8.82106,0.726913,3.40825
-8.79012,0.755478,3.63915
-8.60683,0.89592,3.77959
-8.50685,0.988754,3.93669
-8.48543,1.22679,3.94621
-8.39021,1.30772,4.08903
-8.27357,1.18871,4.18901
-7.13814,0.974472,5.78624
-6.92152,0.753098,6.04332
-6.68587,0.6436,6.32658
-6.51686,0.64122,6.52415
-6.29311,0.522202,6.9193
-6.11458,0.434128,7.05498
-5.95271,0.341293,7.33824
-5.76704,0.12468,7.67625
-5.47902,-0.058609,7.90477
-5.24812,-0.165726,8.05949
-5.14577,-0.108597,8.15947
-5.14577,-0.106216,8.07378
-5.27907,-0.151443,8.00951
-5.38142,-0.00386047,7.91905
-5.39571,0.131821,7.96428
-5.17909,0.0366058,8.26897
-4.88631,-0.0752716,8.63792
-4.58638,-0.146683,8.81645
-4.39357,-0.106216,8.85692
-4.34358,-0.0538483,8.78789
-3.10817,-0.51326,9.70433
-2.98915,-0.560867,9.67339
-2.94392,-0.501358,9.68291
-2.813,-0.344254,9.64244
-2.74873,-0.310928,9.57341
-2.65828,-0.25856,9.62102
-2.54402,-0.0990753,9.49248
-2.50594,0.100876,9.66148
-2.36311,0.207993,9.90666
-2.18935,0.19371,10.0685
-1.16103,-0.0752716,10.1399
-1.06343,-0.170486,10.3327
-0.873001,-0.0824127,10.5279
-0.711136,-0.0371857,10.428
-0.60878,0.122299,10.1923
-0.658768,0.360336,10.0947
-0.67543,0.286545,10.0661
-0.654007,0.210373,9.99474
-0.551651,0.0937347,9.99235
-0.530228,0.0984955,10.0828
1.10985,-0.184769,10.497
1.10271,-0.199051,10.3851
1.09319,-0.182388,10.3042
1.0313,-0.101456,10.2471
1.00987,0.0532684,10.1971
1.00987,0.196091,10.1923
1.03844,0.324631,10.2471
1.11699,0.350815,10.2399
1.22649,0.353195,10.1828
1.28362,0.229416,10.0828
1.24791,0.160385,10.0019
1.25267,0.12944,10.1399
1.28123,0.0461273,10.0923
1.36455,-0.0824127,10.0733
1.43596,-0.0419464,10.0542
1.47643,0.0294647,10.0971
1.52641,-0.00624084,9.98521
1.52403,0.088974,9.96141
1.46452,0.0508881,10.0185
1.50261,-0.058609,10.0947
1.55022,-0.0157623,10.1423
1.59306,-0.0252838,10.159
1.54308,-0.0443268,10.1138
1.60973,-0.0871735,10.1161
1.63591,-0.110977,10.1447
1.65019,-0.213333,10.0162
1.63591,-0.19429,10.0328
1.60258,-0.19429,9.92333
1.53831,-0.199051,9.85905
1.50499,-0.0990753,9.87572
1.50261,-0.0919342,9.9019
1.48833,-0.110977,9.89952
1.49547,-0.0490875,9.84239
1.49547,-0.0514679,9.82573
1.49785,-0.0229034,9.82573
1.44548,0.0151825,9.80431
1.50261,0.0675507,9.82573
1.50975,0.117538,9.93523
1.54308,0.12944,9.96855
1.62639,0.0961151,9.84001
1.59306,0.0913544,9.88524
1.59068,-0.0705109,9.88286
1.65614,-0.0288544,9.96379
1.59663,-0.0574188,9.9019
1.59187,-0.0800324,9.8412
1.55736,-0.1931,9.79836
1.51451,-0.274033,9.69481
1.51332,-0.224045,9.7924
1.54665,-0.0883637,9.84477
1.5407,-0.0419464,9.75075
1.5038,-0.0407562,9.7805
1.40858,-0.0276642,9.73885
1.40025,-0.0836029,9.74242
1.3943,-0.0800324,9.7198
1.39787,-0.0859833,9.68172
1.45619,-0.156204,9.76146
1.42406,-0.269272,9.59483
1.44191,-0.176437,9.69957
1.40501,-0.13121,9.77931
1.34074,-0.110977,9.66743
1.39549,-0.0871735,9.65553
1.41692,-0.177628,9.6722
1.37883,-0.157394,9.67934
1.34074,-0.0990753,9.69838
1.39192,-0.151443,9.67577
1.45738,-0.188339,9.74242
1.41097,-0.19191,9.75908
1.36098,-0.183578,9.75075
1.36693,-0.240707,9.76146
1.34431,-0.153824,9.82097
1.31932,-0.0847931,9.84715
1.33479,-0.235947,9.76622
1.32646,-0.165726,9.77336
1.32765,-0.113358,9.87334
1.38359,-0.138351,9.83406
1.41692,-0.208572,9.81621
1.34431,-0.241898,9.78407
1.30028,-0.201431,9.78407
1.31337,-0.00743103,9.7924
1.31932,-0.109787,9.63887
1.28481,-0.170486,9.66386
1.25981,-0.19072,9.74004
1.28838,-0.107407,9.71742
1.3098,-0.171677,9.71504
1.30266,-0.102646,9.83525
1.34312,-0.0419464,9.84596
1.33598,-0.13121,9.77812
1.31099,-0.260941,9.7448
1.30385,-0.270462,9.70195
1.34908,-0.213333,9.75194
1.38597,-0.196671,9.77693
1.3098,-0.220474,9.75908
1.28481,-0.19072,9.73885
1.32527,-0.249039,9.74837
1.37764,-0.206192,9.78764
1.35741,-0.13002,9.72218
1.31218,-0.158585,9.66148
1.34669,-0.153824,9.70195
1.30147,-0.0669403,9.78764
1.28362,-0.187149,9.72218
1.28123,-0.152634,9.71385
1.286,0.0175629,9.7317
1.3217,0.0163727,9.87691
1.37169,0.000900269,9.91499
1.39311,0.0508881,9.97569
1.42287,-0.0324249,9.9995
1.41216,-0.0645599,10.1114
1.53236,-0.0931244,10.2649
1.48119,-0.119308,10.3161
1.34669,-0.155014,10.5327
1.38478,-0.0407562,10.8112
1.55855,0.19133,11.1373
1.54308,0.173477,11.2992
1.38359,0.117538,11.467
1.38597,0.243698,11.6729
1.36217,0.275833,11.8538
1.41335,0.0485077,11.8669
1.40382,-0.132401,11.9002
1.25505,-0.334732,11.8026
1.02892,-0.252609,11.6562
0.755173,-0.166916,11.4634
0.577835,-0.482315,11.2885
0.340988,-0.70845,11.0492
0.116043,-0.792953,10.7469
-0.146988,-0.867935,10.428
-0.7397,-0.831039,10.1328
-1.18959,-0.921494,9.79955
-1.60377,-1.06432,9.4294
-2.02867,-0.710831,9.17351
-2.55592,-0.473984,8.66768
-3.32954,-0.473984,8.14757
-3.94011,-0.133591,7.59889
-4.45784,0.056839,7.5013
-4.70064,-0.281174,7.29778
-5.1303,-0.290695,6.81932
-5.53377,0.0984955,6.58842
-5.87535,0.436508,6.14091
-6.27049,0.037796,5.8148
-6.63112,-0.147873,5.33397
-6.92033,-0.13121,5.64342
-6.93105,0.197281,5.56725
-7.01198,0.695969,5.40181
-7.30952,1.16966,5.05904
-7.61421,0.978043,4.81981
-7.79393,0.595993,4.85313
-7.92009,0.434128,4.44371
-8.22359,0.7043,4.21877
-8.38545,0.854263,3.94502
-8.59254,0.826889,3.90575
-8.7068,0.759048,3.77483
-8.95436,0.717392,3.40944
-9.32094,0.944717,3.02025
-9.33046,0.981613,2.94646
-9.33998,1.06731,2.46562
-9.5197,1.347,2.13594
-9.73155,1.53624,1.96812
-9.82558,1.67549,2.05263
-9.73393,1.51958,1.97408
-9.7625,1.50053,1.48491
-9.73869,1.79689,1.11595
-9.88866,2.09087,1.06953
-10.0838,2.08134,0.969559
-9.98625,1.8445,0.908859
-9.78392,1.77428,0.867203
-9.8351,1.71001,0.629166
-9.88032,2.01707,0.393509
-10.0136,1.95638,0.419693
-10.1077,1.74214,0.449448
-9.92912,1.4684,0.726761
-9.82677,1.37318,0.940994
-9.84462,1.40532,0.927902
-9.82439,1.60527,1.04216
-9.8708,1.55171,1.23259
-9.85414,1.56242,1.27544
-9.70656,1.51482,1.6075
-9.71965,1.39699,1.64082
-9.62325,1.29344,1.76341
-9.4102,1.48268,2.11214
-9.28523,1.55409,2.50014
-9.11504,1.09706,2.63701
-8.95436,0.945908,3.08214
-8.79726,0.956619,3.60701
-8.58064,0.670975,3.91646
-8.64372,0.670975,3.89861
-8.55327,0.941147,4.01881
-8.33546,0.870926,4.33421
-8.26643,0.798325,4.73531
-8.15813,0.741196,4.90431
-7.96056,0.655502,5.29112
-7.79512,1.02684,5.62795
-7.35594,1.07088,6.09212
-6.84535,0.534103,6.24684
-6.69301,0.280594,6.51582
-6.59065,0.267502,7.06807
-6.24074,0.425797,7.61674
-6.09554,0.237747,7.62627
-5.95866,0.506729,7.76909
-5.71587,0.717392,8.02617
-5.4576,0.438889,7.97856
-5.18742,0.180618,8.33086
-4.85774,0.490067,8.75813
-4.70659,0.223465,8.84621
-4.73515,0.25441,8.99379
-4.56496,0.273453,9.01402
-4.18886,0.222275,9.24968
-3.82942,0.0354156,9.47462
-3.56996,-0.013382,9.61745
-3.59019,0.153244,9.46629
-3.75206,0.218704,9.33894
-3.54735,0.232986,9.38417
-3.08318,0.0663605,9.55318
-2.90227,0.075882,9.57222
-2.91417,0.056839,9.37465
-2.99034,0.334152,9.27229
-2.72493,0.430557,9.39488
-2.30479,0.186569,9.66148
-2.19292,0.0770721,9.53532
-2.17863,0.0306549,9.54128
-2.01558,0.623367,9.77931
-1.71922,0.843552,9.93047
-1.61687,0.493637,9.89476
-1.52403,0.187759,9.9745
-1.31456,0.0913544,10.0364
-1.24315,0.180618,9.95903
-1.26219,0.486496,9.9626
-1.16341,0.498398,9.93047
-0.981308,0.228226,9.95427
-0.775406,0.297256,10.1054
-0.556412,0.227036,10.0519
-0.437393,0.178238,10.0007
-0.28981,0.31868,9.99355
-0.281479,0.400803,9.90071
-0.101761,0.272263,9.94356
0.0755768,0.0794525,10.0542
0.238632,0.141342,10.1947
0.362411,0.268692,10.1507
0.444534,0.206802,10.2102
0.646866,0.218704,10.2006
0.633774,0.225845,10.2994
0.662338,0.242508,10.397
0.853958,0.0711212,10.4101
0.978928,0.134201,10.4422
1.08366,0.361526,10.466
1.01582,0.178238,10.347
1.02773,0.0830231,10.3078
0.99678,0.178238,10.2923
1.03844,0.19371,10.2566
1.14436,0.262741,10.2851
1.19078,0.311539,10.1852
1.17293,0.238937,10.1328
1.21577,0.280594,10.1292
1.16579,0.113968,10.0483
1.1884,0.131821,9.95665
1.19078,0.282974,10.0281
1.13484,0.205612,9.87453
1.09438,0.148483,9.83406
1.12889,0.166336,9.76503
1.07533,0.274643,9.77336
0.976547,0.324631,9.76384
1.05629,0.25322,9.70433
1.13246,0.117538,9.76741
1.07295,0.0961151,9.71028
1.0182,0.242508,9.77098
1.02773,0.211563,9.86858
1.04677,0.133011,9.78407
1.16222,0.0854034,9.77574
1.12651,0.223465,9.80312
0.969406,0.109207,9.90666
1.02296,0.112778,9.8412
1.15984,0.235367,9.92094
1.0551,0.228226,9.83525
0.961075,0.274643,9.81621
1.0432,0.160385,9.82335
0.939651,0.0865936,9.7805
0.820633,0.181808,9.67696
0.814682,0.327011,9.76622
0.964645,0.218704,9.68767
0.953934,0.144913,9.77574
1.04796,0.0128021,9.80312
1.12889,-0.0193329,9.74837
1.06224,0.0520782,9.83049
1.09438,0.0235138,9.90309
1.14555,0.0342255,9.89357
0.982498,0.0139923,9.86025
0.882523,0.0389862,9.87334
1.05272,0.0544586,9.95427
1.00511,0.056839,9.90071
0.861099,0.167526,9.88048
0.899185,0.38533,9.93642
0.886093,0.293686,9.89
0.92894,0.184189,9.7924
1.03487,0.179428,9.78883
0.947983,0.241318,9.68529
0.869431,0.334152,9.76146
1.15627,0.398422,9.89714
1.26457,0.409134,9.88881
1.18959,0.187759,9.86501
1.19911,-0.0597992,9.80788
1.1765,0.111588,9.82216
0.943222,0.0282745,9.86262
0.831345,0.200851,9.78407
1.01701,0.431747,9.88524
1.26338,0.184189,9.77336
1.45976,0.0163727,9.71266
1.55141,0.12587,9.64839
1.44429,0.173477,9.63411
1.3586,0.265121,9.55199
1.29195,0.376999,9.64601
1.22292,0.397232,9.6722
1.13008,0.292496,9.74242
1.11818,0.291306,9.72575
1.23006,0.286545,9.80788
1.14555,0.224655,9.76741
1.05153,0.298447,9.73885
1.08723,0.299637,9.75789
1.09319,0.461502,9.74837
1.08842,0.443649,9.73052
1.1039,0.365097,9.66743
1.1884,0.38295,9.74361
1.14079,0.286545,9.80312
1.09676,0.259171,9.79359
1.03368,0.481735,9.84834
1.07176,0.587662,9.96617
1.27766,0.485306,9.9019
1.34312,0.399612,9.88048
1.33122,0.375809,9.84358
1.455,0.275833,9.84358
1.53474,0.0984955,9.72813
1.32765,0.0139923,9.64125
1.23125,0.136581,9.58055
1.02296,0.19133,9.46629
0.817062,0.271072,9.41512
0.813492,0.444839,9.48177
0.921799,0.57338,9.45558
0.850388,0.547195,9.41512
0.962265,0.426987,9.5258
1.13365,0.361526,9.55913
1.13127,0.316299,9.74718
1.2491,0.32106,9.81145
1.40025,0.182999,9.7924
1.41216,0.179428,9.82692
1.34312,0.0485077,9.89952
1.42049,0.218704,9.8662
1.40263,0.171097,9.70552
1.26576,0.0366058,9.60554
1.22768,0.148483,9.60435
1.21458,-0.00743103,9.58412
1.20625,-0.151443,9.5508
1.2122,-0.187149,9.46867
1.41692,-0.344254,9.61388
1.72041,-0.270462,9.67815
1.70494,-0.459702,9.64839
1.66447,-0.865555,9.64006
1.79182,-0.967911,9.66505
1.94298,-0.931015,9.65434
1.81087,-1.17024,9.59602
1.70137,-1.46779,9.60912
1.74779,-1.56538,9.73885
1.7466,-1.70345,9.91499
1.88228,-1.98552,9.95427
2.1227,-2.0367,10.2709
2.27504,-1.61894,10.91
2.25243,-1.51778,11.1135
2.45595,-1.5154,11.1671
3.02605,-1.48683,11.0849
3.24385,-1.71416,11.1635
3.23671,-0.957199,11.3813
3.03438,-0.340683,11.3218
3.03557,-0.19429,11.0933
3.17839,-0.155014,10.9255
3.18077,0.290115,11.0266
3.02129,0.456741,11.0754
2.98915,0.939957,11.3266
3.00343,1.29463,11.2242
2.55235,1.20775,10.9826
2.25481,0.850693,10.9993
2.31551,1.16133,11.298
2.23576,1.6255,11.1337
1.71208,1.72429,11.029
1.43953,1.80046,11.1921
1.6002,2.41936,11.3135
1.60973,2.87163,10.8505
1.02177,2.59431,10.1007
0.682571,2.24202,9.99355
0.568314,1.90758,9.8662
0.313614,1.6624,9.58055
0.025589,1.83617,9.34727
-0.295761,2.19441,9.08543
-0.765884,2.39674,8.89738
-0.962265,2.33842,8.73671
-0.845627,2.42174,8.65816
-1.067,2.16585,8.2404
-1.74779,1.91829,7.95952
-1.91203,1.77309,7.92619
-1.66804,1.99208,7.70839
-2.26671,2.30629,7.51082
-2.86061,2.25749,7.28349
-2.83681,2.07539,7.12401
-2.96297,1.78142,6.93477
-3.27003,1.36842,6.64198
-3.45213,1.31129,6.58723
-3.53307,1.59575,6.86693
-3.61995,1.73381,6.85265
-3.83299,1.44341,6.70863
-3.94844,1.15657,6.81694
-3.97939,1.40889,7.13472
-3.98177,1.29344,7.38585
-3.69969,0.931625,7.44298
-3.61043,0.325821,7.29897
-3.51402,0.167526,7.26088
-3.45213,0.866165,7.50844
-3.83775,1.11491,7.80003
-3.72707,0.479355,7.82146
-3.59377,-0.0931244,7.91905
-3.91869,-0.346634,7.9012
-3.98177,-0.0312347,7.87383
-3.63542,-0.0157623,8.23088
-3.28075,-0.274033,8.42131
-3.23909,-0.844131,8.44392
-3.42595,-1.06313,8.49153
-2.97725,-0.615616,8.63316
-2.838,-0.606094,8.77004
-2.8499,-1.15715,8.73433
-2.73326,-1.40233,8.65816
-2.63805,-1.35353,9.17708
-2.73802,-1.37495,9.26753
-2.56544,-1.32497,9.17113
-2.231,-1.48921,9.34489
-2.05486,-1.16191,10.0114
-1.46571,-0.714401,10.2709
-1.31932,-1.26665,9.88762
-1.77635,-2.12596,9.76146
-1.52879,-1.85103,10.2601
-0.796829,-1.26427,10.7172
-0.894424,-1.15834,10.491
-1.21101,-1.95815,10.1483
-0.827774,-2.07478,10.4113
-0.507614,-1.64989,10.7648
-0.364792,-1.70464,10.6493
-0.302902,-1.98195,10.3673
0.118423,-1.70702,10.7493
0.151749,-1.43446,10.8088
-0.00535583,-1.54991,10.6767
0.0696259,-1.57252,10.7172
0.405258,-1.31306,10.7565
0.565933,-1.06194,10.8909
0.561172,-1.39757,10.597
0.659958,-1.57014,10.7327
0.902756,-0.984573,10.9695
0.758743,-0.395432,10.8076
0.525467,-0.608475,10.4994
0.788498,-0.8965,10.5541
1.19673,-0.573959,10.841
1.09676,-0.360916,10.7088
0.99202,-0.315689,10.5113
1.08604,-0.183578,10.5803
1.21101,-0.0657501,10.622
1.40025,0.0770721,10.647
1.42406,-0.185959,10.4637
1.29076,-0.650131,10.2185
1.29195,-0.438278,10.1447
1.40501,-0.151443,10.1697
1.286,-0.270462,10.09
1.43239,-0.327591,10.1994
1.60139,-0.431137,10.1376
1.43477,-0.634659,10.0233
1.29909,-0.615616,10.0947
1.46571,-0.304977,10.0804
1.45738,-0.276413,10.0162
1.2979,-0.681076,9.79598
1.36217,-0.959579,9.74123
1.4919,-0.70607,9.8055
1.41573,-0.64299,9.80193
1.2372,-0.850082,9.74242
1.29195,-0.903641,9.61388
1.29076,-0.973862,9.51628
1.1396,-0.776291,9.58293
1.00987,-0.631088,9.68053
1.1277,-0.404953,9.69719
1.15388,-0.51564,9.64006
1.0789,-0.860794,9.54008
1.10985,-0.745346,9.5746
1.12175,-0.629898,9.64244
1.06581,-0.507309,9.73289
1.02773,-0.758438,9.72099
1.05391,-0.83699,9.71742
1.21815,-0.604904,9.86977
1.14436,-0.589432,9.85905
1.01939,-0.564438,9.87215
1.1515,-0.681076,9.87929
1.27409,-0.638229,9.87334
1.25267,-0.679886,9.84358
1.1277,-0.747726,9.75075
1.03844,-0.637039,9.79955
1.13722,-0.631088,9.87215
1.13246,-0.700119,9.75194
1.06343,-0.700119,9.80431
1.06105,-0.714401,9.72575
1.10628,-0.785812,9.72932
1.06343,-0.766769,9.71266
1.23839,-0.671555,9.82573
1.06343,-0.702499,9.66981
1.04082,-0.788193,9.77812
1.15508,-0.568008,9.81264
1.07652,-0.44899,9.82811
1.05867,-0.695358,9.8055
1.19554,-0.631088,9.87929
1.21935,-0.647751,9.82573
1.20387,-0.844131,9.78407
1.23839,-0.819138,9.81264
1.21339,-0.698929,9.82335
1.14793,-0.562057,9.79836
1.03368,-0.679886,9.79598
1.14436,-0.659653,9.76503
1.14317,-0.653702,9.66267
1.06224,-0.633469,9.75551
1.10985,-0.662033,9.85072
1.16698,-0.625137,9.82454
1.14198,-0.609665,9.79121
1.09795,-0.656082,9.76027
1.07652,-0.626328,9.87215
1.23482,-0.520401,9.91499
1.17412,-0.488266,9.8174
1.06581,-0.797714,9.68648
1.13008,-0.741776,9.82692
1.19792,-0.532303,9.83525
1.09557,-0.456131,9.74837
1.13246,-0.587051,9.83763
1.25267,-0.667984,9.82692
1.25624,-0.617996,9.76384
1.11699,-0.557297,9.79002
1.17531,-0.659653,9.80669
1.25981,-0.51445,9.8174
1.14555,-0.553726,9.72337
1.0789,-0.631088,9.68648
1.17769,-0.566818,9.87096
1.19197,-0.64418,9.80431
1.11104,-0.687027,9.69243
1.14674,-0.735825,9.63173
1.08961,-0.622757,9.68291
1.10271,-0.479935,9.83287
1.1515,-0.57753,9.74242
1.10628,-0.670364,9.70671
1.07652,-0.537064,9.77455
1.12056,-0.375198,9.75908
1.1765,-0.441849,9.70076
1.14079,-0.529922,9.71028
1.18126,-0.459702,9.85905
1.20744,-0.507309,9.81502
1.25624,-0.638229,9.83882
1.22292,-0.610855,9.77336
1.25505,-0.712021,9.76741
1.24672,-0.70607,9.74004
1.17055,-0.617996,9.86144
1.19078,-0.540634,9.87453
1.18364,-0.533493,9.66148
1.26814,-0.600143,9.69957
1.27171,-0.757248,9.6722
1.21577,-0.822708,9.57936
1.27171,-0.64061,9.58055
1.22768,-0.723923,9.58293
1.30266,-0.788193,9.5508
1.4669,-0.991715,9.52342
1.56688,-1.3452,9.44725
1.59425,-1.59514,9.54365
1.48,-1.71892,9.44844
1.53474,-1.75462,9.52818
1.45857,-1.90935,9.52223
1.42525,-2.00337,9.57936
1.42525,-2.30092,9.5377
1.53593,-2.48778,9.62102
1.64067,-2.27235,9.77217
1.68114,-2.22951,9.85429
1.79897,-1.6487,10.3149
1.77278,-1.03337,10.4541
1.56212,-1.59038,9.96141
1.89418,-1.90816,10.4089
2.49879,-1.07384,11.3396
2.41548,-0.594193,11.3539
2.06438,-1.16786,10.7934
2.33217,-1.10954,11.267
2.74516,-0.687027,11.6765
2.60234,-0.838181,11.5229
2.70113,-0.784622,11.5789
2.89751,-0.25856,11.8074
2.96178,0.244888,11.6884
2.48808,0.404373,11.6919
1.98463,0.629318,11.5658
2.06557,0.945908,11.5694
2.12389,1.06969,11.3789
1.92632,1.37199,11.1456
1.59425,1.73262,11.2837
1.69661,2.09206,11.2016
1.71803,2.48125,10.8802
1.35027,2.74309,10.7065
1.12056,2.80617,10.4637
0.67305,2.60741,10.0816
0.301712,2.45387,9.85548
0.326706,2.79903,9.76384
0.141037,3.07634,9.21397
-0.551651,3.12038,8.8105
-0.838486,3.17036,8.51295
-0.970596,3.21678,8.12734
-1.24196,3.26439,7.94524
-1.75255,3.27272,7.83455
-2.09294,3.40245,7.55962
-2.05486,3.31319,7.24184
-2.39287,3.03468,7.25493
-2.62733,2.91328,7.32515
-2.51546,2.77046,7.25374
-2.80348,2.40388,7.07402
-3.15221,1.91472,6.98119
-3.24028,2.15633,7.2097
-3.10936,2.59669,7.16566
-3.41286,2.23369,7.15376
-3.76753,1.60646,7.20375
-3.63304,1.08397,7.0407
-3.33669,1.53505,7.22993
-3.60924,2.35152,7.24898
-3.98296,1.98137,7.10259
-3.67946,1.45293,7.17757
-3.4319,0.957809,7.05736
-4.06627,0.215134,6.59438
-4.41261,0.501968,6.78481
-4.32454,1.21132,7.30849
-4.30669,1.30296,7.39894
-4.25075,0.486496,7.22993
-4.07698,-0.114548,7.41798
-3.91154,-0.389481,7.60603
-3.99129,-0.157394,7.75481
-3.55449,0.141342,8.05473
-3.21529,-0.219284,8.18922
-3.52473,-0.751297,8.42607
-3.2379,-0.727493,8.58794
-2.86894,-0.471603,8.6891
-2.89394,-0.729874,8.63554
-3.11412,-1.2119,8.83311
-2.74873,-1.34877,9.07829
-2.3286,-1.07622,9.16399
-2.45714,-0.902451,9.12352
-2.86418,-1.19524,9.33537
-2.70232,-1.29402,9.59959
-1.97987,-1.1143,9.77217
-1.86681,-1.09169,9.75075
-2.05962,-1.44041,9.93404
-1.81801,-1.45708,10.2792
-1.36931,-1.59514,10.4553
-1.07533,-2.03789,10.3911
-0.952744,-2.22951,10.5529
-0.468338,-1.96529,10.9338
-0.323135,-1.87483,10.9647
-0.613541,-2.34258,10.6053
-0.357651,-2.27116,10.6898
0.170792,-1.84627,10.8433
0.111282,-1.46065,10.7779
-0.291,-1.79628,10.6065
0.0624847,-2.10573,10.5672
0.562363,-1.76534,10.8624
0.5457,-1.38448,10.7291
0.285049,-1.38091,10.5077
0.273148,-1.77129,10.5506
0.561172,-1.61656,10.8267
0.831345,-1.20714,10.8314
0.836105,-1.3083,10.5398
0.870621,-1.70226,10.5006
1.10866,-1.54991,10.7886
1.1158,-0.931015,10.7446
0.856339,-0.950058,10.5732
1.14912,-1.34044,10.5006
1.3217,-1.02742,10.4732
1.26576,-0.764389,10.3756
0.889664,-1.03456,10.0162
0.980118,-1.01314,10.2185
1.18126,-0.4478,10.4137
0.786118,-0.425186,10.1828
0.679001,-0.597763,10.134
1.02177,-0.377579,10.3125
1.05391,-0.365677,10.3244
1.02296,-0.488266,10.0542
1.18721,-0.757248,10.009
1.31694,-0.781052,10.1019
1.17412,-0.678696,10.0173
1.13722,-0.663223,9.96974
1.0313,-0.821518,9.84239
1.02296,-0.860794,9.98402
1.06105,-0.70726,9.91023
0.99559,-0.886978,9.88048
1.00154,-1.07265,9.84239
1.08247,-1.05956,9.92808
1.05629,-1.07741,9.84477
1.07414,-1.02147,9.74361
0.961075,-1.19048,9.81264
0.958694,-1.33449,9.76027
0.964645,-1.35472,9.69005
1.00035,-1.26189,9.76265
0.825394,-1.16191,9.74004
0.915848,-1.15477,9.77931
0.997971,-1.18214,9.71742
0.905136,-1.29521,9.59245
0.922989,-1.38448,9.58293
0.919418,-1.34163,9.67815
0.807541,-1.29759,9.67815
0.756363,-1.24284,9.62578
0.870621,-1.05717,9.68767
0.945602,-1.1143,9.79478
0.938461,-1.37614,9.80312
0.897995,-1.43684,9.72575
0.906326,-1.24403,9.79836
0.850388,-1.02861,9.90666
0.818253,-1.19405,9.82454
0.811111,-1.44399,9.71028
0.843246,-1.41185,9.86382
0.895615,-1.22261,9.94237
0.981308,-1.21428,9.98521
1.03725,-1.42018,10.0114
0.944412,-1.46184,9.86858
0.869431,-1.26903,9.88881
0.875381,-1.15239,9.96141
0.974167,-1.18571,9.86977
0.874191,-1.34877,9.71861
0.806351,-1.49992,9.64958
0.749222,-1.37376,9.67696
0.746841,-1.09526,9.84239
0.727798,-1.04527,9.73052
0.669479,-1.15239,9.79002
0.750412,-1.38567,9.77098
0.848007,-1.25594,9.79002
0.798019,-1.10716,9.76027
0.786118,-1.18452,9.75194
0.819443,-1.32378,9.78764
0.896805,-1.35115,9.74123
0.827774,-1.16786,9.79836
0.774216,-1.05717,9.88167
0.733749,-0.939346,9.94951
0.658768,-1.06313,9.79598
0.703995,-1.25117,9.75551
0.759934,-1.16191,9.80669
0.652817,-1.11668,9.82692
0.620682,-1.175,9.73647
0.701614,-1.19881,9.69957
0.744461,-1.11311,9.78764
0.67424,-1.29164,9.70314
0.839676,-1.29521,9.82216
0.830154,-1.16667,9.82216
0.73494,-1.1143,9.77812
0.706375,-1.00124,9.81383
0.708755,-1.03694,9.8293
0.720657,-1.07503,9.86025
0.846817,-1.14287,9.90904
0.886093,-1.23451,9.85667
0.787308,-1.08574,9.8412
0.698044,-1.20357,9.80431
0.780167,-0.970291,9.84596
0.845627,-0.890549,9.90904
0.756363,-1.08812,9.71028
0.762314,-1.17619,9.65672
0.902756,-1.15953,9.67458
0.821823,-0.979813,9.71147
0.694473,-1.07622,9.73052
0.703995,-1.11668,9.72099
0.806351,-0.911972,9.7805
0.724228,-0.933395,9.71504
0.861099,-1.16072,9.82335
0.913467,-1.13216,9.77931
0.902756,-1.08812,9.66863
0.924179,-0.879837,9.64482
0.806351,-0.757248,9.60554
0.890854,-0.612045,9.72456
1.10271,-0.565628,9.68886
1.02892,-0.382339,9.61983
1.08247,-0.38472,9.60674
1.16103,-0.0359955,9.61745
1.11818,0.355576,9.56746
1.20149,0.649551,9.57936
1.17412,0.891159,9.51628
0.999161,1.01613,9.46748
1.13841,1.30653,9.52342
1.49547,1.40651,9.5746
1.63829,1.40056,9.58293
1.60616,0.8983,9.52937
1.84657,0.684067,9.69957
2.16078,1.07088,10.0507
2.19173,1.2506,10.2482
2.30122,1.43507,10.6077
2.63686,1.02684,10.9278
2.91417,-0.225235,11.01
2.83562,-0.797714,11.5444
2.97487,-0.363297,12.2894
3.64018,-0.453751,12.6953
3.8806,-1.65108,12.3715
3.82347,-2.65321,12.6953
4.12102,-2.67107,12.7488
4.04366,-2.7758,12.7167
3.59972,-3.04597,12.5965
3.56877,-3.11382,12.393
3.31883,-3.04478,11.9681
2.87727,-3.08525,11.6622
2.49998,-3.09834,11.2456
2.21077,-3.20308,10.8969
1.79301,-3.12453,10.5137
1.39311,-2.97575,10.0757
0.967026,-3.06621,9.78288
0.594498,-2.80794,9.51033
0.0946198,-2.54848,9.30324
-0.387405,-2.31758,8.99379
-0.771835,-2.10573,8.81526
-0.861099,-2.23308,8.67363
-0.982498,-2.36757,8.47725
-1.29314,-2.17714,8.35942
-1.50856,-1.73201,8.06068
-1.7347,-1.72011,7.5977
-2.16078,-1.66298,7.35609
-2.40953,-1.48088,7.19423
-2.96654,-1.2845,6.94072
-3.72707,-1.175,6.69316
-3.64494,-0.917923,6.61342
-3.52473,-0.269272,6.58247
-4.02104,-0.100265,6.30159
-4.23885,-0.0181427,6.21114
-3.86632,0.279404,6.29207
-3.60448,0.538864,6.20876
-3.53426,0.70787,6.23256
-3.72707,0.849503,6.23256
-3.95558,0.526962,5.94096
-4.10435,0.268692,6.0826
-3.90797,0.839981,6.66222
-3.24147,1.62788,7.06688
-3.14745,2.15038,7.1252
-3.21172,1.93138,7.33824
-3.09984,1.81236,7.85002
-2.86537,1.81236,7.97618
-2.55116,2.32057,8.20351
-2.36668,3.06087,8.50343
-2.74754,2.88472,8.23921
-3.00224,2.76213,8.59865
-2.33812,2.46577,8.64745
-1.95012,2.32295,8.86287
-2.15721,2.08849,9.09496
-1.96678,2.33961,9.34013
-1.63115,2.9478,9.38774
-1.42644,3.10847,9.77336
-1.30028,2.72166,9.9864
-1.35146,2.23845,10.2435
-1.17531,2.21703,10.3637
-0.706375,2.89186,10.6422
-0.502853,2.9716,10.66
-0.587357,2.16942,10.71
-0.509995,1.58028,10.9909
0.0648651,1.17204,10.8898
0.413589,1.11729,10.5946
0.271957,1.74333,10.7934
0.0696259,1.79927,11.0028
0.571884,1.4446,10.8421
0.843246,0.801895,10.4042
0.619492,0.355576,10.2768
0.514755,0.473404,10.3054
0.438583,0.875687,10.5101
0.617111,0.818558,10.6017
0.627823,0.296066,10.5874
0.625443,0.104446,10.6517
0.962265,0.0639801,10.6958
1.25029,0.293686,10.7457
1.26814,0.240128,10.8374
1.28481,-0.0919342,10.9112
1.41811,-0.170486,10.9064
1.40382,-0.482315,10.7505
1.32765,-0.806046,10.8017
1.47643,-0.596573,10.9052
1.59425,-0.583481,11.0052
1.34669,-0.979813,10.6815
1.25743,-1.32497,10.566
1.42882,-1.05956,10.7517
1.36336,-1.0905,10.4006
1.26814,-1.2119,10.1602
1.18483,-0.841751,10.2244
1.28719,-0.735825,10.0185
1.20982,-0.975052,9.8293
1.14793,-1.09526,9.72932
1.03368,-0.815567,9.49962
0.951553,-0.737015,9.38536
1.07057,-0.32283,9.61507
0.824203,0.00804138,9.48772
0.679001,-0.488266,9.49486
0.99559,-0.681076,9.6472
1.19078,-0.396622,9.89238
0.918228,-0.426376,9.76503
1.00749,-0.45137,9.95308
1.1646,-0.306168,10.0328
1.0551,-0.188339,9.92808
1.03725,-0.274033,9.88643
1.1039,-0.370438,9.9507
1.08723,-0.185959,9.90904
0.968216,-0.100265,9.87096
0.939651,-0.0098114,9.76265
1.02892,-0.171677,9.69481
1.03249,-0.245468,9.72099
0.783737,-0.341873,9.64601
0.753983,-0.337112,9.73647
0.761124,-0.0181427,9.75551
0.696854,0.0615997,9.81859
0.702805,0.159195,9.93404
0.911087,0.138962,9.99355
1.12651,-0.133591,9.9019
1.13841,-0.19191,9.76979
1.07057,-0.263321,9.78288
0.922989,-0.112167,9.73409
0.830154,0.137772,9.7924
0.80159,0.232986,9.75551
0.657578,-0.0443268,9.696
0.6064,-0.171677,9.72575
0.688522,-0.249039,9.76146
0.775406,-0.0847931,9.81502
0.794449,-0.122879,9.88762
0.792068,-0.353775,9.83882
0.878952,-0.365677,9.84596
0.914658,-0.431137,9.79478
0.743271,-0.270462,9.77931
0.740891,-0.0728912,9.91737
0.792068,-0.180008,9.77574
0.828964,-0.369247,9.69957
0.681381,-0.262131,9.79478
0.680191,-0.149063,9.85429
0.808731,-0.0014801,9.92571
0.730179,-0.180008,9.85786
0.60997,-0.462082,9.81859
0.846817,-0.45137,9.84715
0.901566,-0.162155,9.85667
0.720657,-0.114548,9.79359
0.67067,-0.239517,9.78169
0.681381,-0.291885,9.74361
0.744461,-0.309738,9.70909
0.818253,-0.139542,9.73052
0.727798,-0.168106,9.73409
0.720657,-0.228806,9.81264
0.774216,-0.377579,9.8293
0.693283,-0.354965,9.83882
0.718277,-0.318069,9.90785
0.834915,-0.289505,9.9138
0.818253,-0.252609,10.0388
0.752792,-0.268082,10.0066
0.768265,-0.433517,9.97093
0.884903,-0.421616,10.0864
0.857529,-0.105026,9.99235
0.67662,-0.163345,9.91023
0.753983,-0.25618,9.79716
0.86467,-0.38472,9.77574
0.903946,-0.360916,9.77931
0.833725,-0.366867,9.81859
0.786118,-0.271652,9.77217
0.86348,-0.135971,9.75075
0.786118,-0.213333,9.72456
0.814682,-0.382339,9.76622
0.86824,-0.333542,9.73289
0.856339,-0.263321,9.68172
0.643295,-0.344254,9.58531
0.656387,-0.294266,9.73052
0.849197,-0.175247,9.8293
0.86824,-0.140732,9.77098
0.773026,-0.271652,9.76741
0.798019,-0.1931,9.83168
0.794449,0.0592194,9.7686
0.780167,0.0996857,9.65077
0.851578,-0.0407562,9.62578
0.86824,-0.0490875,9.55199
1.01106,0.310349,9.50557
1.04439,0.620987,9.30919
1.03606,0.807846,9.00212
0.814682,1.01256,8.8474
0.700424,1.31248,8.93904
0.755173,1.71715,8.96523
0.949173,2.01112,8.93309
1.24672,1.85521,9.17232
1.82515,1.63145,9.54128
2.26552,1.62788,9.82216
2.53926,1.34224,10.0316
2.76064,1.2625,10.1661
3.00819,1.00542,10.2601
3.19386,0.912582,10.4422
3.19029,0.861404,10.5934
3.34026,0.468643,10.6862
3.39857,-0.170486,10.8957
3.35097,-0.518021,11.123
3.35335,-0.45256,11.398
3.64732,-0.370438,11.6431
3.68184,-0.737015,11.8467
3.61995,-1.15001,11.9502
3.63899,-1.33092,11.7574
3.4319,-1.40471,11.8776
3.24623,-1.49516,11.8728
3.12126,-1.59871,11.78
2.86299,-1.63322,11.6991
2.5952,-1.82841,11.536
2.41667,-2.14262,11.2956
2.05605,-2.4128,11.1314
1.68947,-2.60561,10.885
1.45381,-2.46516,10.8838
1.28481,-2.14024,10.716
1.03606,-2.0974,10.4815
0.645676,-2.145,10.1268
0.292191,-2.0605,10.0459
-2.80348,-0.426376,7.23946
-3.25575,-0.753677,6.87764
-3.92702,-0.991715,6.69554
-4.06032,-0.226425,6.92168
-3.77586,0.740005,7.08116
-3.94725,0.89592,6.71577
-4.34477,0.249649,6.47179
-4.26027,-0.0609894,6.54201
-4.21266,0.0818329,6.6515
-4.20076,0.343674,6.83479
-4.2317,0.51268,6.78362
-4.23647,0.619797,6.89549
-3.98296,1.05421,7.30373
-3.97581,1.08278,7.18828
-4.50902,1.00423,7.21327
-4.24242,1.32082,7.54176
-3.95201,1.68144,7.53819
-3.96153,1.72072,7.5251
-3.66161,1.75999,7.90001
-3.49498,1.87663,7.97975
-3.57115,1.82069,8.08092
-3.29384,2.03017,8.24159
-3.28908,2.02422,8.13567
-3.32002,2.04326,8.47963
-2.76778,2.81212,9.0533
-2.6916,3.01445,8.78789
-3.13911,1.88139,8.23564
-2.92726,1.41246,8.49748
-2.23695,1.94566,9.25087
-1.95845,2.04088,9.13066
-2.52855,2.07896,8.91405
-2.77373,1.86711,9.02235
-2.30122,2.02065,9.55437
-1.82515,2.57884,9.76741
-1.69661,2.72047,9.78288
-1.83824,2.01826,9.72456
-1.63115,1.68858,9.78883
-1.21935,1.63026,9.76384
-1.33598,1.57195,9.74242
-1.51927,1.91948,10.1304
-1.13722,1.8326,10.2518
-0.48024,1.30534,10.1102
-0.407639,0.860214,10.0352
-0.452866,0.723343,10.0983
-0.312424,0.998276,10.134
-0.173172,1.06374,10.2661
-0.0458221,1.05659,10.3316
-0.0886688,0.726913,10.3316
0.0315399,0.674545,10.4815
0.299332,0.789993,10.5636
0.199356,0.561478,10.4815
0.294571,0.472214,10.735
0.73613,0.715012,11.0076
1.07295,0.798325,10.9374
1.13841,0.541245,10.816
1.13246,0.518631,10.9445
1.18959,0.623367,10.9719
1.38478,0.181808,10.7945
1.41573,-0.263321,10.6005
1.56807,-0.140732,10.5851
1.48714,0.102066,10.3078
1.33955,0.205612,10.2625
1.19673,0.118729,10.2197
1.19078,0.118729,10.4268
1.30028,-0.133591,10.4363
1.2491,-0.573959,10.2268
1.29314,-0.596573,10.253
1.455,-0.109787,10.3613
1.35027,0.0342255,10.4351
1.37407,-0.339493,10.3946
1.3705,-0.715591,10.209
1.30147,-0.806046,9.94951
1.28481,-0.609665,9.98521
1.34789,-0.294266,10.0412
1.39073,-0.25975,9.9876
1.3586,-0.658462,9.66624
1.29076,-0.802475,9.56984
1.18245,-0.482315,9.64601
1.20149,0.00804138,9.77812
1.2491,0.0604095,9.68291
1.09319,-0.277603,9.62459
1.06105,-0.534683,9.68053
1.17769,-0.310928,9.80669
1.31099,-0.0883637,9.96498
1.29433,-0.103836,9.86144
1.11461,-0.144302,9.85905
1.07652,-0.231186,9.83644
1.20744,-0.12883,9.97807
1.26338,0.198471,9.93999
1.21577,0.117538,9.79359
1.22173,-0.107407,9.77336
1.24553,-0.101456,9.6234
1.2372,0.00447083,9.72099
1.18721,0.167526,9.5984
1.08485,0.0520782,9.59007
1.11342,-0.0871735,9.6234
1.16341,0.140152,9.72575
1.07533,0.269882,9.74004
1.0432,0.261551,9.80073
1.0551,0.349625,9.84596
1.05629,0.278214,9.90071
1.07176,0.180618,9.87453
1.15269,0.0770721,9.87096
1.19554,0.0330353,9.86382
1.13603,-0.0288544,9.79716
1.1884,0.0794525,9.87096
1.20268,0.212753,9.84358
1.02892,0.216324,9.80312
0.987259,0.161575,9.76622
1.07057,0.247269,9.79359
1.04677,0.252029,9.7686
1.01939,0.136581,9.75313
1.04915,0.0139923,9.71623
1.17055,-0.0526581,9.76384
1.13365,0.152054,9.82573
1.10866,0.154434,9.72337
1.10033,0.0984955,9.80193
1.05391,0.0318451,9.70076
0.978928,-0.100265,9.60435
1.00868,-0.0252838,9.66148
0.988449,0.149673,9.69838
0.963455,0.260361,9.77455
0.909897,0.181808,9.76146
0.859909,0.0306549,9.74718
0.846817,-0.0645599,9.75789
0.820633,0.115158,9.75789
0.79921,0.307968,9.89595
0.755173,0.242508,9.8662
0.748032,0.160385,9.8662
0.889664,0.232986,9.91499
0.901566,0.153244,9.97331
0.934891,-0.0145721,9.9626
1.0313,0.0675507,9.94951
0.909897,-0.0276642,9.92333
0.720657,-0.0205231,9.86025
0.571884,0.0663605,9.81264
0.527847,0.156815,9.83406
0.411209,0.187759,9.91618
0.444534,0.160385,9.96022
0.567123,0.186569,10.009
0.594498,0.142532,9.94237
0.401688,0.0687408,9.86977
0.41954,0.0163727,9.88643
0.556412,-0.112167,9.77217
0.457626,-0.283554,9.59007
0.258865,-0.208572,9.56627
0.202927,0.0366058,9.58769
0.135086,-0.0312347,9.57936
0.0243988,0.0389862,9.65672
0.0803375,0.140152,9.69481
0.154129,0.12706,9.90428
0.166031,-0.25499,9.88762
0.102951,-0.318069,9.86144
0.0815277,-0.245468,9.83763
0.0160675,-0.25499,9.83287
0.0291595,-0.182388,9.88881
0.232681,0.0342255,10.084
0.470718,-0.25975,10.0507
0.521896,-0.473984,9.89714
0.569504,-0.364487,9.92451
0.533798,-0.429947,9.8662
0.468338,-0.396622,9.86858
0.360031,-0.318069,9.88881
0.269577,-0.332352,9.77693
0.336227,-0.25856,9.80193
0.285049,-0.0728912,9.85667
0.216019,-0.235947,9.81502
0.212448,-0.315689,9.73527
0.274338,-0.0348053,9.8055
0.292191,-0.000289917,9.78645
0.363602,-0.058609,9.64839
0.35289,-0.224045,9.56627
0.399307,-0.495407,9.56389
0.374313,-0.406143,9.59245
0.321945,-0.237137,9.59364
0.444534,-0.362106,9.60792
0.427872,-0.234756,9.84834
0.524277,-0.0348053,9.94594
0.486191,0.0877838,9.89952
0.565933,-0.0431366,9.77217
0.511185,-0.0574188,9.75075
0.48143,-0.0931244,9.62578
0.657578,-0.0990753,9.82097
0.900375,-0.096695,9.8531
0.908707,-0.222855,9.86144
0.968216,-0.479935,10.0328
1.11699,-0.415665,9.9876
1.05986,-0.281174,9.83168
1.00987,-0.120499,9.62102
0.959885,0.177048,9.70552
1.15865,0.155624,9.91856
1.31456,0.169907,9.88881
1.34669,0.0865936,9.85072
1.3455,0.0532684,9.9388
1.39668,0.142532,9.94118
1.38954,0.260361,9.94832
1.34908,0.293686,9.88048
1.35503,0.227036,9.88286
1.286,0.285355,9.85072
1.37645,0.399612,9.97212
1.39073,0.469833,9.93166
1.38002,0.355576,10.0983
1.44072,0.32106,10.0043
1.5407,0.438889,9.95784
1.54427,0.453171,9.89595
1.60139,0.519821,9.96141
1.68471,0.419846,9.77931
1.66685,0.325821,9.62459
1.55855,0.585281,9.65315
1.44905,0.565048,9.5377
