0.202927,-0.139542,9.62102
0.238632,-0.199051,9.6472
0.212448,-0.0824127,9.69481
0.28862,-0.172867,9.83287
0.279099,-0.151443,9.85429
0.267197,-0.0467072,9.88762
0.283859,0.0104218,9.82097
0.298141,-0.0276642,9.85429
0.319565,-0.180008,9.86382
0.348129,-0.0276642,9.89238
0.407639,0.0580292,9.93523
0.436203,0.0532684,10.0614
0.505234,-0.0300446,10.0852
0.471909,-0.101456,10.0019
0.412399,-0.263321,10.0923
0.371933,-0.263321,10.059
0.298141,-0.113358,9.97331
0.269577,-0.0419464,9.93523
0.133896,-0.0681305,9.9019
0.150558,-0.201431,9.83287
0.698044,-0.096695,9.71147
0.67424,-0.101456,9.65672
0.707565,-0.0681305,9.58293
0.67186,-0.0514679,9.5139
0.655197,-0.0943146,9.59721
0.643295,-0.177628,9.53532
0.586166,-0.149063,9.45677
0.559982,-0.013382,9.4901
0.436203,0.0104218,9.4901
0.41954,-0.0514679,9.59483
0.462387,-0.163345,9.73527
0.536179,-0.284744,9.70433
0.586166,-0.208572,9.7805
0.531418,-0.096695,9.90904
0.467148,-0.187149,10.0185
0.574264,-0.275223,10.0947
0.636154,-0.279984,10.0352
0.650436,-0.32045,10.2494
0.848007,-0.391861,10.3256
0.983688,-0.456131,10.3137
0.917038,-0.527542,10.3446
0.936081,-0.494217,10.3613
0.914658,-0.587051,10.3137
0.817062,-0.551346,10.4113
0.874191,-0.594193,10.4827
0.890854,-0.675125,10.5613
1.02415,-0.737015,10.6065
1.14555,-0.698929,10.5327
1.17412,-0.57991,10.5113
1.10033,-0.482315,10.4803
0.788498,-0.153824,9.66148
0.662338,-0.113358,9.65434
0.659958,-0.168106,9.57579
0.669479,-0.32045,9.52342
0.645676,-0.565628,9.40202
0.640915,-0.525162,9.29729
0.590927,-0.379959,9.31633
0.531418,-0.199051,9.19255
0.348129,-0.168106,9.15685
0.245773,-0.101456,9.13304
0.181503,-0.227615,9.17827
0.293381,-0.408524,9.31871
0.564743,-0.594193,9.54961
0.757553,-0.758438,9.77336
0.888474,-0.637039,9.80431
0.824203,-0.570389,9.85429
0.5457,-0.444229,9.82811
0.448105,-0.620377,9.83763
0.321945,-0.672745,9.68291
0.281479,-0.672745,9.54008
0.650436,-0.632278,10.2994
0.67662,-0.663223,10.3946
0.698044,-0.725113,10.4875
0.852768,-0.701309,10.4303
0.964645,-0.848892,10.5636
1.07652,-0.791763,10.5041
1.14079,-0.70369,10.3923
1.01939,-0.541824,10.1804
0.843246,-0.329971,10.0447
0.667099,-0.277603,9.88524
0.533798,-0.19191,9.78764
0.47905,-0.141922,9.69243
0.569504,-0.120499,9.65196
0.693283,-0.296646,9.68529
0.807541,-0.344254,9.63054
0.755173,-0.291885,9.46153
0.667099,-0.177628,9.3687
0.460007,-0.101456,9.35918
0.326706,-0.00624084,9.47819
0.317184,-0.0609894,9.55437
1.35027,-0.265701,9.80431
1.24315,-0.213333,9.85429
1.23601,-0.134781,10.0709
1.23125,-0.196671,10.0185
1.14793,-0.229996,9.88048
1.07176,-0.237137,9.73289
0.938461,-0.149063,9.70195
0.757553,0.0342255,9.75194
0.659958,-0.0728912,9.9138
0.617111,-0.187149,10.0685
0.778976,-0.379959,10.0066
1.02177,-0.420425,9.90666
1.17174,-0.351395,9.92571
1.22887,-0.239517,9.92808
1.19316,-0.218094,9.95903
1.00273,-0.234756,9.93047
0.876572,-0.368057,9.74956
0.798019,-0.403763,9.78764
0.821823,-0.596573,9.74242
0.807541,-0.620377,9.69481
0.814682,-0.646561,9.49962
0.831345,-0.665604,9.46153
0.86467,-0.687027,9.45677
0.902756,-0.64418,9.45439
0.924179,-0.622757,9.49962
1.10509,-0.608475,9.65434
1.2979,-0.482315,9.71623
1.43358,-0.310928,9.83525
1.28123,-0.160965,9.84001
1.19316,-0.237137,9.94951
1.31456,-0.565628,9.89952
1.44786,-0.851273,9.91856
1.63115,-1.07741,9.95427
1.73827,-1.08931,10.0495
1.76921,-1.01552,10.078
1.74303,-0.984573,10.1019
1.77159,-1.06551,10.0043
1.77873,-1.17262,9.84953
1.72874,-1.06313,9.64482
1.70732,-0.760818,9.62816
1.79539,-0.403763,9.82335
1.78349,-0.375198,9.80193
1.82396,-0.3871,9.84953
1.82872,-0.484695,9.81383
1.98106,-0.527542,9.78288
2.05486,-0.427567,9.75432
1.98106,-0.206192,9.7686
1.86681,0.0199432,9.79955
1.70018,-0.013382,9.63054
1.70494,-0.260941,9.74242
1.77635,-0.370438,9.73527
1.84062,-0.408524,9.74242
1.6859,-0.394241,9.7805
1.50023,-0.556107,9.62102
1.44072,-0.660843,9.57103
1.31932,-0.725113,9.53056
1.37169,-0.672745,9.48772
1.4193,-0.608475,9.41869
1.39549,-0.57753,9.44725
1.42644,-0.548965,9.58293
1.51451,-0.548965,9.5377
1.58354,-0.565628,9.70195
1.55022,-0.596573,9.69243
1.49547,-0.667984,9.62816
1.37169,-0.487076,9.63292
1.33836,-0.353775,9.6353
1.31218,-0.101456,9.58293
1.3098,0.146103,9.59721
1.53831,0.181808,9.56389
1.76207,0.0318451,9.47582
1.90489,-0.144302,9.59483
1.93346,-0.291885,9.76384
1.7097,-0.251419,9.93761
1.33598,-0.222855,9.90428
1.12413,-0.332352,9.87334
1.03606,-0.334732,9.79002
1.10033,-0.453751,9.71147
1.21458,-0.653702,9.82097
1.52403,-0.839371,9.90428
1.75969,-0.810806,10.0328
1.87395,-0.491837,10.0828
1.96916,-0.313309,10.2018
1.90727,-0.189529,10.1542
1.8192,-0.339493,10.0447
1.61687,-0.318069,9.93761
1.57402,-0.344254,9.97093
1.6978,-0.296646,9.9876
1.77159,-0.170486,10.0947
1.74779,-0.0514679,9.9876
1.61925,-0.0324249,9.87334
1.33836,-0.0300446,9.69957
1.35265,-0.13002,9.59483
1.49309,-0.144302,9.53532
1.67876,-0.227615,9.45915
1.87157,-0.399002,9.39726
1.71922,-0.341873,9.36632
1.49309,-0.196671,9.39488
1.28362,-0.134781,9.3925
1.08366,0.024704,9.37584
1.06224,0.179428,9.43297
1.14317,0.165146,9.58055
1.19316,0.000900269,9.47105
1.25743,-0.210953,9.40678
1.29076,-0.234756,9.283
1.28362,-0.101456,9.31395
1.24077,-0.0657501,9.31395
1.26933,-0.0229034,9.33537
1.29314,0.0270844,9.56389
1.34789,-0.0800324,9.60197
1.28123,-0.203812,9.5139
1.57878,0.0651703,9.90666
1.56926,-0.0252838,9.84239
1.56688,-0.137161,9.83287
1.5883,-0.19191,9.85905
1.4431,-0.196671,9.7567
1.40977,-0.19191,9.70909
1.47643,-0.237137,9.71861
1.58354,-0.187149,9.69481
1.61925,-0.0157623,9.74242
1.63829,0.024704,9.76622
1.58592,0.00328064,9.83049
1.54784,-0.101456,9.84715
1.67162,-0.160965,9.85429
1.79778,-0.165726,9.76146
1.83348,-0.182388,9.70195
1.8311,-0.163345,9.67339
1.75255,-0.180008,9.71385
1.72636,-0.163345,9.84715
1.70256,-0.160965,9.82811
1.6859,-0.134781,9.89238
1.80492,-0.118118,9.82811
1.70256,-0.0943146,9.80431
1.674,-0.206192,9.62816
1.66447,-0.272842,9.52104
1.71922,-0.372818,9.42107
1.70494,-0.349014,9.45677
1.6859,-0.158585,9.49248
1.67162,-0.0252838,9.48058
1.5526,0.0342255,9.44725
1.45262,0.0485077,9.51152
1.48357,0.0556488,9.44011
1.53117,0.024704,9.4901
1.53117,-0.0514679,9.46391
1.57878,-0.0728912,9.42345
1.5526,-0.160965,9.43297
1.56926,-0.12764,9.49486
1.63829,-0.180008,9.64006
1.75493,-0.0752716,9.66386
1.74303,-0.0538483,9.74242
1.75255,-0.187149,9.6234
1.78111,-0.218094,9.77812
1.76683,-0.106216,9.7805
1.73589,-0.0990753,9.81383
1.7097,-0.108597,9.73289
1.70018,-0.0943146,9.73766
1.71446,-0.0657501,9.86858
1.77397,-0.170486,9.72337
1.76445,-0.375198,9.6472
1.74303,-0.475174,9.67577
1.78825,-0.375198,9.69719
1.78587,-0.175247,9.76146
1.78349,-0.0014801,9.81859
1.79539,0.0961151,9.83049
1.74303,0.0437469,9.74242
1.81206,-0.208572,9.74956
1.80968,-0.341873,9.69243
1.8192,-0.372818,9.68529
1.78825,-0.158585,9.71861
1.79063,-0.134781,9.81383
1.75969,-0.0800324,9.77812
1.75493,-0.158585,9.57817
1.77873,-0.0728912,9.60435
1.80968,-0.120499,9.58055
1.76921,-0.218094,9.59959
1.74303,-0.263321,9.67577
1.71922,-0.168106,9.75908
1.69304,-0.103836,9.70909
1.75017,-0.101456,9.74004
1.64781,-0.237137,9.69719
1.63591,-0.244278,9.66624
1.59782,-0.199051,9.67577
1.5645,-0.251419,9.72813
1.55498,-0.227615,9.75432
1.67638,-0.244278,9.80907
1.79539,-0.339493,9.74718
1.88585,-0.482315,9.77574
1.92155,-0.470413,9.79716
1.9406,-0.587051,9.6472
1.85014,-0.57515,9.6472
1.71684,-0.403763,9.76622
1.69304,-0.237137,9.64244
1.63353,-0.153824,9.64006
1.59544,-0.118118,9.6115
1.56688,-0.141922,9.45439
1.60735,-0.291885,9.44487
1.56212,-0.377579,9.48058
1.5526,-0.299026,9.45201
1.63115,-0.32045,9.55437
1.64305,-0.182388,9.70909
1.72398,-0.122879,9.73052
1.64305,-0.156204,9.70433
1.63115,-0.12764,9.72337
1.6859,-0.234756,9.73289
1.67638,-0.368057,9.62816
1.68114,-0.346634,9.71623
1.73112,-0.318069,9.8781
1.78111,-0.277603,9.86382
1.82872,-0.206192,9.86858
1.80492,-0.25856,9.89476
1.73112,-0.410904,9.83525
1.674,-0.237137,9.7924
1.66924,-0.187149,9.83763
1.70018,-0.189529,9.74956
1.73827,-0.165726,9.73766
1.74065,-0.215714,9.78526
1.7216,-0.279984,9.70433
1.7097,-0.32045,9.71861
1.61449,-0.368057,9.6353
1.61687,-0.432327,9.7567
1.67876,-0.422806,9.71623
1.79301,-0.291885,9.66148
1.77159,-0.25856,9.57579
1.70732,-0.332352,9.42821
1.65019,-0.19191,9.57341
1.64305,-0.106216,9.59245
1.65733,-0.160965,9.55199
1.5883,-0.163345,9.55675
1.62163,-0.222855,9.55437
1.64543,-0.363297,9.49724
1.61925,-0.277603,9.53294
1.60497,-0.275223,9.76384
1.60258,-0.187149,9.82335
1.64543,-0.294266,9.78526
1.58592,-0.251419,9.77574
1.61449,-0.299026,9.78288
1.65019,-0.306168,9.69481
1.67162,-0.327591,9.73766
1.63353,-0.399002,9.66386
1.60973,-0.51088,9.52818
1.61925,-0.560867,9.43297
1.7097,-0.539444,9.36394
1.74303,-0.632278,9.29729
1.78111,-0.820328,9.09734
1.78825,-1.10597,8.91405
1.82158,-1.47017,8.78075
1.77159,-1.1869,8.70219
1.66447,-1.0536,8.6403
1.60258,-1.30354,8.40227
1.58116,-1.76772,8.26659
1.70256,-2.22475,8.03331
2.27147,-2.46992,9.69243
2.42857,-2.72939,9.82097
2.77849,-2.68416,10.2685
3.14983,-2.36995,10.8779
3.36168,-1.94862,11.3063
3.25932,-1.71297,11.323
2.95464,-1.61537,11.104
2.83562,-1.70345,10.9754
2.8856,-1.87007,10.8993
3.13316,-1.91054,10.9136
3.32597,-1.87959,11.0088
3.38548,-1.42256,11.1873
3.49022,-1.26784,11.2944
3.40215,-1.0417,11.3254
3.38786,-0.787003,11.3277
3.41881,-0.606094,11.3754
3.33311,-0.253799,11.423
3.24504,0.355576,11.6467
3.10222,0.491257,11.7967
2.88799,0.57457,11.8419
2.58568,0.884018,11.1849
2.62614,0.572189,11.2468
2.55235,0.519821,11.2516
2.64519,0.83165,11.3801
2.619,0.917343,11.2373
2.54283,1.07921,11.2206
2.53569,1.42198,11.1873
2.55711,1.50053,11.1492
2.56187,1.41246,11.0112
2.43333,1.21013,10.735
2.33336,0.917343,10.8136
2.32384,0.755478,10.7517
2.27861,0.822128,10.6874
2.33812,1.26726,10.685
2.45476,1.56004,10.7493
2.33812,1.86473,10.547
2.19292,1.92662,10.1661
1.84776,1.74333,9.95903
1.58354,1.31963,9.73766
1.39549,1.15776,9.59483
-0.465958,2.64073,8.92595
-0.589737,2.40746,8.86168
-0.727798,2.11229,8.88786
-0.861099,2.05754,8.7736
-0.884903,1.97185,8.85454
-0.918228,2.2075,8.97356
-0.894424,2.29558,9.16399
-0.946793,2.38127,9.24492
-1.05153,2.36223,9.07829
-0.99678,2.24083,8.76646
-0.922989,1.95518,8.40227
-0.720657,1.43388,8.18565
-0.7397,1.02922,8.22612
-0.775406,1.0316,8.4594
-0.761124,1.40532,8.62126
-0.80397,1.91472,8.78789
-0.86348,2.15514,8.73314
-1.00392,2.26463,8.77122
-1.13008,2.32652,8.57603
-1.39668,2.3051,8.46416
-2.0251,1.2625,7.77147
-2.04652,1.02446,7.82622
-2.0251,0.70311,7.72148
-2.16078,0.731674,7.6834
-2.20839,1.00066,7.53581
-2.2917,1.16014,7.72386
-2.48451,1.63145,7.83812
-2.54878,1.81474,7.84526
-2.57497,1.85521,7.96904
-2.64162,1.81236,7.79765
-2.5583,1.54814,7.66435
-2.62972,1.2744,7.50963
-2.68446,1.20299,7.50249
-2.78682,1.33153,7.50011
-2.83681,1.50053,7.63103
-2.80586,1.64574,7.63817
-2.80824,1.57909,7.76433
-2.78682,1.38866,7.78575
-2.86537,1.04588,7.77385
-2.98439,0.784042,7.76195
-2.99629,0.500778,7.84526
-2.74873,0.362717,8.17137
-2.39644,0.0865936,8.09758
-2.15364,-0.0681305,7.95
-2.14888,-0.19429,7.88811
-2.37978,-0.218094,8.00713
-2.67494,-0.0252838,8.05235
-2.84395,0.069931,8.17613
-2.86061,0.115158,8.33562
-2.63686,0.219894,8.49034
-2.24171,0.307968,8.67125
-1.88704,0.212753,8.53319
-1.868,-0.0419464,8.23564
-2.09889,-0.456131,8.31895
-2.40834,-0.64418,8.14043
-2.67018,-0.594193,8.22374
-2.69637,-0.296646,8.52843
-2.55592,0.0651703,8.74504
-2.34407,0.281784,8.85216
-2.19649,0.0128021,8.68553
-1.93465,-1.51302,9.14494
-1.62996,-0.996475,9.54008
-1.3824,-0.70845,9.97569
-1.00868,-0.651321,10.0542
-0.86348,-0.682266,10.0423
-1.0063,-0.791763,10.1209
-1.30147,-0.986954,10.1114
-1.42049,-1.22499,10.0185
-1.28957,-1.47017,10.078
-1.02296,-1.74391,10.1352
-0.620682,-1.75819,10.4065
-0.0327301,-1.50587,10.7184
0.207687,-1.50111,10.885
0.0648651,-1.54396,10.8302
-0.273148,-1.55586,10.7803
-0.435013,-1.57967,10.7231
-0.227921,-1.52016,10.6779
0.133896,-1.37019,10.8231
0.519516,-1.33211,11.0088
0.60997,-1.36067,11.0754
0.576645,-0.817947,10.6993
0.740891,-0.991715,10.4137
0.950363,-1.26308,10.2399
1.10747,-1.64632,10.3113
1.15984,-1.87245,10.4708
1.13365,-1.79628,10.8088
1.11937,-1.67012,10.9588
1.14555,-1.17976,11.1778
1.12651,-0.734634,11.0992
1.16698,-0.610855,10.9802
1.15269,-0.70845,10.6684
1.22887,-1.07265,10.4422
1.40977,-1.58919,10.328
1.57402,-1.96529,10.3756
1.60497,-2.04384,10.4684
1.49071,-1.64632,10.6969
1.39311,-1.15596,11.0588
1.33598,-0.948868,10.985
1.34312,-0.956009,10.7755
1.49785,-1.1631,10.6351
2.00249,-0.170486,10.3494
1.76683,0.238937,10.3185
1.53355,0.474594,10.178
1.51927,0.269882,9.93761
1.65257,-0.0157623,9.88286
1.75731,-0.296646,9.87572
1.84062,-0.629898,9.7686
1.87871,-0.765579,9.79716
1.94536,-0.779861,9.98283
1.97154,-0.634659,10.0685
1.96916,-0.453751,10.0376
2.00487,-0.168106,9.97093
1.92155,0.0675507,10.0614
1.77159,0.212753,10.1161
1.67876,-0.0348053,9.93999
1.53355,-0.146683,9.74004
1.51213,-0.134781,9.502
1.50737,0.0746918,9.54008
1.5883,0.134201,9.65434
1.76921,0.00328064,9.69719
2.00725,-0.294266,9.88762
2.05486,-0.660843,9.7686
2.11198,-0.906021,9.58531
2.16197,-1.00124,9.69957
2.15483,-0.791763,9.72813
2.1953,-0.368057,9.85905
2.15959,-0.0824127,10.0852
2.09294,-0.096695,9.98997
2.00011,-0.268082,9.90666
1.90965,-0.446609,9.73766
1.9644,-0.886978,9.69243
2.03105,-1.27736,9.6234
2.06914,-1.35353,9.56151
2.05486,-1.08693,9.57103
1.95964,-0.675125,9.73289
1.94536,-0.551346,9.83763
2.00487,-0.610855,9.76384
1.9644,-0.758438,9.81859
1.97154,-0.858414,9.75194
2.04533,-1.03456,9.7448
2.05247,-1.1274,9.69005
2.14293,-1.175,9.66148
2.11198,-1.19167,9.69719
2.02629,-1.05122,9.68291
1.97154,-0.984573,9.71861
1.87633,-0.96315,9.68529
1.87871,-1.16548,9.32585
1.86443,-1.2964,9.43297
1.843,-1.28926,9.39964
1.9287,-1.22261,9.57817
2.02391,-1.08931,9.71147
2.0739,-0.96315,9.7924
2.05009,-0.929825,9.65434
1.9644,-1.02504,9.57579
1.85966,-1.04884,9.6234
1.87871,-1.1393,9.58055
1.843,-1.25832,9.56389
1.88823,-1.48921,9.54723
1.91441,-1.4297,9.5139
1.91679,-1.19643,9.62102
1.96916,-1.01552,9.60912
1.99535,-0.982193,9.72575
2.09056,-0.970291,9.77574
2.02867,-1.03456,9.6591
1.89537,-1.15358,9.66386
1.85252,-1.20595,9.6234
1.81682,-1.11311,9.60197
1.81206,-1.08217,9.54485
1.85252,-1.08693,9.52818
1.87157,-1.10359,9.59245
1.87871,-1.14882,9.81145
1.91679,-1.14406,9.71861
1.94774,-1.06789,9.65196
1.94298,-1.16548,9.65196
1.91917,-1.3083,9.59007
1.92155,-1.20357,9.55913
1.88823,-1.15358,9.59483
1.83824,-1.18214,9.66624
1.83348,-1.2607,9.69719
1.8311,-1.34877,9.6353
1.85728,-1.35115,9.59483
1.92155,-1.22975,9.66624
2.02391,-1.24165,9.69243
2.03343,-1.23213,9.66624
1.99773,-1.28926,9.57341
1.9287,-1.27974,9.59245
1.75017,-1.25117,9.53532
1.77159,-1.38924,9.56865
1.87157,-1.45351,9.65196
1.98344,-1.47017,9.68291
1.99297,-1.38686,9.69719
1.96916,-1.12025,9.68291
1.91917,-0.956009,9.71385
1.82872,-0.934586,9.7686
1.78349,-0.991715,9.67577
1.82158,-1.37972,9.59959
1.90251,-1.52968,9.671
1.99297,-1.49873,9.65434
2.1096,-1.44637,9.6472
2.00725,-1.30116,9.63292
1.93346,-1.25117,9.70909
1.82634,-1.17738,9.73052
1.77159,-1.10835,9.67577
1.73112,-1.10597,9.63054
1.81206,-1.20595,9.66148
1.8549,-1.32735,9.6115
1.9525,-1.24165,9.6472
1.90013,-1.15834,9.69957
1.81682,-1.08693,9.59245
1.85252,-1.17262,9.57817
1.84776,-1.31068,9.56627
1.90489,-1.41066,9.54961
1.8073,-1.4059,9.5258
1.81444,-1.34163,9.52104
1.81206,-1.26546,9.46629
1.81682,-1.09169,9.58293
1.78111,-1.09169,9.50676
1.76683,-1.23213,9.54723
1.75017,-1.30116,9.44011
1.74065,-1.34401,9.47819
1.78349,-1.23927,9.58769
1.78349,-1.17262,9.671
1.85728,-1.13454,9.67339
1.89775,-1.1512,9.67577
1.86919,-1.19167,9.64482
1.87395,-1.23927,9.6234
1.85014,-1.21071,9.54723
1.83586,-1.17738,9.63292
1.88109,-1.20357,9.64958
1.76207,-1.1393,9.51866
1.76921,-1.24403,9.56151
1.78111,-1.2964,9.55675
1.85966,-1.29164,9.65672
1.84062,-1.20595,9.78526
1.8073,-1.07741,9.72099
1.79778,-1.18929,9.80907
1.8311,-1.32735,9.59245
1.78825,-1.33687,9.58055
1.77397,-1.29164,9.66148
1.80016,-1.175,9.60912
1.78825,-1.14406,9.50438
1.75493,-1.11311,9.49248
1.71922,-1.22499,9.53056
1.71922,-1.31783,9.54961
1.77397,-1.38448,9.61864
1.81682,-1.4178,9.58055
1.84538,-1.41304,9.55437
1.84776,-1.40352,9.56865
1.8073,-1.3083,9.56389
1.8073,-1.12025,9.56627
1.76445,-1.10121,9.66386
1.71208,-0.991715,9.60197
1.72398,-1.13692,9.6472
1.76921,-1.35353,9.58055
1.86205,-1.47969,9.62102
1.88109,-1.37019,9.71861
1.78825,-1.10597,9.69719
1.86205,-1.03218,9.63054
1.78825,-0.925064,9.61626
1.71684,-0.998856,9.72099
1.74541,-1.08931,9.61864
1.78349,-1.23213,9.56151
1.80968,-1.26308,9.60674
1.90489,-1.25117,9.63768
1.88585,-1.26784,9.65434
1.8192,-1.18929,9.66624
1.79778,-1.08693,9.76384
1.74303,-0.934586,9.76622
1.79301,-0.970291,9.82335
1.82158,-1.05598,9.75194
1.77635,-1.11073,9.66148
1.74541,-1.33449,9.55675
1.66447,-1.32735,9.63054
1.73351,-1.39638,9.7567
1.83586,-1.24403,9.69005
1.85966,-1.09883,9.71623
1.76445,-1.31544,9.29729
1.80254,-1.34877,9.26396
1.86205,-1.24165,9.36394
1.77397,-1.09883,9.37584
1.65257,-1.07503,9.39964
1.61687,-1.25117,9.34727
1.73351,-1.30592,9.3806
1.8073,-1.25117,9.43059
1.77873,-1.0298,9.50914
1.79301,-0.975052,9.66148
1.99059,-0.791763,10.109
1.99535,-0.827469,10.1495
1.98821,-0.815567,10.009
1.92155,-0.83461,9.98521
1.83824,-0.846512,10.0114
1.87871,-0.825089,9.90428
1.90489,-0.829849,9.8662
1.94774,-0.798904,9.81145
1.9763,-0.822708,9.84477
1.95012,-0.856033,9.72813
1.89299,-0.989334,9.60674
1.82396,-1.0417,9.49486
1.85252,-1.00124,9.62102
1.94536,-0.941727,9.58769
1.99535,-0.90126,9.49248
1.96678,-0.946487,9.47105
1.91203,-1.03218,9.36156
1.86443,-1.12263,9.3806
1.83348,-1.13216,9.43059
1.83824,-0.944107,9.32823
1.8192,-1.46541,9.14018
1.75969,-1.42732,9.1378
1.82158,-1.46303,9.22111
1.9644,-1.5392,9.32347
1.91917,-1.63441,9.2235
1.9406,-1.67488,9.18065
1.84538,-1.95576,9.19969
1.86681,-2.19142,9.17113
1.92155,-2.57228,9.08543
1.99297,-3.09596,9.05211
2.02391,-3.56013,8.96641
2.01915,-3.98146,8.86168
2.0739,-4.50514,8.82835
2.0858,-5.12166,8.63792
2.12151,-5.63106,8.52843
2.32384,-5.62154,8.726
2.55235,-4.63844,9.4044
2.60948,-3.65059,9.93285
2.20006,-2.39613,10.159
1.79778,-1.64632,10.3589
1.53831,-1.67488,10.4065
1.35265,-1.86769,10.3089
1.54308,-2.38185,10.3351
2.12865,-3.17451,10.647
2.70232,-3.58156,11.073
3.20934,-3.89815,11.2325
3.42595,-3.78389,11.1849
3.42833,-3.33876,11.4301
3.40929,-2.339,11.7086
3.3712,-1.64632,11.7253
3.44975,-0.534683,10.9826
3.52354,-0.241898,10.885
3.19029,0.300827,10.8993
2.79991,0.681686,10.8183
2.45238,0.788803,10.647
2.15007,0.781662,10.6017
2.11198,0.672165,10.5541
2.26671,0.736435,10.6946
2.42857,0.993515,11.1135
2.62852,1.54576,11.3754
1.77873,0.586472,10.5827
1.61449,0.772141,10.8588
1.73351,1.1292,10.8921
1.87633,1.64098,10.9159
1.91441,1.9171,10.5874
1.74303,1.98613,10.4756
1.39549,1.74333,10.2828
0.921799,1.18394,10.1066
0.531418,0.805466,10.2042
0.509995,0.736435,10.2709
0.721848,0.914963,10.259
0.921799,1.3958,10.2947
0.947983,1.64336,10.2233
0.750412,1.8076,10.1947
0.41478,1.86949,10.1518
0.0553436,1.86949,10.0804
-0.0232086,2.04326,10.1376
0.0458221,2.26701,9.94237
0.148178,2.43364,9.72099
0.119614,2.34795,9.65672
-1.67281,1.4196,8.21184
-1.79659,1.51244,8.09996
-1.85609,1.62669,8.14757
-1.80849,1.58623,8.17851
-1.72041,1.58861,7.98332
-1.75612,1.56004,7.95238
-1.73708,1.54338,8.06425
-1.75136,1.47435,8.24278
-1.59663,1.45293,8.3499
-1.38954,1.44817,8.21184
-1.41573,1.31248,7.8405
-1.72041,1.28868,7.62151
-2.03224,1.18156,7.5739
-2.2679,0.988754,7.55486
-2.35359,0.872116,7.55009
-2.25124,0.931625,7.47392
-2.23219,1.01018,7.36919
-2.31551,0.991135,7.48582
-2.425,0.888779,7.54533
-2.59639,0.826889,7.4763
-2.47975,0.088974,7.57628
-2.34169,-0.118118,7.40727
-2.51784,-0.203812,7.31682
-2.90108,-0.199051,7.59056
-3.1653,-0.144302,7.75481
-3.02724,0.0580292,7.97618
-2.6797,0.18895,8.08092
-2.32265,0.262741,8.04045
-2.21553,0.088974,7.86192
-2.32741,-0.379959,7.64769
-2.68208,-0.863174,7.54295
-2.80348,-1.31783,7.53581
-2.60353,-1.37972,7.76433
-2.36073,-1.19643,7.72386
-2.26314,-0.891739,7.95
-2.33217,-0.544205,8.04045
-2.49165,-0.368057,8.09758
-2.62495,-0.441849,8.119
-2.59639,-0.460892,8.13091
-2.43929,-0.582291,8.27373
-2.08699,-1.00362,8.64269
-2.23457,-1.32735,8.69029
-2.1703,-1.46303,8.91881
-1.87276,-1.34163,9.19969
-1.42763,-1.22023,9.39726
-0.999161,-1.11549,9.44249
-0.642105,-1.12025,9.54246
-0.473099,-1.33449,9.58055
-0.532608,-1.51064,9.63292
-0.687332,-1.79866,9.67815
-0.753983,-1.74629,9.80431
-0.711136,-1.53444,10.2233
-0.518326,-1.1631,10.4851
-0.070816,-0.96553,10.6184
0.264816,-0.991715,10.4732
0.248154,-1.35591,10.2352
-0.0779572,-1.87721,10.0995
-0.389786,-2.41756,10.328
-0.394547,-2.24379,10.5565
-0.0303497,-1.62013,10.9564
1.04796,-1.45351,12.2251
1.23125,-1.75105,12.0752
1.44786,-2.24141,11.7967
1.7216,-2.84126,11.4968
1.89537,-3.09596,11.542
2.05962,-2.86269,11.9014
2.10008,-2.41994,12.268
1.79539,-1.66298,12.3346
1.43358,-1.16072,12.1799
1.2003,-1.07265,12.0538
1.26219,-1.19405,11.7395
1.49309,-1.72963,11.4277
1.66924,-1.97719,11.0183
1.82634,-1.79152,10.885
1.90489,-1.49635,10.8683
1.88585,-1.07503,10.7493
1.76683,-0.782242,10.6493
1.7097,-0.694168,10.5517
1.7097,-0.927444,10.4327
1.81682,-1.09407,10.1471
1.80492,-1.15358,10.1304
1.72398,-1.35591,9.93761
1.65257,-1.33925,9.93047
1.6859,-1.32021,9.8781
1.6002,-0.934586,9.9876
1.66447,-0.472794,10.278
1.75017,-0.132401,10.4089
1.88585,-0.0419464,10.3946
2.11674,-0.106216,10.4708
2.14293,-0.439468,10.2923
1.90251,-0.663223,10.109
1.74303,-0.89888,9.89952
1.82872,-1.18929,9.96379
2.11198,-1.17262,9.90428
2.30479,-1.00124,10.1614
2.46666,-0.741776,10.2994
2.4738,-0.551346,10.228
2.47142,-0.503738,10.1376
2.38811,-0.694168,10.1447
2.3167,-0.934586,10.0376
2.37621,-1.10359,9.84477
2.29289,-1.07027,9.75194
2.14293,-0.632278,9.79002
1.93108,-0.296646,9.89952
1.73112,-0.0824127,10.0019
1.67162,-0.0562286,10.0352
1.81682,-0.315689,9.96617
1.81206,-0.734634,9.73052
1.90727,-1.06789,9.4901
1.85252,-1.19643,9.42345
1.84776,-0.8965,9.56389
1.8192,-0.491837,9.67339
1.62877,-0.225235,9.65434
1.61687,0.119919,9.62102
1.66685,0.222275,9.68291
1.73351,0.105637,9.67815
1.6978,-0.268082,9.57103
1.82158,-0.551346,9.68291
1.90013,-0.496597,9.75908
1.93584,-0.356155,9.88048
1.87395,-0.341873,9.82335
1.86681,-0.489456,9.63768
1.87633,-0.687027,9.64006
1.95964,-0.775101,9.63768
2.05009,-0.96315,9.51866
2.0977,-1.09169,9.55199
2.10008,-1.05598,9.60197
1.99535,-0.83461,9.65672
1.94536,-0.729874,9.77336
1.65971,-1.24165,9.61864
1.58354,-1.27974,9.55437
1.64305,-1.34877,9.56865
1.65971,-1.38924,9.54723
1.6859,-1.52968,9.46867
1.72636,-1.53444,9.50676
1.6859,-1.55586,9.45201
1.58592,-1.42256,9.4044
1.53593,-1.29164,9.50438
1.49785,-1.27974,9.5139
1.45738,-1.27974,9.50914
1.54784,-1.39162,9.52342
1.68352,-1.4297,9.56389
1.75255,-1.46303,9.502
1.72874,-1.394,9.56627
1.65495,-1.36067,9.59007
1.6002,-1.4178,9.63292
1.66209,-1.52968,9.6472
1.65495,-1.62489,9.63768
1.7216,-1.72011,9.70195
1.54784,-1.62727,9.59245
1.5407,-1.58205,9.57103
1.58592,-1.55348,9.60674
1.58354,-1.45351,9.70671
1.64067,-1.37495,9.71147
1.63115,-1.32021,9.7567
1.65495,-1.42494,9.78526
1.64781,-1.56776,9.74718
1.68828,-1.63918,9.68291
1.69304,-1.6725,9.69005
1.64305,-1.66774,9.66386
1.61449,-1.47017,9.74242
1.63353,-1.38924,9.76384
1.62163,-1.34163,9.65434
1.58116,-1.4059,9.62816
1.63353,-1.59157,9.59959
1.64781,-1.71773,9.57817
1.64067,-1.68202,9.64958
1.69542,-1.58919,9.71861
1.65019,-1.46779,9.7567
1.67162,-1.45351,9.59245
1.60258,-1.49873,9.51866
1.59782,-1.59157,9.54961
1.57402,-1.64394,9.48534
1.64543,-1.68678,9.40916
1.66209,-1.70583,9.48296
1.60497,-1.71535,9.53294
1.68828,-1.65822,9.59483
1.67876,-1.51064,9.62102
1.60497,-1.41304,9.64006
1.57402,-1.54396,9.66386
1.56926,-1.72487,9.56865
1.63829,-1.82961,9.51628
1.66447,-1.86055,9.55199
1.66447,-1.77724,9.70671
1.62163,-1.61061,9.69243
1.61211,-1.48207,9.77574
1.54546,-1.39876,9.85905
1.51927,-1.43446,9.7686
1.53831,-1.54872,9.71623
1.71208,-1.73677,9.671
1.63353,-1.73677,9.53294
1.56212,-1.73915,9.5139
1.58116,-1.74391,9.55437
1.60497,-1.6487,9.4901
1.62163,-1.49873,9.59959
1.62639,-1.47493,9.55199
1.55498,-1.50111,9.55199
1.55022,-1.53444,9.59959
1.62163,-1.44637,9.73527
1.59544,-1.36543,9.68767
1.53593,-1.49635,9.59959
1.58116,-1.70345,9.66863
1.61449,-1.88197,9.59007
1.67162,-1.91292,9.63054
1.73589,-1.80104,9.67577
1.65971,-1.65346,9.77336
1.63115,-1.46303,9.81383
1.61687,-1.47731,9.78526
1.61449,-1.51302,9.72337
1.55022,-1.68916,9.6353
1.61687,-1.64632,9.59721
1.50737,-1.63203,9.50676
1.42644,-1.65584,9.56389
1.45262,-1.74391,9.50914
1.4669,-1.73915,9.58769
1.54546,-1.74391,9.55913
1.60735,-1.70345,9.6353
1.64305,-1.70107,9.54961
1.58592,-1.70345,9.54246
1.59782,-1.65346,9.58293
1.52165,-1.56776,9.58531
1.49547,-1.52254,9.61626
1.46452,-1.50587,9.63292
1.53593,-1.59395,9.62578
1.60258,-1.64394,9.70671
1.55974,-1.70821,9.70909
1.66209,-1.7701,9.68529
1.5764,-1.70821,9.64958
1.55974,-1.6725,9.62816
1.55498,-1.51064,9.57579
1.59782,-1.72963,9.52342
1.55736,-1.782,9.64958
1.6002,-1.67964,9.64006
1.55022,-1.5154,9.72813
1.55736,-1.4297,9.74718
1.47881,-1.49397,9.68053
1.45024,-1.58681,9.65196
1.52403,-1.56538,9.69719
1.51927,-1.62251,9.65196
1.59068,-1.67726,9.61626
1.58116,-1.60109,9.66148
1.5526,-1.50111,9.72337
1.55736,-1.3821,9.71147
1.52403,-1.46065,9.67339
1.5526,-1.58681,9.59007
1.60258,-1.82961,9.59245
1.58116,-1.91292,9.57579
1.5883,-1.88435,9.66386
1.59068,-1.80104,9.6353
1.62639,-1.61537,9.67815
1.55498,-1.60585,9.72099
1.48357,-1.56538,9.68053
1.44786,-1.65346,9.58055
1.44072,-1.66298,9.4901
1.44786,-1.65822,9.51866
1.46452,-1.71535,9.58293
1.49309,-1.64394,9.69243
1.52641,-1.61775,9.71147
1.55736,-1.62727,9.77574
1.58592,-1.61299,9.69481
1.56926,-1.65584,9.70433
1.58592,-1.71059,9.66863
1.55022,-1.69392,9.57341
1.47643,-1.70107,9.56865
1.45024,-1.75819,9.54246
1.4669,-1.73915,9.58055
1.50499,-1.77248,9.61388
1.53117,-1.65584,9.76622
1.53117,-1.52254,9.68529
1.53355,-1.53682,9.72813
1.50499,-1.52968,9.68053
1.4669,-1.59871,9.74004
1.46214,-1.6606,9.69243
1.58116,-1.69154,9.61864
1.54308,-1.73677,9.56865
1.55022,-1.80342,9.55675
1.51927,-1.8058,9.57817
1.47404,-1.74629,9.61388
1.46214,-1.59157,9.67815
1.49071,-1.51778,9.72813
1.50023,-1.50825,9.56627
1.40025,-1.563,9.6472
1.44548,-1.68202,9.69005
1.46928,-1.76057,9.69957
1.51213,-1.76295,9.67577
1.50261,-1.68916,9.67577
1.45976,-1.64156,9.58055
1.40025,-1.61537,9.61864
1.38835,-1.6487,9.57817
1.50261,-1.81532,9.63768
1.42882,-1.71773,9.54723
1.4312,-1.58919,9.54961
1.36931,-1.50587,9.59007
1.40739,-1.51064,9.62816
1.45024,-1.5392,9.6591
1.46214,-1.65346,9.59959
1.51213,-1.70345,9.60912
1.52879,-1.77724,9.64006
1.47643,-1.71535,9.64958
1.48357,-1.65346,9.71623
1.50023,-1.64632,9.68767
1.53117,-1.63679,9.72813
1.53117,-1.57491,9.70671
1.51927,-1.54158,9.74718
1.50261,-1.60585,9.79002
1.49071,-1.63679,9.78288
1.48119,-1.59395,9.79002
1.48595,-1.71773,9.7448
1.45976,-1.71773,9.70671
1.48833,-1.82246,9.74004
1.44072,-1.83437,9.63054
1.46214,-1.76057,9.59959
1.42644,-1.71535,9.65196
1.44548,-1.71773,9.67339
1.4193,-1.66774,9.64958
1.40263,-1.65584,9.66624
1.35503,-1.7701,9.56627
1.3336,-1.84627,9.56389
1.35027,-1.8177,9.47105
1.35741,-1.76772,9.34489
1.40025,-1.72011,9.45915
1.35741,-1.70345,9.46867
1.286,-1.72963,9.43535
1.19792,-1.59871,9.38298
1.19316,-1.53682,9.39726
1.19792,-1.49159,9.42583
1.25981,-1.41542,9.45439
1.3217,-1.4416,9.45439
1.36455,-1.60347,9.37108
1.50023,-0.894119,9.22826
1.54784,-0.808426,9.27824
1.65733,-0.886978,9.22111
1.74303,-0.90126,9.23064
1.8311,-0.982193,9.24254
1.76683,-0.908401,9.26396
1.78587,-0.913162,9.22588
1.81682,-0.83461,9.10686
1.92155,-0.77034,9.11638
2.00725,-0.701309,9.21635
2.10246,-0.613236,9.21159
2.11436,-0.558487,9.15685
2.15721,-0.506119,9.2354
2.15007,-0.327591,9.31871
2.08104,-0.229996,9.34251
2.03105,-0.149063,9.31157
2.05724,-0.0705109,9.31871
2.13341,-0.013382,9.29491
2.12865,0.0580292,9.29967
2.14293,-0.0847931,9.27586
3.17839,-0.270462,10.5946
3.07603,-0.170486,10.7684
3.05461,-0.196671,10.9612
3.16887,-0.13002,11.2278
3.37834,-0.441849,11.3468
3.68779,-0.520401,11.3539
3.74968,-0.482315,11.4658
3.76396,-0.372818,11.6229
3.71397,-0.210953,11.7229
3.69017,-0.134781,11.7872
3.76158,-0.263321,11.7824
3.83537,-0.372818,11.7062
3.8687,-0.687027,11.6277
3.80443,-0.839371,11.5563
3.74254,-0.917923,11.711
3.71397,-0.967911,11.9252
3.79015,-0.851273,12.0133
3.69493,-0.765579,11.8728
3.53545,-0.934586,11.7062
3.34026,-0.972672,11.6824
3.07603,-2.20094,11.6062
2.89989,-2.36995,11.4515
2.7047,-2.48421,11.5444
2.54521,-2.4247,11.5277
2.51665,-2.31044,11.5967
2.50713,-2.32948,11.5753
2.44048,-2.2914,11.3135
2.26195,-2.34377,11.2421
2.12151,-2.40089,11.1564
2.00963,-2.38423,10.9707
1.78587,-2.36995,10.716
1.52165,-2.27473,10.5589
1.42168,-2.37471,10.4637
1.19554,-2.31996,10.4184
1.15031,-2.15572,10.4446
1.0789,-2.09859,10.4065
0.926559,-2.0486,9.97569
0.667099,-2.20094,9.79716
0.393356,-2.13191,9.57579
0.155319,-2.07954,9.49962
0.0910492,-2.19142,9.17589
0.038681,-2.17238,8.95927
-0.0803375,-2.32948,8.8712
-0.28743,-2.48183,8.70219
-0.625443,-2.33662,8.53319
-0.849197,-2.50325,8.53557
-1.10866,-2.44374,8.23802
-1.29433,-2.49135,8.04997
-1.42525,-2.2795,8.01427
-1.44905,-2.10335,7.91429
-2.73921,-1.87007,7.41441
-2.73445,-1.77248,7.38347
-2.62733,-1.45589,7.51439
-2.71065,-1.02028,7.5977
-2.84633,-0.651321,7.562
-3.13673,-0.494217,7.44298
-3.46999,-0.420425,7.21446
-3.5414,-0.446609,6.99309
-3.49617,-0.51326,6.89073
-3.28432,-0.496597,6.78362
-3.59853,-0.3871,6.18376
-3.62709,-0.19429,6.38609
-3.49855,0.210373,6.52415
-3.44856,0.70549,6.78362
-3.59615,0.981613,6.76695
-3.86513,0.988754,6.48607
-4.12221,0.972092,6.52177
-4.14839,1.15538,6.59557
-3.95796,1.40532,6.86931
-3.64137,2.00279,7.12163
-3.34859,2.25987,7.26445
-3.17006,2.23369,7.25493
-3.10341,1.85045,7.12639
-3.20576,1.24107,6.91216
-3.37001,0.569809,6.71696
-3.3105,0.217514,6.8217
-3.10579,0.426987,7.29063
-2.66542,1.2625,7.91905
-2.28694,1.98851,8.39275
-2.22029,2.5955,8.58318
-1.7347,2.0623,9.07591
-2.10603,1.98613,9.20207
-2.16554,2.16228,9.47343
-1.7347,2.36937,9.6234
-1.25862,2.93114,9.89
-1.07057,3.3477,9.89
-1.2491,3.41673,9.69243
-1.77516,2.93352,9.36156
-1.92989,2.03136,8.9926
-1.68709,1.52434,9.15208
-1.09676,1.70287,9.66386
-0.527847,2.38841,10.3661
-0.320755,2.91209,10.8683
-0.573074,3.37151,11.0802
-0.977737,3.39531,10.904
-1.07295,2.72881,10.6184
-0.911087,1.97661,10.128
-0.473099,1.65288,10.1566
-0.201736,1.73619,10.209
-0.0232086,1.91234,10.5232
0.131516,1.08397,10.4494
0.129135,0.903061,10.2518
0.298141,0.693588,10.1923
0.569504,0.393661,10.2209
0.826584,0.12468,10.3708
0.964645,-0.0681305,10.5351
1.09795,-0.0824127,10.766
1.2003,0.200851,11.0135
1.19792,0.524582,10.985
1.16222,0.829269,10.866
1.08842,0.838791,10.7922
1.00987,0.443649,10.6113
0.86467,0.0604095,10.5494
0.914658,-0.139542,10.6398
0.962265,-0.329971,10.8136
1.08842,-0.465652,10.9159
1.33598,-0.787003,11.0849
1.63829,-1.04646,11.1492
1.64781,-1.18929,11.1873
1.66924,-1.27498,11.0897
2.28575,-1.53682,10.5113
2.33574,-1.82484,10.4899
2.34288,-1.82008,10.4065
2.33336,-1.71773,10.3732
2.1834,-1.22023,10.4422
2.0739,-0.765579,10.4732
1.94298,-0.558487,10.4494
1.79778,-0.634659,10.4922
1.76683,-1.08931,10.4042
1.73827,-1.63203,10.0852
1.77397,-2.23189,9.97807
1.82396,-2.39137,10.1209
1.9287,-2.23427,10.2685
1.90727,-2.06526,10.3542
1.77635,-2.07002,10.3185
1.72874,-2.22713,10.1947
1.78349,-2.26045,10.0566
1.73351,-2.44374,9.9138
1.75493,-2.61037,9.8662
1.78111,-2.51515,10.0138
1.3455,-1.30592,9.26396
1.43358,-1.33211,9.40202
1.56926,-1.37972,9.47105
1.6859,-0.83223,9.79716
1.72398,-0.601334,9.91142
1.62401,-0.572769,9.96141
1.61211,-0.751297,9.81859
1.57164,-0.917923,9.73766
1.53593,-1.01314,9.73527
1.52403,-1.17976,9.66386
1.59782,-1.15834,9.71861
1.63591,-1.00362,9.71623
1.65495,-0.815567,9.89238
1.67876,-0.529922,9.93285
1.70256,-0.539444,9.93047
1.72636,-0.625137,9.85429
1.76921,-0.710831,9.89
1.78111,-0.839371,9.87096
1.71446,-0.982193,9.72337
1.71446,-1.06075,9.72337
1.67162,-1.13454,9.68053
1.73589,-1.13454,9.74956
1.80254,-1.1274,9.76384
1.77397,-0.929825,9.89714
1.65495,-0.839371,9.86382
1.46928,-0.865555,9.66386
1.41216,-1.02504,9.60912
1.47166,-1.20595,9.59007
1.52641,-1.28926,9.55437
1.51213,-1.12025,9.61626
1.62639,-1.27974,9.66624
1.71922,-1.10121,9.75908
1.70018,-1.02742,9.71623
1.60973,-1.0417,9.73766
1.60258,-1.15358,9.62102
1.60735,-1.24403,9.64482
1.62163,-1.17976,9.60674
1.64543,-1.14168,9.71861
1.66685,-1.13454,9.6591
1.46214,-1.19881,9.70195
1.49071,-1.19643,9.68529
1.47881,-1.15596,9.78526
1.53355,-1.11073,9.77098
1.51451,-1.09407,9.77098
1.52165,-1.11311,9.81383
1.56926,-1.17262,9.76622
1.59068,-1.31068,9.68767
1.60735,-1.37733,9.72337
1.65019,-1.3821,9.64958
1.61925,-1.36067,9.66148
1.58354,-1.32735,9.67339
1.57164,-1.20357,9.71147
1.5407,-1.08455,9.73766
1.50975,-0.979813,9.80193
1.54546,-1.06551,9.77098
1.52403,-1.17738,9.671
1.52879,-1.22023,9.6353
1.51927,-1.26546,9.60435
1.59782,-1.25594,9.64958
1.64781,-1.1631,9.69957
1.65971,-1.11787,9.81859
1.62163,-1.05598,9.84239
1.6002,-1.04646,9.74242
1.56212,-1.1631,9.69481
1.55736,-1.22975,9.66624
1.59544,-1.30354,9.70195
1.67162,-1.394,9.78526
1.65019,-1.36543,9.63768
1.62163,-1.26308,9.71385
1.55736,-1.15358,9.80193
1.47881,-1.10835,9.73527
1.42644,-1.24641,9.73289
1.455,-1.39638,9.56865
1.48595,-1.47969,9.59007
1.50499,-1.48683,9.6115
1.53117,-1.39162,9.61388
1.56688,-1.25117,9.77098
1.55736,-1.18929,9.72813
1.52641,-1.20833,9.67815
1.89775,-0.246658,8.59746
2.01677,-0.0633698,8.63792
2.05486,0.265121,8.92357
2.1953,0.348434,9.11162
2.31432,0.310349,9.20683
2.48332,0.291306,9.29729
2.66899,0.234177,9.56389
2.85942,0.288925,9.75194
3.07365,0.205612,9.81383
3.23076,0.177048,10.0757
3.39738,0.150864,10.2185
3.42595,0.38414,10.4303
3.38072,0.665024,10.597
3.26884,0.698349,10.7446
3.23314,0.612656,10.7803
3.2617,0.479355,10.8731
3.30693,0.236557,10.9445
3.36644,0.0151825,10.9516
3.41405,-0.160965,10.8874
3.45689,-0.180008,11.0635
3.55687,-0.337112,12.0181
3.55449,-0.370438,11.9942
3.55449,-0.491837,11.9585
3.47356,-0.732254,11.7872
3.44737,-1.006,11.7419
3.44023,-1.04408,11.6777
3.36406,-1.06075,11.6872
3.2617,-0.956009,11.7134
3.28789,-0.984573,11.6753
3.22838,-1.09407,11.4872
3.226,-1.06313,11.3611
3.34502,-1.29402,11.2516
3.35692,-1.35829,11.2421
3.41643,-1.45113,11.1802
3.31645,-1.40828,11.2754
3.29741,-1.32021,11.3634
3.27361,-1.36305,11.2968
3.18315,-1.3821,11.2754
3.13554,-1.4178,11.2849
3.1046,-1.55824,11.0421
1.41454,-2.37471,10.1066
1.25029,-2.52705,9.9876
1.06462,-2.51039,9.83525
0.981308,-2.22475,9.88048
0.914658,-2.01051,9.82811
0.688522,-1.82008,9.66148
0.486191,-1.78438,9.61864
0.369553,-1.89149,9.42583
0.143417,-1.97005,9.31157
0.0482025,-2.08907,9.14018
-1.42287,-0.96315,8.6165
-1.53474,-1.39162,8.41179
-1.65852,-1.77724,8.00475
-1.78706,-1.91054,7.92381
-2.05843,-1.63203,7.95
-2.21553,-1.12263,8.19041
-2.25124,-0.584671,8.34038
-2.22981,-0.325211,8.338
-2.2917,-0.403763,8.27135
-2.38692,-0.408524,8.08092
-2.45595,-0.596573,7.80241
-2.62257,-0.613236,7.75243
-2.72493,-0.529922,7.70244
-2.82729,-0.437088,7.75481
-2.83205,-0.334732,7.83098
-2.85585,-0.306168,7.61913
-2.83443,-0.541824,7.36681
-2.96059,-0.694168,7.10496
-3.19148,-0.903641,6.82408
-3.49617,-0.925064,6.85265
-3.64375,-0.891739,7.1859
-3.7104,-0.677505,7.21446
-3.65089,-0.429947,7.27635
-3.63423,-0.294266,7.30016
-3.51521,0.0294647,7.35014
-3.26289,0.38414,7.41679
-3.1653,0.650742,7.42394
-3.22005,0.731674,7.18828
-3.43666,0.38652,6.93596
-3.66042,0.0865936,6.71458
-3.19386,0.624557,7.65483
-3.31526,0.964951,7.66911
-3.43428,1.1292,7.53105
-3.56282,1.06493,7.27159
-3.59853,1.06731,7.16923
-3.49617,1.05064,7.35252
-3.20815,1.22679,7.72386
-3.13197,1.3958,7.80241
-3.36525,1.51958,7.85478
-3.71278,1.48625,7.76671
-3.71278,1.3839,7.76433
-3.48903,1.33391,7.69768
-3.032,1.46007,7.74767
-2.72731,1.59575,7.90953
-2.53926,1.98375,8.23088
-2.75587,2.26463,8.43559
-3.24385,2.37175,8.27135
-3.46999,2.21465,7.91905
-3.32478,1.71477,7.51677
-2.8987,1.53624,7.66197
-2.48689,1.7957,8.18089
-2.21077,2.18608,8.57127
-2.24886,2.41698,8.3856
-2.42262,2.29558,7.95714
-2.76302,1.74095,7.86906
-2.79158,1.17204,7.78813
-2.41786,1.05064,7.99522
-1.70851,1.97661,8.94499
-1.27766,2.13847,9.20445
-0.761124,2.23607,9.26396
-0.396927,2.44078,9.4901
-0.549271,2.41936,9.32109
-0.787308,2.21226,9.05211
-0.832535,1.96947,8.93071
-0.782547,1.73381,8.92595
-0.532608,1.80522,9.44487
-0.385025,1.78856,9.72575
-0.337418,1.80046,9.86382
-0.337418,1.83141,9.79478
-0.301712,1.77428,9.68529
-0.258865,1.71477,9.81621
-0.216019,1.60289,10.1233
-0.294571,1.51482,10.1899
-0.175552,1.48625,10.4303
0.0720062,1.69334,10.5613
0.498093,2.00279,10.5732
0.890854,1.89806,10.4756
1.14317,0.995895,11.0778
1.40977,0.757858,11.2492
1.7216,0.569809,11.2801
1.88347,0.269882,11.2801
1.83348,0.0770721,11.1706
1.71684,-0.158585,10.9397
1.6978,-0.349014,10.8374
1.75493,-0.351395,10.7826
1.85014,-0.379959,10.7136
1.89299,-0.246658,10.8921
1.72636,0.0604095,11.0421
1.55974,0.200851,11.2016
1.49309,0.105637,11.3539
1.73351,-0.184769,11.3182
2.2429,-0.463272,11.1802
2.56902,-0.751297,11.054
2.73564,-1.0298,10.8612
2.60234,-1.33925,10.685
2.29051,-1.53682,10.5565
1.99297,-1.46541,10.5208
2.21434,-1.0536,10.4827
2.22148,-0.998856,10.4065
2.2072,-0.83223,10.328
2.22624,-0.939346,10.2042
2.13103,-1.02742,10.2042
2.0977,-1.2726,10.078
2.04533,-1.42732,10.0661
2.14055,-1.33449,10.0185
2.17387,-1.24879,10.128
2.17387,-1.18929,9.96855
2.0977,-1.11311,9.86382
1.98821,-0.920303,9.88286
1.93584,-0.920303,9.93523
1.87633,-0.870316,9.91142
1.93346,-0.967911,9.91142
1.99535,-1.22261,9.95903
2.02153,-1.38686,9.89952
2.03105,-1.55586,9.84477
2.04295,-1.68916,9.85667
1.99535,-1.73201,9.81383
1.98582,-1.7939,9.69719
1.86205,-1.76295,9.59245
1.75017,-1.83437,9.57103
1.70494,-1.83675,9.53056
1.75731,-1.92958,9.44487
1.78587,-1.86769,9.43297
1.79301,-1.77248,9.54246
1.82158,-1.61299,9.43297
1.73589,-1.5511,9.3568
1.51689,-1.52492,9.42107
1.76207,-0.946487,9.67577
1.68352,-0.846512,9.73527
1.57878,-0.665604,9.72575
1.55498,-0.584671,9.69481
1.58116,-0.506119,9.68291
1.55498,-0.627518,9.57341
1.61449,-0.851273,9.48296
1.60973,-1.06313,9.5139
1.50737,-1.08931,9.57341
1.48833,-0.982193,9.52342
1.50023,-0.915543,9.59483
1.5645,-0.808426,9.61388
1.64305,-0.684647,9.66386
1.63353,-0.527542,9.671
1.59544,-0.529922,9.70671
1.48357,-0.665604,9.62102
1.40501,-0.734634,9.61626
1.51927,-0.903641,9.60435
1.59544,-0.958389,9.60435
1.74065,-0.851273,9.66148
1.78111,-0.665604,9.77098
1.75255,-0.518021,9.84953
1.65257,-0.672745,9.83287
1.69066,-0.763199,9.77336
1.70732,-0.758438,9.7567
1.71684,-0.748917,9.74004
1.64305,-0.865555,9.59959
1.55022,-1.01076,9.69005
1.60973,-0.979813,9.78764
1.61925,-0.746536,9.82811
1.65733,-0.653702,9.79716
1.60497,-0.677505,9.77098
1.5764,-0.76796,9.71861
1.57402,-0.844131,9.69243
1.52879,-0.882217,9.69957
1.49309,-0.956009,9.60674
1.46452,-1.0298,9.50676
1.51451,-0.934586,9.56151
1.67876,-0.777481,9.70195
1.62639,-0.660843,9.74956
1.63353,-0.620377,9.79478
1.54546,-0.684647,9.69005
1.51451,-0.729874,9.85191
1.55022,-0.717972,9.80907
1.50975,-0.794144,9.77812
1.52403,-0.939346,9.74956
1.60973,-1.06789,9.72337
1.674,-1.03694,9.71861
1.66209,-1.07265,9.7448
1.63353,-0.927444,9.79478
1.59306,-0.756058,9.89476
1.53355,-0.627518,9.84477
1.36455,-0.646561,9.77574
1.44548,-0.653702,9.80431
1.50975,-0.63942,9.79478
1.53355,-0.841751,9.6472
1.50499,-0.998856,9.60197
1.47404,-1.12025,9.671
1.55736,-1.01552,9.84001
1.57878,-0.875076,9.80669
1.58592,-0.77034,9.6472
1.49309,-0.801285,9.66624
1.47643,-0.877457,9.67815
1.57402,-0.853653,9.76622
1.57878,-0.886978,9.74004
1.49309,-0.994095,9.67339
1.455,-1.13692,9.58769
1.4312,-1.09407,9.60912
1.52879,-0.948868,9.73766
1.44072,-0.687027,9.7686
1.40977,-0.734634,9.65434
1.38121,-0.76796,9.62816
1.43358,-0.929825,9.64482
1.49309,-1.05598,9.70909
1.54308,-1.08931,9.6472
1.59068,-1.04646,9.68767
1.51689,-0.994095,9.77574
1.50975,-0.910782,9.78526
1.4431,-0.817947,9.74004
1.40263,-0.848892,9.6591
1.3336,-1.05836,9.59245
1.37407,-1.18214,9.48534
1.49785,-1.25356,9.58055
1.5526,-1.17262,9.5258
1.54308,-0.90126,9.73289
1.44786,-0.710831,9.71623
1.34789,-0.6418,9.74718
1.35027,-0.70369,9.77574
1.4312,-0.829849,9.72099
1.45738,-0.96077,9.78288
1.52879,-1.0536,9.72575
1.5407,-1.08693,9.68767
1.51213,-1.06313,9.71623
1.46214,-1.00838,9.69719
1.38835,-0.8965,9.69243
1.32408,-0.813187,9.75908
1.38835,-0.863174,9.71385
1.40025,-0.894119,9.76384
1.51689,-0.936966,9.70433
1.5883,-0.984573,9.73052
1.51689,-1.02028,9.671
1.47166,-0.894119,9.70909
1.44072,-0.913162,9.72813
1.38597,-0.958389,9.68529
1.39311,-1.00124,9.74718
1.455,-0.994095,9.82811
1.51451,-0.989334,9.80907
1.52165,-0.903641,9.84001
1.48595,-0.925064,9.83763
1.51689,-0.991715,9.84953
1.44786,-0.934586,9.74242
1.43834,-1.03932,9.71623
1.46214,-1.09169,9.64482
1.53593,-1.12978,9.54723
1.48119,-1.02504,9.64244
1.46214,-0.939346,9.6353
1.44072,-0.922684,9.73052
1.42644,-1.006,9.62578
1.36217,-1.006,9.59007
1.30504,-1.06789,9.60674
1.3336,-1.02028,9.7686
1.32884,-1.02028,9.68291
1.3455,-1.02266,9.60435
1.35741,-1.12263,9.671
1.37169,-0.970291,9.68529
1.35265,-0.889359,9.80669
1.35741,-0.872696,9.83763
1.33598,-0.827469,9.75194
1.2979,-0.967911,9.72337
1.33122,-1.10121,9.69481
1.37645,-1.04408,9.83525
1.45738,-1.03456,9.87096
1.455,-1.08931,9.71385
1.46928,-1.02742,9.70433
1.48833,-1.08217,9.74004
1.48833,-1.01314,9.75908
1.57402,-1.0417,9.71385
1.50023,-1.03218,9.63768
1.44786,-1.09645,9.53532
1.38597,-1.23213,9.54723
1.42406,-1.24879,9.52818
1.39311,-1.27022,9.49962
1.35979,-1.10835,9.57817
1.455,-0.867935,9.72337
1.42644,-0.813187,9.74004
1.4193,-0.810806,9.71623
1.46452,-0.856033,9.63768
1.4193,-1.10835,9.55675
1.40501,-1.17976,9.53294
1.35265,-1.19167,9.43773
1.36455,-1.2726,9.6472
1.32884,-1.23927,9.65434
1.39311,-1.12025,9.75194
1.46928,-0.984573,9.79478
1.50975,-0.994095,9.82811
1.50499,-1.0417,9.68529
1.47881,-1.14882,9.59245
1.39311,-1.30592,9.65196
1.37645,-1.2607,9.6591
1.34789,-1.10121,9.80907
1.39549,-0.886978,9.88048
1.40263,-0.841751,9.98283
1.45976,-0.903641,9.98283
1.49071,-0.939346,9.98997
1.53593,-1.11311,9.9876
1.53593,-1.09407,10.0233
1.58592,-1.01552,10.0828
1.54546,-0.910782,10.0614
1.53117,-0.844131,10.0566
1.49071,-0.936966,10.0733
1.58592,-1.08693,10.1685
1.77873,-1.05598,10.1947
1.81206,-1.05836,10.2256
1.87514,-0.986954,10.5327
1.94536,-1.02742,10.8731
2.10841,-1.14406,11.1123
2.30836,-1.23689,11.4741
2.40834,-1.28212,11.4753
1.85728,-1.06908,11.661
1.36812,-0.741776,11.6717
1.11104,-0.982193,11.3551
0.965836,-1.15001,11.0373
0.652817,-1.15715,10.8053
0.0850983,-1.14882,10.6517
-0.526657,-0.846512,10.5256
-0.862289,-0.500168,10.5851
-1.11699,-0.588242,10.2732
-1.33241,-0.909592,9.83287
-1.85847,-1.01195,9.51628
-2.4369,-0.975052,9.60554
-2.77849,-0.910782,9.50795
-3.10698,-0.928635,8.93309
-3.7354,-1.11311,8.39989
-4.00676,-1.00957,8.22017
-4.03889,-0.709641,8.37965
-4.35429,-0.740585,8.0345
-5.03746,-0.687027,7.55843
-5.39928,-0.838181,7.18828
-5.43141,-0.713211,7.17995
-5.65517,-0.326401,6.77647
-6.10863,-0.0859833,6.65388
-6.33714,-0.220474,6.44679
-6.46449,-0.435898,6.46703
-6.59898,-0.871506,6.36229
-6.67873,-0.443039,6.17305
-7.11314,-0.0645599,5.79814
-7.36546,-0.246658,5.80647
-7.39879,-0.102646,5.6946
-7.69991,0.0520782,5.29945
-8.26286,0.203232,4.90431
-8.38069,0.144913,4.64009
-8.3795,-0.115738,4.70674
-8.46043,-0.245468,4.46989
-8.87938,-0.144302,4.21043
-8.9258,0.162766,4.13664
-8.98769,0.469833,3.78792
-9.21382,0.531723,3.47014
-9.41615,0.218704,3.14165
-9.39711,0.476975,2.7227
-9.46376,0.716202,2.52751
-9.40306,0.842361,2.34422
-9.56255,1.18037,1.54799
-9.82677,1.20537,0.964798
-9.97673,1.41484,0.281631
-10.0493,1.89687,-0.24324
-10.2707,1.96233,-0.388443
-10.4373,1.85878,-0.214676
-10.3754,1.70406,-0.376541
-10.2624,1.63979,-0.722885
-10.1886,1.44102,-0.715744
-10.241,1.07326,-0.591965
-10.0969,1.08278,0.0709686
-8.60921,0.306778,2.94765
-8.27834,0.265121,3.68556
-8.28072,0.116348,4.02953
-8.21288,-0.0836029,3.96645
-7.58922,-0.105026,4.64366
-7.0334,-0.290695,5.3542
-6.88225,-0.197861,5.75648
-6.99174,0.146103,5.90526
-6.56804,-0.0181427,5.98024
-6.14076,-0.488266,6.03618
-5.78609,-0.364487,7.07521
-5.36119,-0.439468,7.84764
-5.22194,-0.664413,7.58699
-5.21123,-0.4478,7.62508
-4.75182,-0.290695,8.27016
-4.13887,-0.738205,8.72838
-3.82109,-1.1631,9.07234
-3.69612,-1.03337,9.29729
-3.58543,-0.266891,9.17589
-3.49022,-0.212143,9.35799
-2.84871,-0.988144,9.79002
-2.256,-1.37614,10.2578
-2.00011,-1.18929,10.516
-2.01201,-0.476364,10.4077
-1.86324,-0.875076,10.1459
-1.5645,-1.38924,10.4018
-0.957504,-1.53801,11.0469
-0.61116,-1.1143,10.9076
-0.974167,-0.904831,10.6958
-0.812302,-1.41542,10.4292
-0.599258,-1.49992,10.3173
-0.751602,-1.04051,10.5148
-0.571884,-1.07265,10.4208
-0.230301,-1.1631,10.0435
-0.0482025,-1.1512,10.1019
0.0482025,-1.21071,10.1495
0.0601044,-1.1881,9.98997
0.211258,-1.07741,10.3601
0.512375,-1.00243,10.2316
0.561172,-1.02742,10.1209
0.715897,-1.18929,10.2352
0.812302,-1.06908,10.2363
0.80278,-1.05598,10.2768
0.844437,-1.00124,10.0531
0.761124,-0.938156,9.87096
0.890854,-1.03813,9.84001
1.06224,-0.873886,9.92928
1.14912,-0.817947,9.93047
1.34789,-0.875076,10.0412
1.64424,-1.0179,10.0507
1.868,-1.01433,10.0245
1.89775,-1.00362,10.0709
1.91679,-1.09288,10.0423
1.87038,-1.15239,9.80788
1.71922,-0.882217,9.69719
1.66924,-0.658462,9.81026
1.91798,-0.861984,9.90309
2.0489,-1.0298,9.91856
2.07152,-0.934586,10.0888
2.11436,-0.919113,9.91856
2.01201,-0.859604,9.61031
2.04771,-0.541824,9.62102
1.98463,-0.616806,9.5508
2.04771,-0.936966,9.46629
2.02272,-1.11192,9.4413
2.10484,-0.984573,9.4901
2.10484,-0.659653,9.69957
2.06676,-0.782242,9.66505
2.02391,-0.870316,9.54246
2.01082,-0.96196,9.56508
1.94536,-0.753677,9.56746
2.0013,-0.83461,9.56389
2.02986,-0.948868,9.53651
2.02391,-0.89769,9.63887
2.02034,-0.884598,9.57817
1.97392,-0.861984,9.58531
2.0013,-0.775101,9.64482
2.02748,-0.911972,9.57341
2.1584,-0.884598,9.57579
2.10008,-0.957199,9.62935
2.09889,-1.02504,9.56032
2.0977,-1.00243,9.52461
2.06081,-0.781052,9.62459
1.98821,-0.777481,9.62459
2.08342,-0.909592,9.67577
2.09889,-1.01314,9.61031
2.01796,-1.00481,9.59245
2.03343,-0.83461,9.69719
2.0858,-0.932205,9.70433
2.11317,-0.997665,9.70909
2.06081,-0.853653,9.70671
1.98106,-0.907211,9.63411
2.06081,-1.07503,9.59721
2.04652,-0.967911,9.56389
2.02391,-0.838181,9.60078
2.0251,-0.925064,9.60078
2.062,-1.07741,9.51985
2.0132,-0.967911,9.56746
2.04533,-0.956009,9.50676
2.04295,-0.939346,9.57103
1.96083,-0.973862,9.53294
1.99773,-1.16548,9.54365
2.03819,-0.972672,9.67577
1.99773,-0.90007,9.61745
2.00606,-0.931015,9.63887
2.04533,-1.0536,9.54723
2.07866,-1.24165,9.51985
2.10365,-1.05241,9.52104
2.07033,-0.778671,9.57698
2.00249,-0.851273,9.61031
2.05009,-1.06789,9.59364
2.02986,-1.02742,9.6841
2.04295,-0.83699,9.72575
2.05128,-0.96553,9.64363
2.09651,-1.10478,9.58412
2.04771,-0.940536,9.75789
2.05009,-0.847702,9.80431
2.09413,-0.894119,9.88881
2.1227,-1.01195,9.87334
2.15959,-1.08098,9.96736
2.15364,-0.90007,10.0376
2.11913,-0.70369,10.3292
2.04533,-0.831039,10.4161
2.12151,-1.13573,10.5589
2.28813,-1.05122,10.8898
2.3893,-0.892929,11.3075
2.2917,-1.14644,11.3456
2.16078,-1.24879,11.5765
2.13222,-1.4416,11.5729
1.9644,-1.3214,11.5753
1.72279,-1.28569,11.4456
1.45262,-1.2845,11.3123
1.1765,-1.11787,11.1242
0.857529,-1.22618,10.9802
0.577835,-1.29164,10.7327
0.298141,-1.43803,10.7803
0.101761,-1.23094,10.5815
-0.199356,-1.20238,10.5922
-0.454056,-1.43684,10.4577
-0.596878,-1.62965,10.4482
-0.956314,-1.33568,10.1614
-1.7347,-0.973862,9.62578
-2.42738,-1.07741,9.21397
-2.80586,-1.02266,8.87477
-3.50331,-0.64299,8.25468
-4.26741,-0.597763,7.81551
-4.56377,-0.610855,7.31206
-4.65303,-0.606094,7.20137
-4.90535,-0.45018,7.03951
-5.24336,-0.238327,7.04427
-5.46474,-0.252609,6.74196
-5.69444,-0.362106,6.25517
-6.18361,-0.214523,5.82671
-6.79774,-0.166916,5.67436
-7.04887,-0.278793,5.54582
-7.00722,-0.312119,5.38515
-7.24287,-0.0836029,5.22209
-7.52019,0.146103,5.03999
-7.77013,0.143723,4.39134
-8.11409,-0.0990753,4.29494
-8.15813,-0.0883637,4.15926
-8.47591,0.163956,3.78554
-8.76631,0.175858,3.22377
-8.8889,0.263931,2.6989
-9.05553,0.32106,2.52394
-9.27095,0.556717,2.58226
-9.38759,0.680496,2.8203
-9.53874,0.598373,1.9955
-9.69466,0.820938,1.43492
-9.58992,1.1411,1.44087
-9.67085,1.19347,1.65392
-9.63872,1.0923,1.91814
-9.78035,0.948288,1.5468
-9.92079,1.26726,0.71843
-10.0898,1.45293,-0.181351
-10.2564,1.88972,-0.732407
-10.5064,2.12419,-1.1216
-10.7075,2.11348,-1.07756
-10.6635,1.91829,-1.1216
-10.3731,1.45174,-0.766922
-10.1624,1.28273,-0.163498
-10.141,1.17323,0.168564
-10.1684,0.805466,0.20546
-9.98744,0.809036,0.201889
-10.1231,1.15538,0.391129
-10.448,1.50053,-0.0325775
-10.5087,1.58623,-0.251572
-10.1374,1.43626,-0.0409088
-9.80772,1.34105,0.46611
-9.72917,1.19109,0.964798
-9.52803,0.96019,1.36708
-9.36735,0.711441,1.4254
-9.35783,0.413895,1.68486
-9.20549,0.367477,2.00026
-8.99483,0.531723,2.56322
-8.9127,0.866165,3.06905
-8.96269,0.775711,3.20235
-8.72704,0.497208,3.47847
-8.39735,0.455551,3.93669
-8.38069,0.453171,4.26399
-8.31285,0.423416,4.38063
-8.05815,0.44841,4.94597
-7.72252,0.269882,5.20543
-7.5797,-0.00743103,5.59938
-7.51662,-0.0490875,5.8636
-7.48329,0.0544586,6.23732
-7.28929,0.0806427,6.39204
-7.07268,0.376999,6.56819
-6.62041,0.0639801,7.12163
-6.51091,-0.482315,7.30373
-6.81322,-0.479935,7.18828
-6.61446,-0.178818,7.33824
-6.12291,0.135391,7.87502
-5.64803,-0.619186,8.30348
-5.68492,-0.921494,8.21184
-6.08125,-0.375198,7.91072
-5.94557,-0.114548,8.08211
-5.28026,-0.408524,8.38084
-4.77919,-0.765579,8.82002
-4.60899,-0.657272,9.02473
-4.61613,-0.660843,8.72838
-4.4388,-0.571579,8.84145
-4.16981,-0.466843,8.69743
-3.99367,-0.475174,9.05687
-3.72707,-0.51207,9.31752
-3.47951,-0.606094,9.26991
-3.201,-0.687027,9.2592
-2.92012,-0.701309,9.51152
-2.68327,-0.742966,9.74837
-2.57735,-0.720352,9.93166
-2.46309,-0.889359,10.1268
-2.39882,-1.006,10.159
-2.19173,-0.826279,10.4232
-2.10722,-0.51207,10.2447
-2.13341,-0.826279,9.86262
-1.94417,-0.64418,10.009
-1.60139,-0.498978,10.109
-1.42168,-0.689407,9.98521
-1.40144,-0.479935,9.92928
-1.31099,-0.541824,9.89119
-0.99678,-0.593002,9.87334
-0.837296,-0.446609,9.96379
-0.790878,-0.396622,10.0769
-0.296951,-0.500168,10.2316
-0.0422516,-0.819138,10.0412
-0.0886688,-0.57872,10.0947
-0.0601044,-0.180008,10.4149
0.258865,-0.347824,10.4791
0.273148,-0.465652,10.547
0.191025,-0.587051,10.422
0.269577,-0.816757,10.2649
0.22673,-0.51207,10.4196
0.106522,-0.277603,10.5137
0.164841,-0.357346,10.497
0.280289,-0.582291,10.3304
0.217209,-0.507309,10.2804
0.248154,-0.364487,10.3423
0.258865,-0.352585,10.2768
0.292191,-0.431137,10.2221
0.285049,-0.481125,10.0507
0.22554,-0.533493,9.91737
0.149368,-0.38472,9.84834
0.1577,-0.349014,9.88167
0.101761,-0.400192,9.80312
0.0910492,-0.32283,9.8662
0.202927,-0.426376,9.76146
0.271957,-0.379959,9.70076
0.183884,-0.378769,9.67815
0.249344,-0.487076,9.76979
0.387405,-0.353775,9.83763
0.345749,-0.456131,9.82335
0.217209,-0.563248,9.76384
0.321945,-0.457321,9.85786
0.387405,-0.296646,9.91737
0.41597,-0.334732,9.92333
0.393356,-0.531113,9.84596
0.364792,-0.617996,9.86144
0.298141,-0.468033,9.9388
0.291,-0.408524,9.99474
0.319565,-0.376389,9.97807
0.35527,-0.494217,9.92571
0.369553,-0.527542,9.88643
0.389786,-0.51683,9.95427
0.401688,-0.459702,9.99593
0.412399,-0.456131,10.0245
0.362411,-0.583481,9.91261
0.333847,-0.51326,9.8781
0.301712,-0.426376,9.89238
0.402878,-0.550156,9.95784
0.35408,-0.45256,10.0173
0.376694,-0.57872,9.93404
0.487381,-0.616806,9.86144
0.390976,-0.399002,9.87096
0.346939,-0.457321,9.86262
0.360031,-0.495407,9.86025
0.41597,-0.419235,9.91261
0.404068,-0.475174,9.88405
0.432632,-0.484695,9.87334
0.401688,-0.519211,9.83168
0.410019,-0.545395,9.88286
0.476669,-0.446609,9.86977
0.386215,-0.460892,9.89833
0.263626,-0.453751,9.97331
0.28862,-0.437088,9.99712
0.365982,-0.629898,9.99593
0.276718,-0.525162,10.1019
0.155319,-0.57753,9.98521
0.208878,-0.57634,9.9876
0.202927,-0.470413,10.059
0.188644,-0.470413,9.95427
0.1577,-0.569199,9.93999
0.293381,-0.694168,9.92928
0.261246,-0.632278,9.91856
0.211258,-0.502548,9.94594
0.256485,-0.45018,9.95189
0.251724,-0.537064,9.85786
0.0136871,-0.487076,9.84358
-0.135086,-0.4478,9.78169
-0.0934296,-0.266891,9.96855
-0.0624847,-0.137161,9.84358
-0.16008,-0.224045,9.77336
-0.139847,-0.171677,9.75075
-0.0553436,-0.19548,9.6722
0.111282,-0.374008,9.65672
0.127945,-0.553726,9.48296
-0.0279694,-0.70845,9.30205
-0.0922394,-0.51564,9.3437
-0.0136871,-0.289505,9.32109
0.154129,-0.509689,9.2711
0.304092,-0.57872,9.31633
0.448105,-0.600143,9.31871
0.519516,-0.676315,9.26158
0.54332,-0.783432,9.26515
0.496902,-0.714401,9.06996
0.623062,-0.865555,8.79979
0.827774,-0.713211,8.61055
1.04677,-0.556107,8.33086
1.32051,-0.177628,7.90834
1.31813,0.278214,7.4525
1.22054,0.236557,7.18947
1.46095,0.456741,6.9312
2.03462,0.422226,7.18828
2.77849,0.121109,7.27278
3.39857,0.0151825,7.54533
3.92345,-0.219284,7.87263
4.2198,-0.443039,8.17732
4.50307,-0.282364,8.26302
4.62804,-0.156204,8.37727
4.95296,-0.182388,8.52605
5.2993,-0.360916,8.26183
5.75157,-0.583481,8.06306
6.15147,-0.51445,8.01427
6.4883,-0.189529,7.94762
6.75133,0.366287,8.00117
6.94057,0.690018,8.03212
7.2643,0.177048,7.58461
7.55708,-0.45137,7.03117
7.57851,0.0354156,6.74791
7.51424,1.07088,6.76814
8.01292,0.905441,6.17424
8.37712,0.528152,5.83266
8.79845,0.237747,5.4756
8.97102,0.479355,5.27803
9.30308,0.828079,5.09355
9.65538,0.909012,5.17091
9.75774,1.30772,5.19591
9.56255,1.66002,5.30302
9.61134,1.05778,5.03999
9.73155,0.417465,4.65437
9.83391,0.235367,4.47823
9.61491,0.839981,4.46632
9.62205,1.08516,4.30922
9.59111,0.791184,3.97835
9.42567,0.848312,3.79625
9.22929,0.862595,3.66057
9.25191,0.907822,3.48442
9.45543,0.731674,3.0381
9.34593,1.07564,2.84053
9.26143,1.08516,3.03691
9.4947,0.83403,3.0988
9.61968,1.13515,2.93098
9.7506,0.910202,2.69533
9.56374,0.794754,2.52156
9.26381,1.16966,2.62154
9.26262,1.34224,2.7596
9.35902,1.24345,2.52632
9.48994,0.892349,2.32399
9.45424,1.02208,1.9955
9.4709,1.24821,2.13118
9.45305,1.41484,2.06572
9.40782,1.32677,1.89552
9.48399,0.932816,1.81816
9.41496,0.954239,1.84077
9.29951,1.03517,1.83363
9.25072,1.08516,1.76579
9.23405,1.0804,1.76579
9.17812,0.994705,1.78127
9.17812,1.39223,1.7408
9.20787,1.4803,1.81459
9.33879,1.04945,1.65392
9.41615,0.734055,1.54204
9.31142,1.24583,1.6075
9.18883,1.37914,1.62773
9.09123,1.18513,1.61702
9.12456,1.15062,1.65153
9.31142,1.0804,1.54323
9.29951,1.44222,1.53609
9.1924,1.25417,1.66225
9.17098,1.08635,1.70033
9.22096,1.26607,1.68843
9.23405,1.26845,1.68843
9.18883,1.09349,1.66344
9.32927,0.951859,1.67653
9.30428,1.10301,1.70271
9.18288,1.22084,1.82768
9.23644,1.06969,1.78603
9.25191,1.02684,1.57655
9.20311,1.01613,1.78127
9.23644,0.967331,1.88957
9.21739,1.06255,2.28709
9.40187,1.17561,2.57512
9.56493,0.844742,3.0988
9.77797,0.695969,3.61296
9.85414,1.14705,4.15092
9.94341,1.02803,4.22115
9.85533,0.460312,4.25209
9.68514,0.70549,4.51869
9.59111,0.903061,4.99477
9.78868,0.38295,5.06618
9.9922,0.0806427,5.22685
10.1291,0.0639801,5.74815
10.3124,0.0163727,5.74696
10.479,-0.340683,6.18376
10.6897,-0.394241,6.69435
10.9801,-0.465652,6.60866
10.8622,-0.620377,6.53725
10.4123,-0.345444,7.02998
9.99458,-0.0871735,7.17995
9.60658,-0.663223,7.36205
9.04363,-1.05003,7.23231
8.23311,-0.752487,7.35014
7.81892,-0.681076,7.58699
7.21788,-0.529922,7.38823
6.6454,-0.816757,7.89525
6.39665,-1.20357,7.97856
6.04793,-1.12383,8.37013
5.43617,-0.791763,7.72386
4.46498,-1.04051,7.97618
3.86632,-0.817947,7.67387
2.85347,-0.609665,8.25826
2.42024,-0.64299,8.35823
1.99297,-0.942917,8.18208
1.38121,-1.0905,7.76671
0.427872,-0.908401,7.51201
-0.531418,-0.283554,7.41798
-0.834915,-0.547775,7.95595
-0.959885,-0.776291,7.54057
-1.93346,-0.507309,7.03712
-2.79277,-0.327591,7.08473
-2.78087,-0.391861,7.5132
-2.53212,-0.552536,7.96904
-2.86299,-0.237137,7.66316
-3.73302,0.0865936,7.30135
-4.05199,-0.250229,7.55486
-3.68422,-0.759628,7.9619
-3.88655,-0.820328,7.92381
-4.2805,-0.677505,7.93333
-4.49593,-0.162155,7.78813
-4.584,-0.185959,7.85121
-4.58162,-0.5811,7.98808
-4.52806,-0.848892,8.2285
-4.55782,-0.531113,8.26659
-4.55782,-0.189529,8.58318
-4.49116,-0.297836,8.59984
-4.47569,-0.541824,8.71767
-4.53044,-0.790573,8.66173
-4.39833,-0.990524,9.06996
-4.29478,-0.971481,9.20921
-4.30312,-0.45256,9.00807
-4.55305,-0.210953,8.84026
-4.59947,-0.560867,8.77837
-4.41856,-1.05122,9.00926
-4.24004,-1.11787,9.14137
-4.12221,-0.714401,9.48058
-4.1591,-0.637039,9.39845
-4.22694,-0.789383,9.17113
-4.36858,-0.915543,9.02354
-4.35786,-0.952438,9.20088
-4.2448,-0.744156,9.18779
-4.40309,-0.556107,8.95094
-4.35667,-0.600143,8.89262
-4.28764,-0.600143,8.90215
-4.34834,-0.723923,8.97237
-4.38405,-0.623947,8.94975
-4.3174,-0.615616,8.87953
-4.2317,-0.600143,8.89977
-4.24123,-0.77153,8.73552
-4.29002,-0.90126,8.63911
-4.33406,-0.851273,8.35466
-4.2924,-0.673935,8.15471
-4.26979,-0.483505,8.02022
-4.19481,-0.393051,7.8405
-4.20671,-0.393051,7.45726
-4.14363,-0.441849,7.14543
-4.04961,-0.472794,7.05498
-3.64375,-0.679886,7.2466
-3.23909,-0.702499,7.46678
-3.05461,-0.782242,7.41084
-2.91536,-0.892929,7.12163
-2.64995,-0.96196,7.58818
-1.71565,-1.19524,8.64269
-0.532608,-1.60228,9.29848
-0.205307,-1.36662,8.79979
-0.849197,-0.719162,8.19041
-1.08366,-0.695358,8.5808
0.123184,-1.15477,9.35084
1.38835,-1.30711,9.57341
1.67638,-1.16786,9.22826
1.455,-0.781052,8.74742
2.00011,-1.08217,9.44725
3.21767,-1.34758,10.1316
4.13292,-1.34996,9.81145
3.8687,-1.14763,9.36513
3.82942,-1.27617,9.18898
4.00319,-1.12502,8.67601
3.77943,-0.800095,8.09758
4.17101,-1.01076,8.7986
5.67302,-1.14406,8.79384
5.94319,-1.0786,7.91548
5.85988,-0.664413,7.25136
5.9908,-0.453751,6.96095
6.8644,-0.808426,7.66673
7.61659,-1.12144,7.39775
8.17479,-0.984573,7.03712
8.34261,-0.631088,6.43608
8.45091,-0.739395,6.06712
8.54375,-0.802475,5.86122
8.69728,-0.45256,5.56129
9.00911,-0.294266,5.31612
9.52089,-0.239517,5.17924
9.74822,0.204422,5.02095
10.1553,0.31749,4.92574
10.4028,0.0330353,4.63771
10.5171,-0.246658,4.48418
10.5064,-0.0633698,4.61748
10.2778,0.328201,4.51631
10.1362,0.353195,4.1533
9.86366,0.355576,3.57845
9.74226,0.598373,3.25233
9.64467,0.923294,3.1357
9.72679,0.853073,2.85719
9.8958,0.174667,2.45848
9.76488,0.182999,1.96574
9.6042,0.681686,1.82411
9.59349,0.862595,1.81221
9.59349,0.387711,1.56346
9.58635,0.181808,1.37898
9.63872,0.591232,1.28972
9.51018,1.00304,1.23021
9.47685,0.588852,1.17308
9.5435,0.662643,1.03145
9.68394,0.775711,1.04573
9.67085,0.738815,1.05168
9.62563,0.812607,1.04573
9.65419,0.812607,0.901718
9.6042,0.801895,0.944565
9.56969,0.875687,0.992172
9.62444,0.682877,0.84816
9.55302,0.719772,0.841019
9.44234,0.901871,0.98027
9.56493,0.595993,1.07906
9.65657,0.612656,1.17427
9.66847,0.760239,1.22307
9.63634,0.83165,1.60631
9.73512,0.740005,1.92647
9.92079,0.597183,2.43468
10.2255,0.225845,2.67747
10.3433,0.179428,2.93813
10.4635,0.212753,3.49156
10.5802,0.378189,3.54512
10.7623,0.421036,3.72246
10.8349,0.0318451,4.06642
10.6825,-0.125259,4.30565
10.529,0.0366058,4.65675
10.4826,0.0235138,4.65437
10.3885,-0.107407,4.99239
10.3183,-0.362106,5.12807
10.1695,-0.647751,5.26613
10.0279,-0.777481,5.62437
9.79582,-0.501358,5.90407
9.49113,-0.603714,5.87312
9.17573,-0.966721,5.90645
8.77583,-0.866745,6.11711
8.18312,-0.764389,6.17424
7.66539,-0.859604,6.42775
7.23335,-1.03337,6.46227
6.72752,-0.940536,6.65388
6.37642,-0.823898,7.05617
5.95866,-0.826279,7.26564
5.28383,-0.77272,7.34419
4.65184,-1.10835,7.10854
4.24599,-1.09288,7.44655
4.09126,-0.785812,7.94643
3.84251,-0.732254,7.8036
3.13554,-0.710831,7.537
2.33574,-0.90126,7.56914
2.18101,-1.06908,7.97975
2.22029,-1.17143,8.08211
2.05128,-1.0298,8.16304
1.45143,-0.617996,8.12614
0.957504,-0.677505,8.25111
0.909897,-0.96434,8.44392
0.912277,-0.891739,8.6534
0.713516,-0.715591,8.93904
0.457626,-0.716782,9.12114
0.513565,-0.851273,9.44725
0.369553,-1.0179,9.28062
-0.0696259,-0.947678,9.21516
-0.506424,-0.596573,9.18779
-0.837296,-0.359726,9.34013
-0.855148,-0.891739,9.29729
-0.859909,-0.927444,9.08305
-0.975357,-0.647751,9.08305
-1.08009,-0.634659,8.89977
-0.874191,-0.804855,9.33775
-0.531418,-0.895309,9.31752
-0.550461,-0.735825,9.47701
-0.371933,-0.8358,9.48296
-0.435013,-0.922684,9.36156
-0.684952,-0.697739,9.47105
-0.504044,-0.783432,9.77693
-0.238632,-0.853653,9.85667
-0.279099,-0.96315,9.81859
-0.28981,-0.926254,9.97569
-0.250534,-0.904831,9.97569
-0.112473,-0.994095,10.1447
-0.0910492,-1.01076,10.1756
-0.00297546,-0.904831,10.0733
-0.255295,-0.810806,9.89119
-0.302902,-0.885788,9.85905
-0.281479,-0.801285,9.91023
-0.315994,-0.735825,9.88048
-0.394547,-0.709641,9.7686
-0.413589,-0.729874,9.85667
-0.250534,-0.891739,9.99235
-0.194595,-0.791763,9.89
-0.342178,-0.744156,9.9626
-0.242203,-0.933395,10.0007
-0.251724,-1.0298,9.85191
-0.433823,-0.839371,9.89357
-0.524277,-1.01671,9.87691
-0.35289,-0.991715,9.86025
-0.292191,-0.917923,9.84834
-0.412399,-0.926254,9.82811
-0.476669,-0.869125,9.89833
-0.400497,-0.967911,9.87929
-0.412399,-0.940536,9.78764
-0.41716,-1.01552,9.75789
-0.369553,-1.03218,9.84239
-0.421921,-0.797714,10.034
-0.420731,-0.815567,9.85667
-0.323135,-1.16548,9.75075
-0.386215,-1.17143,9.73527
-0.402878,-0.886978,9.84001
-0.382645,-0.831039,9.8531
-0.179123,-0.938156,9.98045
-0.312424,-0.907211,9.84596
-0.456436,-1.00719,9.93166
-0.436203,-1.17262,9.79955
-0.388596,-0.872696,9.87334
-0.490952,-0.656082,9.93761
-0.382645,-0.939346,9.83168
-0.219589,-0.90007,9.99474
-0.257675,-0.988144,9.88048
-0.368362,-0.994095,9.79121
-0.325516,-0.857224,9.87572
-0.317184,-0.888168,9.78645
-0.269577,-0.981003,9.85191
-0.291,-0.931015,9.91142
-0.261246,-0.956009,9.90547
-0.255295,-0.941727,9.88524
-0.375504,-0.919113,9.8662
-0.388596,-1.02623,9.80073
-0.22673,-1.09169,9.84239
-0.256485,-1.00957,9.95903
-0.364792,-1.03099,10.0102
-0.280289,-1.15358,9.93404
-0.219589,-1.11668,9.88405
-0.277908,-1.05717,9.90309
-0.326706,-1.05479,9.83525
-0.367172,-0.952438,9.95427
-0.3517,-1.06432,9.92333
-0.313614,-1.03575,9.9019
-0.379074,-0.994095,9.83406
-0.35051,-1.1631,9.89476
-0.271957,-1.26903,9.86977
-0.332657,-1.03099,10.0542
-0.302902,-1.02147,9.88048
-0.348129,-1.20714,9.8055
-0.342178,-1.25475,9.81026
-0.382645,-1.2119,9.83525
-0.294571,-1.18095,9.83287
-0.319565,-1.17619,9.80669
-0.361221,-1.03813,9.86858
-0.464767,-1.11192,9.78407
-0.421921,-1.18452,9.82692
-0.365982,-0.935776,9.87453
-0.371933,-1.01671,9.84715
-0.362411,-1.3083,9.76741
-0.349319,-1.36543,9.82454
-0.393356,-1.11549,9.84596
-0.348129,-1.04646,9.90785
-0.275528,-1.22499,9.9745
-0.235062,-1.27379,9.95546
-0.348129,-1.14287,9.91023
-0.390976,-1.22023,9.82692
-0.380264,-1.1393,9.88881
-0.321945,-1.09883,9.9269
-0.329086,-1.22261,9.87572
-0.333847,-1.35353,9.76265
-0.320755,-1.16429,9.79836
-0.28743,-1.05598,9.86025
-0.342178,-1.17976,9.81264
-0.327896,-1.19167,9.79002
-0.239822,-1.1024,9.86739
-0.249344,-1.20714,9.92571
-0.238632,-1.20238,9.92571
-0.277908,-1.37852,9.77812
-0.363602,-1.81889,9.50557
-0.381454,-2.18309,9.24492
-0.357651,-2.68178,9.12947
-0.361221,-2.99599,9.05092
-0.370743,-3.25902,8.99141
-0.279099,-4.00645,8.86168
-0.250534,-4.61702,8.5677
-0.28743,-5.3466,8.15471
-0.301712,-6.26543,7.5858
-0.373123,-6.90218,6.65031
-0.493332,-7.52702,6.0576
-0.435013,-8.38396,5.32921
-0.492142,-9.08379,4.43181
-0.61116,-9.73006,3.63557
-0.798019,-10.2133,3.10713
-0.878952,-10.1121,2.57155
-0.905136,-10.1157,2.08952
-1.01939,-10.13,1.87529
-1.1646,-10.0062,1.15285
-1.17055,-9.79076,0.153091
-1.14436,-9.98833,-0.540787
-1.21577,-10.2335,-1.22038
-1.16341,-10.1633,-1.73335
-1.11223,-9.79909,-2.12373
-1.13484,-9.54796,-2.51649
-1.2253,-9.45393,-3.18419
-1.28957,-9.58366,-3.37819
-1.39906,-9.38133,-3.76024
-1.17769,-9.18257,-4.2137
-1.16341,-8.98619,-4.34224
-1.38478,-8.5244,-4.8683
-1.46928,-8.49464,-5.40388
-1.34193,-8.90526,-5.86806
-1.4062,-9.01714,-6.19655
-1.4431,-8.86717,-6.14775
-1.38597,-8.67317,-5.83235
-1.3217,-8.41847,-5.60979
-1.30028,-8.49822,-5.56932
-1.3705,-8.27684,-5.6324
-1.3824,-8.38277,-5.91447
-1.31813,-8.46965,-5.8145
-1.27528,-8.55177,-5.71095
-1.35741,-8.52559,-5.72762
-1.26576,-8.02095,-5.48363
-1.24315,-7.99596,-5.32533
-1.32289,-8.39229,-5.80617
-1.22411,-8.8886,-6.46196
-1.09557,-9.81337,-7.02254
-1.1765,-10.1407,-6.3477
-1.19911,-9.66103,-4.93138
-1.15627,-9.03261,-3.46388
-1.20982,-8.65175,-2.51888
-1.17888,-9.14091,-2.47722
-1.1765,-10.2764,-2.71883
-1.1646,-11.3559,-2.49031
-1.00987,-11.4844,-1.47151
-0.819443,-10.3632,0.0281219
-0.7397,-8.84337,1.50395
-0.690903,-8.70888,2.44658
-0.489761,-9.29564,2.90242
-0.0148773,-9.00285,4.16283
0.0113068,-7.20448,5.79933
-0.110092,-5.25972,7.44655
-0.270767,-4.35756,8.10115
-0.41835,-4.18855,8.24278
-0.367172,-3.63393,8.45702
-0.0113068,-2.45683,9.05687
-0.0363007,-1.42613,9.61269
-0.131516,-0.877457,9.95665
-0.268387,-0.933395,9.51509
-0.444534,-0.502548,9.38417
-0.365982,0.238937,9.64125
-0.260056,0.540054,9.79598
-0.266006,0.44722,10.0316
-0.318375,-0.163345,9.88881
-0.170792,-0.345444,9.72337
0.044632,0.648361,9.89595
0.200546,0.968521,10.1268
0.28743,0.411514,10.2459
0.22197,0.155624,10.2554
-0.0339203,0.538864,10.234
-0.192215,0.528152,10.0269
-0.188644,0.528152,9.84953
-0.245773,0.51268,9.90547
-0.0553436,0.294876,10.015
0.0113068,0.468643,10.2601
0.00535583,0.148483,10.078
0.000595093,0.0735016,9.90666
0.038681,0.0199432,9.86858
-0.0220184,0.227036,9.93285
-0.0993805,0.168716,9.98879
-0.0482025,-0.109787,9.85072
-0.0553436,-0.246658,9.82335
-0.117233,-0.0705109,9.95427
-0.205307,0.178238,9.9626
-0.173172,-0.0550385,9.89952
-0.195786,-0.0633698,9.8055
-0.196976,-0.112167,9.85905
-0.185074,-0.222855,9.77336
-0.186264,-0.403763,9.79359
-0.214828,-0.151443,9.8662
-0.268387,-0.0110016,9.82811
-0.254105,-0.0490875,9.76503
-0.236252,-0.262131,9.75194
-0.199356,-0.32045,9.80669
-0.219589,-0.135971,9.8174
-0.227921,-0.0276642,9.89833
-0.238632,-0.00267029,9.96022
-0.199356,-0.210953,9.91975
-0.176743,-0.401382,9.86144
-0.207687,-0.306168,9.97807
-0.191025,-0.25618,9.79598
-0.193405,-0.125259,9.98521
-0.268387,-0.143112,9.96498
-0.329086,-0.371628,9.80669
-0.186264,-0.466843,9.74361
-0.293381,-0.213333,9.82692
-0.235062,-0.218094,9.96379
-0.193405,-0.234756,9.97212
-0.0565338,-0.353775,9.98283
-0.142227,-0.376389,9.8055
-0.264816,-0.414475,9.77217
-0.15889,-0.601334,9.81383
-0.0839081,-0.372818,10.0269
-0.220779,-0.219284,10.0947
-0.191025,-0.466843,9.85905
-0.202927,-0.608475,9.73409
-0.333847,-0.594193,9.80073
-0.28624,-0.603714,9.92213
-0.205307,-0.407333,10.04
-0.229111,-0.445419,9.92451
-0.220779,-0.560867,9.84834
-0.217209,-0.439468,9.97093
-0.15889,-0.374008,9.97926
-0.187454,-0.415665,9.96617
-0.269577,-0.490646,9.90071
-0.22435,-0.57753,9.95903
-0.227921,-0.623947,9.89238
-0.175552,-0.379959,9.85191
-0.274338,-0.368057,9.88048
-0.231491,-0.464462,9.79716
-0.164841,-0.469223,9.81978
-0.235062,-0.359726,9.83763
-0.257675,-0.291885,9.88881
-0.217209,-0.419235,9.8055
-0.271957,-0.51683,9.78526
-0.249344,-0.795334,9.68886
-0.340988,-1.46779,9.41035
-0.252914,-2.13548,9.18898
-0.151749,-3.02812,9.21278
0.0743866,-3.51372,9.16756
0.146988,-3.57204,9.35204
0.0934296,-3.86244,8.97237
-0.0720062,-4.72414,8.42131
-0.0993805,-6.32256,7.53105
0.141037,-7.45561,6.95024
0.00892639,-7.54964,6.4825
-0.345749,-8.00191,5.72197
-0.273148,-8.85884,5.3542
-0.381454,-8.8398,4.61986
-0.35289,-9.0695,3.85576
-0.500473,-9.42537,3.00121
-0.700424,-9.85503,2.4799
-0.679001,-9.89311,2.16689
-0.696854,-9.3849,1.48729
-0.774216,-9.14806,0.470871
-0.859909,-9.37538,-0.859756
-0.889664,-9.78004,-1.72978
-0.857529,-9.56938,-2.4546
-0.882523,-9.179,-3.27107
-0.907516,-8.85765,-4.22917
-0.950363,-8.8755,-5.03612
-1.06105,-9.06474,-5.53838
-1.02415,-9.04927,-6.10014
-0.856339,-8.79576,-5.99422
-0.882523,-8.22447,-5.99898
-0.93013,-7.64842,-6.00493
-1.10033,-7.45323,-6.44054
-1.02773,-8.05071,-7.05943
-1.1396,-8.0638,-7.66881
-1.07771,-7.77696,-7.37483
-1.24315,-7.72459,-7.55812
-1.14674,-7.88289,-7.91994
-1.15627,-8.03761,-7.83305
-1.09557,-7.64604,-7.22368
-1.1277,-7.53535,-6.8083
-1.1884,-7.71983,-6.91542
-1.05748,-8.35539,-7.15703
-0.92894,-8.70888,-7.29271
-0.839676,-8.89336,-6.72618
-0.889664,-8.96834,-6.07991
-0.883713,-9.18019,-5.46101
-0.909897,-9.62413,-4.4565
-0.853958,-9.66103,-3.50554
-0.655197,-9.40633,-2.36177
-0.630203,-9.17781,-1.56673
-0.699234,-9.52654,-0.960922
-0.73613,-10.0038,-0.258713
-0.654007,-10.0824,0.369705
-0.550461,-9.86931,1.22902
-0.48143,-9.46941,2.35851
-0.575455,-8.77791,3.30708
-0.450485,-8.88265,4.1295
-0.338608,-8.23161,5.00548
-0.268387,-7.68413,5.49702
-0.0803375,-7.32469,6.11711
0.0196381,-6.33803,7.04546
0.0803375,-5.46681,7.97975
0.0779572,-4.41707,8.70933
-0.150558,-4.11595,8.52843
0.156509,-3.16737,8.86525
-0.249344,-2.4247,9.19969
-0.242203,-2.15929,9.37941
0.295761,-2.08788,9.37584
-0.0946198,-0.728684,9.20802
-0.454056,1.26726,9.75194
-0.22316,0.524582,9.89714
0.640915,-0.738205,9.91856
0.765884,-0.847702,10.0935
0.61116,-0.309738,10.2375
0.636154,-0.163345,10.1626
0.67186,-0.45137,10.184
0.442154,-0.566818,10.1887
0.230301,-0.541824,9.97688
0.169601,-0.750107,9.71742
0.212448,-0.557297,9.84596
0.271957,-0.472794,10.0043
0.170792,-0.526352,10.0435
0.258865,-0.820328,10.0138
0.400497,-0.971481,9.93166
0.387405,-0.633469,10.1685
0.375504,-0.666794,10.1971
0.302902,-0.634659,10.1614
0.200546,-0.859604,10.0995
0.336227,-0.936966,10.0519
0.539749,-1.19524,10.0578
0.627823,-1.10954,10.0792
0.621872,-0.928635,10.0066
0.633774,-0.860794,9.79478
0.410019,-1.17976,9.5984
0.530228,-1.1143,9.63292
0.669479,-0.913162,9.77217
0.721848,-0.719162,9.74004
0.556412,-0.562057,9.58174
0.54213,-0.64418,9.48058
0.394547,-0.637039,9.55913
0.229111,-0.653702,9.77455
0.345749,-0.757248,9.94118
0.349319,-0.754868,9.81264
0.28743,-0.70845,9.81621
0.304092,-0.970291,9.92213
0.395737,-1.28926,9.77098
0.364792,-1.10002,9.57936
0.312424,-0.946487,9.64006
0.41478,-1.21547,9.6115
0.629013,-1.01076,9.71266
0.753983,-0.77034,9.69957
0.874191,-0.746536,9.97926
0.778976,-0.939346,10.0471
0.713516,-0.925064,10.0043
0.818253,-0.883408,10.0209
0.969406,-1.01314,9.8412
1.2372,-1.31544,9.58769
1.29433,-1.16667,9.74361
1.09438,-1.12383,9.98045
1.17769,-1.15358,10.0745
1.02534,-1.02028,9.97212
0.93132,-1.0179,9.97569
0.811111,-0.994095,10.034
1.04439,-1.28093,10.0138
1.26338,-1.7213,9.80073
1.33836,-1.77605,9.72575
1.57521,-1.63799,9.71266
1.54189,-1.65703,9.67577
1.38716,-1.88316,9.47105
1.09438,-1.84151,9.29491
1.06105,-1.62489,9.34489
1.00511,-1.12502,9.40678
0.817062,-0.756058,9.59007
0.655197,-1.05241,9.57103
0.897995,-1.65227,9.5258
1.09676,-1.44041,9.75908
0.961075,-1.05956,9.89595
1.14793,-1.11311,10.0626
1.43834,-1.21666,10.1173
1.67995,-1.27379,10.0519
1.68828,-1.40828,9.8781
1.36931,-1.30473,9.85786
1.35622,-1.08931,9.76979
1.27409,-1.14763,9.55437
1.27528,-1.0667,9.61269
1.16103,-1.13692,9.68886
1.15269,-1.12859,9.81145
1.33003,-1.06551,9.84001
1.48119,-1.20833,10.0126
1.48357,-1.21547,9.95784
1.45738,-1.23451,9.7567
1.37407,-1.20238,9.62102
1.21458,-1.32259,9.61507
1.34431,-1.19524,9.75789
1.17174,-1.03218,9.62816
0.946793,-1.06789,9.42464
1.04558,-1.18929,9.44844
1.48476,-0.811996,9.66981
1.77635,-0.124069,9.79121
1.72041,0.89949,9.92333
1.48,0.854263,9.52461
1.45262,0.267502,8.71053
1.85728,1.24583,8.79146
1.99178,3.0811,9.09019
1.95845,4.01421,8.92595
2.06676,4.4998,8.45225
2.45952,4.23201,7.81432
2.85942,5.28889,7.47273
2.87727,6.98491,7.53819
2.67256,7.30864,7.24541
2.64876,7.05751,6.76576
2.40358,7.05989,6.33254
2.47618,7.03133,5.83266
2.62852,7.19795,5.30421
2.35478,7.69069,4.90193
2.21791,7.85731,4.57463
2.30956,7.44551,4.00691
2.52141,7.96681,3.23805
2.36668,8.61189,3.03691
2.40834,8.89278,3.07738
2.39049,8.5869,2.90718
2.36192,8.45241,2.25377
2.43214,8.96062,2.00383
2.31194,8.88444,2.00383
2.24052,8.90349,1.74675
2.08104,8.53572,1.49086
2.21196,8.32982,1.27544
1.96678,8.57381,1.12547
2.01796,8.71782,1.04454
2.15721,8.98204,1.08858
2.1465,9.19984,1.08858
2.1346,9.1451,1.14214
2.231,9.00465,1.11714
2.10246,9.49977,1.22307
2.10841,9.73305,1.43492
2.231,9.23555,1.62297
2.44286,9.29744,2.05977
2.39525,10.121,2.79887
2.33931,10.3757,3.24043
2.50713,8.98561,2.80006
2.82848,8.15486,3.12022
2.59282,8.54643,4.36873
2.48689,8.37148,5.7184
2.59044,7.6288,6.53844
2.50237,5.51979,6.3242
2.47261,3.29771,6.09807
2.88441,2.61812,6.57295
3.14388,3.34651,7.78099
2.73921,3.17036,8.53557
2.48094,3.12038,10.0162
2.88084,2.78831,10.1971
3.15102,2.60503,9.4413
2.83681,2.11229,8.67363
2.46904,0.89473,9.05806
2.68208,-0.294266,9.14851
2.68684,-0.783432,8.54628
2.31551,-1.02028,8.75456
2.33455,-1.33568,9.05568
2.40477,-1.53325,9.16042
2.31075,-1.58086,9.17113
2.25957,-2.27235,8.94856
2.52022,-3.08287,8.83668
2.66066,-3.3709,8.85097
2.4131,-3.10072,8.77122
2.51189,-2.98885,9.41393
2.76421,-2.8615,9.3687
2.42976,-2.79128,8.86049
2.22505,-3.47801,8.86406
2.53331,-4.13499,8.87001
2.57497,-3.59108,8.79146
2.41905,-3.19951,8.62483
2.54759,-3.53276,9.0045
2.66304,-3.62917,9.06639
2.51903,-3.59941,8.92595
2.62614,-3.73509,9.04259
2.72969,-3.61369,9.14494
2.77849,-3.28401,9.32704
2.75945,-2.98408,9.24135
2.69041,-3.07454,9.15328
2.73088,-3.45183,8.99498
2.67256,-3.47206,9.01759
2.62614,-3.1888,9.11757
2.71184,-2.946,9.1497
2.67137,-2.99956,9.13542
2.6071,-3.15428,9.11519
2.66423,-3.20427,9.09496
2.70232,-3.1769,9.08662
2.64638,-3.02574,9.09376
2.68446,-3.11382,9.09615
2.77135,-3.02098,8.98308
2.62614,-3.00075,8.89024
2.59401,-3.19475,8.91762
2.73445,-3.25069,9.00212
2.813,-3.0186,9.03545
2.75945,-2.85793,8.99974
2.76302,-3.0912,9.03426
2.72969,-3.2733,8.91762
2.81062,-3.2245,8.99855
2.79991,-2.946,9.04973
2.72493,-2.97218,9.03545
2.72493,-3.1519,9.00807
2.79158,-3.11858,9.10686
2.7773,-3.04835,9.0414
2.69518,-3.11263,8.96761
2.69994,-3.15666,9.1259
2.83443,-2.97218,9.14375
2.75706,-2.92696,8.97594
2.69756,-3.13643,8.99855
2.74516,-3.09477,9.03307
2.72612,-2.87935,9.0164
2.644,-2.97456,8.94618
2.64638,-3.21022,8.99498
2.79991,-3.0793,9.20802
2.87132,-2.72581,9.17232
2.76064,-2.72105,9.04021
2.63805,-3.08049,9.03188
2.79277,-3.15666,9.05211
2.91179,-2.84126,9.0295
2.84395,-2.90315,8.88072
2.67375,-3.11024,9.02116
2.70708,-3.22212,8.97475
2.85347,-3.07335,8.96284
2.77968,-2.91267,9.09139
2.73207,-2.93886,9.07591
2.76183,-2.9341,9.09615
2.79158,-2.92934,8.98427
2.6916,-3.00194,9.00093
2.70827,-3.22212,9.00926
2.85109,-2.99837,9.16518
2.91893,-2.96385,9.03426
2.85942,-3.1519,9.02473
2.7654,-3.20665,9.0533
2.77135,-3.02574,9.02354
2.77492,-2.92934,9.05449
2.72136,-2.97932,9.03783
2.78801,-2.98885,9.11043
2.74992,-2.93291,8.96284
2.60948,-3.01622,9.114
2.70351,-3.04835,9.13661
2.84276,-2.89244,9.1985
2.86775,-2.80675,9.18779
2.84871,-2.35567,9.22826
2.83681,-2.26997,9.43178
2.75111,-2.24022,9.4175
2.77254,-2.16167,9.46867
2.9463,-2.15691,9.2235
2.82491,-2.32948,8.83311
2.69279,-2.41518,8.8474
2.6916,-1.40828,9.37108
2.86894,-0.316879,9.77812
2.91774,0.231796,9.64601
2.83919,0.660263,9.4294
2.9594,0.76619,9.0652
2.96773,1.74333,9.26158
2.84276,3.35127,9.71385
2.75349,4.09633,9.43059
2.80467,3.45244,8.29515
2.47856,3.41197,7.58699
2.36668,4.75331,7.65602
2.13579,5.97325,7.50963
2.05962,6.11726,6.80742
2.13222,5.79353,6.0695
2.08223,6.36482,5.85527
2.09175,7.23842,5.82314
2.1465,7.83827,5.45894
2.13817,7.95253,4.7722
2.09294,7.96443,4.29137
2.062,7.81804,3.90813
1.84657,8.15843,3.4142
1.60973,8.63213,3.12022
1.67519,8.68568,2.85838
1.82634,8.29054,2.40135
1.55617,8.89754,2.18117
1.49547,9.33076,1.87053
1.73232,8.66307,1.46468
1.87276,8.77019,1.17308
1.60377,9.43669,1.0493
1.43239,9.63902,0.764847
1.46928,9.20698,0.310196
1.54427,9.01656,0.0364532
1.46095,9.27126,0.0709686
1.45381,9.28673,-0.195633
1.46928,9.04512,-0.288467
1.42049,9.16533,-0.315842
1.49071,9.3141,-0.395584
1.63234,9.29268,-0.457474
1.65852,9.4117,-0.387253
1.6002,9.5081,-0.443192
1.51689,9.36052,-0.23967
1.56807,9.35219,-0.452713
1.5038,9.32481,-0.346786
1.51332,9.24626,-0.286087
1.65971,9.08559,-0.402725
1.74303,9.0356,-0.382492
1.67638,9.06773,-0.30751
1.65376,9.12486,-0.183731
1.69899,9.22008,-0.265854
1.52879,9.18913,-0.295609
1.62163,8.99513,-0.228958
1.58592,9.27959,-0.0754242
1.59068,9.41289,0.0662079
1.57283,9.38075,-0.280136
1.66924,8.76067,-0.347977
1.91917,8.68092,-0.061142
1.71684,9.73543,0.479202
1.44429,10.3555,0.672012
1.35979,9.46526,0.00431824
1.66209,8.31078,-0.318222
1.5038,9.20937,0.431595
1.54665,10.2579,1.46825
1.64781,10.703,1.19212
1.50975,8.79756,1.29091
2.00249,6.93254,1.48848
1.90846,8.22032,2.59178
1.674,9.60213,3.36897
1.87871,9.16771,3.73912
1.97987,7.76567,3.94978
2.01796,7.42885,4.14973
1.88823,8.35124,4.60677
1.64424,8.356,5.08046
1.46571,8.49883,6.07069
1.65971,7.80138,5.56963
1.90846,6.30769,5.37205
2.10246,5.90184,5.83147
2.12746,6.57668,6.58723
1.94655,7.10393,6.94191
1.84776,6.59215,6.85979
2.01915,5.58049,6.84431
2.07509,5.89351,7.23351
1.96678,6.06728,7.54652
2.15483,5.55431,7.91905
2.38216,5.36388,7.86549
2.34883,5.43529,7.6834
1.81325,5.08537,7.6703
1.80135,4.39388,8.05473
2.14412,4.32603,8.18208
2.10603,4.3296,8.11305
1.83705,3.64287,8.11186
2.03581,3.16798,8.45106
2.19768,3.87614,8.94975
2.09413,4.04991,8.94023
1.81801,3.22154,8.83549
1.95131,2.44673,8.89381
2.24409,2.59669,9.06163
2.09413,3.18227,9.11638
1.79659,2.91805,9.1985
1.7942,2.61098,9.31633
2.01082,2.44673,9.15447
1.68352,2.03493,8.87358
1.5526,1.57909,9.27348
1.90965,1.41127,9.33299
2.03462,2.03612,9.51866
1.89061,2.34081,9.69362
1.74541,1.92662,9.64006
1.89894,1.47435,9.59007
2.05843,1.03874,9.2473
1.7585,0.828079,9.16042
1.67638,0.850693,9.55794
1.8192,1.06493,9.66981
1.82634,1.08635,9.63292
1.66447,0.538864,9.44011
1.71803,0.373428,9.74599
1.81563,0.909012,9.8293
1.86205,1.09706,9.91856
1.83824,0.670975,9.78288
1.75255,0.482925,9.85429
1.79301,0.44603,9.80073
1.62877,0.174667,9.44249
1.48,-0.224045,9.4901
1.6133,-0.210953,9.48653
1.65495,0.143723,9.69362
1.47881,0.210373,9.696
1.35146,-0.0836029,9.56865
1.34074,-0.202621,9.46867
1.47166,-0.244278,9.45439
1.25029,-0.241898,9.58293
1.16817,-0.237137,9.84715
1.30147,-0.245468,10.009
1.30028,-0.12764,9.95308
1.10985,-0.19072,9.89952
1.14436,-0.420425,9.99593
1.16103,-0.196671,10.0507
1.14436,-0.105026,9.9745
1.34074,-0.404953,9.7567
1.24077,-0.557297,9.69124
1.18959,-0.390671,9.7924
1.12056,-0.310928,9.71504
1.00154,-0.38829,9.77336
0.921799,-0.527542,9.80788
0.956314,-0.197861,10.0138
1.14674,0.178238,10.078
1.19673,0.104446,10.0197
1.1765,-0.183578,9.9864
1.15627,-0.396622,9.66029
1.00749,-0.397812,9.35204
0.838486,-0.612045,9.19612
0.393356,-0.19072,9.48772
0.471909,0.0627899,9.81026
0.617111,0.242508,9.87215
0.584976,0.0354156,9.74718
0.561172,-0.534683,9.58174
0.596878,-0.545395,9.74599
0.587357,-0.315689,9.78407
0.594498,-0.357346,9.88762
0.740891,-0.272842,9.89238
0.494522,-0.213333,9.81264
0.22435,-0.402573,9.7448
0.244583,-0.83342,9.51033
0.559982,-0.865555,9.64006
0.842056,-0.532303,9.79121
0.712326,-0.187149,9.84358
0.558792,-0.329971,9.68172
0.60878,-0.543014,9.5627
0.751602,-0.583481,9.7079
0.724228,-0.218094,9.8531
0.639725,-0.25737,9.92451
0.617111,-0.601334,9.85786
0.890854,-0.883408,9.75194
1.00749,-0.802475,9.9507
0.896805,-0.498978,10.103
0.826584,-0.427567,10.0864
0.832535,-0.473984,9.96855
0.925369,-0.570389,9.81978
0.926559,-0.401382,9.6234
0.832535,-0.437088,9.61507
0.846817,-0.414475,9.76384
0.921799,-0.573959,9.87929
0.86586,-0.825089,9.85548
0.694473,-1.12263,9.71861
0.515945,-0.925064,9.98521
0.456436,-0.521591,10.234
0.440964,-0.241898,10.2804
0.490952,-0.090744,10.3923
0.648056,-0.0871735,10.3566
0.794449,-0.268082,10.0566
0.851578,-0.351395,9.88405
0.777786,-0.327591,9.83763
0.659958,-0.212143,9.74123
0.527847,-0.13002,9.5627
0.580215,-0.527542,9.48177
0.727798,-0.495407,9.58174
0.701614,-0.293076,9.63768
0.598068,-0.224045,9.86025
0.824203,-0.197861,9.99235
1.0789,-0.370438,9.93047
1.12413,-0.431137,9.60078
1.11937,-0.275223,9.64244
1.10866,-0.0181427,9.67339
0.997971,0.168716,9.68767
0.871811,0.0413666,9.71385
0.832535,-0.164536,9.58174
0.748032,-0.347824,9.41512
0.790878,-0.271652,9.65791
0.778976,-0.0240936,9.89714
0.838486,0.0187531,10.0792
0.911087,0.0592194,10.2066
0.977737,-0.109787,10.0138
0.93132,-0.234756,10.0185
0.93132,-0.175247,10.0352
0.952744,-0.0419464,10.1161
0.905136,-0.0407562,9.96974
0.92894,-0.200241,9.9019
0.944412,-0.124069,9.85786
1.02058,0.0544586,9.93047
1.11104,0.244888,9.88881
1.09557,0.19252,9.75908
