1.90965,0.531723,9.72575
1.91917,0.531723,9.69005
1.84776,0.57457,9.69957
1.80254,0.598373,9.64006
1.75969,0.57695,9.57103
1.74303,0.565048,9.61626
1.77635,0.553146,9.6472
1.79539,0.543625,9.69957
1.79778,0.517441,9.61864
1.76683,0.467453,9.6115
1.77159,0.455551,9.64482
1.74541,0.517441,9.69719
1.75017,0.51268,9.72099
1.75017,0.503159,9.67815
1.77397,0.503159,9.56627
1.77635,0.498398,9.65672
1.82872,0.500778,9.671
1.84538,0.5103,9.64958
1.82634,0.517441,9.72813
1.78825,0.503159,9.71385
1.70494,0.584091,9.57817
1.73589,0.665024,9.59959
1.70732,0.622177,9.64244
1.75969,0.63884,9.62102
1.77873,0.667404,9.80431
1.78825,0.591232,9.70909
1.83824,0.57695,9.72813
1.80016,0.581711,9.76622
1.8549,0.586472,9.72813
1.8192,0.567429,9.80431
1.74779,0.617416,9.70671
1.71208,0.657883,9.70195
1.74303,0.484116,9.60912
1.74779,0.360336,9.58531
1.73112,0.426987,9.59007
1.71684,0.498398,9.62578
1.71684,0.617416,9.57341
1.63353,0.617416,9.44963
1.69066,0.557907,9.5258
1.73827,0.548386,9.60197
1.72636,0.517441,9.63054
1.76683,0.44841,9.70671
1.74779,0.476975,9.54246
1.67638,0.45079,9.57579
1.68352,0.38414,9.57817
1.77397,0.355576,9.5377
1.81206,0.281784,9.66148
1.90727,0.219894,9.61864
1.87395,0.25798,9.54961
1.80492,0.346054,9.56865
1.84062,0.307968,9.55199
1.82396,0.298447,9.59245
1.85252,0.162766,9.60912
1.85252,0.158005,9.56865
1.81444,0.158005,9.72337
1.91679,0.162766,9.83049
1.96916,0.174667,9.88762
2.01677,0.338913,9.78288
1.93108,0.391281,9.64006
1.8192,0.467453,9.57579
2.13817,0.379379,9.81859
2.14531,0.38414,10.0804
2.27861,0.279404,10.0852
2.3286,0.272263,10.0447
2.28813,0.360336,10.0733
2.24052,0.415085,10.0376
2.20958,0.31749,10.09
2.21672,0.172287,10.1828
2.28813,0.12706,10.1828
2.29527,0.315109,10.1994
2.07866,0.500778,9.59483
2.04295,0.500778,9.66386
2.18578,0.479355,9.79716
2.2429,0.329391,9.84239
2.33812,0.088974,9.73052
2.28099,0.174667,9.58531
2.12389,0.438889,9.56389
2.00487,0.679306,9.48534
1.95012,0.905441,9.49724
1.87871,0.795944,9.34489
2.52141,0.51506,9.55913
2.4976,0.536484,9.70195
2.54045,0.476975,9.89
2.62852,0.267502,9.99235
2.60234,0.196091,9.90428
2.57616,0.0984955,9.89714
2.50951,0.100876,9.82097
2.39049,0.169907,9.671
2.18816,0.2556,9.55437
2.07152,0.312729,9.5258
1.74779,0.662643,9.55675
1.80016,0.679306,9.65196
1.93346,0.829269,9.64482
2.03819,0.936386,9.84953
2.02391,1.02446,9.91142
1.92632,0.969711,9.93999
1.89537,0.953049,10.0638
2.10722,0.774521,10.0661
2.29289,0.684067,10.009
2.22386,0.636459,9.95665
1.39549,0.695969,9.83049
1.40025,0.760239,9.79002
1.49547,0.814987,9.83525
1.56688,0.817368,9.77574
1.6002,0.793564,9.7567
1.63353,0.764999,9.82097
1.65495,0.810226,9.78526
1.67162,0.710251,9.73052
1.59544,0.764999,9.55913
1.50023,0.698349,9.50676
1.45024,0.529343,9.56151
1.40025,0.548386,9.53056
1.42882,0.653122,9.48296
1.48595,0.795944,9.55199
1.51689,0.867355,9.54961
1.65019,0.750717,9.70433
1.8549,0.562668,9.66624
1.85014,0.481735,9.65434
1.85966,0.415085,9.64958
1.91203,0.403183,9.7805
1.95012,0.505539,9.47105
1.92393,0.44841,9.42821
1.82158,0.412704,9.39012
1.78825,0.441269,9.34966
1.76921,0.443649,9.28062
1.80016,0.500778,9.2473
1.75969,0.607895,9.30205
1.71922,0.679306,9.29967
1.56212,0.826889,9.24254
1.52641,0.70311,9.24968
1.75969,0.217514,9.82573
1.75731,0.19371,9.83763
1.78349,0.0937347,9.85429
1.76445,-0.039566,9.85429
1.63829,-0.137161,9.80907
1.5645,-0.110977,9.76622
1.43596,0.174667,9.59483
1.44548,0.2556,9.7924
1.47881,0.25322,9.81859
1.41216,0.419846,9.72813
1.52879,-0.103836,9.92808
1.54308,-0.19429,9.9019
1.61211,-0.222855,9.9019
1.55974,-0.172867,9.89476
1.51451,-0.337112,9.84953
1.48595,-0.349014,9.85429
1.48119,-0.349014,9.75908
1.51451,-0.125259,9.77098
1.52403,0.112778,9.85667
1.5764,0.136581,10.0828
1.59068,0.119919,9.71623
1.42882,0.205612,9.6353
1.38121,0.143723,9.48296
1.33836,0.0937347,9.45915
1.36931,0.155624,9.43059
1.44072,0.12706,9.36156
1.52641,0.00328064,9.26634
1.50975,0.0270844,9.14256
1.42168,0.0318451,9.13542
1.34789,-0.00624084,9.19255
1.36931,0.488876,9.88286
1.30742,0.57457,9.81859
1.40501,0.588852,9.67339
1.53593,0.519821,9.65196
1.5883,0.398422,9.67577
1.60497,0.424606,9.671
1.64305,0.588852,9.65434
1.64067,0.560288,9.70433
1.68352,0.443649,9.54008
1.63829,0.45079,9.48772
0.936081,0.712631,9.37822
0.828964,0.681686,9.35442
0.809921,0.526962,9.35204
0.871811,0.431747,9.33061
1.02892,0.18895,9.4044
1.07652,-0.0443268,9.52818
1.20982,-0.0538483,9.66148
1.33122,-0.0538483,9.72337
1.35503,-0.0490875,9.75194
1.37645,0.0175629,9.89714
1.46214,0.18895,9.89952
1.48119,0.405563,9.9019
1.62639,0.431747,10.0281
1.61925,0.505539,10.0614
1.67162,0.476975,10.1709
1.58592,0.441269,10.1614
1.57878,0.32225,10.1756
1.61449,0.307968,10.159
1.60258,0.248459,10.0447
1.59782,0.165146,10.0162
1.31932,0.774521,9.5139
1.27171,0.653122,9.5139
1.34074,0.548386,9.39726
1.32884,0.391281,9.28777
1.37883,0.31987,9.28062
1.37645,0.246078,9.29253
1.37645,0.31749,9.3925
1.32408,0.438889,9.38298
1.40501,0.488876,9.41631
1.39549,0.491257,9.39964
1.39073,0.281784,9.80193
1.35741,0.2556,9.84715
1.30266,0.2556,9.90666
1.25029,0.303207,9.87334
1.26219,0.281784,9.85191
1.34074,0.205612,9.77812
1.3098,0.217514,9.88762
1.35503,0.174667,9.85191
1.42882,0.198471,9.81383
1.4312,0.269882,9.7448
1.3098,0.260361,9.77812
1.35741,0.327011,9.77098
1.37645,0.469833,9.81859
1.32884,0.507919,9.7924
1.26933,0.522202,9.76622
1.28838,0.443649,9.7686
1.28123,0.227036,9.60674
1.26695,0.0913544,9.69243
1.26219,0.0937347,9.69481
1.24553,0.203232,9.71861
1.49309,0.350815,9.72099
1.52641,0.305588,9.6472
1.51927,0.31987,9.66148
1.50261,0.334152,9.59721
1.48119,0.38414,9.61388
1.44786,0.491257,9.57341
1.39549,0.462692,9.59483
1.4431,0.493637,9.62102
1.39311,0.434128,9.64958
1.35979,0.410324,9.64006
1.59068,0.412704,9.93285
1.60735,0.291306,9.93285
1.63829,0.131821,9.9995
1.66924,0.0865936,9.99474
1.65971,0.227036,10.1019
1.62877,0.329391,10.0733
1.57402,0.286545,9.98045
1.49785,0.186569,9.98283
1.5883,0.12706,9.9138
1.59544,0.210373,9.93761
1.2979,0.343674,8.97118
1.38359,0.291306,8.80217
1.33122,0.181808,8.70458
1.3217,0.0342255,8.58794
1.30028,0.0389862,8.54985
1.33598,0.0746918,8.53795
1.32884,0.0961151,8.47606
1.42882,-0.110977,8.40703
1.42644,-0.232376,8.46654
1.52403,-0.377579,8.52843
2.12627,-1.7939,8.68791
2.25481,-2.07954,8.70933
2.3643,-2.34377,8.75932
2.57854,-2.38899,8.92595
2.59996,-2.2057,9.04973
2.68803,-2.2057,9.43059
2.79039,-2.16762,9.44725
2.88084,-2.32472,9.3925
3.06889,-2.49849,9.21635
3.19743,-2.73415,9.03307
4.68278,-2.11763,10.6708
4.73515,-1.84627,10.885
4.71373,-1.59633,10.8231
4.79942,-1.87245,10.7779
5.07317,-2.33186,10.766
5.30882,-2.39851,10.8445
5.66588,-1.75105,11.4349
5.69444,-0.648941,11.6658
5.74443,-0.00386047,11.8919
5.59685,0.38176,11.6158
5.70634,0.795944,11.0016
5.7849,1.69334,11.2373
5.8206,2.11705,11.3539
5.75395,2.52171,11.2373
5.59685,2.57408,11.0588
5.29454,2.03374,10.6612
5.13982,1.53624,10.7231
5.09221,1.77666,10.716
5.12791,2.18846,10.8707
5.13982,2.71214,11.0016
3.06889,2.85497,10.078
2.78325,2.49791,9.82097
2.73802,2.1956,9.74004
2.78325,2.18846,9.70433
2.70232,2.15514,9.46391
2.58806,1.93138,9.30919
2.53331,1.70525,9.12352
2.41905,1.92186,9.03069
2.38335,2.22655,8.99974
2.29765,2.8383,9.04259
0.331467,2.50505,7.80003
0.893234,2.29558,7.67625
-0.0279694,2.76451,7.91667
-0.187454,2.99779,7.95476
-0.166031,3.07396,8.00236
-0.244583,3.12395,8.03331
-0.356461,2.73833,8.06663
-0.41835,2.15752,7.99046
-0.41835,1.6981,7.87621
-0.423111,1.6624,7.78099
-1.84895,1.45531,6.92882
-2.27028,1.49101,6.85027
-2.54164,1.56242,6.90977
-2.45119,1.97661,6.86693
-2.22029,2.12895,6.91454
-1.91798,2.26939,6.81456
-1.84181,2.2075,6.73839
-2.04652,1.89568,6.58604
-2.34645,1.53624,6.55986
-2.5583,1.14348,6.52892
-2.10127,0.83165,7.4287
-2.35835,0.324631,7.3192
-2.62257,-0.0490875,7.42155
-2.68208,-0.149063,7.52629
-2.17506,-0.19429,7.8286
-1.60377,-0.532303,8.05473
-1.16341,-1.17024,7.80955
-1.25148,-2.13667,7.71672
-1.78468,-2.75557,7.45964
-2.43929,-3.01265,7.38109
-1.22054,-2.07716,9.42583
-1.06105,-2.13667,9.42821
-1.1039,-2.11287,9.20445
-1.05629,-2.01765,9.36156
-1.35622,-1.94862,9.39726
-1.90132,-1.76057,9.49486
-1.97035,-1.44637,9.70195
-1.43953,-1.59395,10.1233
-0.970596,-1.65822,10.0804
-0.922989,-2.15572,10.0019
-0.356461,-3.39589,11.5491
-0.327896,-3.39827,11.7086
-0.154129,-2.90553,11.8229
0.0482025,-2.23427,12.149
0.0529633,-1.92006,12.368
0.0243988,-2.03908,12.2775
0.0862885,-2.26283,12.0157
0.22673,-2.21761,11.9038
0.559982,-1.86531,12.0799
0.712326,-1.27498,12.287
1.01463,-0.682266,11.6062
1.19078,-0.658462,11.442
1.41692,-0.677505,11.3634
1.39787,-0.844131,11.1754
1.30266,-0.929825,11.123
1.27647,-1.006,10.9921
1.30742,-1.05122,10.8945
1.37883,-1.09645,10.7088
1.39787,-0.670364,10.6969
1.35265,-0.115738,10.7184
1.42406,-0.0514679,10.0447
1.39549,0.069931,9.93047
1.36217,-0.0514679,9.87096
1.26933,-0.453751,9.70909
1.22649,-0.936966,9.54246
1.22411,-1.09407,9.52342
1.18126,-0.801285,9.55437
1.15746,-0.503738,9.61626
1.08128,-0.368057,9.6353
0.957504,-0.291885,9.6234
0.905136,-0.913162,9.71385
1.01939,-0.994095,9.78288
1.08842,-1.19881,9.72575
1.0551,-1.35591,9.65434
1.04082,-1.34163,9.66148
1.04082,-1.32259,9.66624
1.01463,-1.23451,9.72099
1.03606,-1.01076,9.7924
1.09319,-0.829849,9.76622
1.19078,-0.646561,9.95903
0.812302,-1.00838,9.76622
0.871811,-0.936966,9.80669
0.943222,-1.10835,9.85191
1.02415,-1.12502,9.77812
1.03844,-1.09645,9.86382
1.01463,-1.0179,9.8781
1.0789,-1.10359,9.98045
1.08128,-1.11549,9.8781
1.04558,-1.04646,9.89476
0.971786,-0.96315,9.94475
0.843246,-1.02266,9.75432
0.807541,-1.11311,9.79002
0.769455,-1.15596,9.72575
0.790878,-1.14168,9.80193
0.748032,-1.31544,9.81383
0.783737,-1.48921,9.74004
0.848007,-1.56062,9.70433
0.871811,-1.41066,9.84239
0.874191,-1.08217,9.91142
0.843246,-0.875076,9.97569
0.807541,-0.989334,9.97807
0.702805,-1.0536,9.8662
0.650436,-1.11787,9.82097
0.617111,-1.10597,9.79716
0.659958,-1.07265,9.80193
0.695663,-1.16548,9.75432
0.752792,-1.22499,9.82811
0.762314,-1.07503,9.83525
0.767075,-1.03456,9.93285
0.752792,-0.991715,9.89238
0.795639,-1.05836,9.95665
0.809921,-1.05836,9.89952
0.80278,-1.11073,9.90428
0.8004,-1.03932,9.85429
0.752792,-1.06075,9.88524
0.659958,-1.03932,9.85905
0.759934,-1.15358,9.78764
0.798019,-1.14882,9.71861
0.883713,-1.08931,9.82573
0.809921,-0.958389,9.83287
0.926559,-1.06075,9.92333
0.888474,-1.08217,9.84715
0.936081,-1.08455,9.86858
0.869431,-1.03218,9.87572
0.921799,-1.04884,9.94951
0.905136,-1.06551,9.99712
0.917038,-1.03932,9.85429
0.92894,-1.06789,9.83763
0.838486,-1.1393,9.79716
0.767075,-1.24641,9.7924
0.707565,-1.04408,9.85905
0.67186,-1.0298,9.79716
0.719467,-1.09407,9.83287
0.769455,-1.19643,9.79716
0.80516,-1.16072,9.77812
0.752792,-1.11073,9.91618
0.717087,-1.0179,9.9019
0.700424,-1.01552,9.71147
0.776596,-1.08931,9.85905
0.845627,-1.10835,9.83287
0.769455,-0.848892,9.73052
0.67662,-0.803665,9.89238
0.669479,-0.739395,9.84239
0.698044,-0.808426,9.81859
0.598068,-0.925064,9.84953
0.590927,-0.906021,9.76384
0.602829,-0.958389,9.80669
0.617111,-1.04646,9.77812
0.507614,-0.996475,9.63768
0.54332,-0.996475,9.73527
0.707565,-0.989334,9.90666
0.688522,-1.00362,9.95665
0.690903,-1.05598,9.88524
0.788498,-1.06551,9.92333
0.788498,-1.02028,9.95903
0.73613,-0.998856,9.96855
0.60759,-1.14644,9.89
0.576645,-1.16548,9.92808
0.583786,-1.0536,9.91856
0.595688,-0.944107,9.90904
0.505234,-1.06551,9.66624
0.536179,-1.02028,9.69957
0.61235,-0.89888,9.73289
0.686142,-0.820328,9.83049
0.693283,-0.839371,9.70433
0.752792,-1.02266,9.68767
0.731369,-1.12502,9.75908
0.740891,-1.0417,9.78288
0.819443,-0.903641,9.83763
0.836105,-0.879837,9.80907
0.495712,-0.663223,10.059
0.524277,-0.806046,10.0304
0.598068,-0.932205,9.99474
0.67186,-1.06551,10.009
0.667099,-0.991715,10.0519
0.679001,-0.851273,10.1209
0.643295,-0.791763,10.078
0.598068,-0.763199,10.0066
0.619492,-0.765579,10.0828
0.581406,-0.789383,10.059
0.41716,-0.70607,9.85191
0.398117,-0.727493,9.93285
0.407639,-0.851273,9.91856
0.41478,-0.948868,9.93285
0.369553,-0.967911,9.83525
0.360031,-0.977432,9.88524
0.35527,-0.948868,9.82573
0.35527,-0.806046,9.86382
0.293381,-0.765579,9.86858
0.274338,-0.808426,9.9138
0.28624,-0.944107,9.76146
0.329086,-0.90126,9.81859
0.376694,-0.794144,9.89714
0.331467,-0.775101,9.94237
0.35051,-0.848892,9.92571
0.364792,-0.839371,9.82811
0.362411,-0.820328,9.86144
0.376694,-0.715591,9.83763
0.421921,-0.760818,9.83287
0.405258,-0.810806,9.86144
0.509995,-0.70369,10.0281
0.471909,-0.665604,10.0376
0.569504,-0.606094,10.0114
0.557602,-0.57515,10.059
0.559982,-0.537064,10.0281
0.514755,-0.625137,9.96855
0.505234,-0.491837,9.94237
0.533798,-0.465652,10.0257
0.445725,-0.527542,9.97331
0.336227,-0.620377,9.90904
0.243393,-0.882217,9.86858
0.22435,-0.784622,9.91618
0.16008,-0.739395,9.95665
0.152939,-0.77034,9.88048
0.164841,-0.753677,9.94713
0.155319,-0.667984,10.0257
0.22435,-0.587051,10.0447
0.214828,-0.568008,10.0828
0.205307,-0.582291,9.97093
0.183884,-0.648941,10.0209
0.198166,-0.57515,9.92571
0.238632,-0.534683,9.8781
0.219589,-0.57991,9.7805
0.195786,-0.539444,9.87572
0.207687,-0.503738,9.91142
0.238632,-0.632278,9.86382
0.217209,-0.725113,9.77336
0.293381,-0.632278,9.7567
0.333847,-0.51088,9.79478
0.219589,-0.441849,9.77574
0.191025,-0.310928,9.79716
0.0886688,-0.38472,9.83763
0.0886688,-0.444229,9.70909
0.0339203,-0.556107,9.80193
0.0101166,-0.594193,9.89238
0.0482025,-0.582291,9.85905
0.0624847,-0.520401,9.93523
0.131516,-0.522781,9.87096
0.148178,-0.439468,9.97807
0.150558,-0.418045,10.0352
0.205307,-0.589432,10.0566
0.252914,-0.627518,9.96855
0.205307,-0.715591,9.93523
0.205307,-0.696548,9.96379
0.205307,-0.57753,9.92094
0.181503,-0.546585,9.84715
0.179123,-0.477554,9.78526
0.148178,-0.422806,9.87096
0.0791473,-0.391861,9.77336
0.0458221,-0.463272,9.65434
0.326706,-0.594193,9.77336
0.279099,-0.491837,9.90666
0.340988,-0.525162,9.89
0.324326,-0.587051,9.97331
0.269577,-0.472794,9.92094
0.295761,-0.446609,9.9995
0.338608,-0.558487,9.99474
0.405258,-0.582291,10.0114
0.305283,-0.487076,9.95427
0.298141,-0.51088,10.0352
0.255295,-0.218094,9.95903
0.302902,-0.175247,9.88762
0.310043,-0.196671,9.78288
0.333847,-0.396622,9.73052
0.398117,-0.658462,9.52342
0.448105,-0.732254,9.41631
0.509995,-0.610855,9.39726
0.533798,-0.403763,9.29967
0.569504,-0.382339,9.12352
0.574264,-0.439468,9.01164
0.938461,0.57933,7.34062
1.08128,0.488876,7.33586
1.27409,0.38176,7.34062
1.58116,0.403183,7.27635
1.86681,0.243698,7.31682
2.27385,0.00328064,7.35966
2.62614,-0.210953,7.50249
2.94511,-0.475174,7.62389
3.15697,-0.651321,7.51677
3.22124,-0.663223,7.37633
4.68517,-0.0633698,7.71434
4.99461,0.184189,8.00236
5.27788,0.462692,8.15947
5.59447,0.619797,8.27849
5.98961,0.379379,8.30229
6.25145,-0.0800324,8.26183
6.39427,-0.632278,8.13805
6.48949,-0.796524,7.87144
6.35381,-0.808426,7.73814
6.36809,-0.77272,7.73814
8.46281,0.0556488,6.48845
8.31999,-0.134781,6.57652
8.43425,-0.168106,6.52653
8.58659,-0.137161,6.23375
8.89366,-0.358536,6.15996
9.24358,-0.568008,6.00047
9.43639,-0.518021,5.80528
9.73155,-0.518021,5.87669
9.82915,-0.0300446,5.91002
9.86009,0.557907,5.87907
10.2909,-0.948868,3.52251
10.2719,-0.879837,3.38921
10.3171,-0.665604,3.43919
10.2743,-0.415665,3.33684
10.1481,0.0270844,3.09166
9.98863,0.262741,2.86552
9.94341,0.391281,2.67509
9.89104,0.584091,2.54179
9.8958,0.338913,2.39897
9.96245,0.00328064,2.28709
10.1457,0.441269,1.88481
10.1148,0.362717,1.86577
9.94579,0.605514,1.71819
9.94579,0.786423,1.79912
9.91722,0.884018,1.68248
9.81963,1.00066,1.65868
9.82201,0.850693,1.67058
9.78154,0.669785,1.69914
9.8101,0.64122,1.67296
9.78868,0.881638,1.68248
10.022,-0.0371857,1.60869
10.0553,-0.141922,1.65153
9.95055,0.136581,1.75865
9.95293,0.507919,1.9705
9.92674,0.717392,1.84435
9.94102,0.674545,1.92052
9.92436,0.519821,1.83482
9.7863,0.531723,1.96098
9.68156,0.338913,2.15379
9.79344,0.417465,2.11809
10.0791,0.305588,2.94408
10.1243,0.291306,2.9893
10.1243,0.158005,3.17497
10.1505,-0.0728912,3.28685
10.2362,-0.0181427,3.42967
10.3623,0.174667,3.67961
10.4837,0.365097,3.93669
10.4814,0.231796,3.89622
10.3695,-0.0633698,3.97478
10.3338,-0.232376,4.00334
9.55779,-0.722733,5.11498
9.47685,-0.529922,5.38396
9.39116,-0.441849,5.67674
9.23882,-0.498978,5.69341
9.06743,-0.744156,5.78624
8.76512,-1.06313,5.7672
8.50804,-1.18214,5.76006
8.20573,-1.26784,6.0338
8.00578,-1.16786,6.31944
7.88438,-0.932205,6.48369
5.86345,-1.19405,7.50487
5.71111,-1.22499,7.63341
5.39928,-1.26784,7.55248
5.0327,-1.42018,7.59056
4.6804,-1.36305,7.70482
4.43047,-1.23927,7.97142
4.33049,-1.23451,8.18565
4.39476,-1.30354,8.02379
4.28288,-1.25594,7.95952
4.0258,-1.08931,7.90477
2.01439,-0.908401,8.6403
1.88347,-0.972672,8.79741
1.79539,-0.944107,8.69267
1.52165,-0.860794,8.72838
1.25981,-0.687027,8.75456
1.14079,-0.489456,8.87834
0.917038,-0.503738,8.77599
0.855148,-0.587051,8.96404
0.767075,-0.860794,8.89738
0.750412,-1.15596,8.74028
-0.404068,-1.44875,8.71648
-0.706375,-1.1512,8.59032
-0.661148,-0.70845,8.84264
-0.753983,-0.434708,8.79979
-0.922989,-0.25618,8.79741
-1.092,-0.289505,8.78075
-1.13722,-0.282364,8.67125
-1.28242,-0.408524,8.4832
-1.34908,-0.646561,8.35228
-1.34431,-0.820328,8.4832
-0.627823,-1.10835,9.29967
-0.651627,-0.882217,9.40916
-0.570694,-0.679886,9.70195
-0.475479,-0.477554,9.80431
-0.470718,-0.463272,9.72099
-0.661148,-0.468033,9.79955
-0.637344,-0.601334,9.79002
-0.623062,-0.782242,9.84001
-0.468338,-1.05122,9.79955
-0.41597,-1.2607,9.83525
-0.285049,-0.801285,10.0947
-0.201736,-0.70369,10.0923
-0.242203,-0.603714,10.1899
-0.28981,-0.57753,10.1852
-0.327896,-0.6418,10.0995
-0.392166,-0.689407,9.98997
-0.411209,-0.672745,10.0162
-0.449295,-0.6418,9.89
-0.394547,-0.763199,10.0019
-0.339798,-0.789383,10.0281
-0.320755,-0.83223,9.97569
-0.280289,-0.76796,9.94475
-0.275528,-0.606094,10.078
-0.261246,-0.472794,10.0423
-0.327896,-0.482315,9.96141
-0.382645,-0.625137,9.90904
-0.396927,-0.798904,9.95427
-0.323135,-0.817947,9.87096
-0.230301,-0.741776,9.95665
-0.270767,-0.677505,9.74242
-0.377884,-0.687027,9.83525
-0.385025,-0.656082,9.88286
-0.435013,-0.610855,9.85905
-0.389786,-0.648941,9.98283
-0.365982,-0.637039,9.97569
-0.377884,-0.796524,9.90428
-0.489761,-0.944107,9.83287
-0.499283,-0.891739,9.90428
-0.408829,-0.798904,9.94475
-0.342178,-0.627518,9.96141
-0.430252,-0.796524,9.93285
-0.35408,-0.83223,9.88048
-0.28981,-0.989334,9.86382
-0.318375,-1.03456,9.83287
-0.394547,-0.872696,9.76146
-0.48024,-0.682266,9.82335
-0.363602,-0.6418,9.92094
-0.299332,-0.615616,9.99474
-0.311234,-0.6418,9.95665
-0.320755,-0.727493,9.93761
-0.166031,-0.741776,9.91618
-0.208878,-0.737015,9.89476
-0.311234,-0.791763,9.87334
-0.308853,-0.806046,9.84477
-0.296951,-0.698929,9.73766
-0.273148,-0.627518,9.81859
-0.311234,-0.620377,9.70195
-0.294571,-0.632278,9.71385
-0.254105,-0.741776,9.73527
-0.22316,-0.820328,9.7686
0.0172577,-0.725113,9.9876
0.0315399,-0.63942,10.0352
-0.00416565,-0.572769,10.0733
0.0267792,-0.568008,10.0828
0.0243988,-0.596573,9.97093
-0.0232086,-0.64418,10.0542
0.0220184,-0.64418,10.0328
0.00535583,-0.70369,10.0542
-0.106522,-0.744156,10.0066
-0.101761,-0.794144,10.0376
-0.194595,-0.889359,9.97331
-0.230301,-0.729874,9.95189
-0.246964,-0.679886,10.0423
-0.280289,-0.729874,9.91618
-0.370743,-0.801285,9.87334
-0.349319,-0.760818,9.80193
-0.361221,-0.863174,9.86382
-0.306473,-0.972672,9.85905
-0.296951,-1.06789,9.8662
-0.242203,-1.04884,9.84001
-0.256485,-0.76796,9.7567
-0.280289,-0.760818,9.85905
-0.261246,-0.751297,9.84953
-0.273148,-0.720352,9.91142
-0.249344,-0.775101,9.84715
-0.199356,-0.925064,9.82811
-0.273148,-0.953629,9.76146
-0.313614,-0.827469,9.68529
-0.311234,-0.810806,9.81621
-0.296951,-0.910782,9.79955
-0.0755768,-0.925064,9.97093
-0.104141,-0.779861,9.98997
-0.0850983,-0.684647,10.0995
-0.0303497,-0.679886,9.9995
-0.0398712,-0.775101,9.92808
-0.0303497,-0.810806,10.0519
0.0267792,-0.877457,10.0566
-0.0398712,-0.83461,10.0709
-0.0398712,-0.748917,9.97807
0.0124969,-0.656082,10.009
-0.227921,-0.717972,9.89476
-0.220779,-0.687027,9.89952
-0.332657,-0.798904,9.88524
-0.313614,-0.820328,9.78526
-0.315994,-0.917923,9.81621
-0.206497,-0.917923,9.84953
-0.177933,-0.884598,9.93761
-0.156509,-0.77272,9.90666
-0.213638,-0.720352,9.86144
-0.218399,-0.787003,9.84953
-0.308853,-0.929825,9.8781
-0.325516,-0.894119,9.83287
-0.235062,-0.853653,9.87096
-0.168411,-0.741776,9.86144
-0.154129,-0.806046,10.0209
-0.180313,-0.856033,10.0638
-0.180313,-0.820328,10.0209
-0.0684357,-0.882217,10.1114
-0.070816,-0.946487,10.0423
-0.170792,-0.979813,9.96141
-0.318375,-1.09883,9.90666
-0.211258,-0.972672,10.009
-0.208878,-0.791763,10.0376
-0.213638,-0.70845,9.94713
-0.242203,-0.672745,9.81621
-0.273148,-0.694168,9.78288
-0.242203,-0.70369,9.88524
-0.187454,-0.696548,9.89714
-0.111282,-0.77034,9.88762
-0.0874786,-0.722733,9.83049
0.105331,-0.83223,9.86144
-0.00178528,-0.801285,9.84715
-0.0279694,-0.76796,9.84715
0.0363007,-0.725113,9.85191
0.0601044,-0.727493,9.80907
0.110092,-0.648941,9.77098
-0.025589,-0.660843,9.83049
-0.0803375,-0.634659,9.69481
-0.0660553,-0.601334,9.82335
0.0862885,-0.651321,9.84239
0.0291595,-0.784622,9.83525
0.0672455,-0.739395,9.84477
0.0839081,-0.744156,9.93285
0.0529633,-0.689407,9.89952
0.038681,-0.713211,9.90904
0.0101166,-0.663223,9.93047
0.0243988,-0.675125,9.89
0.0482025,-0.665604,9.89714
0.0886688,-0.6418,9.90904
0.0696259,-0.568008,9.94951
-0.00416565,-0.865555,9.90904
0.0101166,-0.870316,9.89
-0.0160675,-0.77272,9.83525
-0.0565338,-0.713211,9.96617
-0.00892639,-0.734634,9.99712
-0.0779572,-0.698929,9.89238
0.00773621,-0.70369,9.96141
-0.025589,-0.658462,9.93285
0.0339203,-0.722733,10.0185
0.0886688,-0.751297,9.94237
-0.0303497,-0.789383,9.93047
-0.00654602,-0.806046,9.90666
0.0243988,-0.760818,9.88048
-0.00416565,-0.746536,9.84715
-0.0327301,-0.810806,9.94237
-0.0541534,-0.787003,9.89952
-0.0612946,-0.794144,9.90428
-0.118423,-0.796524,9.88524
-0.104141,-0.765579,9.9019
-0.120804,-0.698929,9.91856
-0.0589142,-0.77272,9.77574
-0.0779572,-0.722733,9.86858
-0.0660553,-0.784622,9.79955
-0.111282,-0.782242,9.71623
-0.123184,-0.798904,9.8781
-0.104141,-0.796524,9.93761
-0.070816,-0.858414,9.93761
-0.0470123,-0.856033,9.87572
0.0172577,-0.870316,9.90428
0.0434418,-0.851273,9.87572
-0.070816,-0.710831,9.87334
-0.0279694,-0.648941,9.93761
-0.0351105,-0.701309,9.85667
-0.101761,-0.737015,9.7924
-0.108902,-0.856033,9.84477
-0.108902,-0.858414,9.85667
-0.0470123,-0.787003,9.85191
-0.0351105,-0.765579,9.86144
-0.0279694,-0.801285,9.9019
-0.0398712,-0.679886,9.97807
0.0482025,-0.794144,9.91618
0.0339203,-0.734634,10.0066
0.0743866,-0.646561,10.0138
0.0196381,-0.725113,9.9995
-0.0398712,-0.70607,9.98283
-0.0136871,-0.691788,9.92333
-0.044632,-0.70369,9.96855
0.000595093,-0.775101,9.96379
0.000595093,-0.758438,9.97807
0.00773621,-0.722733,9.93999
-0.0184479,-0.739395,9.92094
-0.0517731,-0.765579,9.82335
-0.0731964,-0.815567,9.78288
-0.0779572,-0.77272,9.84001
-0.0612946,-0.717972,9.85905
-0.0803375,-0.737015,9.89952
-0.0422516,-0.798904,9.79955
-0.0208282,-0.77034,9.83287
-0.0184479,-0.751297,9.76622
-0.0541534,-0.613236,9.78288
0.152939,-0.00624084,9.04259
0.186264,0.12944,9.02116
0.236252,0.196091,8.91881
0.376694,0.207993,8.79979
0.400497,0.376999,8.69743
0.576645,0.493637,8.55223
0.657578,0.615036,8.51177
0.67662,0.8983,8.59746
0.719467,1.16014,8.69267
0.80516,1.34105,8.8831
1.66924,1.51006,9.44963
1.72874,1.22441,9.58293
1.74065,1.1768,9.54723
1.78825,1.30296,9.80907
1.90251,1.53624,10.0281
1.95012,1.60051,10.2899
2.2072,1.24345,10.6374
2.53331,0.89592,10.597
2.77611,0.44841,10.6731
2.99748,0.210373,10.8588
3.71635,-1.70821,13.3749
3.7235,-1.39876,13.5605
3.73778,-1.37257,13.8319
3.86394,-1.5392,13.8509
3.96867,-1.81532,13.7986
3.96867,-2.17238,13.7057
3.81633,-2.48659,13.6415
3.69969,-2.80318,13.5891
3.49022,-3.06264,13.3701
3.35216,-3.08168,13.3392
1.86443,-3.58156,11.0802
1.87395,-3.42683,10.9588
1.66685,-3.4435,10.7779
1.33836,-3.54347,10.6017
1.14793,-3.55775,10.347
0.952744,-3.46968,10.0947
0.840866,-3.3578,9.94475
0.724228,-3.30782,9.7924
0.490952,-3.40303,9.6472
0.448105,-3.44826,9.47819
-0.968216,-2.56276,7.6953
-1.11342,-2.81746,7.55486
-1.32289,-2.77223,7.40251
-1.51332,-2.41756,7.47868
-1.58949,-1.87007,7.39775
-1.74184,-1.46303,7.40489
-1.77278,-1.1869,7.4287
-1.92751,-0.932205,7.30492
-2.12746,-0.791763,7.16923
-2.3774,-0.506119,7.08116
-4.2079,-0.0609894,5.49821
-4.36263,0.0175629,5.40538
-4.26503,0.0746918,5.53154
-3.9651,0.0961151,5.79576
-3.60091,0.134201,5.82433
-3.4438,0.38652,5.81956
-3.65089,0.645981,5.9362
-3.8199,0.83165,5.70531
-4.00319,1.05778,5.79814
-3.88417,1.20061,5.85765
-2.80586,2.14085,7.08116
-2.49165,2.36699,7.27635
-2.31075,2.21703,7.37633
-2.4369,1.77428,7.12401
-2.6559,1.53624,7.08592
-2.87251,1.42198,7.34538
-2.69637,1.50291,7.45012
-2.32265,1.87425,7.82384
-1.92513,2.45506,8.23802
-1.4919,2.78831,8.3499
-1.58235,1.77666,8.99736
-2.06557,1.61955,9.13542
-2.07271,1.85759,9.49724
-1.45857,2.61931,9.95665
-0.796829,3.28105,10.3613
-0.28743,3.89281,10.4399
-0.135086,3.80711,10.4827
-0.311234,3.05254,10.5137
-0.875381,2.27892,10.1923
-1.37288,1.87425,9.9876
0.648056,1.8195,11.9276
0.743271,1.57195,11.83
0.745651,1.09825,11.5824
0.950363,0.665024,11.5229
1.25981,0.529343,11.7538
1.43358,0.617416,11.7538
1.38359,0.457932,11.8728
1.13841,0.307968,11.7395
0.881332,0.0199432,11.5229
0.93132,-0.13002,11.3016
1.22887,-0.453751,11.5444
1.17412,-1.00362,11.4134
1.1646,-1.26308,11.3515
1.09557,-1.29164,11.3016
1.15508,-0.982193,11.3968
1.26695,-0.651321,11.5063
1.33836,-0.501358,11.5491
1.42644,-0.727493,11.5396
1.30504,-1.11311,11.2421
1.20744,-1.5511,11.004
0.831345,-1.07979,9.60435
0.80278,-0.90126,9.59721
0.702805,-0.851273,9.63768
0.681381,-0.925064,9.66624
0.659958,-1.14168,9.65196
0.73613,-1.08217,9.70195
0.774216,-0.939346,9.76384
0.814682,-0.83461,9.93047
0.878952,-0.822708,9.92094
0.778976,-0.89888,9.89
0.636154,-0.610855,9.66863
0.588547,-0.429947,9.84715
0.526657,-0.32045,9.75908
0.555222,-0.337112,9.77812
0.502853,-0.325211,9.83049
0.583786,-0.458511,9.81621
0.650436,-0.498978,9.84953
0.631393,-0.589432,9.8662
0.650436,-0.70845,9.79955
0.633774,-0.677505,9.77574
0.645676,-0.551346,9.9019
0.781357,-0.427567,9.87334
0.786118,-0.389481,9.9019
0.798019,-0.413284,9.90428
0.786118,-0.541824,9.94475
0.752792,-0.587051,9.92808
0.733749,-0.646561,9.94713
0.714706,-0.758438,9.80193
0.745651,-0.732254,9.81859
0.786118,-0.539444,9.98521
0.709946,-0.653702,9.8781
0.776596,-0.532303,9.92333
0.771835,-0.537064,9.80907
0.657578,-0.553726,9.72337
0.536179,-0.582291,9.671
0.512375,-0.760818,9.66863
0.529038,-0.803665,9.69481
0.640915,-0.701309,9.72099
0.712326,-0.527542,9.76622
0.698044,-0.441849,9.79002
0.712326,-0.422806,9.7686
0.762314,-0.408524,9.80193
0.700424,-0.372818,9.86858
0.698044,-0.337112,9.93761
0.681381,-0.370438,9.90666
0.707565,-0.534683,9.82573
0.752792,-0.57753,9.77574
0.778976,-0.648941,9.88048
0.807541,-0.606094,9.87572
0.745651,-0.570389,9.9019
0.67186,-0.563248,9.84715
0.709946,-0.475174,9.90904
0.731369,-0.327591,9.93523
0.752792,-0.284744,9.98521
0.781357,-0.341873,9.9138
0.778976,-0.470413,9.89714
0.719467,-0.548965,9.80193
0.633774,-0.491837,9.83525
0.655197,-0.403763,9.88286
0.633774,-0.329971,9.86382
0.705185,-0.284744,9.88762
0.702805,-0.318069,9.95427
0.690903,-0.38472,9.96617
0.633774,-0.45137,9.8781
0.617111,-0.491837,9.8781
0.559982,-0.487076,9.91856
0.540939,-0.391861,9.96617
0.598068,-0.403763,9.9019
0.602829,-0.396622,9.85667
0.630203,-0.435898,9.84834
0.532608,-0.560867,9.77336
0.557602,-0.519211,9.81026
0.571884,-0.434708,9.89357
0.54808,-0.478745,9.89476
0.586166,-0.483505,9.91618
0.601639,-0.428757,9.89119
0.617111,-0.471603,9.8781
0.54451,-0.533493,9.90904
0.60759,-0.778671,9.93285
0.557602,-0.702499,9.89714
0.54213,-0.570389,9.86144
0.54213,-0.390671,9.85667
0.437393,-0.444229,9.85786
0.371933,-0.529922,9.7805
0.448105,-0.482315,9.78526
0.5457,-0.443039,9.80193
0.494522,-0.497787,9.80669
0.515945,-0.554916,9.74599
0.529038,-0.51088,9.8174
0.493332,-0.462082,9.79002
0.532608,-0.5811,9.81145
0.534988,-0.595383,9.76503
0.636154,-0.540634,9.90666
0.596878,-0.429947,9.94594
0.599258,-0.457321,9.9745
0.556412,-0.565628,9.95903
0.555222,-0.544205,9.99235
0.568314,-0.550156,9.96736
0.659958,-0.534683,9.98879
0.60878,-0.485886,10.0697
0.592117,-0.502548,10.0888
0.638535,-0.527542,9.9507
0.656387,-0.51683,9.98164
0.634964,-0.51564,9.88048
0.623062,-0.500168,9.76741
0.632584,-0.503738,9.8412
0.663528,-0.557297,9.79598
0.715897,-0.497787,9.81026
0.744461,-0.494217,9.87215
0.654007,-0.700119,9.7567
0.549271,-0.788193,9.71266
0.598068,-0.566818,9.79836
0.627823,-0.362106,9.79478
0.67186,-0.290695,9.90904
0.649246,-0.429947,9.82097
0.636154,-0.632278,9.83525
0.657578,-0.51683,9.84358
0.654007,-0.274033,9.88881
0.656387,-0.315689,9.9019
0.67186,-0.460892,9.86501
0.633774,-0.476364,9.86739
0.717087,-0.478745,9.88524
0.715897,-0.446609,9.92571
0.723038,-0.507309,9.95903
0.683762,-0.263321,9.96617
0.708755,-0.295456,9.97569
0.680191,-0.502548,9.97688
0.620682,-0.632278,9.96022
0.73851,-0.610855,9.96022
0.73613,-0.414475,9.94832
0.683762,-0.349014,9.99235
0.681381,-0.519211,9.92094
0.67662,-0.5811,9.87691
0.698044,-0.551346,9.87215
0.60759,-0.397812,9.86858
0.582596,-0.389481,9.84715
0.627823,-0.402573,9.88524
0.550461,-0.427567,9.8781
0.521896,-0.522781,9.8662
0.540939,-0.495407,9.83763
0.564743,-0.428757,9.86382
0.54332,-0.465652,9.83406
0.517136,-0.596573,9.82692
0.525467,-0.57991,9.77455
0.525467,-0.591812,9.71742
0.450485,-0.662033,9.69481
0.514755,-0.487076,9.72932
0.595688,-0.439468,9.79598
0.620682,-0.400192,9.75551
0.562363,-0.502548,9.71504
0.563553,-0.606094,9.64482
0.564743,-0.44899,9.72813
0.571884,-0.435898,9.7924
0.602829,-0.410904,9.74956
0.677811,-0.482315,9.76384
0.780167,-0.502548,9.90666
0.753983,-0.469223,9.85667
0.806351,-0.541824,9.91856
0.808731,-0.433517,9.88286
0.783737,-0.315689,9.93523
0.7397,-0.316879,10.0638
0.776596,-0.481125,10.0066
0.793259,-0.57634,10.0412
0.834915,-0.45137,10.078
0.837296,-0.180008,10.1126
0.876572,-0.368057,10.078
0.896805,-0.535873,10.0269
0.955124,-0.484695,10.0709
0.92894,-0.435898,10.0376
0.889664,-0.418045,10.0423
1.33241,-0.798904,12.343
1.27528,-0.479935,12.4144
1.05986,-0.412094,12.2251
0.937271,-0.77034,12.0228
0.728989,-1.01671,11.6074
0.146988,-1.11073,11.2432
-0.301712,-1.17143,10.7874
-0.599258,-1.1274,10.5137
-0.788498,-0.985764,10.2947
-1.19435,-1.08931,9.8781
-1.75612,-0.983383,9.66267
-2.06795,-1.33568,9.22826
-2.73683,-1.54991,8.6165
-3.51521,-1.04408,7.91429
-4.16029,-0.44899,7.54652
-4.54115,-0.295456,7.35966
-4.99104,-0.228806,6.78838
-5.55281,-0.239517,6.2635
-5.96462,-0.026474,5.7065
-6.34785,0.250839,5.40062
-6.68587,0.313919,5.51131
-6.60017,0.250839,5.38277
-7.03221,0.444839,4.87694
-7.25121,0.38533,4.81743
-7.21193,0.247269,4.78053
-7.44997,0.38295,4.76625
-7.67015,0.44841,4.82933
-7.90105,0.348434,4.72697
-8.01769,-0.0336151,4.07832
-8.33308,0.110397,3.63557
-8.61754,0.0223236,3.31541
-8.76155,0.570999,3.31779
-8.86867,0.750717,3.26067
-9.09242,0.609085,2.57036
-9.50542,0.655502,2.12523
-9.75178,0.798325,2.11571
-9.65181,1.12563,2.09785
-9.60777,1.22203,2.15617
-9.64348,1.33391,1.70985
-9.99696,1.43983,1.33138
-10.1541,1.40413,0.85173
-10.066,1.48744,0.383987
-10.1326,1.6136,0.0281219
-10.2041,1.91234,-0.261093
-10.41,1.99089,-0.363449
-10.2636,1.84212,-0.568161
-10.1493,1.77547,-0.547928
-10.0708,1.90044,-0.0563812
-9.93031,1.93376,0.393509
-9.99577,1.59337,0.432785
-9.98268,1.28154,0.627975
-9.98863,1.19942,0.587509
-10.1338,1.4684,0.511337
-10.1933,1.69096,0.59584
-10.2267,1.51363,0.550613
-10.2886,1.19823,0.314957
-10.3421,1.29701,0.0305023
-10.3076,1.73024,0.217361
-9.98149,1.66835,0.943375
-9.73393,1.30891,1.27782
-9.85295,1.03874,1.21593
-9.81606,1.10896,1.14452
-9.69823,1.10063,1.34328
-9.4471,0.725723,1.8015
-9.16621,0.44841,2.29424
-9.09599,0.462692,2.468
-9.08528,0.738815,2.71913
-8.67943,0.911392,3.19521
-8.3188,0.764999,3.7296
-8.32594,0.244888,4.02834
-8.29024,0.110397,4.07594
-8.13313,0.472214,4.63652
-7.54994,0.604324,5.22923
-7.21312,0.259171,5.33754
-7.31786,-0.291885,5.27565
-7.13814,-0.199051,5.68983
-6.47044,0.0258942,6.54439
-6.31215,-0.105026,6.74553
-6.26216,-0.51564,6.41704
-5.82179,-0.551346,6.61937
-5.3481,-0.676315,7.34657
-5.14458,-0.620377,7.78456
-5.00652,-0.300217,8.03569
-4.53758,-0.32402,8.14876
-4.04842,-0.25737,8.14638
-3.88417,-0.548965,8.48915
-3.91274,-0.915543,8.5927
-3.82942,-0.856033,8.89619
-3.31288,-0.508499,9.08781
-2.83324,-0.134781,9.09734
-0.00178528,-0.0919342,10.985
0.200546,-0.664413,10.9505
0.305283,-0.869125,10.9909
0.531418,-0.869125,10.9683
0.843246,-0.507309,10.9683
0.964645,-0.316879,11.2218
1.03963,-0.559677,11.1052
1.05986,-0.928635,10.8219
1.00154,-0.740585,10.685
0.877762,-0.794144,10.5672
0.757553,-0.702499,10.2804
0.625443,-0.537064,10.3089
0.602829,-0.657272,10.0435
0.539749,-0.669174,10.0614
0.505234,-0.750107,9.90785
0.511185,-0.627518,9.84715
0.595688,-0.488266,9.92094
0.665909,-0.571579,9.90071
0.832535,-0.482315,10.0542
0.920609,-0.497787,9.9138
0.811111,-0.57872,9.83882
0.837296,-0.734634,9.84715
0.958694,-0.732254,9.8055
0.807541,-0.648941,9.86739
0.721848,-0.715591,9.84834
0.768265,-0.746536,9.8412
0.782547,-0.625137,9.83287
0.708755,-0.438278,9.80431
0.668289,-0.553726,9.84358
0.61116,-0.627518,9.89833
0.774216,-0.717972,9.89833
0.826584,-0.653702,9.93642
0.669479,-0.657272,9.90309
0.626633,-0.70369,9.96141
0.67424,-0.713211,9.98521
0.662338,-0.796524,9.90428
0.594498,-0.729874,9.90309
0.584976,-0.713211,10.0626
0.599258,-0.757248,10.0281
0.600449,-0.810806,10.034
0.536179,-0.754868,9.98164
0.485001,-0.800095,9.88167
0.539749,-0.764389,9.8662
0.595688,-0.850082,9.86739
0.573074,-0.820328,9.88881
0.464767,-0.821518,9.85905
0.582596,-0.842941,9.76265
0.652817,-0.76915,9.91737
0.589737,-0.731064,9.80073
0.595688,-0.854843,9.86977
0.61235,-0.807236,9.85548
0.539749,-0.651321,9.87929
0.614731,-0.758438,9.85786
0.639725,-0.646561,9.86262
0.627823,-0.744156,9.86739
0.595688,-0.737015,9.88643
0.624252,-0.606094,9.89952
0.644486,-0.610855,9.98164
0.657578,-0.615616,9.9995
0.701614,-0.628708,9.91142
0.665909,-0.83699,9.86025
0.604019,-1.12502,9.81383
0.664719,-1.11073,9.78645
0.631393,-0.909592,9.75075
0.388596,-0.779861,9.7686
0.454056,-0.616806,9.79955
0.511185,-0.64537,9.74718
0.41478,-0.817947,9.6841
0.496902,-0.840561,9.71742
0.501663,-0.734634,9.8174
0.463577,-0.967911,9.73527
0.540939,-1.15239,9.71504
0.567123,-0.976242,9.67458
0.452866,-0.776291,9.72099
0.470718,-0.948868,9.76622
0.615921,-0.903641,9.76741
0.558792,-0.879837,9.95546
0.637344,-0.96553,9.88762
0.655197,-0.931015,9.92451
0.617111,-0.889359,9.98283
0.643295,-0.931015,9.98164
0.60759,-0.894119,9.91023
0.563553,-0.96434,9.94713
0.569504,-0.871506,9.99593
0.525467,-0.933395,9.97212
0.614731,-0.910782,10.0197
0.757553,-0.945297,9.91023
0.725418,-0.979813,9.97331
0.661148,-0.911972,9.92333
0.634964,-0.913162,9.97926
0.615921,-0.971481,9.84715
0.583786,-0.784622,9.9269
0.537369,-0.798904,9.87215
0.438583,-0.757248,9.83287
0.462387,-0.701309,9.84834
0.500473,-0.659653,9.81859
0.495712,-0.751297,9.84001
0.562363,-0.753677,9.82573
0.54332,-0.814377,9.82216
0.581406,-0.861984,9.77098
0.60759,-0.783432,9.79359
0.67186,-0.714401,9.79716
0.711136,-0.742966,9.82216
0.654007,-0.831039,9.77455
0.67067,-0.903641,9.78764
0.73732,-0.815567,9.82811
0.752792,-0.96315,9.78764
0.73613,-0.945297,9.81978
0.798019,-1.00243,9.84834
0.788498,-0.846512,9.8055
0.725418,-0.697739,9.92571
0.73613,-0.795334,9.95903
0.789688,-0.857224,9.91975
0.712326,-0.956009,9.8174
0.749222,-0.858414,9.8293
0.764694,-0.873886,9.87215
0.713516,-0.96077,9.87572
0.700424,-0.872696,9.92094
0.748032,-0.823898,9.89952
0.781357,-0.788193,9.88286
0.80397,-0.992905,9.88762
0.683762,-1.0179,9.80669
0.819443,-0.848892,9.84239
0.859909,-0.801285,9.83406
0.826584,-0.695358,9.82692
0.775406,-0.886978,9.74242
0.775406,-0.952438,9.74242
0.877762,-0.845322,9.82097
0.778976,-0.784622,9.92571
0.756363,-0.734634,9.88048
0.823013,-0.777481,9.82573
0.832535,-0.864365,9.7924
0.813492,-0.83461,9.81383
0.798019,-0.792953,9.87691
0.812302,-0.697739,9.84239
0.849197,-0.782242,9.74242
0.855148,-0.891739,9.75194
0.795639,-0.878647,9.79836
0.873001,-0.871506,9.85429
0.922989,-0.806046,9.7686
0.914658,-0.825089,9.76979
0.882523,-0.866745,9.81264
0.922989,-0.89888,9.85191
0.901566,-0.984573,9.75313
0.843246,-0.932205,9.74956
0.748032,-0.840561,9.71028
0.765884,-0.725113,9.81502
0.814682,-0.950058,9.77217
0.984879,-0.989334,9.83763
0.999161,-0.942917,9.91499
0.938461,-1.04289,9.86977
1.06581,-0.96434,9.94594
1.1765,-1.03099,9.90785
1.12413,-1.01909,9.9269
1.05748,-1.10716,9.91142
1.08128,-1.07741,9.96498
1.13127,-0.929825,9.93761
1.0551,-0.828659,9.93642
1.01701,-0.934586,9.84834
1.02296,-0.902451,9.83525
1.08961,-0.866745,9.82454
1.11104,-0.753677,9.78883
1.05034,-0.664413,9.83644
1.05034,-0.831039,9.83525
1.12294,-0.882217,9.8174
1.11699,-0.959579,9.67458
1.05391,-0.846512,9.69838
1.07295,-0.886978,9.68529
1.10866,-0.713211,9.64958
0.987259,-0.848892,9.45201
0.989639,-1.00838,9.29848
0.988449,-0.941727,9.24849
1.0789,-0.96077,9.23302
1.1039,-1.08574,9.09019
1.07414,-1.19643,8.97118
1.05034,-1.3083,8.83788
1.12413,-1.51302,8.75932
1.25862,-1.71416,8.60103
1.32884,-2.05217,8.59151
1.37526,-2.35091,8.56294
1.51689,-2.21523,8.67482
1.66804,-2.364,8.71172
2.03581,-2.52705,8.96284
2.22267,-2.88054,8.89262
2.50951,-2.82103,9.01164
2.62495,-1.98552,9.50319
2.66066,-1.78319,9.74123
2.92131,-2.46635,9.70552
3.29027,-3.52324,9.52937
3.82585,-3.25783,10.0031
4.15672,-1.99028,10.7172
4.13649,-2.08907,10.5184
4.24361,-2.22951,10.7743
4.44594,-1.94267,11.3313
4.67445,-1.49635,11.6836
4.53758,-1.17381,11.7562
4.42452,-1.53206,11.5765
4.71968,-1.87721,11.7169
4.92915,-1.27379,11.9669
5.14696,-0.0181427,12.287
5.06483,0.580521,12.1002
4.99461,-0.0288544,11.7312
5.01485,-0.600143,11.4932
4.82204,-0.441849,11.5467
4.84822,0.311539,11.3087
4.78752,1.12325,10.9659
4.49593,1.62312,11.0064
4.4269,1.68025,10.8362
4.37453,1.2744,10.5874
4.08531,1.70644,10.3839
3.74254,2.27296,10.2601
3.35454,2.51576,10.059
3.12245,2.64906,9.81859
2.71779,2.53838,9.52699
2.27028,2.02779,8.93071
1.64781,1.8326,8.44868
1.17293,2.34795,8.66887
0.940842,2.80617,8.532
0.498093,2.93233,8.39394
-0.0208282,2.55147,8.08568
-0.375504,1.89687,7.82741
-0.732559,1.82545,7.73576
-0.709946,2.37413,7.75243
-0.840866,2.45863,7.64888
-1.22649,2.317,7.59651
-1.56926,2.06944,7.46321
-1.87514,1.63383,7.3311
-1.91084,1.90044,7.42632
-1.97154,2.01945,7.27278
-2.34764,1.58028,7.10139
-2.5464,1.14705,7.03236
-2.68684,0.801895,6.8824
-2.91774,0.922104,6.96333
-2.97606,1.53267,7.07402
-2.78563,1.75642,7.3311
-2.92845,1.36485,7.08949
-3.42,0.237747,6.92406
-3.49379,-0.32283,6.77171
-2.91774,0.373428,7.09782
-2.78801,0.862595,7.26207
-3.16411,0.475784,7.24303
-2.86894,0.037796,7.50011
-2.98439,-0.737015,7.49535
-3.41405,-1.02742,7.37752
-3.17958,-0.395432,7.74409
-2.46309,-0.360916,8.15828
-2.51903,-1.09526,8.26183
-2.62019,-1.87364,8.10234
-2.20363,-1.82246,8.40703
-1.83943,-1.07146,8.70576
-1.98701,-0.992905,8.86049
-1.84776,-1.40233,8.9557
-2.01082,-1.85817,8.97118
-1.44548,-1.951,9.37227
-0.707565,-1.56657,9.88762
-0.624252,-1.72963,10.2244
-1.08247,-2.26521,10.0554
-0.820633,-2.45564,10.0828
-0.275528,-2.53062,10.4887
-0.445725,-2.43303,10.6041
-0.733749,-2.73415,10.5791
-0.174362,-3.01503,10.6934
0.579025,-3.2126,10.9005
0.370743,-3.23164,10.9136
-0.118423,-3.13048,10.9493
0.67424,-3.17451,11.0933
1.06938,-3.33995,11.1361
0.814682,-3.44707,10.9017
0.67305,-3.35066,10.7695
0.875381,-3.33162,10.7565
0.843246,-3.34471,10.5744
0.870621,-3.03288,10.5327
1.07295,-2.64726,10.4351
1.12532,-2.30449,10.4613
0.981308,-2.59727,10.2102
0.987259,-2.79008,10.0745
1.20744,-2.34972,10.1566
1.06343,-2.04979,10.2601
0.912277,-2.35805,10.0816
1.11461,-2.24736,10.2256
1.38478,-1.62013,10.4589
1.27409,-1.88792,10.4506
1.10628,-2.44136,10.0959
1.35979,-2.15929,10.2018
1.53117,-1.2357,10.4625
1.49071,-1.44518,10.3792
1.40858,-1.9153,10.1221
1.51332,-2.10335,10.0019
1.56688,-1.74986,10.0864
1.42168,-1.02385,10.0554
1.27647,-1.11311,9.86144
1.21339,-1.68083,9.70909
1.25981,-1.44399,9.6841
1.16936,-1.46898,9.6841
1.14317,-1.2607,9.67577
1.34669,-1.2476,9.86144
1.42882,-1.5392,9.80788
1.1884,-1.8784,9.76146
1.30385,-1.74272,9.92571
1.41097,-1.74986,10.0876
1.27409,-1.75938,9.97926
1.25267,-1.9879,10.0031
1.2372,-2.22356,9.94594
1.12175,-2.01646,9.99593
1.08604,-1.64751,10.0304
0.984879,-1.60347,10.04
0.99321,-1.94862,9.79955
1.22292,-2.14381,9.62459
1.16698,-1.87483,9.61864
1.06462,-1.72368,9.71861
1.13365,-1.92363,9.70195
1.17888,-2.16286,9.52104
1.20387,-2.02718,9.60554
1.21339,-2.0605,9.55556
1.11937,-1.79985,9.54365
0.956314,-1.73082,9.62221
0.938461,-1.99385,9.4294
1.04558,-1.81651,9.46867
1.1039,-1.88435,9.62459
1.15031,-2.02956,9.57936
1.05153,-1.98314,9.46867
1.02892,-1.83675,9.49129
1.03725,-1.5761,9.48891
1.06462,-1.76295,9.44963
1.02892,-1.90221,9.46272
1.11104,-1.86531,9.52699
1.0789,-1.64037,9.62697
1.14555,-1.53682,9.71861
1.06105,-1.74272,9.72337
1.02653,-1.67131,9.79955
1.08485,-1.78914,9.87572
1.13365,-1.76653,9.97331
1.15984,-1.68797,9.95665
1.13484,-1.68678,9.96617
1.1396,-1.8058,9.99712
1.27528,-2.05693,10.0138
1.25505,-1.92125,9.96736
1.15627,-1.7332,9.95903
1.21339,-1.60823,9.97569
1.261,-1.69749,9.9507
1.08604,-1.69511,9.84834
0.944412,-1.60823,9.78526
0.953934,-1.76176,9.59364
0.987259,-1.76176,9.57341
1.00511,-1.65822,9.66505
1.03368,-1.63203,9.59126
1.01344,-1.64513,9.50795
0.933701,-1.81056,9.3806
0.968216,-1.73915,9.51747
1.02653,-1.46422,9.68529
1.00749,-1.48207,9.64006
0.990829,-1.69749,9.59364
1.01344,-1.71297,9.66863
1.0551,-1.74867,9.75551
1.00511,-1.54753,9.77574
1.00154,-1.46184,9.86858
0.942032,-1.45589,9.82216
0.950363,-1.62251,9.76622
0.968216,-1.69273,9.73052
0.962265,-1.62251,9.75432
0.967026,-1.5154,9.75908
0.972977,-1.52016,9.77098
1.07176,-1.42732,9.78883
0.968216,-1.48088,9.73766
0.951553,-1.61418,9.78645
0.974167,-1.83318,9.68053
1.0063,-1.44756,9.80907
0.986069,-1.31664,9.86144
1.01463,-1.44399,9.89952
0.969406,-1.64632,9.86025
1.0182,-1.69154,9.92094
1.04915,-1.67845,9.86858
1.05034,-1.59395,9.93285
1.00273,-1.48921,9.98164
0.917038,-1.49516,9.88286
0.874191,-1.68321,9.79955
0.845627,-1.58562,9.82335
0.730179,-1.49397,9.76503
0.677811,-1.3821,9.69957
0.706375,-1.38686,9.68291
0.686142,-1.48564,9.6234
0.789688,-1.6844,9.62816
0.917038,-1.6844,9.6472
0.86586,-1.39281,9.69481
0.848007,-1.34163,9.74361
0.851578,-1.49635,9.67696
0.826584,-1.67012,9.71385
0.718277,-1.67131,9.6115
0.73732,-1.56895,9.67339
0.806351,-1.41185,9.80073
0.820633,-1.29164,9.88524
0.79921,-1.51183,9.87453
0.827774,-1.50945,9.82573
0.795639,-1.57491,9.80312
0.783737,-1.52611,9.77336
0.765884,-1.47136,9.82811
0.795639,-1.65346,9.77931
0.819443,-1.55705,9.89357
0.806351,-1.50825,9.90309
0.826584,-1.49516,9.8781
0.764694,-1.56419,9.81026
0.713516,-1.38448,9.85905
0.721848,-1.34282,9.85905
0.708755,-1.32735,9.79002
0.684952,-1.42494,9.72813
0.686142,-1.48088,9.66981
0.642105,-1.52849,9.60674
0.708755,-1.3333,9.73289
0.762314,-1.32854,9.8531
0.843246,-1.40947,9.86858
0.875381,-1.44994,9.88524
0.80397,-1.40352,9.8781
0.721848,-1.23927,9.91499
0.756363,-1.54396,9.84358
0.857529,-1.63679,9.82573
0.777786,-1.57491,9.79359
0.692093,-1.37733,9.76741
0.652817,-1.37972,9.72575
0.583786,-1.4178,9.68172
0.523087,-1.53801,9.66624
0.631393,-1.48445,9.75551
0.67543,-1.42613,9.77455
0.720657,-1.38091,9.83763
0.828964,-1.47255,9.88881
0.79921,-1.56657,9.86501
0.689712,-1.43684,9.81383
0.626633,-1.43565,9.78526
0.726608,-1.30473,9.82097
0.655197,-1.45351,9.81145
0.659958,-1.47731,9.78288
0.759934,-1.44637,9.84715
0.752792,-1.50468,9.88048
0.687332,-1.48207,9.79002
0.698044,-1.39757,9.81026
0.705185,-1.394,9.85905
0.753983,-1.40947,9.82097
0.830154,-1.41542,9.85429
0.812302,-1.48445,9.75075
0.686142,-1.49397,9.73052
0.687332,-1.44518,9.70671
0.701614,-1.35472,9.75432
0.605209,-1.25713,9.59602
0.556412,-1.24403,9.64125
0.663528,-1.19286,9.73647
0.693283,-1.22737,9.82335
0.698044,-1.2964,9.91975
0.784927,-1.25832,9.9745
0.814682,-1.36543,9.96855
0.778976,-1.37019,9.98283
0.763504,-1.32259,9.96022
0.79921,-1.49516,9.89833
0.912277,-1.45827,9.99474
0.882523,-1.54277,9.93642
0.73732,-1.41304,9.84596
0.775406,-1.21666,9.93285
0.794449,-1.31664,9.78288
0.707565,-1.45351,9.72694
0.626633,-1.23094,9.74004
0.693283,-1.25832,9.75551
0.73732,-1.28331,9.76146
0.687332,-1.36186,9.75908
0.67305,-1.47374,9.76503
0.659958,-1.4666,9.70671
0.60759,-1.48802,9.84834
0.655197,-1.40471,9.83525
0.656387,-1.33687,9.86262
0.638535,-1.47731,9.84596
0.580215,-1.45351,9.85667
0.646866,-1.38329,9.83168
0.682571,-1.49397,9.81621
0.579025,-1.48564,9.72337
0.594498,-1.39281,9.76979
0.558792,-1.19762,9.83644
0.539749,-1.17024,9.77812
0.523087,-1.30592,9.7448
0.582596,-1.37614,9.81264
0.593307,-1.22737,9.87453
0.629013,-1.1512,9.92928
0.658768,-1.31425,9.87929
0.665909,-1.2726,9.89476
0.619492,-1.27379,9.8662
0.60759,-1.28807,9.82454
0.559982,-1.41899,9.84953
0.514755,-1.23213,9.85667
0.556412,-1.15715,9.88286
0.54689,-1.09645,9.91261
0.551651,-1.31902,9.76503
0.589737,-1.30354,9.76503
0.557602,-1.27736,9.7686
0.550461,-1.34996,9.74837
0.526657,-1.35234,9.71623
0.490952,-1.20714,9.696
0.520706,-1.29997,9.6841
0.469528,-1.29759,9.70314
0.474289,-1.38448,9.67934
0.525467,-1.21785,9.75551
0.61235,-1.2964,9.78645
0.623062,-1.40471,9.83287
0.501663,-1.28093,9.89952
0.451675,-1.09288,10.0233
0.469528,-0.89888,9.78288
0.408829,-0.891739,9.83287
0.499283,-1.05956,9.87691
0.552841,-0.989334,9.86739
0.515945,-0.986954,9.95308
0.525467,-1.18095,9.85786
0.5457,-1.42137,9.85191
0.580215,-1.24641,9.73647
0.559982,-1.15358,9.79002
0.536179,-1.04527,9.87215
0.639725,-1.14287,9.89238
0.651627,-1.23451,9.86382
0.527847,-1.09169,9.79478
0.471909,-1.05956,9.77574
0.487381,-1.0905,9.74599
0.534988,-1.02861,9.73527
0.487381,-0.979813,9.73409
0.41716,-0.886978,9.72456
0.446915,-0.985764,9.66029
0.532608,-1.11906,9.43416
0.54689,-1.19881,9.20088
0.512375,-1.02861,9.01878
0.512375,-0.876266,8.72481
0.505234,-0.713211,8.2654
0.385025,-0.565628,7.64888
0.244583,-0.189529,7.1002
0.48262,-0.120499,6.82765
1.067,-0.432327,6.8098
1.80254,-0.850082,6.82289
2.48927,-1.27379,7.03355
2.93321,-1.67607,7.39537
3.44737,-1.93077,7.54533
3.89131,-1.23094,7.95714
4.0139,-0.464462,8.17732
4.05794,-0.372818,8.08211
4.40309,-0.944107,8.02617
5.06841,-1.57252,7.53581
5.59923,-1.89864,7.14543
6.05269,-1.97481,7.25255
6.56328,-1.89745,7.06569
7.03221,-1.24403,7.24779
7.38808,-0.285934,7.72386
7.62492,0.142532,7.61913
7.66539,-0.272842,7.18352
7.66658,-0.709641,6.79552
8.1129,-0.77391,6.5908
8.53303,-0.51564,6.49321
8.87581,-0.164536,6.3123
9.19121,-0.237137,5.94334
9.52803,-0.557297,5.55058
9.70418,-0.312119,5.35777
9.84343,-0.155014,5.16139
10.0315,-0.214523,4.83766
10.2624,-0.407333,4.53773
10.3338,-0.526352,4.20329
10.2207,-0.51564,4.06166
10.2029,-0.224045,3.81886
10.191,-0.287125,3.39278
10.0696,-0.360916,3.22496
10.1231,-0.359726,3.00954
9.92198,0.0687408,2.68581
9.74345,0.432938,2.53703
9.67799,0.96257,2.55727
9.7494,0.387711,2.34779
10.0112,-0.547775,2.05025
10.1862,-0.262131,1.9467
10.0898,0.153244,2.23116
9.99815,0.25322,2.50609
9.96483,0.297256,2.48109
9.9565,0.375809,2.45253
9.92317,0.249649,2.52275
9.94341,0.57933,2.45729
9.90889,0.761429,2.29185
9.87795,0.666214,2.29424
9.81963,0.412704,2.16331
9.70418,0.263931,2.16212
9.70537,0.240128,1.87529
9.63515,0.421036,1.88957
9.60658,0.246078,1.94194
9.61848,0.0782623,2.10976
9.75655,0.0139923,2.39064
9.95174,-0.310928,2.63939
10.0541,-0.220474,2.96669
10.0446,-0.168106,3.08928
9.89342,-0.0490875,3.22972
9.75297,0.0842133,3.34517
9.7256,-0.0990753,3.43205
9.65657,-0.138351,3.69984
9.48161,0.122299,4.03429
9.39949,-0.295456,4.17592
9.36021,-0.496597,4.36516
9.33165,-0.32045,4.69841
9.41377,-0.57872,5.01857
9.52565,-1.06075,5.21495
9.52208,-1.09764,5.40062
9.37093,-1.10716,5.71245
9.35664,-1.36424,5.81718
9.08766,-1.11192,6.0088
8.85439,-1.10121,6.20876
8.68062,-1.25832,6.27422
8.28548,-1.59395,6.35515
7.8582,-1.57729,6.39442
7.47972,-1.25356,6.68007
7.25478,-1.08217,7.00499
6.8275,-1.11906,7.12163
6.48592,-1.58443,7.29659
6.32881,-1.74272,7.47987
6.04198,-1.2357,7.59175
5.56352,-1.00124,8.0583
5.35762,-1.36543,8.34157
4.98033,-1.58681,8.12495
4.22218,-0.972672,8.37846
3.76872,-0.848892,8.73433
3.49498,-1.05598,8.54628
2.8856,-1.29878,8.26064
2.41905,-1.1512,8.35823
2.1227,-0.982193,8.42131
1.76921,-1.01552,8.26778
1.27052,-1.13335,8.14638
0.981308,-1.39281,7.97023
0.536179,-1.03813,7.95714
0.536179,-1.42732,8.09401
0.210068,-0.691788,8.23683
-0.150558,-0.506119,8.19637
-0.423111,-0.667984,8.04759
-0.586166,-0.792953,7.96785
-0.598068,-0.878647,8.12852
-0.500473,-0.633469,8.25826
-0.308853,-0.713211,8.42607
0.199356,-1.38448,8.99022
0.659958,-1.49754,9.26634
0.627823,-1.43565,9.38298
0.461197,-1.27617,9.53532
0.381454,-0.948868,9.70314
0.383835,-1.13811,9.93166
0.402878,-1.34044,9.71623
0.564743,-1.31068,9.88405
0.687332,-1.03218,10.0519
0.556412,-1.12025,10.1721
0.564743,-1.37019,10.2209
0.681381,-1.563,10.0721
0.701614,-1.56776,10.0673
0.640915,-1.32021,9.99117
0.695663,-1.12263,9.88048
0.586166,-1.18571,9.89952
0.60997,-1.27736,9.77217
0.571884,-1.31664,9.83406
0.652817,-1.08098,9.80431
0.634964,-0.822708,9.86977
0.540939,-0.875076,9.72575
0.448105,-1.12502,9.66386
0.577835,-1.37257,9.67577
0.590927,-1.10835,9.76741
0.693283,-1.01909,9.81502
0.663528,-1.16429,9.88405
0.703995,-1.24879,9.97569
0.776596,-1.37019,9.97093
0.652817,-1.18452,9.98997
0.679001,-1.18095,9.98879
0.795639,-1.36781,9.96022
0.664719,-1.37138,9.92094
0.592117,-1.31544,9.88762
0.627823,-1.01314,9.78883
0.652817,-1.05598,9.81383
0.540939,-1.25951,9.70076
0.511185,-1.33092,9.62697
0.557602,-1.27855,9.57817
0.623062,-1.14882,9.65434
0.720657,-1.18452,9.61507
0.67424,-1.06789,9.62578
0.826584,-1.1024,9.86501
0.93251,-1.25713,9.79478
0.870621,-1.21309,9.93642
0.763504,-1.17738,9.89714
0.844437,-1.04646,9.90904
0.846817,-1.13097,9.9019
0.794449,-1.2476,9.88524
0.782547,-1.17381,9.88167
0.878952,-0.996475,10.0102
0.745651,-1.01671,9.82573
0.695663,-1.16072,9.83763
0.786118,-1.10002,9.87215
0.850388,-1.09883,9.91023
0.682571,-1.14168,9.88762
0.73732,-1.15715,9.89714
0.821823,-1.21785,9.85786
0.775406,-1.20238,9.90547
0.659958,-1.15596,9.87096
0.623062,-1.10597,9.80073
0.686142,-1.11906,9.74242
0.700424,-1.22975,9.76503
0.636154,-1.21428,9.8174
0.718277,-1.13454,9.94237
0.765884,-1.07503,9.88762
0.694473,-1.12621,9.81026
0.662338,-1.15239,9.83406
0.701614,-1.175,9.74837
0.696854,-1.10121,9.75313
0.589737,-1.15358,9.75075
0.564743,-1.15715,9.7198
0.67186,-1.19167,9.80312
0.688522,-1.19881,9.71385
0.617111,-1.08217,9.7567
0.617111,-1.17024,9.77574
0.744461,-1.32735,9.83644
0.767075,-1.32973,9.78407
0.618301,-1.06313,9.87453
0.714706,-1.02742,9.91499
0.695663,-1.15358,9.82692
0.708755,-1.30354,9.83525
0.748032,-1.20714,9.84358
0.783737,-1.08693,9.92213
0.73851,-1.16905,9.82454
0.721848,-1.19167,9.86025
0.681381,-1.08931,9.85905
0.709946,-1.05122,9.86739
0.759934,-1.09526,9.82573
0.818253,-1.1393,9.92808
0.753983,-1.13216,9.89714
0.67424,-1.0905,9.98402
0.732559,-1.03218,9.94118
0.695663,-1.17619,9.9138
0.686142,-1.15239,9.91975
0.796829,-1.05836,9.95427
0.79921,-1.09645,9.85786
0.662338,-1.15358,9.84834
0.689712,-1.20952,9.80788
0.727798,-1.09526,9.7686
0.700424,-0.985764,9.80312
0.620682,-1.13335,9.76146
0.663528,-1.1512,9.75075
0.73613,-0.917923,9.80907
0.644486,-1.06313,9.76146
0.669479,-1.12383,9.70433
0.688522,-1.1274,9.66029
0.707565,-1.1869,9.6722
0.8004,-1.06075,9.72575
0.669479,-1.06432,9.71623
0.713516,-1.15953,9.81621
0.815872,-1.2607,9.80312
0.777786,-1.13097,9.83644
0.715897,-1.05003,9.8781
0.876572,-1.06789,9.95427
0.912277,-1.08098,9.92451
0.848007,-1.22737,9.84596
0.817062,-1.006,9.8781
0.765884,-1.03218,9.90428
0.757553,-1.08693,9.86739
0.698044,-1.01314,9.85905
0.702805,-1.05241,9.80431
0.661148,-1.00838,9.83644
0.782547,-1.06075,9.88048
0.719467,-1.06432,9.93523
0.771835,-1.0536,10.0173
0.806351,-1.1869,9.93999
0.765884,-1.20357,9.89238
0.732559,-1.21785,9.86501
0.723038,-1.17024,9.8781
0.652817,-1.15834,9.84715
0.640915,-1.21071,9.79598
0.626633,-1.04646,9.78407
0.583786,-1.02147,9.81978
0.565933,-1.02028,9.79836
0.619492,-1.04289,9.82454
0.575455,-1.18333,9.80431
0.632584,-1.04765,9.84477
0.751602,-1.18452,9.87453
0.833725,-1.32973,9.91499
0.787308,-1.19167,9.85667
0.684952,-1.21071,9.7924
0.636154,-1.03694,9.73527
0.5457,-1.12859,9.77812
0.495712,-1.18095,9.70909
0.623062,-1.006,9.81264
0.656387,-0.96434,9.89238
0.605209,-1.06075,9.84358
0.604019,-1.14168,9.88643
0.726608,-1.14049,9.90904
0.696854,-1.0905,9.94475
0.61116,-1.01433,9.85667
0.643295,-0.971481,9.88762
0.681381,-1.01195,9.88167
0.626633,-1.10597,9.88405
0.688522,-1.006,9.84001
0.629013,-0.920303,9.76622
0.61235,-0.903641,9.75551
0.645676,-0.90007,9.67577
0.708755,-0.794144,9.61507
0.700424,-0.710831,9.50438
0.717087,-0.554916,9.42583
0.792068,-0.414475,9.43535
0.774216,-0.182388,9.24135
0.784927,-0.181198,9.0652
0.902756,-0.19072,8.91405
0.978928,0.150864,8.93309
1.14436,0.550766,9.13185
1.3217,0.737625,9.20683
1.47762,0.618607,9.27705
1.55855,0.76857,9.44011
1.73589,0.96376,9.6234
1.91798,0.711441,9.75194
2.07271,0.409134,9.8293
2.17982,0.410324,9.95546
2.34288,0.548386,10.3125
2.58687,0.423416,10.4637
2.83324,0.148483,10.7541
2.96297,-0.293076,11.0647
3.11412,-0.459702,11.4729
3.19981,-0.545395,12.043
3.45332,-0.814377,12.4418
3.83061,-1.02504,12.869
3.72469,-1.20714,12.9642
3.60448,-1.53563,12.9988
3.52235,-1.93315,12.8857
3.35692,-2.05098,12.7215
3.0558,-2.05693,12.5108
2.74992,-2.17714,12.1359
2.66066,-2.41637,11.8336
2.51308,-2.48421,11.6491
2.1834,-2.45326,11.5098
1.88347,-2.60204,11.1814
1.68233,-2.87697,10.7684
1.65614,-3.00432,10.3958
1.33241,-2.94005,10.0816
0.788498,-2.8734,9.75551
0.458817,-2.76271,9.41273
0.174362,-2.7758,9.114
-0.280289,-2.72581,8.70338
-0.624252,-2.57109,8.41774
-1.01582,-2.2664,8.26064
-1.32884,-2.03432,7.99641
-1.59425,-1.97719,7.72624
-2.05367,-2.06407,7.51677
-2.24409,-1.60942,7.32515
-2.02034,-0.936966,7.34538
-2.08699,-0.70607,7.3192
-2.47975,-0.941727,6.97642
-2.52379,-1.27617,6.69792
-2.46071,-1.08693,6.786
-2.88084,-0.443039,6.89787
-2.8868,0.0901642,6.80385
-2.98558,0.410324,6.84312
-2.99986,0.225845,6.92525
-2.98201,-0.13002,7.11925
-2.88203,0.0449371,7.16209
-3.007,0.506729,7.34657
-3.11293,0.773331,7.2954
-3.04866,1.34462,7.12996
-2.83681,1.58742,7.4525
-2.84633,1.3589,7.51201
-2.89513,1.39461,7.59651
-2.58449,1.5529,7.76671
-2.44286,2.06944,8.09401
-2.4131,1.89091,8.13091
-2.425,1.67906,8.16423
-1.87752,2.40031,8.46535
-1.48476,2.67287,8.69505
-1.74184,2.07896,8.43678
-2.07747,1.90401,8.726
-1.74779,2.35152,9.03069
0.243393,1.3958,10.6612
0.212448,0.756668,10.7184
0.199356,0.566238,10.9267
0.369553,1.04707,11.0147
0.562363,0.755478,10.9945
0.465958,-0.0181427,10.7469
0.682571,0.0175629,10.9862
1.11342,-0.0419464,11.0112
1.17174,-0.526352,10.7695
1.03011,-0.894119,10.6696
1.11223,-0.841751,10.81
1.43715,-0.3871,10.9112
1.46214,-0.676315,10.8314
1.32884,-1.29045,10.741
1.61449,-1.16786,10.9993
1.63948,-1.24165,10.8338
1.5764,-1.54991,10.7374
1.6609,-1.92125,10.6993
1.76802,-2.03908,10.6339
1.85371,-1.87959,10.6184
1.70375,-1.4904,10.472
1.78706,-1.369,10.1959
1.7823,-1.67131,9.99355
1.62639,-1.71654,9.82216
1.455,-1.45351,9.76146
1.28481,-1.37852,9.60912
1.26457,-1.51778,9.63768
1.38478,-1.52611,9.63173
1.41097,-1.31306,9.73052
1.36098,-1.16072,9.84834
1.34431,-1.27379,9.97688
1.48714,-1.32021,10.0376
1.62758,-1.54872,10.0316
1.67043,-1.57848,10.0614
1.64067,-1.45232,10.059
1.74065,-1.25117,9.93166
1.67876,-1.10835,9.88405
1.57521,-1.01433,9.82811
1.57521,-1.04646,9.84477
1.69185,-1.09883,9.7924
1.73112,-0.827469,9.77693
1.61092,-0.889359,9.78645
1.49785,-1.03456,9.72813
1.50261,-1.24641,9.61507
1.62282,-1.21904,9.65196
1.649,-0.913162,9.71742
1.5526,-0.916733,9.77455
1.50856,-1.006,9.71147
1.55855,-0.850082,9.70552
1.59187,-0.883408,9.69957
1.53474,-1.03575,9.63411
1.59663,-1.10121,9.6841
1.62044,-1.02028,9.62816
1.54784,-0.988144,9.60435
1.48714,-0.986954,9.5377
1.46571,-1.02147,9.59483
1.44191,-0.856033,9.64839
1.36574,-0.881027,9.65672
1.32884,-0.970291,9.58412
1.48,-1.08336,9.62697
1.53712,-0.860794,9.72932
1.50975,-0.716782,9.79121
1.42763,-0.813187,9.73647
1.49547,-1.05956,9.75432
1.46809,-1.05836,9.82335
1.45619,-0.811996,9.84834
1.42049,-0.757248,9.89714
1.37407,-0.989334,9.83049
1.47285,-1.3214,9.72456
1.46333,-1.05122,9.83525
1.36574,-0.626328,9.95427
1.36217,-0.672745,9.94594
1.33955,-0.998856,9.92451
1.40144,-1.13811,9.86739
1.38121,-0.985764,9.89833
1.43834,-0.853653,9.86858
1.3098,-0.857224,9.76622
1.22054,-1.11311,9.80907
1.29909,-1.29402,9.70909
1.32884,-0.978622,9.65791
1.33955,-0.934586,9.71742
1.33836,-0.913162,9.72337
1.20387,-0.989334,9.63292
1.18245,-1.03694,9.59007
1.22173,-0.852463,9.61031
1.22649,-0.914352,9.6841
1.18602,-1.01314,9.77217
1.15388,-1.05003,9.72813
1.14674,-0.746536,9.91261
1.22887,-0.744156,9.86262
1.26457,-0.869125,9.87453
1.17888,-1.07503,9.83406
1.19911,-1.12502,9.72575
1.1884,-0.792953,9.83644
1.14912,-0.679886,9.77217
1.14793,-0.776291,9.79478
1.18721,-0.989334,9.68529
1.31694,-0.984573,9.75313
1.28004,-0.762009,9.75313
1.20625,-0.811996,9.75789
1.18602,-0.883408,9.73409
1.2253,-0.775101,9.76027
1.18364,-0.792953,9.69005
1.14198,-0.96315,9.65315
1.23125,-1.03932,9.76146
1.29076,-1.03099,9.81026
1.33717,-0.801285,9.87215
1.28957,-1.03575,9.74599
1.23958,-1.10359,9.69481
1.22649,-0.958389,9.77693
1.27885,-0.809616,9.8055
1.27171,-0.895309,9.84239
1.23125,-0.892929,9.81026
1.20982,-0.972672,9.79478
1.19792,-0.860794,9.76979
1.27766,-0.871506,9.82097
1.23125,-0.922684,9.75551
1.20149,-0.935776,9.78883
1.27528,-0.917923,9.79478
1.26933,-0.829849,9.8055
1.17174,-0.831039,9.79478
1.22649,-0.806046,9.83406
1.31932,-0.820328,9.8293
1.31337,-0.872696,9.76146
1.29671,-0.96196,9.72099
1.20863,-0.914352,9.69243
1.26338,-0.866745,9.76741
1.3336,-0.829849,9.76027
1.2729,-0.928635,9.69957
1.20149,-0.865555,9.66624
1.28719,-0.940536,9.73052
1.32884,-0.842941,9.76146
1.24434,-0.871506,9.79121
1.25029,-0.950058,9.72694
1.28362,-0.879837,9.80788
1.23125,-0.859604,9.8174
1.19316,-0.825089,9.80907
1.28719,-0.921494,9.81621
1.35741,-0.953629,9.83882
1.30504,-0.934586,9.84953
1.30504,-0.933395,9.79955
1.27885,-0.883408,9.77812
1.29433,-0.791763,9.85191
1.29671,-0.859604,9.77455
1.26695,-0.876266,9.73766
1.28719,-0.971481,9.70314
1.30861,-0.890549,9.67339
1.26933,-0.829849,9.72813
1.18602,-0.885788,9.73766
1.2729,-0.96196,9.74837
1.33241,-0.891739,9.77574
1.29552,-0.802475,9.81026
1.27409,-0.844131,9.82097
1.27885,-0.922684,9.82097
1.28362,-1.05956,9.74123
1.27171,-1.06908,9.71385
1.23244,-1.03694,9.76384
1.25029,-0.948868,9.75075
1.20149,-0.942917,9.70076
1.2122,-0.846512,9.73527
1.19554,-0.861984,9.7079
1.26457,-0.886978,9.78169
1.30266,-0.903641,9.77217
1.23244,-0.845322,9.82692
1.32408,-0.945297,9.79955
1.46095,-0.857224,9.87334
1.40739,-0.852463,9.88524
1.27885,-0.854843,9.88167
1.25267,-1.03813,9.7686
1.33003,-1.01671,9.74242
1.37288,-0.802475,9.88167
1.30028,-0.810806,9.85072
1.2979,-0.872696,9.84239
1.29671,-1.06313,9.73647
1.30385,-0.948868,9.72813
1.35146,-0.870316,9.81026
1.3824,-0.870316,9.80788
1.26457,-0.863174,9.78288
1.25505,-0.944107,9.63292
1.31218,-0.922684,9.67458
1.2979,-1.00838,9.69481
1.25624,-0.931015,9.73052
1.25029,-0.929825,9.70552
1.28719,-0.926254,9.70195
1.39311,-0.945297,9.77693
1.33003,-0.923874,9.78169
1.24672,-0.866745,9.79598
1.25624,-0.89888,9.73409
1.26338,-0.944107,9.71623
1.33955,-0.844131,9.78764
1.29552,-0.816757,9.79359
1.28004,-0.877457,9.77693
1.28004,-1.01671,9.76979
1.32527,-0.984573,9.81502
1.26933,-0.895309,9.89
1.286,-0.96553,9.83763
1.34789,-1.07384,9.8055
1.29314,-1.14168,9.79955
1.34908,-0.992905,9.8412
1.32765,-0.956009,9.8293
1.29195,-0.989334,9.79955
1.23839,-0.913162,9.7448
1.21815,-0.89769,9.89
1.28838,-0.879837,9.97569
1.33122,-0.8358,10.1792
1.39192,-0.848892,10.5196
1.5276,-0.875076,11.1445
1.65614,-0.906021,11.4825
1.70851,-0.865555,12.1133
2.01796,-1.16667,12.1847
2.11913,-1.13216,12.3454
1.82753,-1.22023,12.487
1.57283,-1.22499,12.1644
1.31575,-1.27974,12.0764
0.950363,-1.52373,11.8395
0.696854,-1.63679,11.5622
0.487381,-1.65703,11.3051
-0.192215,-1.55705,10.904
-0.728989,-1.60823,10.541
-1.12889,-1.60585,9.96736
-1.50856,-1.54753,9.4651
-2.07866,-1.3083,9.07353
-2.64519,-1.35115,8.50581
-3.2141,-1.2,8.1559
-3.58543,-1.20595,7.82027
-4.002,-1.0298,7.40965
-4.55305,-0.744156,7.12758
-5.01723,-0.628708,6.72292
-5.47307,-0.666794,6.36586
-5.81227,-0.653702,6.08022
-6.00389,-0.701309,5.95168
-6.15504,-0.751297,5.88979
-6.42284,-0.547775,5.6458
-6.70729,-0.291885,5.52321
-7.00365,0.147293,5.29469
-7.17384,0.212753,5.23161
-7.46306,0.329391,4.98167
-7.81654,-0.0169525,4.85313
-8.02483,-0.220474,4.81148
-8.08076,-0.358536,4.8698
-8.29381,-0.0895538,4.63176
-8.77702,0.286545,4.22472
-9.08647,0.25679,4.13545
-8.87581,0.0187531,4.17354
-9.00435,-0.013382,3.77959
-9.21263,-0.108597,3.55702
-9.2888,0.266312,3.22734
-9.31261,0.751907,3.07976
-9.50899,0.906631,2.87743
-9.61253,0.784042,2.60249
-9.54588,0.57576,2.07286
-9.77321,0.854263,1.38255
-10.1731,1.43626,1.09572
-10.3338,1.65764,0.932663
-10.2255,1.58147,0.620834
-10.0886,0.956619,0.554184
-10.1112,0.967331,0.604172
-10.1112,1.2744,1.12785
-9.84343,1.07445,1.33376
-9.80534,0.892349,1.41588
-9.81725,0.848312,1.58607
-9.84938,1.07445,1.50752
-9.96483,1.24107,1.32066
-10.0172,1.12086,1.07072
-10.0636,1.12325,0.91243
-9.94817,1.09706,0.841019
-9.88152,1.1161,0.905289
-9.77202,1.04469,1.20522
-9.52089,0.678116,1.6801
-9.18883,0.569809,2.18593
-9.12932,0.673355,2.32637
-9.06981,0.541245,2.47395
-8.84367,0.228226,2.94051
-8.24501,-0.187149,3.5963
-8.21764,-0.0014801,3.78435
-8.19264,0.112778,3.94502
-7.79036,-0.0240936,4.44014
-7.11433,-0.0681305,5.23637
-6.81322,0.0163727,5.90407
-6.83226,0.0925446,5.99095
-6.96913,0.056839,6.04927
-6.2574,-0.466843,7.40489
-5.16124,-0.688217,8.36061
-5.34096,-0.877457,8.06902
-6.0634,-0.506119,7.53105
-5.35048,-0.938156,8.32848
-4.67207,-1.64751,9.36156
-4.18053,-2.15334,9.34966
-4.47093,-1.77248,8.67363
-4.57448,-0.959579,8.44988
-4.15077,-0.931015,8.95332
-3.54497,-1.70226,9.41869
-3.05818,-1.84984,9.46391
-3.02367,-1.39757,9.37346
-2.7654,-1.12859,9.502
-2.37144,-1.40114,9.9864
-2.12746,-1.55586,9.91975
-2.3524,-1.2476,9.62697
-2.32027,-0.734634,9.5258
-1.91679,-0.720352,9.53056
-1.70256,-1.40114,9.60197
-1.53593,-1.79152,9.64958
-1.34312,-1.65584,9.6722
-0.944412,-1.34758,9.75194
-0.67186,-1.18929,9.9388
-0.3517,-1.26546,10.3887
-0.218399,-1.54634,10.5279
-0.0243988,-1.44399,10.5577
0.057724,-1.12025,10.6374
0.345749,-1.10121,10.5172
0.368362,-1.07384,10.597
0.357651,-1.11311,10.6089
0.276718,-1.01195,10.3149
0.375504,-0.810806,10.3018
0.712326,-1.12383,10.2387
1.02296,-1.12144,10.3946
1.51213,-1.44399,10.672
1.63234,-1.46779,10.5815
1.82039,-1.31544,10.6898
2.09175,-1.36543,10.954
1.44905,-1.27855,9.79598
1.38716,-1.3452,9.81026
1.41811,-1.44041,9.73052
1.35503,-1.13335,9.73766
1.25862,-1.00719,9.7686
1.18721,-1.24879,9.65672
1.12651,-1.4297,9.59721
1.12413,-1.4297,9.61983
1.28004,-1.32378,9.75075
1.1765,-1.13097,9.74004
1.12175,-1.19405,9.72694
1.17055,-1.41304,9.65434
1.17293,-1.39281,9.66743
1.12889,-1.17381,9.70195
1.13246,-1.17857,9.69838
1.13127,-1.33092,9.66863
1.08842,-1.22499,9.7567
1.0789,-1.32616,9.78526
1.14912,-1.18452,9.84596
1.21577,-1.23927,9.77693
1.16936,-1.35353,9.76503
1.15508,-1.37376,9.8055
1.10628,-1.36067,9.82216
1.07295,-1.20238,9.8055
1.0551,-1.15239,9.80193
0.986069,-1.06075,9.78407
0.956314,-1.26427,9.76503
0.926559,-1.47731,9.71028
0.950363,-1.33092,9.74956
0.981308,-1.30116,9.76979
1.0063,-1.30949,9.7448
1.00154,-1.44518,9.78288
0.986069,-1.34044,9.71385
1.00511,-1.26427,9.77574
1.02892,-1.23213,9.77098
1.02296,-1.17262,9.81026
0.964645,-1.28331,9.75075
0.974167,-1.33092,9.69481
0.988449,-1.24165,9.73766
0.965836,-1.22142,9.69957
0.982498,-1.22975,9.78169
1.05153,-1.35948,9.76265
1.02653,-1.30354,9.81145
0.974167,-1.31068,9.75313
0.977737,-1.33092,9.73289
0.914658,-1.1143,9.77693
0.92775,-1.22499,9.76384
0.937271,-1.31306,9.69005
0.947983,-1.45708,9.73766
0.918228,-1.38924,9.73409
0.950363,-1.16191,9.82454
1.0551,-1.24641,9.86382
1.03606,-1.34163,9.82692
0.967026,-1.43208,9.7686
0.953934,-1.42613,9.78526
0.934891,-1.27974,9.79598
0.999161,-1.24879,9.80312
1.03011,-1.32497,9.75551
0.921799,-1.24403,9.73289
0.906326,-1.25951,9.71147
0.967026,-1.22618,9.79836
0.963455,-1.22856,9.73766
0.967026,-1.22975,9.78288
0.949173,-1.17857,9.7924
0.961075,-1.24165,9.86262
1.00749,-1.3452,9.8412
0.943222,-1.31544,9.8055
0.912277,-1.15239,9.87096
0.93132,-1.13216,9.8412
0.92894,-1.15239,9.86858
0.92775,-1.34996,9.83406
0.958694,-1.30711,9.87334
0.975357,-1.26784,9.83168
0.925369,-1.24998,9.80431
0.958694,-1.33687,9.83049
0.952744,-1.2726,9.82454
0.825394,-1.29878,9.83882
0.833725,-1.35591,9.77098
0.794449,-1.32497,9.77455
0.830154,-1.29997,9.81383
0.845627,-1.32378,9.8662
0.792068,-1.28212,9.86262
0.80397,-1.36781,9.9269
0.752792,-1.24046,9.91975
0.721848,-1.2726,9.88405
0.743271,-1.46303,9.84834
0.769455,-1.39876,9.78764
0.712326,-1.33687,9.81026
0.693283,-1.30473,9.78169
0.746841,-1.31187,9.78526
0.719467,-1.31425,9.71028
0.707565,-1.15834,9.7686
0.73851,-1.16905,9.69243
0.811111,-1.27141,9.70076
0.758743,-1.31306,9.65791
0.768265,-1.22975,9.73527
0.80516,-1.18929,9.74599
0.80516,-1.22261,9.72694
0.756363,-1.15239,9.66386
0.745651,-1.1631,9.76027
0.770645,-1.17738,9.80193
0.812302,-1.16786,9.82335
0.73494,-1.06075,9.91142
0.733749,-1.14882,9.88167
0.806351,-1.24998,9.93523
0.80397,-1.21904,9.94832
0.73851,-1.23927,9.91975
0.753983,-1.21071,9.89833
0.809921,-1.24165,9.83287
0.763504,-1.31187,9.82573
0.815872,-1.394,9.83406
0.825394,-1.35353,9.87453
0.809921,-1.35472,9.81978
0.724228,-1.32378,9.79836
0.664719,-1.29759,9.82811
0.60997,-1.2119,9.8662
0.648056,-1.24403,9.89
0.630203,-1.22142,9.83406
0.573074,-1.24641,9.83882
0.573074,-1.28212,9.8055
0.576645,-1.31306,9.81026
0.61116,-1.31664,9.83644
0.574264,-1.35234,9.81978
0.60759,-1.40709,9.78169
0.549271,-1.36662,9.74242
0.467148,-1.23213,9.75194
0.495712,-1.23808,9.83644
0.636154,-1.36781,9.81383
0.629013,-1.2726,9.91975
0.570694,-1.2476,9.87453
0.536179,-1.25237,9.92094
0.500473,-1.39043,9.86025
0.537369,-1.28688,9.82573
0.509995,-1.11906,9.90428
0.538559,-1.14644,9.97807
0.502853,-1.24165,9.93047
0.539749,-1.33687,9.79598
0.570694,-1.23451,9.60912
0.564743,-1.175,9.47701
0.590927,-1.03813,9.22469
0.631393,-1.16191,9.01045
0.665909,-1.31544,8.57008
0.67543,-1.05003,8.11067
0.551651,-0.606094,7.31325
0.188644,0.0437469,6.68959
-0.057724,0.354385,6.13853
0.273148,0.380569,5.78505
1.18126,0.207993,6.11711
2.26909,-0.570389,6.94191
3.0558,-1.35472,7.41322
3.55092,-1.92839,7.45012
4.08055,-1.63918,7.60246
4.53877,-1.22975,7.75124
4.90535,-1.18214,8.15352
5.31834,-1.44875,8.27016
5.7599,-1.31544,8.39989
6.11815,-1.28093,8.44273
6.57756,-1.31544,8.3249
6.87273,-1.17143,8.34633
7.02864,-1.11192,8.2047
7.37141,-1.5273,8.13924
7.7737,-1.60823,7.81908
7.99626,-1.22975,7.45845
7.95818,-0.719162,7.07164
7.90819,-0.0859833,6.89073
8.09267,-0.302597,6.9312
8.51161,-0.631088,6.61223
8.77345,-0.923874,6.2159
8.85201,-0.615616,5.94691
8.80202,-0.354965,5.87074
8.93175,-0.197861,5.57201
9.18169,-0.404953,5.21257
9.16859,-0.0407562,5.0269
9.07933,-0.185959,4.74126
9.30071,-0.503738,4.55559
9.53517,-0.454941,4.20448
9.53636,-0.19072,4.10451
9.25786,0.12825,3.79506
9.25072,-0.0955048,3.60939
9.47328,0.0151825,3.33684
9.63158,0.404373,3.13451
9.52208,0.850693,3.13451
9.55898,0.143723,2.75603
9.75417,-0.210953,2.61678
9.95293,0.0877838,2.63701
9.95769,0.25322,2.6263
9.90294,0.412704,2.65248
9.75655,0.550766,2.49062
9.7982,0.32106,2.15736
9.7137,0.582901,2.0443
9.55659,0.825699,2.0443
9.54469,0.538864,1.94075
9.53517,-0.0693207,1.78008
9.62801,0.184189,1.78484
9.60777,0.904251,1.9836
9.55898,0.743576,1.88838
9.62087,0.235367,1.88838
9.72322,0.366287,1.94075
9.69466,0.660263,2.08357
9.66133,0.590042,1.88957
9.63991,0.228226,1.87529
9.65657,0.45079,2.08357
9.65419,0.344864,2.36684
9.72084,0.119919,2.75008
9.91603,0.0627899,3.05238
10.0291,-0.0098114,3.25114
10.0803,0.075882,3.43324
10.1303,0.118729,3.54274
10.0636,0.0996857,3.54512
9.91841,-0.241898,3.57606
9.76845,-0.0574188,3.83195
9.71132,0.0211334,4.09142
9.71489,-0.454941,4.17354
9.6292,-0.533493,4.42467
9.61372,-0.554916,4.6996
9.7625,-0.634659,5.03047
9.8101,-0.651321,5.23042
9.56374,-0.870316,5.50893
9.53279,-1.1512,5.69579
9.33165,-1.09169,5.91716
8.87819,-0.953629,6.18614
8.48305,-0.970291,6.37776
8.19859,-1.01552,6.67769
8.07481,-1.09169,6.94667
7.68086,-1.24046,6.97047
7.30238,-1.36781,7.00023
6.92986,-1.20238,7.26683
6.6823,-1.3083,7.45012
6.54066,-1.43327,7.56795
6.2336,-1.41899,7.6834
5.78609,-1.394,7.89882
5.40642,-1.35234,8.08449
5.21123,-1.43803,8.15233
4.89345,-1.48088,8.10234
4.60423,-1.45232,8.31538
4.23766,-1.50349,8.32253
3.71992,-1.52373,8.2404
3.32954,-1.3571,8.17613
2.60591,-0.916733,8.02379
1.92274,-0.844131,8.13091
1.43953,-1.41542,7.83217
1.34669,-1.61299,7.97261
1.22887,-0.958389,8.14281
0.790878,-0.672745,8.19041
0.601639,-0.850082,8.28325
0.565933,-1.35948,8.29634
0.388596,-1.17619,8.37489
0.125565,-0.690598,8.30824
-0.0493927,-0.507309,8.34514
-0.0374908,-0.584671,8.38322
0.089859,-0.709641,8.50105
0.261246,-0.8965,8.8712
0.389786,-0.748917,9.01521
0.406448,-0.759628,9.23659
0.527847,-0.957199,9.41512
0.456436,-0.929825,9.52223
0.423111,-0.714401,9.81502
0.294571,-0.788193,9.63173
0.143417,-0.870316,9.58412
0.112473,-0.875076,9.61269
0.0470123,-0.934586,9.64006
-0.0243988,-0.90007,9.75551
0.000595093,-0.669174,9.98997
0.0743866,-0.713211,9.89
0.00892639,-0.697739,9.90904
0.0910492,-0.953629,9.98045
0.116043,-0.925064,9.94475
0.0850983,-0.669174,9.96379
0.038681,-0.621567,9.93999
-0.0136871,-0.750107,9.90904
0.0303497,-0.989334,9.91261
-0.0243988,-1.05003,9.9269
-0.105331,-0.796524,9.84239
-0.130325,-0.490646,9.98997
-0.0970001,-0.745346,9.91618
-0.0136871,-1.21666,9.85905
0.0136871,-0.995285,9.87215
0.0351105,-0.725113,9.94237
-0.0493927,-0.737015,9.92213
-0.105331,-0.859604,9.78883
-0.126755,-1.11311,9.73527
-0.127945,-0.8965,9.78169
-0.169601,-0.716782,9.83287
-0.101761,-0.906021,9.84596
-0.0779572,-0.8965,9.79002
-0.0958099,-0.796524,9.86382
-0.0327301,-0.864365,9.85667
-0.0458221,-0.889359,9.84239
-0.0243988,-0.854843,9.95665
-0.0303497,-0.838181,9.97331
-0.0636749,-0.763199,9.88762
-0.0220184,-0.911972,9.86382
0.0648651,-1.06908,9.83168
0.137466,-0.958389,9.8781
0.0315399,-0.794144,9.90785
0.044632,-0.911972,9.92213
0.0529633,-0.950058,9.84001
0.0910492,-0.791763,9.8781
0.00178528,-0.715591,9.87572
-0.0148773,-0.816757,9.88405
0.0565338,-0.822708,9.89357
0.141037,-0.794144,9.96022
0.0243988,-0.861984,9.9269
0.0684357,-0.882217,9.93166
0.121994,-0.846512,9.93642
0.131516,-0.878647,10.0602
0.0636749,-0.858414,10.0114
0.0970001,-0.732254,9.96022
0.076767,-0.717972,10.0412
0.121994,-0.883408,9.98045
0.0172577,-0.869125,9.92808
-0.0434418,-0.856033,9.8531
0.0374908,-0.77153,9.91975
-0.0327301,-0.795334,9.83763
-0.0339203,-0.938156,9.78883
0.0339203,-0.894119,9.89357
0.0815277,-0.747726,9.88286
0.145798,-0.823898,9.88881
0.117233,-0.975052,9.84477
0.0981903,-0.944107,9.87691
0.104141,-0.840561,9.91023
0.0505829,-0.734634,9.97093
-0.0612946,-0.819138,10.0102
-0.0970001,-0.903641,9.95427
0.0220184,-0.850082,10.0578
-0.0243988,-0.8358,10.0495
0.0303497,-0.806046,9.98997
0.0696259,-0.829849,9.99355
0.0541534,-0.838181,9.89952
0.089859,-0.792953,9.91737
0.0327301,-0.822708,9.7924
0.0220184,-0.879837,9.80193
0.0803375,-0.916733,9.77217
-0.0422516,-0.758438,9.69719
-0.135086,-0.713211,9.75908
-0.0684357,-0.745346,9.69719
0.00297546,-0.742966,9.77812
0.0363007,-0.748917,9.78883
0.108902,-0.848892,9.98283
0.144608,-0.857224,9.85667
0.163651,-0.945297,9.82216
0.123184,-0.791763,9.89952
0.208878,-0.850082,9.85072
0.179123,-0.891739,9.80431
0.131516,-0.831039,9.78764
0.146988,-0.838181,9.83287
0.191025,-0.838181,9.96498
0.248154,-0.720352,10.0126
0.218399,-0.826279,9.96855
0.218399,-0.77034,9.93285
0.339798,-0.756058,10.0792
0.28624,-0.861984,10.0947
0.199356,-0.827469,10.1209
0.263626,-0.589432,10.1066
0.336227,-0.481125,10.1387
0.387405,-0.692978,10.1423
0.408829,-0.76915,10.0876
0.333847,-0.77153,9.99235
0.374313,-0.77153,9.93523
0.35408,-0.798904,9.79836
0.399307,-0.815567,9.78407
0.411209,-0.766769,9.76146
0.375504,-0.614426,9.78526
0.315994,-0.509689,9.76146
0.283859,-0.683456,9.65434
0.327896,-0.713211,9.72575
0.296951,-0.759628,9.64839
0.260056,-0.650131,9.70671
0.306473,-0.503738,9.80669
0.307663,-0.725113,9.84358
0.243393,-0.694168,9.8293
0.264816,-0.860794,9.81026
0.214828,-0.752487,9.8412
0.142227,-0.721542,9.81383
0.266006,-0.819138,9.91618
0.305283,-0.676315,9.91142
0.293381,-0.659653,9.95546
0.276718,-0.685837,10.0209
0.261246,-0.721542,9.96617
0.273148,-0.741776,10.0019
0.231491,-0.710831,10.0102
0.170792,-0.633469,9.98879
0.281479,-0.647751,10.0328
0.331467,-0.828659,9.9138
0.212448,-0.807236,9.91142
0.133896,-0.725113,9.92451
0.137466,-0.739395,9.85786
0.188644,-0.632278,9.85191
0.217209,-0.709641,9.86739
0.294571,-0.541824,9.81383
0.283859,-0.462082,9.81502
0.243393,-0.51207,9.60674
0.291,-0.653702,9.61031
0.180313,-0.692978,9.29015
0.0184479,-0.779861,8.98784
-0.0220184,-0.798904,8.73909
-0.0827179,-0.798904,8.60341
-0.070816,-0.919113,8.53438
0.135086,-1.37019,8.38799
0.54808,-1.92006,8.30467
0.844437,-2.24855,8.49034
1.04439,-2.31401,8.64745
1.39549,-2.45326,9.01521
1.73708,-2.74843,9.30562
2.00011,-3.28044,9.29848
1.92393,-3.65059,9.27229
2.29051,-3.93504,9.37584
2.7654,-3.38875,9.696
2.89037,-2.1938,10.159
3.0796,-2.40089,10.3577
3.35454,-2.91148,10.2244
3.43666,-3.12215,10.2173
3.65804,-2.50087,10.4827
3.74016,-1.25356,11.0016
3.83894,-1.34639,10.8279
3.95796,-1.59276,10.8302
3.94963,-1.37614,11.1992
4.43166,-1.33925,11.2694
4.61137,-0.809616,11.5491
4.9113,-0.264511,11.9847
5.37547,0.00804138,12.3251
5.39571,-0.416855,12.1156
5.51591,-0.627518,12.2823
5.56709,0.419846,12.4382
5.2029,0.89711,12.1894
5.04698,0.467453,11.8752
5.05293,0.679306,11.7038
4.8625,1.67192,11.6336
4.24242,1.77428,11.129
3.74016,1.11253,10.5208
3.56401,1.33391,10.3244
3.22719,1.73857,10.1078
2.51189,1.63264,9.80788
2.27147,1.72905,9.75789
2.03938,2.22179,9.68291
1.60973,2.53362,9.56032
1.06224,2.52885,9.09972
0.601639,2.32295,8.72957
0.461197,2.13728,8.71291
0.133896,2.26939,8.55461
-0.174362,2.70024,8.45702
-0.408829,2.89662,8.38203
-0.649246,2.50624,8.14519
-0.914658,1.96828,7.92738
-1.05867,1.74333,7.65602
-1.33479,1.85521,7.41917
-1.76802,2.04445,7.14305
-1.87514,2.11467,6.95619
-1.77754,2.32414,6.74315
-2.13222,2.1599,6.45393
-3.37239,0.230606,6.18733
-3.63304,-0.32164,6.36586
-3.6259,-0.57872,6.47536
-3.22957,-0.453751,7.11092
-3.21648,-0.439468,7.51082
-3.32359,-1.25237,7.36085
-3.0927,-2.08669,7.43346
-3.30217,-2.47707,7.73219
-2.92488,-2.0724,8.26897
-2.43214,-1.31544,8.88072
-2.4369,-1.66298,8.85216
-2.52498,-2.34258,9.19017
-1.9763,-2.23308,9.75551
-1.30742,-2.00932,10.3839
-1.1396,-2.558,10.4351
-1.23958,-3.2007,10.422
-1.04558,-3.53395,10.5113
-0.457626,-3.1888,10.7814
-0.254105,-2.47826,11.1397
-0.433823,-2.53419,11.1623
-0.442154,-2.79366,10.96
-0.076767,-3.37447,10.9802
0.276718,-3.34233,11.0326
0.381454,-2.71034,11.4563
0.469528,-2.55086,11.4158
0.819443,-3.0793,11.3063
0.875381,-3.90767,10.9719
0.93013,-3.47563,11.1123
1.07771,-2.39613,11.5634
0.99559,-2.70915,11.2194
0.903946,-3.18642,10.8207
0.968216,-3.39946,10.6446
1.092,-2.35924,10.9195
1.02177,-1.64751,11.1028
1.2122,-2.18785,10.7648
1.45857,-2.37233,10.4018
1.36693,-2.33186,10.4077
1.21339,-1.90935,10.2804
1.36693,-1.67607,10.2018
1.51689,-1.59276,10.1697
1.60497,-1.70821,10.1328
1.62401,-1.46541,10.2685
1.69185,-1.44637,10.1459
1.71922,-1.61656,9.9876
1.71922,-1.38329,9.98283
1.8799,-1.51302,10.1411
1.94417,-1.52373,10.1816
2.04057,-1.74986,9.97807
1.97392,-1.46898,9.88405
1.86919,-1.55586,9.87215
1.86324,-1.91768,9.80788
1.77873,-1.87959,9.86144
1.73708,-1.84151,9.78764
1.71922,-1.757,9.77455
1.65614,-2.05098,9.5984
1.76445,-2.16643,9.57579
1.7097,-2.08788,9.51152
1.67043,-2.0248,9.42226
1.60258,-1.85698,9.38298
1.54189,-1.80699,9.41988
1.52403,-1.90935,9.43416
1.65257,-2.16167,9.56746
1.71327,-1.80699,9.71028
1.79897,-1.92244,9.76979
1.91798,-1.96648,9.9269
1.90608,-1.9641,10.034
1.73946,-1.89864,9.96617
1.67162,-1.71773,10.0281
1.68352,-1.47731,10.0269
1.5764,-1.45708,9.93642
1.44667,-1.49635,9.84001
1.37645,-1.60823,9.75432
1.31813,-1.3083,9.85905
1.36455,-1.36067,9.92213
1.33003,-1.32259,9.81859
1.24077,-1.51897,9.78407
1.24553,-1.76057,9.66863
1.22411,-1.61894,9.74123
1.18483,-1.56895,9.66267
1.2253,-1.45232,9.58531
1.24196,-1.57491,9.58055
1.13484,-1.62013,9.55318
1.04677,-1.53563,9.57698
0.982498,-1.63918,9.59721
0.782547,-1.71178,9.46629
0.702805,-1.48921,9.56508
0.692093,-1.3214,9.72932
0.67424,-1.42494,9.66743
0.649246,-1.56657,9.68767
0.487381,-1.7939,9.63292
0.365982,-1.75581,9.51985
0.382645,-1.4297,9.62816
0.364792,-1.44637,9.65434
0.604019,-1.59038,9.71504
0.646866,-1.57014,9.75789
0.584976,-1.61894,9.69243
0.539749,-1.69987,9.64958
0.47905,-1.44637,9.74242
0.456436,-1.13454,9.84358
0.443344,-1.17857,9.87572
0.437393,-1.43208,9.8174
0.268387,-1.43446,9.77812
0.251724,-1.11668,9.97688
0.41954,-1.02266,10.0542
0.518326,-1.31544,9.84239
0.593307,-1.40352,9.73885
0.523087,-1.51302,9.70552
0.280289,-1.68797,9.61269
0.266006,-1.68559,9.62578
0.407639,-1.45827,9.59245
0.448105,-0.972672,9.696
0.437393,-1.02147,9.58412
0.586166,-1.22023,9.59483
0.742081,-1.53206,9.60554
0.850388,-1.85817,9.502
1.02296,-1.40828,9.5865
0.944412,-0.717972,9.69957
0.999161,-0.695358,9.89833
0.970596,-0.915543,9.87334
0.93132,-1.10716,9.71861
0.840866,-0.8965,9.80073
0.93132,-0.891739,9.98521
0.964645,-1.19643,10.2102
1.05272,-1.25237,10.0888
1.02296,-1.21309,10.1768
1.00392,-1.16786,10.203
0.907516,-1.25594,10.0828
0.896805,-1.54039,9.89
0.894424,-1.23689,9.94713
0.807541,-0.916733,9.86501
0.727798,-1.14406,9.72099
0.662338,-1.52254,9.68053
0.817062,-1.43565,9.65077
0.902756,-1.06551,10.015
0.952744,-1.05598,10.0031
1.00392,-1.53325,9.93166
0.925369,-1.79866,9.70671
0.828964,-1.76414,9.57817
0.701614,-1.55467,9.52818
0.761124,-1.34282,9.56508
0.731369,-1.24165,9.5258
0.639725,-1.30711,9.48534
0.602829,-1.26665,9.50914
0.707565,-0.96434,9.59364
0.654007,-0.922684,9.5746
0.681381,-1.08812,9.58888
0.755173,-1.24403,9.80907
0.827774,-1.25117,9.9864
0.968216,-1.23927,10.0257
1.01701,-1.28331,9.99355
0.968216,-1.28688,9.90428
0.858719,-1.27736,9.87929
0.894424,-1.0298,9.96974
0.969406,-1.0905,9.8531
0.940842,-1.22737,9.84239
0.943222,-1.35948,9.75313
1.092,-1.2607,9.83882
1.07057,-1.11311,10.009
1.08604,-1.24165,9.94594
1.16103,-1.34758,9.92094
1.18126,-1.1631,9.94713
1.14317,-1.0786,10.0209
1.09914,-1.10359,9.95308
1.05867,-1.16072,9.84477
1.05153,-1.19762,9.70076
1.05629,-1.20952,9.67339
1.02058,-1.28331,9.66148
1.16103,-1.28212,9.8781
1.3336,-1.24403,9.92451
1.31337,-1.08693,9.90309
1.21458,-1.15953,9.75432
1.16341,-0.857224,9.65553
1.17412,-0.821518,9.68648
1.11699,-0.915543,9.66981
1.15865,-1.04646,9.70433
1.25981,-1.07622,9.89
1.44548,-1.12383,9.9864
1.46928,-1.20357,9.90547
1.43953,-1.24284,9.93285
1.29552,-1.04408,9.88286
1.26933,-1.08455,9.92213
1.25148,-1.05836,9.90785
1.29909,-0.923874,9.94237
1.41335,-0.854843,9.99712
1.38835,-0.914352,9.91737
1.33003,-0.77391,9.88643
1.28242,-0.689407,9.7686
1.23601,-0.739395,9.72099
1.19197,-0.822708,9.62459
1.20268,-0.77272,9.71028
