1.25267,-0.125259,9.74004
1.25267,-0.175247,9.74004
1.30028,-0.141922,9.76622
1.31218,-0.163345,9.78764
1.37407,-0.12764,9.8781
1.44548,-0.110977,9.94713
1.47881,-0.13002,9.88048
1.49785,-0.0990753,9.84953
1.51927,-0.120499,9.87334
1.48119,-0.115738,9.85667
1.30028,0.141342,9.75908
1.23839,0.224655,9.79002
1.18126,0.262741,9.78288
1.17412,0.312729,9.83525
1.1765,0.460312,9.73766
1.24553,0.296066,9.85667
1.36217,0.284164,9.85191
1.38359,0.260361,9.77098
1.35979,0.31749,9.74718
1.25505,0.219894,9.65672
1.20506,0.179428,9.69005
1.19792,0.12468,9.79002
1.16222,0.205612,9.90666
1.11699,0.179428,10.0019
1.21458,0.155624,9.93285
1.30266,0.117538,9.93999
1.31694,-0.0300446,9.85905
1.30266,-0.0419464,9.81859
1.33598,0.00328064,9.85667
1.30266,0.0318451,9.93285
1.25743,-0.0419464,9.82811
1.18364,0.0223236,9.82811
1.13841,0.0485077,9.72337
1.03606,0.0794525,9.6591
0.940842,0.138962,9.69005
0.978928,0.0461273,9.65434
1.06938,-0.0728912,9.55437
0.986069,-0.077652,9.52818
1.04082,-0.0229034,9.55913
1.10985,0.0723114,9.61388
1.3217,-0.241898,9.67815
1.36931,-0.177628,9.73527
1.45976,-0.132401,9.94475
1.55022,-0.19429,9.98997
1.48357,-0.239517,9.92333
1.41216,-0.203812,9.78288
1.24315,-0.0990753,9.69719
1.20506,-0.0276642,9.7448
1.09795,0.0223236,9.60912
1.13365,-0.0490875,9.71623
1.61925,-0.0871735,10.0566
1.843,-0.0752716,10.1423
1.90013,-0.058609,10.1019
1.96202,-0.0110016,10.1733
1.9406,0.0532684,10.0542
1.93346,0.069931,10.0376
1.99059,0.0104218,9.93047
1.92155,-0.0538483,9.81145
1.22887,0.25322,9.57579
1.23125,0.148483,9.68529
1.31218,0.024704,9.6115
1.33122,-0.0324249,9.73527
1.43358,-0.0705109,9.95427
1.57164,-0.106216,10.0709
1.60735,-0.0633698,9.95189
1.5764,-0.0800324,9.97807
1.60497,-0.0681305,9.97093
1.66447,-0.0895538,9.8781
1.1884,-0.270462,9.60912
1.27885,-0.253799,9.65434
1.39787,-0.289505,9.71385
1.54546,-0.38472,9.7567
1.65019,-0.410904,9.79478
1.64781,-0.327591,9.91856
1.75017,-0.349014,10.0162
1.82158,-0.353775,10.0376
1.73112,-0.308548,9.91856
1.68114,-0.244278,9.8781
1.19792,-0.0205231,9.50676
1.21935,-0.0324249,9.6234
1.2979,-0.077652,9.75908
1.51689,-0.182388,9.8781
1.5645,-0.232376,9.8781
1.70732,-0.218094,10.0281
1.79539,-0.160965,10.0281
1.77635,-0.139542,10.128
1.64067,-0.110977,10.1138
1.47166,-0.172867,10.1352
1.33836,-0.299026,10.0019
1.3455,-0.0800324,9.99235
1.32884,-0.0871735,10.0566
1.33122,-0.12764,10.009
1.31218,-0.0014801,10.0066
1.41216,0.0389862,9.99474
1.34074,0.0318451,9.96379
1.23601,-0.0514679,9.67339
1.11461,-0.184769,9.47582
1.32408,-0.472794,9.67815
1.10747,0.00804138,9.64244
1.07414,-0.00386047,9.63292
1.0789,-0.00624084,9.61388
1.15984,0.196091,9.51152
1.17888,0.305588,9.48058
1.24077,0.184189,9.39964
1.22887,0.0151825,9.27348
1.19078,0.105637,9.37822
1.11223,0.357956,9.49724
1.14317,0.422226,9.7448
1.05272,-0.137161,10.2209
1.07176,-0.106216,10.2256
1.05748,0.0294647,10.2161
1.05986,0.0389862,10.2209
1.15508,0.0104218,10.109
1.17412,-0.0371857,10.1423
1.19078,0.0604095,10.0114
1.20982,0.0223236,9.96617
1.14317,0.0199432,9.91142
1.10271,0.0223236,9.86858
0.771835,0.0366058,9.76146
0.798019,0.131821,9.83287
0.900375,0.141342,9.99712
1.09319,0.0199432,10.0138
1.31218,-0.160965,10.0043
1.38835,-0.232376,9.95189
1.54308,-0.222855,9.98045
1.74303,-0.170486,9.99474
1.88585,-0.222855,10.0281
1.97392,-0.346634,9.97569
1.55974,0.0913544,9.26872
1.55498,0.0151825,9.2592
1.43596,-0.0181427,9.19731
1.35979,-0.0205231,9.02116
1.25267,-0.0895538,9.1021
1.28362,-0.244278,9.04735
1.30028,-0.341873,9.15447
1.30266,-0.401382,9.19493
1.4193,-0.394241,9.28777
1.51927,-0.289505,9.27348
1.44548,-0.218094,10.1352
1.44072,-0.172867,10.0947
1.42168,-0.172867,10.0352
1.35027,-0.25856,9.98283
1.34312,-0.391861,9.91618
0.971786,0.165146,9.79478
1.59782,-0.744156,10.04
1.55498,-0.620377,9.7805
1.33122,-0.315689,9.88048
1.27409,-0.353775,9.90904
1.21458,-0.437088,9.77574
1.17888,-0.551346,9.72337
1.22887,-0.539444,9.69957
1.14317,-0.496597,9.53056
1.09795,-0.472794,9.46629
1.12889,-0.287125,9.61864
1.3217,-0.289505,9.64006
1.26933,-0.218094,9.57341
1.29076,-0.134781,9.56389
1.40977,-0.039566,9.58055
0.943222,-0.19191,9.3925
0.962265,-0.253799,9.283
1.02415,-0.13002,9.41631
1.09795,0.0746918,9.54723
0.757553,-0.0871735,9.6591
0.583786,-0.118118,9.38774
0.707565,-0.0871735,9.44011
0.700424,-0.168106,9.62102
0.650436,-0.263321,9.63292
0.700424,-0.315689,9.96379
0.92894,-0.346634,10.1804
1.0313,-0.44899,10.1994
1.02653,-0.358536,10.2756
1.00749,-0.337112,10.259
1.00035,-0.327591,10.2352
0.964645,-0.277603,10.1423
0.997971,-0.244278,10.1661
1.02177,-0.225235,10.2137
1.13841,-0.213333,10.3375
1.16936,-0.19191,10.3851
0.828964,-0.329971,9.6472
0.881332,-0.291885,9.65434
0.890854,-0.187149,9.60912
0.828964,-0.210953,9.57817
0.781357,-0.106216,9.50676
0.798019,0.110397,9.49724
0.857529,0.196091,9.65196
0.917038,0.260361,9.71147
0.890854,0.143723,9.71623
0.926559,-0.113358,9.64244
1.08604,-0.218094,9.80431
1.20982,-0.19191,9.91618
1.29314,-0.175247,10.0043
1.36455,-0.0847931,9.96617
1.31932,-0.0657501,9.93285
1.30504,-0.160965,9.92808
1.24077,-0.215714,9.92571
1.23363,-0.220474,9.98521
1.21935,-0.137161,9.93761
1.15508,-0.077652,9.96379
0.895615,-0.291885,9.96855
0.976547,-0.337112,9.97807
0.99559,-0.25856,9.85191
1.09795,-0.277603,9.88762
1.0313,-0.365677,9.86382
1.07414,-0.437088,9.84715
1.06462,-0.477554,9.82573
1.05986,-0.434708,9.84239
1.01463,-0.341873,9.77098
1.04558,-0.32045,9.76146
0.855148,0.0794525,9.36394
0.917038,0.172287,9.37108
1.04558,0.296066,9.39726
1.02415,0.305588,9.31633
1.05034,0.365097,9.32347
1.09557,0.367477,9.30919
1.17888,0.493637,9.31157
1.24315,0.657883,9.25682
1.23839,0.819748,9.21159
1.40739,0.941147,9.25682
1.84062,2.21703,8.75218
1.90013,2.03136,8.7141
1.91917,1.87425,8.72124
1.97154,1.7719,8.79741
2.30003,1.71477,8.94737
2.51665,1.73619,9.04497
2.66899,1.57195,9.17351
2.79991,1.37437,9.22111
2.83086,1.18394,9.41631
2.87132,1.08159,9.6234
4.2567,0.103256,12.237
4.38048,-0.291885,12.2728
4.32097,-0.63942,12.1704
4.17101,-0.677505,12.4061
4.20433,-0.815567,12.506
4.16862,-0.913162,12.5203
3.98534,-0.982193,12.6227
3.8925,-1.22023,12.606
3.91869,-1.42018,12.5751
3.8806,-1.40828,12.4513
3.20219,-2.96742,11.8752
3.0927,-3.17213,11.6562
2.81419,-3.42445,11.4325
2.59282,-3.59822,11.254
2.39049,-3.62679,11.0302
2.41429,-3.63869,10.9707
2.07152,-3.39589,10.8445
2.19292,-3.70296,10.5279
1.79063,-3.4673,10.0828
1.68352,-3.64107,10.0804
-0.0922394,-1.99623,8.97118
-0.118423,-1.86055,8.98784
-0.263626,-1.77724,9.04735
-0.504044,-1.80342,8.75218
-0.637344,-1.87245,8.4832
-0.67543,-1.90816,8.17851
-0.654007,-1.78438,7.98094
-0.715897,-1.75819,7.8643
-0.782547,-1.69154,7.60722
-0.949173,-1.57252,7.47154
-2.48451,-0.277603,6.3123
-2.65828,-0.496597,6.09331
-2.63448,-0.775101,6.03856
-2.50117,-0.810806,6.14091
-2.39644,-0.418045,6.23375
-2.50117,-0.0467072,6.30516
-2.77492,0.0746918,6.18376
-3.04866,0.205612,5.80766
-3.14149,0.57933,5.75767
-2.91298,1.08635,6.06474
-2.35121,2.9359,6.786
-2.33693,2.9597,6.80742
-2.34407,2.96446,6.99547
-2.53688,2.66692,7.08592
-2.63448,2.68834,7.25493
-2.39882,2.74071,7.36205
-2.04176,3.07158,7.54057
-1.7466,3.55479,7.78099
-1.55141,3.69048,7.85716
-1.50142,3.56432,7.83098
-1.80611,3.42625,9.44011
-1.66328,3.74522,9.67577
-1.49904,4.02135,9.96617
-1.31099,4.07371,10.0614
-1.25624,3.7119,10.3089
-1.42049,3.18822,10.4113
-1.4919,2.85735,10.466
-1.41573,3.0811,10.7136
-1.17769,3.46434,10.9231
-0.877762,3.8333,11.2063
0.321945,1.73381,10.9754
0.274338,1.70525,11.0112
0.279099,1.62431,10.9802
0.264816,1.62193,10.7707
0.329086,1.47435,10.8564
0.429062,1.35295,10.8874
0.471909,1.15776,10.9231
0.393356,1.0554,10.835
0.28624,0.926865,10.8826
0.164841,0.791184,10.8755
0.281479,0.572189,10.8398
0.402878,0.38176,10.8588
0.60759,0.243698,10.7779
0.790878,0.148483,10.7422
0.838486,-0.0657501,10.7803
0.947983,-0.199051,10.7969
1.01701,-0.206192,10.9088
1.11223,-0.137161,10.8469
1.19316,-0.206192,10.8255
1.10747,-0.32045,10.6827
1.06224,-0.453751,10.4899
1.03368,-0.746536,10.5755
1.09081,-0.917923,10.4541
1.0313,-0.815567,10.566
1.10509,-0.763199,10.5018
1.23363,-0.710831,10.5898
1.35265,-0.760818,10.566
1.45262,-0.996475,10.4137
1.35979,-1.0179,10.3494
1.27647,-1.10121,10.2566
1.2003,-0.106216,9.9995
1.1884,-0.149063,10.0281
1.22411,-0.299026,9.99235
1.26457,-0.180008,10.0661
1.30742,-0.00624084,10.1756
1.37169,-0.039566,10.1423
1.31932,-0.039566,10.0685
1.3336,-0.118118,9.87096
1.32408,-0.160965,9.81621
1.29314,-0.0419464,9.91856
1.2979,0.764999,10.04
1.38597,0.645981,10.0066
1.39073,0.493637,9.96379
1.30742,0.412704,9.84477
1.23125,0.393661,9.80907
1.23125,0.467453,9.75432
1.26695,0.484116,9.85905
1.34789,0.484116,9.81145
1.3217,0.548386,9.70195
1.27885,0.522202,9.66863
1.38835,0.434128,9.70671
1.35503,0.336533,9.66863
1.30742,0.172287,9.69481
1.32646,0.186569,9.65196
1.28362,0.272263,9.60912
1.27647,0.310349,9.60197
1.33598,0.38176,9.67339
1.26933,0.419846,9.65672
1.2979,0.348434,9.67577
1.21696,0.260361,9.59721
1.12889,0.357956,9.83049
1.20506,0.360336,9.78764
1.21458,0.369858,9.74004
1.30742,0.288925,9.80431
1.32646,0.286545,9.81383
1.27171,0.207993,9.79478
1.25981,0.0556488,9.72099
1.13603,-0.0276642,9.74718
1.15746,0.0318451,9.78288
1.286,0.172287,9.90666
1.3455,0.19133,9.88762
1.36693,0.158005,9.88524
1.33122,0.196091,9.85905
1.33598,0.212753,9.8662
1.3098,0.18895,9.92094
1.26695,0.172287,9.85429
1.24077,0.179428,9.76146
1.24553,0.219894,9.88048
1.27647,0.25798,9.80431
1.26933,0.241318,9.7686
1.31218,0.205612,9.79002
1.25505,0.269882,9.73052
1.20268,0.296066,9.73052
1.09081,0.300827,9.7567
1.07176,0.231796,9.70433
1.20268,0.146103,9.59245
1.26219,0.122299,9.76146
1.28838,0.0937347,9.74956
1.19792,0.215134,9.73766
1.17412,0.224655,9.73289
1.24315,0.0937347,9.76146
1.19078,0.088974,9.79955
1.17888,0.0818329,9.7686
1.15269,0.0604095,9.74242
1.22173,0.122299,9.83763
1.23601,0.165146,9.7924
1.22411,0.184189,9.81383
1.16222,0.12468,9.78288
1.16936,0.0865936,9.7686
1.20982,0.119919,9.82335
1.11699,0.172287,9.74004
1.09081,0.141342,9.70195
1.08842,0.134201,9.69481
1.13127,0.110397,9.70195
1.15984,0.0270844,9.69481
1.19554,0.0723114,9.75194
1.24077,0.0651703,9.69719
1.1884,0.0651703,9.70195
1.16698,0.0556488,9.70195
1.15031,0.0627899,9.66386
1.10747,0.0937347,9.71147
1.1884,0.0961151,9.77574
1.21696,0.138962,9.77574
1.22411,0.136581,9.73766
1.14793,0.148483,9.73766
1.19792,0.196091,9.7924
1.28362,0.167526,9.85905
1.14079,0.160385,9.7448
1.11461,0.150864,9.72575
1.18364,0.0961151,9.76622
1.25743,0.105637,9.76622
1.20506,0.138962,9.90666
1.29552,0.138962,9.84953
1.286,0.0865936,9.90428
1.25505,0.088974,9.90904
1.26933,0.119919,9.91142
1.25743,0.0723114,9.91856
1.16936,0.088974,9.76384
1.17412,0.0556488,9.81145
1.23125,0.0961151,9.79478
1.286,0.122299,9.87572
1.34074,0.186569,9.81859
1.31932,0.148483,9.88286
1.3098,0.119919,9.83763
1.19078,0.0818329,9.80431
1.19554,0.0175629,9.77812
1.2122,-0.00862122,9.77336
1.11699,0.227036,9.68291
1.09319,0.12944,9.75432
1.13841,0.0794525,9.71385
1.14793,0.024704,9.74004
1.20744,-0.0300446,9.73052
1.24553,-0.00386047,9.65672
1.1884,-0.0300446,9.73052
1.16698,0.0461273,9.79002
1.14079,0.148483,9.81145
1.07414,0.222275,9.78526
1.12889,0.267502,9.80431
1.09557,0.203232,9.82573
1.15269,0.148483,9.82097
1.15746,0.162766,9.8781
1.16936,0.12468,9.86382
1.13841,0.0604095,9.83763
1.20268,0.0318451,9.81145
1.15269,0.0675507,9.65672
1.15508,0.0413666,9.81621
1.19316,-0.0014801,9.82335
1.0789,0.0675507,9.78764
1.06462,0.0318451,9.76146
1.09081,0.0675507,9.7805
1.12175,0.108017,9.69957
1.11937,0.0937347,9.75432
1.13603,0.0865936,9.76622
1.14317,0.131821,9.83287
1.1765,0.19133,9.81859
1.07652,0.12706,9.72575
1.08128,0.0223236,9.76384
1.07414,0.0651703,9.68767
1.08604,0.0437469,9.78526
1.09319,0.0342255,9.80193
1.067,0.0389862,9.73766
1.07176,0.143723,9.7567
1.0551,0.196091,9.77574
1.07652,0.200851,9.82335
1.07176,0.274643,9.82335
1.07176,0.143723,9.86144
1.14793,0.100876,9.83763
1.12175,0.0508881,9.7686
1.08128,0.165146,9.82335
1.04796,0.19371,9.77336
1.15269,0.136581,9.78526
1.16222,0.000900269,9.72337
1.15031,0.000900269,9.7686
1.11461,0.0770721,9.7448
1.11937,0.143723,9.80907
1.11699,0.19133,9.75908
1.12413,0.229416,9.76146
1.10033,0.241318,9.85191
1.0789,0.19371,9.83049
1.15269,0.155624,9.81859
1.19792,0.0675507,9.79716
1.2003,0.141342,9.82335
1.15984,0.179428,9.81621
1.06462,0.134201,9.85191
1.10985,0.155624,9.90904
1.09081,0.19371,9.79002
1.07414,0.186569,9.82097
1.00749,0.186569,9.7924
1.03844,0.224655,9.81383
1.10509,0.177048,9.77574
1.0432,0.160385,9.78288
1.05748,0.160385,9.74956
1.01463,0.122299,9.73766
1.08842,0.141342,9.84001
1.1765,0.0746918,9.87334
1.22411,0.0175629,9.84239
1.15508,-0.0181427,9.82097
1.06224,0.069931,9.74718
1.15269,0.0984955,9.78288
1.22887,0.069931,9.80431
1.11937,0.0675507,9.7567
1.06224,0.0199432,9.75194
1.00273,0.0604095,9.7567
1.05034,0.0508881,9.83049
1.09557,0.0913544,9.84477
1.07414,0.169907,9.79716
1.02415,0.136581,9.70433
0.997971,0.108017,9.78288
0.99559,0.0794525,9.71623
0.986069,0.122299,9.79955
1.00035,0.0961151,9.77098
1.00511,0.0842133,9.73289
1.05986,0.12706,9.7924
1.08128,0.250839,9.88524
1.09557,0.305588,9.83049
1.13603,0.348434,9.86144
1.06224,0.260361,9.80907
1.0551,0.238937,9.76384
1.09081,0.169907,9.82573
1.08604,0.217514,9.78526
1.06224,0.227036,9.75432
1.0432,0.158005,9.78526
0.978928,0.215134,9.81145
0.967026,0.25322,9.75908
0.952744,0.224655,9.71147
0.959885,0.215134,9.74242
1.06224,0.19371,9.7567
1.00273,0.186569,9.72337
1.05986,0.288925,9.74242
1.0313,0.274643,9.72575
0.959885,0.236557,9.67339
0.978928,0.207993,9.69005
1.01225,0.12944,9.66624
1.07414,0.138962,9.71861
1.10271,0.134201,9.73766
1.04558,0.134201,9.7805
1.03606,0.198471,9.81859
1.04082,0.19133,9.85667
1.02653,0.134201,9.78764
1.03844,0.150864,9.79478
1.07652,0.138962,9.86382
1.09557,0.167526,9.84239
1.02892,0.236557,9.7686
1.01939,0.267502,9.84715
1.00035,0.300827,9.84477
1.00749,0.234177,9.83763
0.914658,0.153244,9.90904
1.04796,0.186569,9.83763
1.0789,0.155624,9.82811
1.04558,0.217514,9.93285
1.067,0.146103,9.91618
1.04082,0.12944,9.93047
1.10509,0.136581,9.88048
1.10033,0.19371,9.94713
1.09795,0.207993,9.9995
1.08842,0.150864,9.90666
1.04796,0.160385,9.9138
1.11699,0.246078,9.71147
1.01939,0.19371,9.7448
0.971786,0.103256,9.65434
0.971786,0.0842133,9.64958
1.05986,0.0961151,9.66386
1.08842,0.172287,9.65672
1.06462,0.205612,9.69481
0.978928,0.234177,9.67815
0.936081,0.293686,9.69243
0.971786,0.362717,9.71861
1.09081,0.243698,9.89952
1.12175,0.169907,9.92808
1.09557,0.153244,9.81859
1.05034,0.174667,9.88286
1.09081,0.224655,9.93523
1.14079,0.227036,9.88524
1.12651,0.31749,9.91142
1.05034,0.310349,9.82811
1.02415,0.31749,9.90904
1.00035,0.343674,9.85667
1.04558,0.184189,9.78526
1.04558,0.12944,9.87572
1.05986,0.227036,9.85905
1.07176,0.315109,9.85667
1.09795,0.234177,9.85667
1.12175,0.167526,9.7686
1.10747,0.0651703,9.76146
1.08128,0.115158,9.79716
1.02653,0.115158,9.7686
0.976547,0.174667,9.77812
0.971786,0.231796,9.74242
0.964645,0.284164,9.72813
1.01939,0.238937,9.67577
1.07414,0.243698,9.69957
0.990829,0.260361,9.66863
0.936081,0.212753,9.71385
0.912277,0.243698,9.66386
0.909897,0.336533,9.72099
1.00987,0.341293,9.66863
1.08128,0.25322,9.71385
1.16698,0.25322,9.6353
1.29076,0.205612,9.71147
1.26219,0.241318,9.73052
1.17888,0.277023,9.62102
1.17412,0.305588,9.6353
1.06462,0.291306,9.66386
1.10271,0.219894,9.59483
1.19792,0.0199432,9.74718
1.34789,-0.0276642,9.76384
1.44548,0.0128021,9.80193
1.42406,0.0604095,9.82811
1.36455,0.122299,9.77336
1.30742,0.181808,9.74242
1.31456,0.105637,9.70909
1.3217,0.119919,9.66624
1.26457,0.131821,9.59007
1.31694,0.0794525,9.6472
1.34074,0.184189,9.68529
1.31694,0.25322,9.71623
1.30504,0.286545,9.72575
1.2979,0.205612,9.73052
1.35979,0.234177,9.75194
1.40739,0.31749,9.88762
1.59306,0.305588,9.94237
1.60973,0.162766,9.9138
1.57164,0.165146,9.80431
1.47404,0.234177,9.84953
1.42406,0.262741,9.84001
1.48833,0.274643,9.92808
1.63115,0.200851,9.97807
1.59068,0.307968,10.0328
1.57878,0.227036,10.009
1.54784,0.329391,9.92094
1.53831,0.369858,9.83287
1.49309,0.367477,9.72337
1.42168,0.288925,9.68053
1.38597,0.169907,9.55913
1.35979,0.100876,9.39964
1.28362,0.0794525,9.32347
1.25029,0.115158,9.28062
1.27409,0.229416,9.2235
1.29076,0.179428,9.10448
1.25505,0.12468,9.04021
1.18364,-0.0229034,8.94023
1.24315,-0.301407,8.7379
1.19316,-0.337112,8.75456
1.15269,-0.25856,8.6403
1.17412,-0.32045,8.6165
1.2003,-0.501358,8.64745
1.47166,-0.877457,8.68791
3.41405,-1.84151,10.3875
3.48784,-1.006,10.8255
3.50926,-0.710831,10.9897
3.57115,-0.710831,10.7993
3.66399,-1.1393,10.3875
3.83299,-1.71535,10.0685
3.9044,-2.0605,9.98997
3.98058,-1.43446,10.4184
4.10435,-0.522781,10.7231
4.22337,0.0984955,11.0278
5.14934,0.774521,11.5658
5.21599,0.814987,11.6253
5.28026,0.762619,11.4111
5.39214,0.507919,11.4491
5.49925,0.391281,11.5015
5.58257,0.117538,11.6205
5.73967,0.560288,11.6943
5.69682,0.764999,11.4801
5.66588,1.12444,11.4325
5.5421,1.70763,11.2373
3.81395,2.34557,9.89238
3.83061,2.66454,10.1542
3.88774,2.85735,10.109
3.53545,3.11919,10.0471
3.21648,3.37151,10.04
3.01176,3.74046,9.99474
2.86418,4.10704,9.93761
2.63329,4.18559,9.84239
2.37144,4.06181,9.64958
2.2429,3.77617,9.42345
-0.718277,2.70976,6.90025
-0.634964,2.17418,6.81456
-0.682571,1.83141,6.69078
-0.953934,1.7838,6.65984
-1.35622,2.13609,6.68126
-1.73708,2.43602,6.76695
-1.77754,2.62169,6.86931
-1.57997,2.66216,6.95976
-1.20387,2.52885,7.02641
-1.05391,2.47649,7.0407
-2.48451,1.88853,7.27159
-2.47499,1.71239,7.4406
-2.64638,1.33391,7.40251
-2.75587,0.800705,7.40727
-2.92726,0.469833,7.40013
-3.12007,0.315109,7.20256
-3.12245,0.310349,7.25731
-2.88918,0.476975,7.39299
-2.5464,0.595993,7.62151
-2.51308,0.786423,7.8286
-2.85109,0.948288,7.6834
-3.26765,1.00066,7.81908
-3.42476,1.08397,7.93333
-3.21291,0.89592,8.05473
-2.92488,0.591232,8.15471
-2.90584,0.153244,8.11424
-2.98677,-0.365677,8.11424
-3.11293,-0.796524,8.01665
-3.06056,-0.886978,8.07616
-3.01057,-0.737015,8.14519
-1.38954,0.0258942,9.41273
-1.62758,-0.200241,9.5627
-2.39168,-1.05836,9.4532
-1.6252,-0.928635,9.76027
-0.975357,-1.43922,9.80073
-1.59425,-2.07002,9.42702
-1.68947,-1.35115,10.0959
-0.892044,-0.453751,10.6362
-0.740891,-1.42732,10.259
-0.971786,-2.30806,9.99235
-0.684952,-1.43922,10.3815
-0.0791473,-0.544205,11.0504
-0.169601,-0.465652,11.1861
-0.577835,-1.01195,11.0814
-0.0160675,-1.08098,11.3289
0.198166,-1.48088,11.1373
0.338608,-1.77129,10.9469
0.828964,-1.68678,11.1837
0.596878,-1.48326,11.248
0.146988,-1.38448,11.0159
0.489761,-0.96553,10.8945
0.80397,-0.164536,11.0159
0.757553,0.161575,10.9659
0.425491,-0.533493,10.7053
0.486191,-1.20952,10.3268
0.784927,-1.27141,10.2375
1.00273,-0.829849,10.3637
1.07295,-0.0359955,10.5672
1.06224,0.549576,10.5303
0.8004,0.304398,10.3185
0.832535,-0.302597,10.0709
1.00273,-0.0931244,10.1447
0.934891,0.0520782,10.203
0.914658,0.269882,10.2399
0.976547,0.00209045,10.1626
1.12413,-0.139542,10.1649
1.21339,0.0366058,10.2673
1.18007,0.0223236,10.3197
1.22768,-0.0919342,10.2899
1.26814,-0.176437,10.2292
1.2729,-0.419235,10.1816
1.18721,-0.597763,10.0388
1.2122,-0.598953,10.009
1.10747,-0.483505,9.91975
0.940842,-0.64299,9.76503
1.00035,-0.70845,9.73766
1.18126,-0.70607,9.70671
0.972977,-0.625137,9.84001
1.05748,-0.70488,9.90666
1.19554,-0.715591,9.78288
1.09795,-0.815567,9.76741
1.02892,-0.922684,9.73885
1.05272,-1.01433,9.76741
1.11342,-0.994095,9.73766
1.04558,-0.951248,9.78407
0.983688,-0.779861,9.8174
1.07295,-0.715591,9.81383
1.07414,-0.700119,9.79359
1.00392,-0.698929,9.84358
1.13365,-0.791763,9.89119
1.19078,-0.776291,9.87334
1.16698,-0.8358,9.82335
0.970596,-0.956009,9.7448
1.09676,-0.945297,9.79598
1.10628,-0.797714,9.83525
1.10271,-0.751297,9.83049
1.20387,-0.733444,9.85191
1.20625,-0.829849,9.84001
1.14436,-0.669174,9.96022
1.15746,-0.647751,9.88524
1.12175,-0.729874,9.76027
1.15627,-0.879837,9.83406
1.23006,-0.973862,9.82811
1.14912,-0.77272,9.89357
1.16698,-0.70845,10.0138
1.15388,-0.739395,9.84358
1.10152,-0.803665,9.80073
1.13365,-0.860794,9.76384
1.06581,-0.740585,9.73289
1.02177,-0.632278,9.71385
1.01463,-0.660843,9.64006
1.19316,-0.683456,9.6591
1.09676,-0.627518,9.69124
1.10628,-0.733444,9.72575
1.12889,-0.801285,9.72813
1.23601,-0.741776,9.88048
1.1515,-0.610855,9.83049
1.18364,-0.671555,9.80907
1.16936,-0.70726,9.80431
1.08247,-0.844131,9.74123
1.00749,-0.609665,9.73052
1.06224,-0.588242,9.83168
1.08485,-0.676315,9.76741
1.1039,-0.685837,9.80669
1.07414,-0.747726,9.7686
1.20268,-0.807236,9.83287
1.13841,-0.70607,9.88762
1.1515,-0.583481,9.86858
1.11937,-0.690598,9.87215
1.02773,-0.821518,9.77812
0.946793,-0.875076,9.78645
1.01463,-0.666794,9.86858
1.0432,-0.595383,9.91142
0.974167,-0.726303,9.87453
1.01463,-0.866745,9.83882
1.02773,-0.70726,9.82216
1.02296,-0.596573,9.81502
1.00154,-0.728684,9.67815
0.93013,-0.882217,9.60792
0.974167,-0.882217,9.68053
1.01939,-0.683456,9.72337
1.02058,-0.697739,9.76741
0.972977,-0.801285,9.77693
0.955124,-0.811996,9.79002
1.01939,-0.631088,9.91856
1.02892,-0.593002,9.9019
0.977737,-0.675125,9.83763
0.964645,-0.804855,9.82692
0.997971,-0.717972,9.80788
1.0432,-0.627518,9.8412
1.04677,-0.720352,9.7686
0.982498,-0.659653,9.83525
1.00987,-0.713211,9.77455
1.00035,-0.682266,9.82811
1.02058,-0.551346,9.90071
1.03368,-0.518021,9.80788
1.04439,-0.571579,9.77931
1.01225,-0.670364,9.79836
0.984879,-0.625137,9.86858
1.04558,-0.653702,9.79836
1.07652,-0.817947,9.82573
1.00749,-0.788193,9.77455
0.93013,-0.591812,9.83882
0.964645,-0.459702,9.86262
1.08366,-0.51326,9.83882
1.05391,-0.623947,9.86025
0.955124,-0.667984,9.7686
0.897995,-0.702499,9.78526
0.999161,-0.702499,9.7448
0.953934,-0.628708,9.66148
0.952744,-0.607285,9.78526
0.986069,-0.64299,9.77693
0.919418,-0.627518,9.79598
0.983688,-0.667984,9.82216
1.02534,-0.710831,9.83049
1.03368,-0.654892,9.86262
0.99202,-0.598953,9.86739
0.953934,-0.717972,9.85072
0.958694,-0.77272,9.69838
0.93013,-0.691788,9.76146
0.905136,-0.559677,9.81621
0.970596,-0.557297,9.84834
0.924179,-0.612045,9.83406
0.972977,-0.606094,9.87572
0.977737,-0.602524,9.85667
0.946793,-0.684647,9.83287
0.874191,-0.657272,9.75075
0.945602,-0.501358,9.82811
0.989639,-0.504929,9.83644
0.968216,-0.660843,9.81859
1.01106,-0.776291,9.79121
1.03368,-0.619186,9.82335
0.978928,-0.537064,9.84358
0.976547,-0.669174,9.75432
1.02177,-0.598953,9.84477
1.00868,-0.51326,9.77336
0.901566,-0.526352,9.80312
0.99202,-0.559677,9.87453
1.08961,-0.570389,9.81859
0.982498,-0.637039,9.83525
0.958694,-0.745346,9.82216
1.05629,-0.591812,9.8531
1.07057,-0.666794,9.86977
0.975357,-0.801285,9.79002
1.02653,-0.700119,9.86025
0.946793,-0.583481,9.86382
0.977737,-0.540634,9.91023
1.06105,-0.609665,9.82454
1.05391,-0.57634,9.7805
1.02653,-0.498978,9.7448
0.942032,-0.531113,9.88286
0.997971,-0.551346,9.83168
1.02773,-0.64537,9.8055
0.962265,-0.594193,9.84001
0.844437,-0.587051,9.80193
0.918228,-0.526352,9.89476
0.889664,-0.664413,9.77336
0.897995,-0.746536,9.84358
1.05272,-0.64061,9.91499
1.05391,-0.481125,9.9138
0.93251,-0.588242,9.86262
0.893234,-0.654892,9.85905
0.915848,-0.572769,9.82216
0.940842,-0.535873,9.76979
0.86586,-0.51683,9.81383
0.938461,-0.539444,9.86025
1.00154,-0.433517,9.85429
0.945602,-0.535873,9.84834
1.00987,-0.565628,9.83882
1.02177,-0.572769,9.86144
0.982498,-0.45137,9.81383
0.915848,-0.458511,9.77455
0.962265,-0.456131,9.68886
0.925369,-0.332352,9.74004
0.934891,-0.457321,9.76503
0.936081,-0.608475,9.67577
0.813492,-0.584671,9.64958
0.826584,-0.482315,9.74004
0.844437,-0.497787,9.74599
0.892044,-0.70845,9.77693
2.37978,9.00942,-1.11327
2.42024,9.55809,-0.774063
2.43333,9.88182,-0.544357
2.4012,9.28792,-0.50032
2.49522,8.14058,-0.684799
2.82848,8.57619,-0.17897
2.70589,10.1068,0.511337
2.31551,10.0746,0.479202
2.01558,8.31911,0.387558
2.51308,8.53691,0.838638
0.956314,-0.822708,9.63887
0.744461,-1.22618,9.87929
0.945602,-0.871506,10.2887
1.1396,-0.463272,10.491
1.06819,-0.881027,9.96022
0.812302,-1.6118,9.60078
0.80397,-1.69749,9.74004
0.983688,-1.26903,10.0471
0.99202,-1.1274,9.89357
0.782547,-1.31425,9.78169
1.04915,-0.956009,9.83168
1.00035,-1.06075,9.72456
0.86824,-1.24641,9.66267
0.903946,-0.984573,9.83168
0.99678,-0.632278,9.95189
0.905136,-0.698929,9.73052
0.845627,-1.13811,9.66029
0.905136,-1.10359,9.82335
0.987259,-0.998856,9.83406
0.999161,-0.823898,9.86025
0.933701,-1.14882,9.85429
0.972977,-1.10359,9.82573
0.917038,-1.06908,9.76622
0.869431,-1.15001,9.80669
0.852768,-1.06432,9.72694
0.79921,-1.07265,9.72337
0.769455,-1.1393,9.66863
0.792068,-1.16667,9.79359
0.878952,-1.14287,9.78764
0.971786,-1.11549,9.83168
0.812302,-1.21666,9.79955
0.846817,-1.25951,9.82454
0.922989,-1.14168,9.8412
0.834915,-1.07146,9.83287
0.874191,-1.11192,9.8055
0.897995,-1.21071,9.76503
0.850388,-1.27974,9.78407
0.840866,-1.30592,9.73766
0.881332,-1.16191,9.7924
0.93132,-1.03694,9.86025
0.857529,-1.31187,9.80193
0.833725,-1.22261,9.78169
0.840866,-1.24403,9.75313
0.798019,-1.16905,9.7317
0.789688,-1.25951,9.72932
0.79921,-1.31187,9.73052
0.861099,-1.26546,9.75075
0.848007,-1.30235,9.69957
0.793259,-1.25237,9.70909
0.850388,-1.26784,9.8055
-0.210068,-7.10451,6.66936
-0.264816,-7.43776,6.23018
-0.432632,-7.80315,5.62437
-0.587357,-8.36134,4.91383
-0.455246,-8.59224,4.17711
-0.506424,-8.53154,3.70699
-0.750412,-9.00761,2.43468
-0.882523,-9.95857,1.25044
-0.836105,-10.387,0.725571
-0.850388,-10.1276,0.174515
-0.252914,-10.2787,-0.544357
-0.325516,-10.1335,0.00312805
-0.408829,-9.97047,0.660111
-0.433823,-9.71339,1.27068
-0.394547,-9.7979,1.76579
-0.107712,-9.97405,2.07762
-0.41597,-9.20757,2.856
-0.283859,-9.29802,3.35231
-0.0720062,-9.44084,3.65938
0.0874786,-9.59795,4.02477
0.598068,-1.66417,9.15565
0.41597,-0.598953,9.5139
0.192215,0.300827,9.77574
0.371933,0.273453,9.64601
0.454056,0.648361,9.52342
0.456436,1.06612,9.72337
0.487381,1.32201,9.71504
0.619492,1.22679,9.6353
0.717087,1.53148,9.71028
0.682571,1.80046,9.94594
0.559982,1.64812,9.67815
0.5457,1.32439,9.53056
0.571884,1.23869,9.48058
0.581406,1.21965,9.42821
0.626633,1.38152,9.57341
0.626633,1.59337,9.69957
0.652817,1.69334,9.65196
0.683762,1.60765,9.62816
0.67186,1.50291,9.68053
0.707565,1.37675,9.58769
0.586166,1.35771,9.671
0.574264,1.30534,9.66386
0.621872,1.34819,9.66863
0.579025,1.48387,9.671
0.590927,1.59337,9.84953
0.559982,1.59575,9.81145
0.657578,1.41008,9.71861
0.61235,1.33629,9.59007
0.593307,1.41008,9.63768
0.662338,1.35295,9.64006
0.507614,1.39342,9.67339
0.5457,1.32915,9.6353
0.5457,1.30534,9.57103
0.457626,1.40532,9.65434
0.476669,1.49101,9.71385
0.509995,1.39818,9.7686
0.54808,1.37675,9.71147
0.60759,1.29582,9.72099
0.605209,1.34343,9.73527
0.631393,1.33629,9.68291
0.595688,1.38152,9.71385
0.524277,1.39104,9.75908
0.464767,1.36247,9.79478
0.47905,1.32677,9.74004
0.571884,1.21251,9.67577
0.505234,1.13396,9.63054
0.495712,1.10063,9.502
0.448105,1.07207,9.50676
0.440964,1.06969,9.59245
0.448105,1.153,9.60197
0.464767,1.24107,9.58769
0.505234,1.23631,9.50438
0.476669,1.24107,9.59483
0.424301,1.29106,9.63768
0.41954,1.34819,9.59959
0.348129,1.42198,9.65672
0.393356,1.28154,9.58293
0.438583,1.26012,9.59245
0.398117,1.22917,9.59959
0.41716,1.26726,9.56151
0.383835,1.33391,9.79716
0.393356,1.2744,9.7448
0.495712,1.26488,9.76622
0.54332,1.22441,9.7686
0.600449,1.29344,9.69005
0.540939,1.32439,9.75194
0.464767,1.24345,9.71861
0.48143,1.24821,9.80669
0.500473,1.24107,9.79002
0.507614,1.35533,9.86858
0.260056,1.44341,9.8662
0.248154,1.42912,9.84477
0.210068,1.42198,9.79002
0.207687,1.31963,9.84239
0.305283,1.30058,9.77574
0.326706,1.29582,9.72099
0.279099,1.44102,9.81859
0.324326,1.53148,9.82335
0.236252,1.53624,9.72813
0.174362,1.51482,9.87334
0.171982,1.23869,9.83049
0.148178,1.27202,9.7567
-0.0160675,1.24583,9.74004
-0.104141,1.22679,9.74242
-0.189835,1.17918,9.73527
-0.256485,1.05778,9.66624
-0.220779,1.03874,9.71385
-0.177933,1.10539,9.79716
-0.113663,1.25774,9.85905
-0.118423,1.34581,9.90904
-0.311234,1.05778,9.6115
-0.301712,1.20299,9.55913
-0.204117,1.31963,9.671
-0.275528,1.38866,9.71147
-0.296951,1.5291,9.73052
-0.313614,1.54814,9.78288
-0.373123,1.33153,9.76622
-0.392166,1.12206,9.68291
-0.330276,0.914963,9.70909
-0.377884,0.926865,9.76146
-0.232681,1.32677,9.82811
-0.325516,1.35533,9.88762
-0.427872,1.30058,9.67577
-0.508804,1.00066,9.5258
-0.449295,0.829269,9.58293
-0.492142,1.00304,9.64244
-0.625443,1.21965,9.73052
-0.613541,1.37437,9.8662
-0.551651,1.3958,9.77098
-0.570694,1.23393,9.71147
-0.751602,1.20299,9.69719
-0.761124,1.31725,9.67339
-0.646866,1.26964,9.67815
-0.534988,1.26012,9.61864
-0.568314,1.15538,9.66624
-0.573074,1.13158,9.78764
-0.539749,1.18394,9.81859
-0.501663,1.12206,9.89238
-0.342178,1.05778,9.83049
-0.387405,1.04588,9.81621
-0.549271,0.814987,9.60435
-0.461197,0.653122,9.59007
-0.365982,0.788803,9.62816
-0.451675,0.957809,9.63054
-0.511185,1.06493,9.54246
-0.534988,1.05778,9.50438
-0.568314,1.05302,9.45677
-0.561172,1.0316,9.47819
-0.67305,1.15062,9.55199
-0.837296,1.18156,9.56151
-0.649246,1.1411,9.96379
-0.582596,1.13872,10.0209
-0.584976,1.27916,10.0876
-0.637344,1.34819,10.0971
-0.613541,1.15062,10.0566
-0.54213,0.936386,10.0566
-0.48262,0.710251,10.0519
-0.408829,0.70549,10.0542
-0.432632,0.838791,10.0066
-0.539749,0.869736,10.1066
-0.568314,0.715012,9.7924
-0.537369,0.57457,9.84953
-0.575455,0.70787,9.79955
-0.561172,0.807846,9.93761
-0.499283,0.774521,9.85905
-0.463577,0.867355,9.84001
-0.470718,0.969711,9.81621
-0.551651,1.0554,9.91856
-0.573074,1.07445,9.89238
-0.563553,1.0078,9.94237
-0.382645,0.700729,9.97331
-0.406448,0.807846,9.96379
-0.382645,0.907822,9.93285
-0.406448,0.879257,9.93761
-0.461197,0.734055,9.88286
-0.461197,0.741196,9.8781
-0.446915,0.662643,9.83763
-0.425491,0.712631,9.78526
-0.399307,0.793564,9.81145
-0.473099,0.867355,9.74718
-0.577835,0.850693,8.97832
-0.504044,0.76738,8.80455
-0.41597,0.772141,8.78551
-0.358841,0.750717,8.71172
-0.368362,0.855453,8.57841
-0.35408,0.917343,8.46892
-0.335037,0.938766,8.35704
-0.249344,0.807846,8.27135
-0.168411,0.710251,8.13329
-0.0660553,0.70549,8.00475
1.18602,0.108017,7.44774
1.37645,0.307968,7.53105
1.70494,0.307968,7.63579
2.00011,0.238937,7.72148
2.28099,0.12944,7.77623
2.51189,0.262741,7.87859
2.58092,0.588852,7.96904
2.7285,0.688828,8.28325
2.99986,0.755478,8.38322
3.30931,0.634079,8.35466
5.27788,0.745956,8.11186
5.23265,0.817368,8.36418
5.55638,0.826889,8.56889
5.8325,0.83403,8.66411
6.16576,0.819748,8.67363
6.37523,0.619797,8.59984
6.4395,0.307968,8.65935
6.5728,-0.103836,8.69743
6.75371,-0.19429,8.46654
6.93462,-0.279984,8.27611
8.07719,0.674545,7.22874
8.2343,0.486496,7.07878
8.46043,0.307968,6.80266
8.66277,0.122299,6.58366
8.72466,0.0818329,6.36943
8.77702,0.136581,6.27184
8.5128,0.398422,6.25755
8.39616,0.465073,6.18376
8.53422,0.296066,6.02904
8.63182,0.329391,5.88145
9.46257,0.779282,4.41753
9.48399,0.743576,4.36754
9.63158,0.757858,4.29851
9.79582,0.826889,4.24376
9.7506,0.800705,4.13664
9.88628,0.919724,4.14616
9.74822,1.22679,4.26042
9.74345,1.31487,4.12236
9.80534,1.14348,3.72484
9.8101,0.791184,3.53679
9.32213,1.0078,3.05119
9.41734,0.967331,3.075
9.38878,1.00304,3.00121
9.2888,1.01256,3.03453
9.35783,0.907822,2.97264
9.41496,0.905441,2.89885
9.5316,0.881638,2.88457
9.51732,1.21489,2.89647
9.56969,1.32439,2.92503
9.5078,1.3958,2.85838
9.31499,0.884018,2.23235
9.35069,0.929245,2.17998
9.35783,0.955429,2.08952
9.34117,0.905441,2.17998
9.2769,0.869736,2.2133
9.2888,0.843552,2.21806
9.33641,0.698349,2.2133
9.31975,0.745956,2.38231
9.2769,0.912582,2.4561
9.34117,1.00542,2.62987
9.46495,1.19109,3.76292
9.53398,1.06493,3.95335
9.61491,0.748337,4.04619
9.66252,0.431747,4.2271
9.73631,0.398422,4.31993
9.7863,0.517441,4.31517
9.70775,0.905441,4.48418
9.63634,1.11967,4.67937
9.66252,0.967331,4.80077
9.68156,0.919724,4.87456
9.10313,0.362717,5.58629
8.96269,0.231796,5.74101
8.85319,0.346054,5.79814
8.84843,0.200851,5.97191
8.86034,0.181808,6.08855
8.78655,0.25322,6.20519
8.7675,0.141342,6.20519
8.67229,-0.103836,6.30754
8.67467,0.00804138,6.4575
8.67229,0.0723114,6.71458
6.98222,-0.0419464,7.55486
6.83226,-0.229996,7.48344
6.66087,-0.406143,7.54533
6.43712,-0.446609,7.50011
6.1729,-0.310928,7.66911
5.90868,-0.165726,7.6953
5.64684,-0.215714,7.86192
5.59209,-0.246658,8.11186
5.62779,-0.299026,8.26183
5.51353,-0.408524,8.03331
5.31596,-0.487076,8.05235
5.05888,-0.379959,8.04521
4.75658,-0.229996,8.08806
4.45665,-0.172867,8.29039
4.2567,-0.265701,8.35704
4.13768,-0.389481,8.2047
3.99724,-0.672745,8.13805
3.89726,-1.006,7.92619
3.81395,-1.27974,7.67625
3.48308,-1.3083,7.44774
2.02153,-0.822708,8.05949
1.97154,-0.596573,8.21184
1.87871,-0.325211,8.23802
1.75969,-0.327591,8.42131
1.77159,-0.418045,8.51414
1.65733,-0.529922,8.54509
1.56688,-0.677505,8.4713
1.44786,-0.83461,8.54985
1.31932,-0.822708,8.74504
1.27171,-0.625137,8.92357
1.14079,-0.420425,8.94499
0.940842,-0.329971,8.97118
0.848007,-0.468033,8.8712
0.798019,-0.57753,8.7379
0.73613,-0.665604,8.73552
0.595688,-0.689407,8.66173
0.569504,-0.715591,8.71648
0.493332,-0.506119,8.70458
0.35051,-0.372818,8.69743
0.169601,-0.277603,8.64269
0.788498,-0.315689,9.73052
0.790878,-0.503738,9.79002
0.821823,-0.610855,9.70909
0.73851,-0.646561,9.65196
0.667099,-0.527542,9.87572
0.740891,-0.472794,9.98283
0.795639,-0.546585,9.9995
0.871811,-0.625137,9.85191
0.86705,-0.70369,9.83049
0.757553,-0.615616,9.86144
0.614731,-0.284744,9.9019
0.690903,-0.349014,9.92808
0.807541,-0.382339,9.91142
0.752792,-0.377579,9.81383
0.712326,-0.277603,9.92333
0.73613,-0.289505,9.92808
0.688522,-0.429947,9.86382
0.67186,-0.463272,9.82811
0.588547,-0.477554,9.79002
0.579025,-0.460892,9.78288
0.688522,-0.64418,9.87096
0.662338,-0.518021,9.96617
0.748032,-0.460892,9.96617
0.702805,-0.51326,9.96141
0.683762,-0.503738,9.91618
0.743271,-0.475174,9.9995
0.695663,-0.427567,9.93761
0.629013,-0.463272,9.90666
0.631393,-0.537064,9.86144
0.643295,-0.568008,9.94237
0.659958,-0.606094,9.81383
0.648056,-0.439468,9.84953
0.579025,-0.372818,9.84715
0.621872,-0.353775,9.84953
0.598068,-0.389481,9.76146
0.571884,-0.482315,9.67577
0.593307,-0.458511,9.76622
0.662338,-0.51326,9.89
0.698044,-0.527542,9.82811
0.733749,-0.520401,9.81145
0.638535,-0.83461,9.85191
0.702805,-0.851273,9.85429
0.638535,-0.717972,9.93999
0.593307,-0.594193,9.82573
0.579025,-0.51564,9.83525
0.636154,-0.532303,9.80669
0.640915,-0.57991,9.88286
0.617111,-0.539444,9.93523
0.693283,-0.629898,9.98045
0.688522,-0.70607,9.93047
0.690903,-0.556107,9.92094
0.669479,-0.591812,9.84001
0.667099,-0.660843,9.9019
0.73851,-0.629898,9.84477
0.698044,-0.63942,9.87096
0.709946,-0.625137,9.89238
0.724228,-0.541824,9.96855
0.664719,-0.506119,9.93523
0.686142,-0.496597,9.82811
0.728989,-0.506119,9.82335
0.588547,-0.339493,9.84001
0.583786,-0.3871,9.72575
0.617111,-0.475174,9.78288
0.712326,-0.582291,9.75908
0.745651,-0.589432,9.66624
0.679001,-0.539444,9.72575
0.664719,-0.441849,9.80193
0.633774,-0.491837,9.87334
0.693283,-0.539444,9.80907
0.690903,-0.582291,9.77574
0.669479,-0.667984,9.82097
0.61235,-0.610855,9.8662
0.629013,-0.527542,9.7924
0.614731,-0.38472,9.83287
0.586166,-0.401382,9.93761
0.614731,-0.403763,9.90666
0.624252,-0.472794,9.87572
0.626633,-0.558487,9.82811
0.645676,-0.591812,9.84001
0.583786,-0.584671,9.85429
0.633774,-0.548965,9.9019
0.626633,-0.6418,9.84715
0.669479,-0.689407,9.85191
0.67424,-0.634659,9.84953
0.683762,-0.646561,9.86382
0.655197,-0.477554,9.85191
0.629013,-0.494217,9.8781
0.614731,-0.596573,9.79716
0.61235,-0.603714,9.88286
0.719467,-0.696548,9.78764
0.621872,-0.553726,9.85905
0.633774,-0.534683,9.90666
0.617111,-0.568008,9.90666
0.621872,-0.57753,9.89476
0.690903,-0.598953,9.89714
0.602829,-0.518021,9.89476
0.67186,-0.565628,9.93047
0.728989,-0.682266,9.88524
0.755173,-0.782242,9.89238
0.705185,-0.777481,9.81383
0.714706,-0.64418,9.82811
0.73613,-0.684647,9.7924
0.681381,-0.596573,9.85667
0.698044,-0.494217,9.88048
0.728989,-0.408524,9.96379
0.705185,-0.479935,9.98997
0.686142,-0.598953,9.95189
0.724228,-0.670364,9.93523
0.80516,-0.756058,9.9995
0.790878,-0.779861,10.0352
0.600449,-0.563248,10.5898
0.517136,-0.546585,10.7803
0.517136,-0.537064,10.8683
0.469528,-0.529922,11.0445
0.655197,-0.546585,11.1706
0.683762,-0.563248,11.342
0.769455,-0.601334,11.442
0.876572,-0.57991,11.5943
0.912277,-0.558487,11.7181
0.912277,-0.570389,11.9752
0.638535,-1.08217,11.492
0.476669,-1.07027,11.4563
0.262436,-1.16786,11.3349
-0.00178528,-1.21309,11.073
-0.306473,-1.33925,10.8279
-0.487381,-1.37733,10.6708
-0.646866,-1.35829,10.3756
-0.965836,-1.17024,10.059
-1.11104,-1.12978,9.97093
-1.33241,-0.967911,9.6591
-3.76277,-0.51564,8.49748
-3.66518,-0.646561,8.46654
-3.808,-0.596573,8.12614
-4.11507,-0.484695,8.00951
-4.34596,-0.51564,7.88811
-4.55067,-0.45137,7.6096
-4.93629,-0.391861,7.47868
-5.7361,0.572189,7.27159
-5.1291,-0.370438,7.43584
-5.38618,-0.525162,7.05498
-6.96913,-0.177628,6.06712
-6.88106,-0.244278,5.98619
-6.97627,-0.389481,6.05284
-6.94771,-0.3871,5.6577
-7.14528,-0.349014,5.43394
-7.35475,-0.160965,5.21733
-7.62849,0.00804138,5.20543
-7.65944,0.207993,5.27684
-7.72847,0.412704,5.27684
-7.75227,0.391281,5.24352
-8.92342,0.546005,3.69865
-8.9377,0.655502,3.63438
-9.00911,0.755478,3.57011
-9.09004,0.798325,3.55345
-9.13527,0.712631,3.49156
-9.23525,0.764999,3.32494
-9.29237,0.838791,3.18449
-9.34236,0.810226,2.7346
-9.40425,0.826889,2.70604
-9.43043,0.800705,2.50133
-9.85176,1.10777,1.12547
-9.8708,1.09349,1.08501
-9.86366,1.05064,0.970749
-9.92079,1.14348,1.08739
-9.97792,1.24345,1.15166
-9.98744,1.19585,1.38731
-9.8589,0.979233,1.66106
-9.73988,0.745956,1.90862
-9.55183,0.519821,2.10381
-9.55421,0.536484,2.11333
-9.62325,0.586472,2.71318
-9.50661,0.553146,2.81554
-9.49709,0.650742,2.71318
-9.58992,0.695969,2.48943
-9.61848,0.648361,2.57512
-9.58516,0.593613,2.70842
-9.53755,0.622177,2.9655
-9.30428,0.505539,3.27733
-9.2281,0.398422,3.42491
-9.16859,0.346054,3.39159
-8.76631,0.224655,3.9843
-8.70442,0.25322,4.19377
-8.60207,0.165146,4.33659
-8.39973,-0.137161,4.60796
-8.26881,-0.215714,4.69365
-8.21168,-0.058609,4.6508
-8.35213,0.0794525,4.63414
-8.30452,0.0294647,4.69365
-8.16408,0.0651703,4.53416
-8.09267,0.0913544,4.45799
-7.01198,-0.182388,5.87431
-6.68349,-0.344254,5.9005
-6.57875,-0.498978,6.02666
-6.48354,-0.660843,6.00047
-6.49544,-0.763199,6.08855
-6.47163,-0.691788,6.2885
-6.28358,-0.503738,6.37657
-6.09792,-0.463272,6.82646
-5.88606,-0.301407,7.24541
-5.60042,-0.101456,7.40489
-0.330276,-1.47493,10.8969
-0.201736,-1.55348,10.7779
-0.127945,-1.62727,10.885
0.0196381,-1.70345,10.8731
0.171982,-1.5154,10.904
0.250534,-1.4416,10.8755
0.624252,-1.39876,11.0254
0.874191,-1.48207,11.0754
0.969406,-1.50349,11.1445
0.955124,-1.2726,11.3944
0.776596,-0.839371,10.9136
0.702805,-0.989334,10.8207
0.695663,-1.05122,10.7112
0.669479,-0.913162,10.647
0.581406,-0.751297,10.516
0.562363,-0.744156,10.5351
0.714706,-0.83461,10.5279
0.900375,-0.910782,10.3613
0.924179,-0.865555,10.2875
0.828964,-0.646561,10.2161
0.73851,-0.57991,9.90904
0.721848,-0.634659,9.78764
0.717087,-0.646561,9.83525
0.759934,-0.660843,9.86858
0.757553,-0.64418,9.80907
0.717087,-0.665604,9.80907
0.764694,-0.820328,9.79716
0.840866,-0.867935,9.90666
0.86705,-0.813187,9.87572
0.833725,-0.83699,9.7686
0.531418,-0.6418,9.62578
0.595688,-0.70845,9.67339
0.624252,-0.70369,9.76622
0.640915,-0.715591,9.80907
0.638535,-0.729874,9.80669
0.724228,-0.872696,9.9138
0.681381,-0.865555,9.84477
0.643295,-0.851273,9.89
0.657578,-0.822708,9.93047
0.702805,-0.910782,10.0566
0.552841,-0.784622,9.77812
0.564743,-0.744156,9.78288
0.536179,-0.76796,9.80669
0.583786,-0.829849,9.77574
0.5457,-0.822708,9.73766
0.519516,-0.758438,9.88524
0.509995,-0.746536,9.83763
0.517136,-0.839371,9.83287
0.476669,-0.948868,9.82573
0.519516,-0.934586,9.86858
0.529038,-0.96553,9.82335
0.619492,-0.875076,9.77098
0.638535,-0.889359,9.77336
0.669479,-0.775101,9.87334
0.5457,-0.670364,9.7805
0.476669,-0.637039,9.81383
0.488571,-0.737015,9.68053
0.517136,-0.848892,9.73052
0.557602,-0.794144,9.77336
0.533798,-0.717972,9.78288
0.533798,-0.748917,9.79478
0.536179,-0.848892,9.76622
0.567123,-0.865555,9.6591
0.595688,-0.784622,9.79478
0.576645,-0.760818,9.85191
0.579025,-0.732254,9.77812
0.593307,-0.756058,9.80193
0.705185,-0.865555,9.83525
0.688522,-0.856033,9.91618
0.750412,-0.83699,9.93761
0.719467,-0.779861,9.81621
0.786118,-0.886978,9.92094
0.8004,-0.908401,9.96855
0.833725,-0.803665,9.95189
0.790878,-0.732254,9.91856
0.764694,-0.725113,9.90904
0.783737,-0.801285,9.86144
0.728989,-0.789383,9.86382
0.667099,-0.798904,9.84239
0.636154,-0.794144,9.82811
0.700424,-0.882217,9.85905
0.762314,-0.860794,9.81621
0.73851,-0.83699,9.7805
0.693283,-0.744156,9.82335
0.624252,-0.829849,9.7924
0.574264,-0.798904,9.82573
0.590927,-0.820328,9.83049
0.686142,-0.906021,9.88762
0.717087,-0.903641,9.87096
0.657578,-0.925064,9.83287
0.514755,-0.863174,9.84001
0.552841,-0.917923,9.83049
0.564743,-0.944107,9.73766
0.559982,-0.891739,9.84001
0.645676,-0.96077,9.84239
0.598068,-0.910782,9.83525
0.5457,-0.917923,9.80193
0.540939,-0.841751,9.77336
0.48143,-0.732254,9.78288
0.476669,-0.779861,9.82097
0.519516,-0.810806,9.70671
0.486191,-0.822708,9.67339
0.507614,-0.756058,9.76146
0.493332,-0.763199,9.82097
0.498093,-0.746536,9.73527
0.562363,-0.922684,9.77336
0.550461,-0.982193,9.69719
0.54332,-0.989334,9.89952
0.519516,-0.936966,9.89
0.509995,-0.910782,9.83049
0.47905,-0.984573,9.89476
0.524277,-1.06789,9.84477
0.552841,-1.11073,9.80193
0.555222,-0.977432,9.75908
0.490952,-0.879837,9.84001
0.490952,-0.891739,9.74956
0.445725,-0.977432,9.72099
0.462387,-0.932205,9.74004
0.462387,-0.863174,9.85191
0.424301,-0.922684,9.77336
0.386215,-0.989334,9.83763
0.379074,-1.05598,9.79955
0.464767,-1.19643,9.79955
0.490952,-1.15358,9.80193
0.431442,-1.006,9.9138
0.469528,-1.06313,9.93285
0.495712,-1.14882,9.86858
0.467148,-1.14406,9.83049
0.433823,-1.10835,9.85191
0.502853,-1.09407,9.92094
0.569504,-1.07741,9.92808
0.54808,-0.975052,9.8662
0.498093,-1.03218,9.95903
0.474289,-1.12502,9.85429
0.471909,-1.22023,9.88048
0.41716,-1.26546,9.9138
0.457626,-1.34401,9.95427
0.507614,-1.41066,9.88048
0.550461,-1.34163,9.94713
0.54808,-1.13454,10.0733
0.47905,-1.15834,9.97093
0.462387,-1.32021,9.93761
0.398117,-1.37257,10.0162
0.360031,-1.30354,9.9019
0.302902,-1.27498,9.83525
0.324326,-1.2726,9.90428
0.345749,-1.26546,9.88524
0.436203,-1.33687,9.89952
0.424301,-1.394,9.79478
0.364792,-1.28212,9.81383
0.450485,-1.17976,9.93523
0.433823,-1.09645,9.95189
0.452866,-1.19643,10.0066
0.540939,-1.36543,9.94951
0.567123,-1.54872,9.86144
0.595688,-1.59395,9.88524
0.486191,-1.46779,9.87572
0.514755,-1.3821,9.85191
0.512375,-1.39162,9.77098
0.509995,-1.47017,9.7448
0.502853,-1.394,9.86382
0.517136,-1.48683,9.83287
0.488571,-1.39876,9.81621
0.488571,-1.32021,9.7805
0.455246,-1.25832,9.84953
0.443344,-1.21547,9.80907
0.421921,-1.35115,9.78288
0.338608,-1.31306,9.80907
0.310043,-1.27974,9.79478
0.35289,-1.33925,9.8781
0.291,-1.25117,9.82335
0.374313,-1.38686,9.69243
0.395737,-1.47493,9.70433
0.395737,-1.56062,9.78288
0.410019,-1.49635,9.83287
0.28624,-1.51302,9.7686
0.381454,-1.60347,9.77574
0.421921,-1.62965,9.75194
0.41478,-1.57014,9.79002
0.400497,-1.38686,9.84001
0.386215,-1.30354,9.88524
0.41716,-1.36781,9.85667
0.390976,-1.43446,9.82811
0.398117,-1.49635,9.83763
0.395737,-1.51064,9.86382
0.329086,-1.38924,9.85667
0.314804,-1.36543,9.89714
0.379074,-1.32497,9.91142
0.360031,-1.23213,9.92571
0.319565,-1.14644,9.88762
0.28862,-1.48921,9.82573
0.298141,-1.41542,9.76622
0.338608,-1.32259,9.82335
0.390976,-1.37972,9.99712
0.412399,-1.30592,9.85191
0.41478,-1.37257,9.83763
0.412399,-1.39162,9.87334
0.448105,-1.37019,9.83763
0.421921,-1.46065,9.83763
0.407639,-1.43446,9.80431
0.381454,-1.5154,9.84477
0.386215,-1.5511,9.79955
0.429062,-1.46779,9.87572
0.410019,-1.3821,9.90904
0.41478,-1.35115,9.85429
0.390976,-1.40352,9.87572
0.388596,-1.39162,9.78288
0.364792,-1.34639,9.77336
0.402878,-1.35353,9.78288
0.35289,-1.4416,9.79716
0.35527,-1.32973,9.83763
0.333847,-1.33211,9.89
0.469528,-1.45351,9.88048
0.462387,-1.34163,9.89476
0.445725,-1.20833,9.89476
0.426682,-1.22499,9.89714
0.440964,-1.37495,9.80907
0.429062,-1.32735,9.89952
0.410019,-1.24165,9.92333
0.438583,-1.19405,9.89476
0.379074,-2.7151,9.40678
0.393356,-2.98885,9.3687
0.374313,-3.10786,9.32347
0.424301,-3.26973,9.25206
0.455246,-3.70058,8.90453
0.581406,-4.30043,8.65697
0.586166,-4.99788,8.02141
0.638535,-5.74294,7.54295
0.552841,-6.438,7.08354
0.467148,-6.84743,6.53368
0.000595093,-9.17067,1.39684
-0.0113068,-9.38252,1.22545
-0.0922394,-9.51582,0.875534
-0.227921,-9.51582,0.159042
-0.204117,-9.55391,-0.30513
-0.325516,-9.4944,-0.797867
-0.199356,-9.79909,-1.28822
-0.406448,-9.95857,-1.83809
-0.327896,-9.81575,-2.20229
-0.337418,-9.97523,-2.4427
-0.361221,-10.0574,-3.11278
-0.267197,-9.55986,-4.19942
-0.420731,-8.87312,-4.07326
-0.523087,-8.10188,-3.96614
-0.589737,-6.72603,-4.2018
-0.654007,-6.33327,-4.95161
-0.506424,-6.37849,-5.45625
-0.308853,-6.86171,-6.38936
-0.251724,-7.56868,-7.24629
-0.3517,-8.0638,-7.86995
-0.435013,-8.00191,-8.32698
-0.504044,-7.37825,-8.11037
-0.618301,-6.37135,-8.06038
-0.620682,-5.60725,-8.20558
-0.587357,-5.21687,-8.35078
-0.596878,-5.03835,-8.71498
-0.613541,-5.12404,-9.18867
-0.584976,-5.22877,-9.40291
-0.41597,-5.47157,-9.65999
-0.251724,-5.35017,-9.64571
-0.237442,-3.99336,-9.15059
-0.425491,-3.58632,-9.19344
-0.461197,-3.26259,-9.25056
-0.442154,-3.08168,-9.24818
-0.451675,-3.00313,-9.19106
-0.537369,-2.90553,-9.28389
-0.561172,-2.97218,-9.42195
-0.425491,-3.11024,-9.51955
-0.323135,-3.10548,-9.8409
-0.318375,-3.20308,-9.95754
-0.268387,-2.94838,-10.0337
-0.235062,-2.74129,-10.0361
-0.151749,-2.71748,-9.92897
-0.208878,-2.8246,-9.76711
-0.216019,-2.87459,-9.62904
-0.177933,-2.85316,-9.71712
-0.101761,-3.03407,-9.84328
-0.0589142,-3.20546,-9.74092
-0.0565338,-3.31258,-9.78615
-0.104141,-3.39589,-9.80281
-0.208878,-5.1526,-9.61952
-0.194595,-5.14308,-9.51003
-0.175552,-5.21449,-9.4648
-0.0874786,-5.63106,-9.51955
0.0124969,-6.1476,-9.41243
0.0124969,-6.32137,-9.20058
0.057724,-6.438,-8.85542
0.0886688,-6.53798,-8.6031
0.167221,-6.6689,-8.26985
0.188644,-7.1664,-7.49147
0.176743,-7.59962,-6.79164
0.0291595,-8.06856,-6.2989
-0.0279694,-8.52321,-5.94899
0.0934296,-8.95406,-5.16585
0.0743866,-8.28041,-5.02779
0.16008,-8.41847,-4.31129
0.405258,-8.34944,-3.54243
0.307663,-9.67055,-2.73549
0.241013,-10.2561,-2.66646
0.171982,-10.8465,-2.59267
0.238632,-10.9345,-1.91902
0.102951,-10.3109,-1.48579
0.000595093,-9.84193,-1.03828
0.0458221,-9.26826,-0.440811
0.131516,-9.03499,-0.190872
0.214828,-9.07307,0.506577
0.252914,-8.89931,0.568466
0.367172,-9.53487,0.65416
0.571884,-9.74434,1.13976
0.47905,-9.72053,1.59679
0.390976,-9.63008,1.78008
0.619492,-9.61104,2.12047
0.783737,-9.32301,2.76317
0.831345,-9.67055,2.14665
1.13127,-9.44441,3.48918
0.978928,-8.93263,3.49156
1.01225,-8.4399,4.29375
1.2979,-7.9662,4.69603
1.1765,-7.66151,4.9174
1.36693,-7.62819,5.38872
1.32884,-7.87099,5.5482
1.52165,-8.37563,5.03642
1.78825,-8.34944,5.27684
1.62639,-7.49251,5.5601
1.61211,-6.11189,6.43846
1.47881,-4.7765,7.58342
1.22173,-4.10048,8.10234
1.19792,-3.5768,9.00212
1.26457,-4.33852,8.19994
1.74065,-5.00264,8.13805
2.00011,-4.97646,7.63341
1.87157,-4.33852,7.6834
1.49071,-3.03407,8.28801
1.15269,-2.08669,8.46416
1.16222,-1.50825,8.5927
1.20506,-0.927444,8.89262
1.0551,-0.289505,9.29729
1.18126,0.177048,9.48772
0.986069,0.279404,9.58055
1.10985,0.0723114,9.20921
1.39787,-0.165726,9.21397
1.63829,0.181808,9.30681
1.66447,0.800705,9.48058
1.71208,1.36247,10.0971
1.79778,1.86711,10.2399
1.81682,2.17418,10.2328
1.86205,2.09325,9.95903
1.92155,1.15538,9.63768
2.06676,1.05778,9.7448
2.10246,1.27916,9.60912
2.05009,1.57195,9.73289
1.92393,1.49101,9.96855
1.92155,1.02208,9.77336
2.03105,0.76738,9.63054
1.96678,0.788803,9.68767
1.87633,1.01494,9.72337
1.82634,1.34343,9.92571
1.80016,1.52672,9.96617
1.75255,1.43388,9.9019
1.71684,1.40532,9.75194
1.63115,1.44102,9.71861
1.72398,1.37437,9.55199
1.65257,1.28868,9.70909
1.72874,1.17918,9.6234
1.73827,1.09587,9.64482
1.73351,0.983994,9.50676
1.81206,1.00066,9.47343
1.77397,1.11729,9.63054
1.60735,1.10539,9.58769
1.57402,1.16014,9.67815
1.49547,1.22679,9.75432
1.50737,1.2744,9.65196
1.51689,1.24583,9.70671
1.55498,1.26726,9.6591
1.53831,1.3101,9.72337
1.53355,1.18871,9.671
1.55736,1.07921,9.66624
1.5526,0.919724,9.63292
1.51213,0.853073,9.56389
1.52879,0.822128,9.68053
1.55974,0.953049,9.67339
1.53117,0.96257,9.69719
1.54308,0.945908,9.63054
1.56212,1.04826,9.64958
1.50261,1.06969,9.57817
1.45738,0.974472,9.59721
1.52879,0.8983,9.55199
1.53117,0.905441,9.68291
1.54546,1.03636,9.59721
1.5407,1.0435,9.69957
1.51451,0.853073,9.55913
1.55974,0.734055,9.54485
1.49547,0.757858,9.58769
1.49785,0.812607,9.54246
1.50261,0.879257,9.57103
1.4431,0.83403,9.43059
1.47166,0.814987,9.44249
1.49547,0.784042,9.50676
1.52879,0.645981,9.48058
1.59544,0.660263,9.56865
1.5645,0.803085,9.6115
1.57402,0.89592,9.60674
1.51451,0.850693,9.56389
1.28123,0.926865,9.57817
1.27885,0.953049,9.56627
1.21696,0.929245,9.53532
1.29552,0.912582,9.58055
1.3455,0.872116,9.61626
1.37645,0.798325,9.59245
1.4431,0.776901,9.58531
1.46452,0.805466,9.60912
1.40501,0.70311,9.60674
1.51451,0.57933,9.6115
1.53117,0.476975,9.61388
1.50975,0.534103,9.7448
1.5764,0.57457,9.76384
1.58354,0.598373,9.79955
1.56212,0.617416,9.85191
1.61211,0.591232,9.77098
1.60497,0.595993,9.81859
1.55974,0.586472,9.77098
1.53355,0.51506,9.65672
1.46214,0.45079,9.82097
1.59782,0.203232,9.9138
1.49785,0.229416,9.82335
1.45024,0.0604095,9.74956
1.43834,-0.12764,9.71385
1.42644,-0.0110016,9.74718
1.42168,0.0556488,9.80907
1.42168,0.108017,9.75194
1.40501,0.117538,9.69481
1.4312,0.136581,9.83287
1.45738,0.0318451,9.73289
1.38835,0.0651703,9.77336
1.26457,0.236557,9.83049
1.23125,0.215134,9.94237
1.34789,0.12944,9.98521
1.38597,0.0961151,9.91618
1.455,-0.0276642,9.94237
1.43834,-0.144302,9.88524
1.46452,-0.0609894,10.0233
1.43596,0.00566101,10.1971
1.53831,-0.077652,10.2018
1.60258,0.105637,9.87334
1.57164,0.119919,9.8781
1.53117,0.0984955,9.80431
1.5883,0.12468,9.75908
1.60258,0.0865936,9.65196
1.57402,0.146103,9.64958
1.45262,0.262741,9.6472
1.37169,0.312729,9.61388
1.36455,0.269882,9.49248
1.3217,0.110397,9.46629
1.3217,0.0723114,9.44249
1.3217,0.172287,9.43297
1.31456,0.277023,9.53532
1.37169,0.307968,9.53056
1.34789,0.222275,9.47105
1.31218,0.205612,9.56389
1.34312,0.231796,9.5258
1.35265,0.186569,9.62102
1.44072,0.069931,9.51628
1.4193,0.0818329,9.56389
1.35979,-0.00624084,9.51866
1.26219,0.00566101,9.68053
1.25743,0.088974,9.71623
1.30742,0.162766,9.72575
1.39311,0.272263,9.82573
1.39787,-0.0276642,9.79955
1.39549,0.0984955,9.7567
1.42168,0.0818329,9.77574
1.42882,0.0818329,9.72337
1.36693,0.0723114,9.77812
1.29314,0.103256,9.81621
1.31218,0.181808,9.86858
1.29552,0.181808,9.94475
1.34312,0.160385,9.85667
1.36217,0.0913544,9.85191
1.33836,0.0366058,9.84715
1.42406,0.0580292,9.84239
1.42406,0.0651703,9.77574
1.48119,-0.110977,9.74004
1.48357,-0.201431,9.65672
1.45262,-0.168106,9.78526
1.38835,-0.132401,9.75432
1.4193,-0.180008,9.69957
1.4431,-0.282364,9.55199
1.46214,-0.237137,9.55437
1.39787,-0.0562286,9.79002
1.39311,-0.058609,9.74242
1.41692,0.00804138,9.72575
1.37169,0.0461273,9.79002
1.28838,0.0818329,9.79955
1.29314,0.0294647,9.84001
1.25267,-0.118118,9.83525
1.35979,-0.0538483,9.75908
1.42882,-0.0110016,9.85191
1.34074,0.00804138,9.85429
1.37883,-0.013382,9.79478
1.33836,-0.00624084,9.75908
1.32646,0.0413666,9.83525
1.3336,0.024704,9.76146
1.27647,0.0604095,9.76384
1.30742,0.138962,9.82573
1.30504,0.205612,9.81859
1.41692,0.0937347,9.77574
1.39549,0.0485077,9.66386
1.39073,0.0389862,9.65196
1.33598,-0.0371857,9.80193
1.26219,-0.0348053,9.81145
1.25981,-0.0276642,9.80669
1.25505,-0.0110016,9.8662
1.24791,-0.0205231,9.92571
1.25029,0.0937347,9.84001
1.13841,0.00328064,9.88048
1.16936,-0.0871735,9.86144
1.2122,-0.177628,9.77336
1.25743,-0.218094,9.81621
1.25743,-0.103836,9.78764
1.23839,0.00328064,9.81145
1.17412,0.0651703,9.82811
1.26695,0.0151825,9.90904
1.20268,-0.0371857,9.80907
1.13127,-0.00624084,9.82573
1.18602,0.0604095,9.82335
1.31694,-0.00386047,9.84239
1.2979,-0.0181427,9.81383
1.27647,-0.013382,9.85429
1.29314,-0.0895538,9.79716
1.27171,-0.151443,9.79478
1.23125,-0.0609894,9.88762
1.25981,-0.039566,9.84715
1.19078,-0.115738,9.83287
1.22411,-0.141922,9.74718
1.21458,-0.229996,9.74956
1.25029,-0.137161,9.86382
1.18364,0.0580292,9.82335
1.20268,0.100876,9.84953
1.21696,-0.132401,9.66148
1.18126,-0.0538483,9.68767
1.14793,-0.101456,9.70909
1.13365,-0.039566,9.79002
1.17412,-0.0800324,9.73289
1.13365,-0.13002,9.68053
1.17174,-0.101456,9.68529
1.18364,0.00328064,9.74242
1.19792,0.0508881,9.7448
1.16698,-0.0490875,9.77098
1.18364,-0.125259,9.7805
1.23363,-0.0919342,9.80431
1.27171,-0.108597,9.88286
1.21696,-0.106216,9.73052
1.16698,-0.187149,9.69957
1.22887,-0.146683,9.73289
1.18126,-0.0847931,9.8662
1.15746,0.00804138,9.90428
1.21696,-0.00862122,9.83287
1.24791,-0.077652,9.82573
1.2003,0.0485077,9.72099
1.20982,0.0223236,9.74242
1.28838,0.108017,9.87572
1.25743,0.103256,9.75194
1.26933,0.088974,9.79478
1.22173,0.105637,9.78764
1.2122,0.0651703,9.73052
1.27409,-0.039566,9.73766
1.24553,-0.175247,9.65196
1.21696,-0.0871735,9.671
1.18126,0.0389862,9.78288
1.19792,0.0437469,9.76146
1.1646,-0.0205231,9.80431
1.23363,-0.0276642,9.73289
1.26457,-0.0871735,9.84239
1.30742,-0.0229034,9.75194
1.25743,0.0413666,9.80907
1.23125,0.0532684,9.73527
1.21458,-0.0467072,9.70909
1.25743,-0.151443,9.6115
1.16936,-0.00386047,9.81145
1.09081,-0.00386047,9.85905
1.12413,-0.0205231,9.86144
1.06224,0.0984955,9.88048
1.00987,0.119919,9.95903
1.04558,0.0746918,9.84239
0.936081,0.0223236,9.86858
0.905136,0.0675507,9.92333
0.952744,0.207993,9.96379
0.964645,0.236557,9.97093
1.35503,0.738815,9.49962
1.38359,1.03874,9.51866
1.3336,1.37675,9.39964
1.35265,1.64336,9.29491
1.36217,2.03612,9.3568
1.44786,2.14085,9.14494
1.4669,2.23607,9.12114
1.62401,2.44554,9.08305
1.64305,2.61455,8.94737
1.71208,2.60027,8.7736
1.83348,2.76451,8.65935
1.86919,3.09062,8.84502
1.98582,3.31914,8.8831
2.05486,3.45958,8.75456
2.15721,3.51909,8.70219
2.30241,4.01897,8.84264
2.21672,4.36888,8.79265
2.25243,4.4641,8.75456
2.17863,4.38554,8.51177
2.27385,4.19987,8.18327
2.70232,5.87328,6.47655
2.73802,6.18987,6.53844
2.8856,6.54454,6.64555
2.61186,6.76353,6.35991
2.65233,6.90636,6.35753
2.94749,7.10631,6.18138
3.09984,7.08965,6.09331
3.03319,7.19676,6.06236
2.91417,7.53239,5.74815
2.89037,7.83232,5.95525
2.68327,7.92754,5.59581
2.85704,7.83946,5.23875
2.838,7.62285,4.84123
2.85704,7.51097,4.56035
2.66661,7.87517,4.63414
2.47618,8.34172,4.54369
2.34764,8.71782,4.19139
2.00725,8.48216,3.77721
2.42619,8.32268,3.80815
2.42857,8.48692,3.56297
2.32384,8.74638,1.06834
2.19292,8.77733,1.11833
2.25243,8.62975,1.01122
2.00249,8.9749,1.18736
2.03581,8.81541,1.02074
2.17625,8.55119,1.09691
2.1834,8.71068,0.825546
2.05247,8.88921,0.768417
2.2072,8.88683,0.811264
2.16197,9.0106,0.777939
1.95488,8.72972,0.46135
2.14055,8.48216,0.406601
2.22148,8.62022,0.432785
2.26909,8.53929,0.368515
2.48808,8.72496,0.406601
2.40477,8.8178,0.608932
2.23576,9.0844,0.758896
2.12865,9.11296,0.839828
2.09056,8.95348,0.613693
2.1834,8.73924,0.378036
2.20006,8.44646,0.0471649
2.4976,8.59642,-0.00996399
2.32384,9.10582,0.254257
2.11436,9.52,0.580368
1.97868,9.91753,0.711288
1.87633,9.85088,0.754135
2.18578,9.28673,0.642258
2.3643,8.88444,0.425644
2.32384,8.84874,0.351852
2.4619,8.99632,0.494675
2.42381,8.77971,0.949326
2.43095,9.14867,0.951706
2.04295,9.17961,0.973129
2.38811,8.88683,1.00645
2.39763,8.88207,1.11119
2.40715,9.26292,1.28972
2.37621,9.84374,1.61107
2.27385,10.327,1.64677
2.17149,10.1722,1.23021
2.30241,9.92943,1.5587
2.231,9.38432,1.40874
2.3643,8.93205,1.63725
2.42619,9.2415,1.84673
2.05962,9.77232,2.17284
2.17387,9.62712,2.4442
2.06914,8.12035,2.44896
3.28313,1.541,9.17351
3.15935,2.38603,9.15447
2.81657,2.33604,8.89738
2.62138,2.39079,9.15685
2.63805,2.52171,9.58293
2.80229,2.20036,9.7567
2.87608,1.73619,9.62102
2.99272,1.02922,8.99498
3.03557,0.891159,9.39012
2.89751,1.13634,9.33061
1.93584,-1.76772,8.71648
2.11198,-1.91768,9.13304
2.32622,-1.61061,9.49486
2.56425,-1.38686,9.47105
2.5833,-1.09407,9.49486
2.36668,-1.33925,9.32585
2.18578,-1.91054,8.95927
2.17149,-2.29616,8.97356
2.14769,-2.43422,9.00688
2.08342,-2.31758,9.37822
2.04771,-2.17,9.40202
1.9287,-2.36995,9.19731
1.63115,-2.70796,9.08305
1.71684,-3.02931,8.96166
1.69542,-3.04121,9.14494
1.69066,-2.79604,9.38298
1.69304,-2.33662,9.70909
1.72398,-2.03908,9.80669
1.56926,-2.21999,9.72337
1.37407,-2.61275,9.5139
1.51689,-2.81984,10.009
1.65019,-2.92934,9.97569
1.7097,-3.08168,9.70909
1.79539,-3.2364,9.55437
1.74303,-3.23878,9.42821
1.53593,-3.18166,9.38298
1.4431,-2.91029,9.49724
1.41692,-2.6675,9.74718
1.57402,-2.59847,9.89238
1.70732,-2.62227,9.74956
1.73351,-2.73177,9.38536
1.60258,-3.03169,9.1497
1.43596,-3.1888,9.01878
1.43834,-3.3221,8.97356
1.37645,-3.1769,9.0164
1.41692,-2.86745,9.2354
1.51927,-2.46754,9.42821
1.52641,-2.2057,9.46391
1.59306,-2.10097,9.48772
1.55498,-2.11287,9.47819
1.59306,-2.63179,9.55199
1.61449,-2.71986,9.4924
1.61925,-2.85316,9.37108
1.55736,-3.0674,9.33299
1.61687,-3.10548,9.25444
1.55736,-2.97218,9.31633
1.5645,-2.82222,9.43297
1.52879,-2.52467,9.5139
1.49785,-2.32948,9.61388
1.59782,-2.22713,9.59959
1.5526,-2.33424,9.3806
1.56212,-2.43184,9.42345
1.5764,-2.59847,9.42821
1.62877,-2.79604,9.42345
1.70256,-2.97218,9.25206
1.69304,-2.946,9.2473
1.64543,-2.77461,9.19255
1.59068,-2.56276,9.32109
1.51451,-2.47707,9.44011
1.4669,-2.50801,9.50676
1.50499,-2.45564,9.57817
1.50975,-2.40804,9.69719
1.56212,-2.47707,9.66863
1.61211,-2.61513,9.56389
1.65971,-2.73177,9.57579
1.6978,-2.78651,9.57817
1.74065,-2.8127,9.50438
1.70494,-2.74129,9.6591
1.62163,-2.57704,9.72813
1.66924,-2.49611,9.85191
1.45024,-2.29378,9.89
1.48833,-2.10335,9.91856
1.41216,-2.21284,9.85667
1.3336,-2.48183,9.70671
1.27885,-2.68178,9.57579
1.3336,-2.91029,9.54723
1.40977,-3.12929,9.5139
1.4193,-3.06978,9.44725
1.33836,-2.81984,9.47582
1.22649,-2.47469,9.64958
1.23601,-2.37471,9.61626
1.1884,-2.46754,9.5139
1.13603,-2.55562,9.4901
1.15031,-2.68178,9.50676
1.16936,-2.79366,9.51152
1.15746,-2.84126,9.38774
1.1884,-2.99837,9.28777
1.22887,-3.10072,9.26396
1.09795,-2.95552,9.29015
0.957504,-2.57466,9.49962
0.700424,-2.89363,9.41393
0.595688,-2.52229,9.59959
0.531418,-2.35567,9.69957
0.41954,-2.21523,9.78288
0.298141,-2.13191,9.83525
0.205307,-2.25569,9.80907
0.22197,-2.46278,9.71861
0.348129,-2.67226,9.79478
0.381454,-2.70082,9.66624
0.509995,-2.71034,9.64482
0.400497,-2.88173,9.61388
0.383835,-2.9222,9.70909
0.276718,-2.81032,9.72337
0.274338,-2.72462,9.64482
0.281479,-2.59847,9.74956
0.255295,-2.49611,9.68291
0.255295,-2.33186,9.72575
0.340988,-2.31282,9.8662
0.410019,-2.1819,9.93761
0.369553,-2.23427,9.96855
0.412399,-2.61751,9.66863
0.374313,-2.81032,9.58293
0.357651,-2.93886,9.60197
0.360031,-3.01503,9.64482
0.360031,-3.08168,9.69481
0.421921,-2.93886,9.61388
0.410019,-2.8246,9.6591
0.35527,-2.75319,9.68529
0.326706,-2.78413,9.58531
0.300522,-2.69368,9.58055
0.231491,-3.00313,9.44249
0.257675,-2.98885,9.44963
0.257675,-2.86983,9.502
0.250534,-2.75795,9.45201
0.229111,-2.67464,9.62102
0.143417,-2.49135,9.58531
0.107712,-2.50087,9.67339
0.117233,-2.47945,9.64006
0.126755,-2.45564,9.68767
0.0910492,-2.46278,9.75194
0.129135,-2.63655,9.69243
0.241013,-2.82698,9.67815
0.260056,-2.96266,9.58769
0.22197,-2.91743,9.6115
0.141037,-2.89601,9.6234
0.110092,-2.87459,9.62816
0.100571,-2.82222,9.70195
0.195786,-2.8008,9.6472
0.217209,-2.83174,9.60197
0.252914,-2.89601,9.60912
0.16008,-2.59132,9.93047
0.16008,-2.52467,9.95665
0.214828,-2.51277,9.91856
0.245773,-2.52467,9.88762
0.271957,-2.5937,9.91142
0.295761,-2.65797,9.85191
0.283859,-2.78651,9.7567
0.28862,-2.84364,9.77812
0.324326,-2.87459,9.76146
0.357651,-2.86507,9.75432
0.448105,-2.9222,9.71385
0.493332,-2.97932,9.64244
0.495712,-2.87935,9.58055
0.429062,-2.8484,9.42107
0.326706,-2.86745,9.55913
0.283859,-2.83174,9.47343
0.252914,-2.85793,9.41869
0.186264,-2.92934,9.37108
0.155319,-2.77699,9.35918
0.152939,-2.71748,9.36394
0.450485,-2.78175,9.64958
0.471909,-2.77699,9.68767
0.433823,-2.75557,9.71623
0.469528,-2.67702,9.76622
0.390976,-2.69368,9.7686
0.41716,-2.76985,9.72813
0.364792,-2.84602,9.61626
0.257675,-2.8127,9.58055
0.245773,-2.82222,9.54485
0.245773,-2.85555,9.48296
0.191025,-2.89125,9.50914
0.167221,-2.88649,9.43535
0.183884,-2.83174,9.45439
0.181503,-2.88173,9.46153
0.179123,-2.82698,9.45439
0.217209,-2.86031,9.43059
0.183884,-2.78889,9.54961
0.271957,-2.77223,9.6234
0.317184,-2.6913,9.61388
0.312424,-2.5699,9.55437
0.405258,-2.82222,9.56865
0.429062,-2.9222,9.56865
0.371933,-2.89363,9.54485
0.41716,-2.9698,9.5377
0.393356,-3.05312,9.62102
0.35527,-2.94124,9.66386
0.340988,-2.86983,9.72575
0.388596,-2.74129,9.70195
0.35527,-2.76033,9.82097
0.364792,-2.73653,9.84477
0.371933,-2.80556,9.7448
0.333847,-2.8246,9.76146
0.331467,-2.84364,9.84239
0.274338,-2.77699,9.84239
0.260056,-2.75319,9.82097
0.205307,-2.57942,9.85429
0.167221,-2.53419,9.83049
0.143417,-2.54134,9.8781
0.248154,-2.54134,9.96617
0.319565,-2.66512,9.88286
0.317184,-2.75319,9.10924
0.293381,-2.65321,8.98308
0.264816,-2.4247,8.93071
0.314804,-2.36043,8.80693
0.343369,-2.36757,8.59746
0.367172,-2.39137,8.47606
0.402878,-2.33424,8.25707
0.431442,-2.30806,8.14281
0.436203,-2.17238,7.89763
0.443344,-1.97005,7.62389
0.390976,-1.80818,7.40013
0.41478,-1.80818,7.25731
0.571884,-1.91768,7.23827
0.743271,-2.02242,7.08592
0.881332,-2.10573,6.94786
1.02653,-2.06764,6.63127
1.15269,-2.02718,6.4575
1.17888,-2.0486,6.21947
1.23363,-2.05098,6.0457
1.1765,-2.08192,6.00285
4.17815,-3.11977,8.01189
4.48283,-3.40303,8.08806
4.58995,-3.28639,8.35704
4.9351,-3.34352,8.64507
5.30168,-3.23164,8.65221
5.46117,-2.95076,8.6284
5.66112,-2.60323,8.43559
5.82298,-2.26045,8.2523
5.89439,-2.0486,8.12852
5.96342,-1.97957,7.99046
5.89677,-1.92006,7.85002
6.09673,-1.97719,7.84288
6.28239,-2.28426,7.71434
6.57518,-2.56276,7.68816
6.78703,-2.78413,7.60246
7.11314,-2.78889,7.60722
7.3369,-2.52467,7.62151
7.53923,-2.06288,7.62151
7.70586,-1.76534,7.50249
7.94389,-1.79628,7.39537
8.90556,-1.19881,5.99333
9.13646,-1.29164,5.89574
9.32213,-1.32497,5.89098
9.33641,-1.13692,5.96239
9.30308,-0.853653,6.02428
9.35307,-0.737015,5.95525
9.41972,-0.784622,5.6815
9.58635,-0.825089,5.5125
9.69347,-0.844131,5.27446
9.85295,-0.975052,4.98405
9.86961,-1.07503,4.7841
9.82439,-1.03456,4.51988
9.77202,-0.856033,4.62462
9.5435,-0.653702,4.54369
9.55064,-0.556107,4.51036
9.58873,-0.572769,4.42705
9.60777,-0.651321,4.17235
9.69109,-0.615616,4.03905
9.66252,-0.437088,3.83672
9.72917,-0.460892,3.85338
9.7506,-0.282364,3.1107
9.70775,-0.377579,3.03691
9.73155,-0.349014,2.98692
9.56016,-0.213333,3.13213
9.52922,-0.077652,3.18211
9.57921,-0.103836,3.12022
9.63634,-0.110977,3.03691
9.50542,0.0937347,3.05357
9.5078,0.069931,2.94884
9.3983,0.0770721,2.8322
9.51732,-0.144302,2.72032
9.48399,-0.218094,2.72032
9.41734,-0.146683,2.72984
9.40306,-0.0514679,2.72508
9.44115,0.0532684,2.7346
9.39592,0.203232,2.73698
9.42686,0.236557,2.57274
9.43401,0.19133,2.45372
9.48637,0.212753,2.4442
9.55064,0.141342,2.36803
9.35783,0.0746918,2.20616
9.31023,0.174667,2.07762
9.27928,0.296066,2.2014
9.32213,0.365097,2.30852
9.35069,0.329391,2.2252
9.38164,0.25322,2.19188
9.32451,0.219894,2.07524
9.22453,0.155624,2.16808
9.17455,0.0389862,2.30852
9.22929,-0.0157623,2.30852
9.23644,0.0604095,2.47038
9.22453,0.131821,2.54417
9.2888,0.000900269,2.46562
9.31499,0.146103,2.5537
9.30547,0.288925,2.69652
9.30785,0.250839,2.89171
9.35069,0.231796,3.01549
9.33403,0.227036,3.25829
9.37688,0.136581,3.44157
9.44829,0.212753,3.65819
8.64848,-1.31783,5.83147
8.49376,-1.44637,5.93858
8.33427,-1.66774,5.92668
8.18431,-1.83199,6.03142
7.90819,-1.82008,6.33611
7.76775,-1.80342,6.4218
7.58922,-1.93672,6.46703
7.42497,-1.99385,6.49797
7.13457,-1.94624,6.50511
6.94414,-2.22237,6.55748
4.21147,-2.28426,7.83574
4.08769,-2.45326,7.783
3.79253,-2.61037,7.78575
3.62352,-2.81984,7.71434
3.56639,-2.99837,7.75005
3.49498,-2.98885,7.74528
3.22124,-2.68416,7.64531
2.98082,-2.37947,7.63103
2.67137,-2.2057,7.57152
2.48094,-2.16762,7.60246
2.22386,-2.22713,7.562
2.15721,-2.24617,7.63341
2.09056,-2.44374,7.63817
2.04533,-2.62465,7.58104
1.98106,-2.59847,7.50249
1.87633,-2.4247,7.61913
1.71922,-2.23903,7.85716
1.74541,-2.0605,8.01189
1.77873,-1.94862,8.03331
1.78349,-1.91292,8.23326
1.67638,-2.24379,8.89262
1.76207,-2.2914,9.02116
1.74303,-2.41042,9.18541
1.84776,-2.55086,9.25682
1.95012,-2.78175,9.25682
2.08818,-2.95552,9.17827
2.01915,-3.04121,9.16161
1.95726,-3.08406,9.14018
1.88347,-3.0674,9.19255
1.83348,-2.97456,9.22826
1.73112,-2.79366,9.26634
1.68114,-2.60323,9.2235
1.70494,-2.54848,9.29729
1.72398,-2.61037,9.21397
1.71922,-2.75081,9.09972
1.73351,-2.75557,9.21159
1.71922,-2.78175,9.05449
1.68828,-2.8246,9.14018
1.6978,-2.81508,9.1259
1.71922,-2.77223,9.20207
1.9644,-3.00551,9.51628
1.94298,-2.92458,9.5258
1.98582,-2.85078,9.59721
2.01677,-2.77461,9.54008
1.9763,-2.78651,9.54008
2.00249,-2.74843,9.53056
2.02629,-2.8008,9.56151
1.96678,-2.83412,9.5258
1.88823,-2.84126,9.39726
1.87395,-2.92696,9.48058
1.91679,-2.98408,9.5258
1.88109,-3.02455,9.39964
1.85966,-2.96266,9.45439
1.83348,-2.87935,9.41393
1.82634,-2.77937,9.31633
1.74065,-2.67226,9.34251
1.79539,-2.67226,9.30919
1.75255,-2.70558,9.31633
1.72874,-2.71034,9.36632
1.75255,-2.74367,9.37346
1.75017,-2.75319,9.38298
1.82872,-2.87935,9.50914
1.88585,-3.03645,9.39488
1.87633,-2.97218,9.36632
1.85966,-2.87221,9.3925
1.80016,-2.83888,9.35204
1.75731,-2.81746,9.37346
1.76683,-2.86031,9.34489
1.75255,-2.79366,9.32823
1.74541,-2.71748,9.32109
1.69542,-2.71034,9.40678
1.72874,-2.75557,9.24968
1.67638,-2.91981,9.24016
1.71684,-2.89363,9.21397
1.69304,-2.80794,9.24254
1.66924,-2.85555,9.28062
1.67876,-2.84364,9.30919
1.72636,-2.81032,9.29729
1.68352,-2.76509,9.28777
1.68352,-2.77223,9.30205
1.80016,-2.94362,9.39012
1.75017,-2.85316,9.45915
1.72398,-2.8484,9.52104
1.71208,-2.85078,9.46629
1.72398,-2.88173,9.55199
1.77873,-2.90553,9.44725
1.74065,-2.9341,9.50676
1.79301,-2.93172,9.44725
1.84062,-2.96742,9.42583
1.83348,-2.9817,9.43059
1.80968,-2.89601,9.29967
1.85966,-2.91505,9.25682
1.79301,-2.88887,9.26872
1.82872,-2.87935,9.31871
1.79778,-2.88649,9.29729
1.78587,-2.86269,9.34013
1.76445,-2.85316,9.29253
1.77635,-2.89601,9.28062
1.79778,-2.87221,9.32109
1.82158,-2.89363,9.34727
1.8549,-2.93172,9.36394
1.78349,-2.85793,9.41155
1.80968,-2.88887,9.40202
1.75731,-2.8127,9.46391
1.78587,-2.94838,9.43773
1.83586,-3.03407,9.43059
1.81682,-3.05788,9.41393
1.79063,-2.93886,9.42107
1.7216,-2.89363,9.44725
1.79301,-2.9222,9.42583
1.78349,-2.91029,9.502
1.78349,-2.9222,9.49962
1.71922,-2.9579,9.44011
1.74303,-2.98408,9.48534
1.75493,-3.04835,9.48534
1.73351,-2.93886,9.54961
1.76921,-2.8127,9.5258
1.80254,-2.8484,9.5258
1.80968,-2.88173,9.52342
1.84538,-2.95076,9.54961
1.78349,-3.06978,9.51628
-0.92775,-3.00789,9.72099
-1.06343,-2.85078,9.53294
-1.64424,-2.51039,9.16161
-1.85847,-2.49373,9.26158
-1.88228,-2.63417,9.27348
-1.97511,-2.5818,9.00212
-2.39406,-2.30092,8.74266
-2.58211,-2.36043,8.73552
-2.78206,-2.30806,8.58318
-2.96535,-2.31758,8.59508
-3.03676,-2.37471,8.5927
-3.18672,-2.28188,8.30229
-3.54854,-2.21761,8.04759
-3.82704,-2.16524,8.00713
-4.05318,-2.17952,8.12138
-4.00081,-2.16762,7.89287
-4.24123,-1.97481,7.63341
-4.52449,-1.75581,7.53581
-4.65303,-1.59871,7.38585
-4.94582,-1.33687,7.26445
-6.49068,-0.884598,6.42656
-6.54066,-0.975052,6.03856
-6.70967,-0.913162,5.81718
-7.01674,-0.848892,5.68626
-7.17384,-0.737015,5.59581
-7.26192,-0.6418,5.60771
-7.44521,-0.744156,5.61485
-7.46901,-0.884598,5.65056
-7.44045,-0.884598,5.59105
-7.47853,-0.825089,5.47441
-7.63802,-0.734634,5.4268
-7.81654,-0.615616,5.32921
-7.83321,-0.501358,5.32207
-7.90224,-0.370438,5.26018
-7.90938,-0.410904,5.1483
-8.02602,-0.149063,5.02928
-8.12837,0.069931,5.06023
-8.11647,0.177048,4.9912
-8.26881,0.184189,4.99358
-8.22121,0.0508881,4.8817
-9.3019,1.13872,3.0631
-9.18288,0.845932,3.25
-9.19716,0.726913,3.37254
-9.24239,0.615036,3.6201
-9.26143,0.438889,3.8391
-9.20906,0.303207,3.80339
-9.24239,0.357956,3.64153
-9.34712,0.598373,3.54869
-9.49709,0.662643,3.44633
-9.35426,0.660263,3.44872
-9.41139,0.805466,3.17973
-9.4828,0.862595,3.03929
-9.4471,0.784042,3.15593
-9.41853,0.712631,3.33208
-9.28761,0.743576,3.31541
-9.4471,0.750717,3.34874
-9.35188,0.755478,3.43205
-9.24001,0.726913,3.46538
-9.14241,0.684067,3.57487
-9.16621,0.743576,3.463
-8.88057,0.000900269,3.65343
-8.85677,0.069931,3.78435
-8.89485,0.136581,3.81767
-8.84248,0.0746918,3.94859
-8.72109,-0.00862122,4.13902
-8.61159,-0.103836,4.07713
-8.57112,-0.0824127,4.11046
-8.60683,0.0937347,4.0938
-8.67824,0.25798,4.36754
-8.52351,0.262741,4.56511
-6.25978,-1.09883,7.32396
-6.21931,-1.1869,7.44298
-6.13362,-1.39638,7.68102
-5.99318,-1.55824,7.82146
-5.87416,-1.58443,7.89525
-5.75752,-1.5273,8.15233
-5.46236,-1.6844,8.34276
-5.20766,-1.84389,8.41655
-5.12196,-1.68202,8.18327
-5.24574,-1.42494,8.08806
-1.26338,-3.06502,9.77336
-1.04201,-3.09596,9.98997
-0.668289,-3.10072,9.9876
-0.67305,-2.86745,9.89
-0.806351,-2.63893,9.74718
-0.892044,-2.62703,9.6591
-0.961075,-2.67226,9.45677
-0.987259,-2.8484,9.48534
-0.765884,-2.946,9.42821
-0.651627,-2.95314,9.44487
-0.582596,-2.75557,9.7686
-0.189835,-2.56752,9.98045
-0.0660553,-2.62227,9.9138
-0.0517731,-2.35329,9.68291
-0.0422516,-2.15572,9.77336
0.174362,-2.22713,10.1209
0.488571,-2.47707,10.1756
0.540939,-2.53419,10.1376
0.724228,-2.558,10.1328
0.807541,-2.48183,10.209
2.15245,-2.12477,10.685
2.25719,-2.19856,10.8779
2.45,-2.21761,10.9683
2.49998,-2.11763,10.9469
2.53569,-2.05098,10.8707
2.62614,-2.06526,10.7945
2.53807,-2.02242,10.6874
2.57616,-2.12239,10.7065
2.54997,-2.27473,10.597
2.47856,-2.39137,10.5946
1.86205,-1.94148,9.51152
1.84538,-2.04146,9.38536
1.83586,-1.99147,9.40202
1.85014,-1.9391,9.26634
1.843,-1.98909,9.39488
1.88109,-1.95576,9.39488
1.86681,-1.95338,9.34489
1.86681,-1.95815,9.42821
1.89299,-1.95576,9.43059
1.85014,-1.92006,9.47819
1.74541,-1.99385,9.50914
1.75731,-2.07954,9.46153
1.75255,-2.05812,9.53294
1.71922,-1.96053,9.49962
1.75969,-1.94148,9.58531
1.74779,-1.93196,9.58293
1.74779,-1.92006,9.60435
1.74303,-1.98671,9.58293
1.77159,-2.08669,9.51866
1.75493,-2.10335,9.55437
1.74065,-1.92363,9.5865
1.72517,-1.95219,9.61507
1.68828,-1.99742,9.5627
1.63234,-1.88197,9.52818
1.58116,-1.84746,9.49605
1.58473,-1.92125,9.49248
1.61092,-2.21046,9.45915
1.58711,-2.32948,9.47462
1.58949,-2.32829,9.4175
1.5645,-2.1819,9.44725
1.53355,-2.07597,9.502
1.5157,-2.01765,9.52818
1.5645,-2.12477,9.43654
1.49428,-2.09264,9.5508
1.4312,-2.05098,9.5258
1.49547,-2.17714,9.65672
1.61211,-2.24141,9.76146
1.69304,-2.20927,9.80907
1.73232,-2.12953,9.72694
1.7466,-2.1819,9.77574
1.76088,-2.34377,9.75432
1.74065,-2.38661,9.71385
1.59901,-2.2057,9.61745
1.48357,-1.95696,9.6115
1.50856,-1.92006,9.73766
1.50499,-1.89626,9.72218
1.54189,-1.90221,9.67934
1.53712,-1.89149,9.74242
1.53712,-2.07716,9.671
1.53593,-2.17357,9.64839
1.48357,-2.15215,9.56984
1.4193,-2.22237,9.57103
1.40144,-2.44612,9.51628
1.36455,-2.364,9.44368
1.24196,-2.17476,9.40559
1.2372,-2.26283,9.49129
1.27766,-2.27116,9.55794
1.20387,-2.22713,9.59602
1.14555,-2.10097,9.54604
1.18959,-2.02837,9.66267
1.18364,-2.12477,9.7567
1.17055,-2.13548,9.78645
1.10866,-2.12715,9.76027
1.15627,-2.05455,9.83763
1.15865,-2.12834,9.8662
1.15031,-2.19856,9.91261
1.17174,-2.09859,9.83525
1.16936,-2.1212,9.79716
1.15269,-2.12001,9.71623
1.09438,-2.14024,9.74956
1.02058,-2.10454,9.6353
0.901566,-1.88673,9.54485
0.813492,-2.03075,9.34489
0.717087,-2.145,9.3318
0.73851,-2.11406,9.34013
0.806351,-2.04622,9.4175
0.820633,-1.89745,9.50795
0.889664,-1.8903,9.47343
0.915848,-1.97957,9.47105
0.849197,-2.06407,9.38298
0.698044,-1.86412,9.39845
0.663528,-1.71892,9.38417
0.695663,-1.69392,9.31633
0.708755,-1.74748,9.29372
0.534988,-1.71535,9.3437
0.558792,-1.69987,9.46986
0.711136,-1.782,9.57817
0.86705,-1.64513,9.69124
0.809921,-1.55586,9.67696
0.815872,-1.43922,9.75075
0.877762,-1.35234,9.77693
0.976547,-1.30116,9.77574
0.902756,-1.37138,9.7448
0.855148,-1.17262,9.84715
0.958694,-1.12978,9.95665
1.00392,-0.966721,10.0364
1.03606,-0.979813,10.0614
1.0789,-0.879837,10.0602
1.10271,-0.790573,10.0673
1.10628,-1.00362,10.0293
1.03844,-1.0786,9.91023
0.945602,-1.01671,9.78764
1.02534,-0.90007,9.88881
1.09319,-0.876266,9.88048
1.13841,-0.831039,9.97331
1.17769,-0.790573,9.92808
1.15031,-0.813187,9.98283
1.19316,-1.05003,9.9745
1.28481,-1.04289,9.93404
1.39073,-0.913162,9.96141
