1.14317,0.412704,9.76384
1.1646,0.38176,9.78526
1.2122,0.412704,9.77574
1.17412,0.462692,9.81145
1.18126,0.457932,9.79955
1.23839,0.491257,9.78526
1.25029,0.565048,9.7805
1.25029,0.536484,9.79478
1.22887,0.498398,9.79478
1.29076,0.536484,9.84715
1.22411,0.526962,9.82097
1.15269,0.519821,9.81621
1.11937,0.524582,9.82097
1.04082,0.534103,9.75194
1.01701,0.529343,9.76384
1.00511,0.543625,9.80193
1.04082,0.500778,9.73289
1.08842,0.457932,9.76622
1.09557,0.5103,9.81145
1.15269,0.529343,9.79716
1.0313,0.357956,9.75908
1.04558,0.336533,9.69719
0.943222,0.315109,9.68291
0.86467,0.31749,9.73766
0.840866,0.391281,9.76384
0.86705,0.369858,9.89
0.907516,0.336533,9.87572
0.933701,0.286545,9.81859
0.838486,0.353195,9.75432
0.855148,0.372238,9.87334
0.812302,0.346054,9.84001
0.788498,0.38652,9.79955
0.890854,0.334152,9.85429
1.0313,0.305588,9.97569
1.08366,0.169907,9.98045
1.03844,0.236557,9.9138
0.971786,0.2556,10.0114
0.950363,0.272263,9.86382
0.881332,0.227036,9.85191
0.883713,0.153244,9.78764
0.902756,0.138962,9.77812
0.955124,0.122299,9.93047
0.940842,0.203232,9.82811
0.921799,0.32225,9.85667
0.976547,0.412704,9.81859
1.0313,0.350815,9.88762
1.11223,0.327011,10.0019
1.24791,0.393661,9.93523
1.27885,0.400803,9.89238
1.21935,0.412704,9.64958
1.674,0.405563,9.75908
1.61211,0.31749,9.83049
1.60258,0.246078,9.7567
1.60973,0.38652,9.59007
1.55974,0.488876,9.63054
1.45024,0.586472,9.58293
1.3455,0.598373,9.59007
1.26219,0.562668,9.48534
1.21696,0.45079,9.44725
1.2122,0.398422,9.35918
1.18602,0.367477,9.46867
1.20506,0.288925,9.57817
1.31218,0.293686,9.69005
1.41692,0.243698,9.90428
1.63353,0.207993,9.96855
1.75017,0.343674,9.8781
1.63829,0.44603,9.77574
1.56212,0.534103,9.79716
1.46214,0.488876,9.85191
1.51213,0.524582,10.1114
1.89299,0.653122,10.4042
1.89061,0.672165,10.1661
1.78587,0.70549,9.97807
1.81444,0.688828,9.83763
1.7216,0.591232,9.85191
1.72636,0.572189,9.70433
1.75255,0.38414,9.84477
1.80968,0.296066,9.77336
1.92155,0.422226,9.70433
1.92632,0.550766,9.79716
2.00249,0.665024,9.5258
1.85252,0.550766,9.33537
1.52879,0.726913,9.26158
1.41454,0.874496,9.24968
1.4193,0.96019,9.31871
1.37645,1.13396,9.32347
1.37883,1.11729,9.33537
1.44548,1.0197,9.41393
1.58354,1.01256,9.32347
1.69304,0.964951,9.31633
1.99297,1.20775,9.59483
2.01201,1.23869,9.49486
1.89775,1.21727,9.58293
1.73351,1.1292,9.47105
1.60735,1.13872,9.42821
1.48833,1.17442,9.45677
1.45024,1.28392,9.54246
1.44072,1.34105,9.50438
1.38121,1.36485,9.47819
1.30504,1.44341,9.39964
1.22649,1.52196,9.4044
1.18364,1.56004,9.52818
1.20982,1.44817,9.5258
1.26695,1.33391,9.49962
1.27885,1.22203,9.46153
1.3098,1.25536,9.47582
1.3336,1.27916,9.54961
1.31694,1.16014,9.57341
1.29076,1.04112,9.50914
1.3217,0.953049,9.44725
1.94298,1.16728,9.57817
1.98821,1.07921,9.51628
1.9287,1.05778,9.5258
1.86681,1.08635,9.46629
1.88347,1.10063,9.35442
1.86681,1.11729,9.25444
1.80968,1.18871,9.25206
1.77635,1.19823,9.2711
1.76683,1.20775,9.20683
1.82396,1.11729,9.23302
1.74541,0.372238,9.74242
1.66924,0.269882,9.65196
1.66685,0.355576,9.66624
1.674,0.38414,9.6472
1.63591,0.388901,9.66386
1.51451,0.293686,9.60435
1.51213,0.281784,9.61626
1.44786,0.269882,9.6472
1.40739,0.296066,9.69005
1.37407,0.407944,9.79716
1.39549,0.465073,9.79955
1.38359,0.393661,9.74004
1.37169,0.374619,9.7924
1.33836,0.393661,9.71147
1.34789,0.407944,9.70433
1.36693,0.405563,9.70195
1.43834,0.362717,9.73289
1.45738,0.367477,9.74242
1.46928,0.498398,9.7805
1.49547,0.63884,9.75194
1.26933,0.303207,9.65434
1.1646,0.400803,9.66624
1.09319,0.431747,9.63054
1.08842,0.441269,9.6115
1.10509,0.376999,9.4901
1.06938,0.422226,9.51866
1.10509,0.572189,9.53056
1.15269,0.655502,9.58531
1.15031,0.657883,9.66863
1.22411,0.546005,9.64006
1.26457,0.517441,9.6472
1.34312,0.562668,9.59245
1.42168,0.567429,9.63292
1.57402,0.534103,9.59245
1.5764,0.457932,9.66386
1.64305,0.441269,9.60435
1.65733,0.453171,9.68767
1.61687,0.51506,9.76622
1.5764,0.555527,9.76146
1.5407,0.610275,9.83763
1.52165,0.636459,10.0614
1.51451,0.626938,10.0995
1.53117,0.688828,9.95665
1.52403,0.672165,10.0209
1.49309,0.76738,9.96617
1.49309,0.810226,10.0209
1.47166,0.841171,9.92808
1.52403,0.853073,9.84715
1.52165,0.748337,9.7805
1.48357,0.734055,9.79478
1.43358,0.724533,9.70909
1.45262,0.76976,9.6472
1.52403,0.772141,9.6234
1.43358,0.805466,9.57103
1.41692,0.874496,9.58531
1.31218,0.931625,9.55437
1.30266,0.967331,9.50914
1.31932,0.981613,9.49486
1.4431,0.943527,9.57103
1.47881,0.972092,9.51152
1.47643,0.665024,9.47582
1.47643,0.676926,9.43059
1.48357,0.688828,9.41155
1.44548,0.695969,9.54246
1.4669,0.674545,9.54485
1.455,0.665024,9.60197
1.35503,0.734055,9.59007
1.32408,0.610275,9.48534
1.11461,0.560288,9.42821
1.03606,0.572189,9.32347
0.971786,0.636459,9.5139
0.955124,0.722153,9.59245
0.983688,0.800705,9.67339
1.02415,0.903061,9.57817
0.945602,0.991135,9.74004
0.933701,0.914963,9.71147
0.895615,0.905441,9.72813
0.924179,0.974472,9.87096
1.06462,1.04112,9.82811
1.22173,1.08397,9.82573
2.00963,0.524582,9.79478
1.82634,0.645981,9.89
1.72636,0.764999,9.92094
1.64781,0.814987,9.78526
1.5645,0.917343,9.73527
1.59068,0.860214,9.75194
1.61211,0.83165,9.69957
1.66209,0.772141,9.63768
1.57878,0.715012,9.68291
1.48119,0.798325,9.71385
1.43358,0.867355,9.66148
1.42644,0.955429,9.62578
1.45976,1.01256,9.53294
1.48357,1.11967,9.65434
1.44072,1.17204,9.54246
1.37645,1.13158,9.46867
1.33598,1.13872,9.57341
1.26457,1.12444,9.47582
1.28123,0.922104,9.63292
1.23601,0.826889,9.54246
1.08842,0.277023,9.74718
1.00273,0.357956,9.73527
1.10985,0.38176,9.93999
1.38359,0.526962,9.99712
1.55498,0.57933,9.95903
1.60258,0.479355,9.92571
1.65257,0.586472,9.90666
1.62877,0.693588,9.98283
1.59068,0.748337,9.95903
1.60735,0.738815,9.98997
1.67876,0.676926,9.88286
1.73827,0.63884,9.85905
1.71446,0.672165,9.79002
1.60735,0.684067,9.73766
1.50737,0.681686,9.54961
1.34312,0.779282,9.50914
1.30266,0.855453,9.44249
1.24791,0.781662,9.30681
1.29552,0.626938,9.33299
1.24315,0.557907,9.28538
1.23125,0.550766,9.23778
1.17888,0.562668,9.34489
1.13127,0.617416,9.44725
1.1646,0.617416,9.45201
1.20268,0.588852,9.32109
1.1884,0.600754,9.36394
1.1646,0.531723,9.44249
1.29076,0.726913,9.65672
1.3336,0.731674,9.66148
1.32884,0.736435,9.7448
1.33836,0.636459,9.79002
1.35741,0.500778,9.78764
1.37169,0.438889,9.74956
1.41216,0.476975,9.72813
1.40739,0.565048,9.77098
1.40025,0.731674,9.88524
1.40977,0.741196,9.96379
1.39311,0.800705,9.95665
1.35265,0.800705,9.96379
1.41692,0.734055,9.94713
1.44786,0.700729,9.94237
1.40501,0.715012,10.0114
1.4312,0.722153,10.0043
1.43358,0.779282,10.0376
1.42406,0.762619,9.98283
1.40501,0.791184,9.97331
1.47404,0.729294,9.86858
1.26933,0.738815,9.45201
1.3098,0.743576,9.35442
1.43358,0.645981,9.32347
1.46214,0.717392,9.30919
1.42406,0.819748,9.37108
1.4193,0.914963,9.41631
1.3217,0.891159,9.40202
1.32408,0.805466,9.32109
1.33836,0.812607,9.26872
1.51927,0.845932,9.31395
1.53831,0.814987,9.42821
1.45738,0.874496,9.41393
1.42406,0.857834,9.31633
1.3336,0.83403,9.26634
1.25743,0.679306,9.30205
1.15746,0.722153,9.2473
1.2003,0.698349,9.24968
1.26457,0.662643,9.38536
1.33836,0.645981,9.38536
1.40739,0.5103,9.36632
1.70494,-0.108597,8.41417
1.64781,-0.244278,8.29753
1.60258,-0.341873,8.07616
1.55736,-0.482315,8.06187
1.55736,-0.506119,8.02855
1.59068,-0.425186,8.03093
1.65733,-0.339493,8.25468
1.87633,-0.560867,8.45464
2.10484,-0.77034,8.3856
2.24528,-0.956009,8.26183
2.27861,-0.920303,8.52605
2.35002,-0.856033,8.52367
2.40953,-0.863174,8.61412
2.56664,-1.07027,8.79503
2.87132,-1.48445,8.77837
3.09032,-1.94148,8.82597
3.28313,-2.2057,9.25444
3.46165,-2.3033,9.55675
3.60924,-2.21523,9.72337
3.79967,-2.20094,9.82097
3.89726,-1.8177,9.98045
4.002,-1.48683,10.3113
4.07817,-1.54396,10.1899
4.26622,-1.68678,10.5018
4.40428,-1.75581,10.5256
4.72087,-2.2057,10.4161
4.90178,-2.56276,10.4565
5.03746,-2.58656,10.7255
5.17314,-2.21284,11.1635
5.27074,-1.45589,11.7015
5.31358,-0.756058,11.7729
5.27074,-0.0371857,11.7491
5.30168,-0.0609894,11.542
5.35881,-0.203812,10.9278
5.2874,-1.07027,10.7088
5.43736,-1.14882,11.0445
5.55876,-1.2964,11.3539
5.82536,-0.779861,11.8395
6.00865,0.184189,12.1823
6.09434,0.657883,12.1299
5.5421,2.40984,11.2873
5.5778,2.13847,11.0754
5.6516,2.14085,10.935
5.71825,2.30986,10.9112
5.63731,2.68596,10.8993
5.554,2.9597,10.9064
5.27788,3.03349,10.7826
4.94225,3.13585,10.6065
4.53282,3.27629,10.5232
4.32335,3.28343,10.5732
4.35667,3.13585,10.5613
4.36382,2.92876,10.4875
4.34239,2.82878,10.2828
4.16862,2.66692,10.0566
3.84727,2.67406,9.96617
3.53307,2.80736,9.89
3.29503,2.98351,9.85429
3.11412,3.23582,9.78526
2.90227,3.45006,9.72813
2.84514,3.65715,9.65672
0.269577,3.28581,7.49773
0.0958099,3.38579,7.36681
-0.0779572,3.4334,7.26445
-0.218399,3.43101,7.13829
-0.427872,3.27629,7.0407
-0.570694,2.99303,6.92882
-0.661148,2.60979,6.7003
-0.706375,2.23369,6.62889
-0.851578,2.18608,6.63603
-0.970596,2.16228,6.55748
-1.16341,2.2075,6.55986
-1.51332,2.43602,6.53368
-1.81087,2.66216,6.55986
-1.92274,2.76689,6.48131
-1.91798,2.65501,6.51939
-1.80373,2.28606,6.30278
-1.58473,1.64098,6.08617
-1.65138,1.28392,5.84813
-1.92751,0.967331,5.69341
-2.28218,0.991135,5.83861
-3.2867,1.05778,5.97667
-3.24385,0.879257,6.16234
-3.14864,0.779282,6.34801
-3.08913,0.667404,6.38371
-3.24385,0.557907,6.52653
-3.28908,0.550766,6.58842
-3.1534,0.529343,6.72411
-3.01533,0.403183,6.72173
-2.88918,0.241318,6.66698
-2.81538,-0.125259,6.88121
-2.96535,-0.501358,6.91692
-3.01057,-0.939346,6.9669
-2.98677,-1.22975,7.05022
-2.92488,-1.30354,7.20494
-2.62733,-1.34401,7.43108
-2.36311,-1.32021,7.80003
-2.22981,-1.42018,7.90477
-2.42262,-1.61299,8.00951
-2.61305,-1.64156,8.05235
-2.50117,-1.72487,8.15709
-1.4919,-1.72725,10.2471
-1.61568,-2.16524,10.3542
-1.58235,-2.38185,10.4399
-1.44429,-2.30568,10.6255
-1.20387,-2.01289,11.0421
-1.13008,-1.77248,11.3825
-1.19197,-1.72963,11.4968
-1.29909,-2.0605,11.4944
-1.33241,-2.37233,11.3087
-1.19197,-2.39851,11.3563
-0.846817,-2.1581,11.561
-0.527847,-1.92244,11.7181
-0.356461,-1.76772,11.9728
-0.361221,-1.74153,12.0038
-0.382645,-1.83675,12.049
-0.327896,-1.91768,12.0133
-0.204117,-1.9391,12.0133
-0.130325,-1.89626,11.8443
-0.113663,-1.81532,11.6586
-0.111282,-1.70345,11.711
0.517136,-0.0728912,11.561
0.619492,-0.149063,11.3706
0.726608,-0.437088,11.1825
0.80516,-0.672745,11.0945
0.93132,-0.670364,11.0635
1.0432,-0.446609,11.2063
1.12889,-0.106216,11.1873
1.14555,0.100876,11.2516
1.15746,0.167526,11.1587
1.19316,0.0818329,10.954
1.29076,-0.118118,10.835
1.28362,-0.13002,10.6113
1.38835,-0.0514679,10.5755
1.36217,0.0556488,10.4803
1.41454,0.365097,10.4637
1.42406,0.481735,10.478
1.455,0.469833,10.3351
1.50023,0.531723,10.1994
1.42882,0.412704,10.0185
1.47166,0.288925,9.96617
1.22411,-0.115738,9.62816
1.23839,-0.206192,9.69243
1.21458,-0.187149,9.7686
1.20744,-0.260941,9.76384
1.19316,-0.391861,9.79478
1.17412,-0.494217,9.73052
1.16936,-0.501358,9.70433
1.22173,-0.441849,9.69719
1.1765,-0.356155,9.75908
1.13841,-0.399002,9.71623
1.08366,-0.465652,9.64244
1.0551,-0.570389,9.58531
1.00035,-0.520401,9.6472
1.07652,-0.541824,9.7805
1.04082,-0.57753,9.71623
1.00987,-0.615616,9.71385
0.99321,-0.589432,9.74242
1.0313,-0.687027,9.70909
1.02653,-0.758438,9.6472
0.957504,-0.813187,9.65434
1.11461,-1.02742,9.87334
1.16698,-1.06551,9.81621
1.21935,-0.986954,9.80907
1.16698,-0.803665,9.75432
1.12889,-0.651321,9.8662
1.20982,-0.656082,9.88048
1.21696,-0.729874,9.81621
1.09557,-0.784622,9.7805
1.067,-0.889359,9.83049
1.10985,-0.844131,9.78526
1.0789,-0.829849,9.80193
1.10033,-0.791763,9.73289
1.08366,-0.758438,9.69243
1.07176,-0.734634,9.71861
0.964645,-0.734634,9.64482
0.912277,-0.782242,9.6591
0.895615,-0.806046,9.59959
0.914658,-0.841751,9.64244
0.990829,-0.794144,9.69957
1.0313,-0.746536,9.80431
1.01463,-0.77272,9.88048
1.0313,-0.860794,9.76384
1.03368,-0.89888,9.75432
1.16936,-0.713211,10.0328
1.0789,-0.677505,9.98283
1.12651,-0.787003,9.99235
1.14793,-0.839371,9.98997
1.20744,-0.920303,10.0043
1.24315,-0.996475,9.92808
1.19078,-1.05122,9.89
1.15746,-1.06075,9.88286
1.14079,-1.04408,9.87334
1.10033,-0.936966,9.84477
1.03606,-0.760818,9.85429
1.09557,-0.694168,9.78288
1.09319,-0.717972,9.83763
1.06462,-0.739395,9.83287
1.07414,-0.787003,9.76384
1.06224,-0.763199,9.73527
1.15269,-0.734634,9.76146
1.15746,-0.741776,9.7686
1.15269,-0.682266,9.77574
1.10509,-0.729874,9.84001
1.13841,-0.825089,9.87572
1.16222,-0.841751,9.85429
1.13603,-0.8965,9.80669
1.08366,-0.917923,9.80431
1.09319,-0.894119,9.73052
1.07652,-0.877457,9.77574
1.13603,-0.83699,9.71623
1.0313,-0.822708,9.71385
1.06224,-0.787003,9.671
1.00749,-0.798904,9.71861
1.03368,-0.715591,9.79716
1.09319,-0.77034,9.81383
1.09319,-0.841751,9.75432
0.997971,-0.948868,9.69005
1.02892,-1.02028,9.62816
1.03368,-0.986954,9.68767
1.07652,-0.991715,9.70671
1.09557,-0.932205,9.73527
1.14079,-0.953629,9.67577
1.08604,-0.894119,9.71385
1.03368,-0.825089,9.77574
1.09557,-0.908401,9.86382
1.00511,-0.829849,9.75432
1.02177,-0.813187,9.82097
1.04558,-0.741776,9.81145
1.04082,-0.720352,9.81859
1.05986,-0.734634,9.79002
0.983688,-0.791763,9.79002
1.0432,-0.820328,9.81383
1.07414,-0.875076,9.81621
1.01701,-0.910782,9.83049
1.02653,-0.927444,9.80907
1.0432,-0.944107,9.69243
1.05986,-0.851273,9.79002
1.0789,-0.815567,9.7567
1.05272,-0.822708,9.75194
1.04558,-0.820328,9.82811
0.99559,-0.872696,9.7924
0.964645,-0.979813,9.7924
1.01701,-0.986954,9.77336
1.07414,-0.8965,9.80193
1.0789,-0.796524,9.84001
1.07176,-0.867935,9.73289
1.02892,-0.903641,9.73289
1.00035,-0.884598,9.81145
1.00511,-0.851273,9.86382
1.02415,-0.751297,9.84239
1.06224,-0.775101,9.80907
1.09557,-0.858414,9.86382
1.05986,-0.886978,9.82097
1.09795,-0.946487,9.84477
1.07176,-0.910782,9.7686
1.05034,-0.827469,9.84477
1.05034,-0.884598,9.79955
1.0551,-0.906021,9.79955
1.03368,-0.8965,9.7924
0.99321,-0.884598,9.84001
1.01939,-0.879837,9.88286
1.03844,-0.851273,9.7448
1.0551,-0.891739,9.82097
1.11223,-0.8965,9.89
1.06224,-0.825089,9.90428
1.07414,-0.796524,9.90904
1.0432,-0.817947,9.81859
1.09319,-0.891739,9.7805
1.03844,-0.917923,9.71385
1.08604,-0.927444,9.77812
1.067,-0.939346,9.80907
1.00987,-0.8965,9.7448
1.00987,-0.803665,9.77812
1.03844,-0.782242,9.78764
0.983688,-0.775101,9.74956
0.997971,-0.827469,9.73052
1.02653,-0.83699,9.72337
1.09081,-0.798904,9.72813
1.04558,-0.906021,9.69957
1.05986,-0.913162,9.72337
1.06938,-0.856033,9.71147
1.0789,-0.822708,9.69243
1.00987,-0.794144,9.74004
1.02415,-0.846512,9.78526
0.978928,-0.851273,9.73052
1.02415,-0.872696,9.89952
1.10747,-0.829849,9.87572
1.10271,-0.779861,9.90428
1.08128,-0.76796,9.88762
1.0789,-0.727493,9.94475
1.05748,-0.796524,9.92571
1.09557,-0.820328,9.87572
1.08128,-0.872696,9.88048
1.02653,-0.70607,9.81383
1.067,-0.722733,9.7448
1.10271,-0.77272,9.80431
1.10985,-0.801285,9.79002
1.0432,-0.787003,9.82097
1.00987,-0.734634,9.81383
0.967026,-0.737015,9.84239
1.00273,-0.701309,9.88048
1.09795,-0.698929,9.75432
1.11461,-0.672745,9.80907
1.17174,-0.839371,9.81859
1.19792,-0.891739,9.76622
1.15269,-0.951248,9.70671
1.11937,-0.8965,9.72099
1.0789,-0.89888,9.7805
1.09081,-0.872696,9.81383
1.06224,-0.815567,9.87572
1.09557,-0.803665,9.87572
1.11699,-0.83223,9.87096
1.08128,-0.820328,9.88762
1.07176,-0.827469,9.87572
1.07176,-0.739395,9.89
1.10985,-0.737015,9.90428
1.10271,-0.756058,9.85429
1.14079,-0.825089,9.85905
1.15746,-0.798904,9.94951
1.14317,-0.737015,9.92571
1.19316,-0.691788,9.78526
1.19078,-0.715591,9.81621
1.13841,-0.720352,9.80907
1.12175,-0.582291,9.37108
1.09081,-0.6418,9.36632
1.08842,-0.660843,9.2235
1.04796,-0.663223,9.2473
1.06462,-0.672745,9.1497
1.14079,-0.727493,9.03307
1.20268,-0.76796,8.92119
1.20744,-0.739395,8.72838
1.14317,-0.765579,8.71172
1.10509,-0.867935,8.59508
1.86443,-2.35805,8.6403
1.90251,-2.00337,8.91643
1.98344,-1.82484,9.0283
1.98344,-1.81294,9.20207
2.06914,-1.72725,9.34251
2.13579,-1.75581,9.2354
2.24052,-1.94862,9.30919
2.40953,-2.33424,9.283
2.51665,-2.60561,9.12828
2.69518,-2.99599,9.09734
2.94987,-2.75557,9.44487
3.18077,-2.39137,9.70195
3.39024,-1.61537,9.89714
3.39262,-0.791763,10.228
3.40215,-0.548965,10.328
3.39976,-0.651321,10.2899
3.41881,-1.01314,10.1875
3.5045,-1.53206,10.0709
3.65685,-1.99861,10.1019
3.92583,-1.97243,10.4684
5.24931,-1.25832,11.78
5.42784,-1.16786,12.0038
5.58733,-0.946487,12.1133
5.63493,-0.506119,12.1799
5.61351,-0.358536,11.9823
5.46355,-0.160965,11.7991
5.41594,-0.51326,11.5777
5.51591,-0.789383,11.5896
5.65636,-0.665604,11.3611
5.70634,-0.184769,11.5729
5.72539,0.481735,11.7895
5.65874,0.881638,11.811
5.50639,1.34819,11.7253
5.38737,1.60289,11.6967
5.27788,1.80046,11.7181
5.09459,1.72905,11.5158
4.91844,1.80522,11.4563
4.83989,1.71715,11.4491
4.85893,1.84331,11.4468
4.778,1.95518,11.3563
2.69041,2.12895,10.1566
2.55949,1.93376,9.88048
2.38811,1.84807,9.65196
2.15245,1.94566,9.59245
2.02391,2.12181,9.64006
1.90965,2.33842,9.62816
1.75731,2.51695,9.48296
1.50499,2.50505,9.19255
1.25029,2.55742,8.89024
0.981308,2.32176,8.52129
0.73613,2.10039,8.28325
0.552841,1.97661,8.01189
0.395737,1.90044,7.88573
0.243393,2.00755,7.91429
0.0862885,2.18846,7.82384
0.000595093,2.317,7.75957
-0.220779,2.47649,7.57628
-0.449295,2.55028,7.46202
-0.627823,2.53362,7.43108
-0.761124,2.59074,7.25255
-2.7654,2.15276,5.89098
-2.87489,2.22417,5.9124
-3.01295,2.24797,5.96477
-3.13673,2.23607,5.89574
-3.23671,2.22179,5.9124
-3.3224,2.04088,6.03142
-3.31526,1.6624,5.85051
-3.23909,1.11015,5.91716
-3.06532,0.762619,5.84813
-3.11293,0.779282,5.85289
-3.09865,0.969711,5.96477
-3.17958,1.1768,6.18614
-3.22243,1.27678,6.38847
-3.25337,1.26726,6.3004
-3.23195,1.11967,6.37657
-3.28908,1.0554,6.30754
-3.42,0.745956,6.25279
-3.64613,0.374619,6.12663
-3.76277,0.158005,6.20757
-3.85799,0.131821,6.26707
-2.06795,-2.09145,9.35204
-1.91084,-1.96529,9.72813
-1.68947,-1.79152,9.95189
-1.62044,-2.31758,9.96379
-1.58711,-2.75319,9.89476
-1.52998,-3.20546,10.0043
-1.23006,-3.4911,10.2828
-0.953934,-3.47206,10.5041
-0.770645,-3.29591,10.8445
-0.656387,-3.07216,11.0849
0.0958099,-2.89601,11.542
0.279099,-2.85316,11.5372
0.407639,-2.81032,11.373
0.474289,-2.91743,11.1611
0.536179,-3.06026,11.1944
0.500473,-3.03883,11.3182
0.498093,-2.85316,11.3587
0.410019,-2.35805,11.4301
0.364792,-1.86531,11.5039
0.35527,-1.60585,11.4587
0.379074,-1.71773,11.3063
0.588547,-1.84151,11.1087
0.786118,-1.88673,11.0397
0.940842,-1.68202,10.9659
1.09319,-1.43446,10.9445
1.08366,-1.17976,10.8302
0.99321,-0.953629,10.7541
0.821823,-0.96553,10.666
0.669479,-1.12502,10.6874
0.629013,-1.14406,10.685
1.59782,-0.715591,10.6374
1.48595,-0.908401,10.3732
1.43358,-0.908401,10.2399
1.42644,-1.04408,10.178
1.40501,-1.11787,10.1376
1.39787,-1.00362,10.1947
1.49785,-0.744156,10.2875
1.49309,-0.484695,10.3827
1.50499,-0.463272,10.3946
1.53117,-0.501358,10.3232
1.52879,-0.727493,10.178
1.53355,-0.913162,9.99235
1.50975,-1.09645,9.94475
1.60497,-1.24879,9.84953
1.61687,-1.22737,9.77574
1.69542,-1.20119,9.79955
1.68352,-1.01552,9.92808
1.56926,-0.64418,10.0162
1.54546,-0.458511,10.1614
1.59068,-0.506119,10.0804
1.15984,-1.00124,9.54723
1.25029,-1.10835,9.60435
1.24077,-1.10121,9.59483
1.3098,-1.03694,9.72099
1.27647,-1.1631,9.59959
1.27885,-1.2845,9.5377
1.34074,-1.36067,9.671
1.32884,-1.36305,9.65196
1.32408,-1.24879,9.54008
1.28123,-1.16786,9.7448
1.33598,-1.53206,9.60674
1.28838,-1.5273,9.6472
1.33598,-1.5273,9.67339
1.32646,-1.43446,9.64006
1.27647,-1.38448,9.70909
1.20268,-1.24641,9.76146
1.19792,-1.16548,9.78764
1.14793,-1.175,9.73527
1.13841,-1.19167,9.73766
1.20268,-1.29402,9.75194
1.26933,-1.37972,9.71147
1.3217,-1.30354,9.77574
1.24791,-1.30354,9.7805
1.26695,-1.26546,9.75432
1.29076,-1.28212,9.80431
1.37645,-1.34163,9.84953
1.41454,-1.31306,9.91618
1.50023,-1.31783,9.90904
1.49071,-1.37495,9.80193
1.46928,-1.51302,9.7805
1.30504,-1.29402,9.69005
1.37883,-1.23213,9.75194
1.35265,-1.11311,9.87096
1.36217,-1.14882,9.9019
1.2979,-1.22737,9.87334
1.32408,-1.24403,9.77098
1.37645,-1.35353,9.83287
1.36931,-1.42018,9.77812
1.37645,-1.47493,9.63054
1.33122,-1.45827,9.73289
1.35027,-1.38448,9.70909
1.39311,-1.37733,9.73289
1.40263,-1.36781,9.73766
1.32884,-1.31068,9.671
1.32408,-1.30116,9.71147
1.32884,-1.28212,9.71147
1.34789,-1.34877,9.7805
1.29552,-1.40828,9.71385
1.29552,-1.40114,9.70909
1.34074,-1.40828,9.81383
1.26457,-1.14406,9.69957
1.27409,-1.17976,9.70195
1.24791,-1.19405,9.73766
1.31456,-1.25594,9.74242
1.30742,-1.25117,9.76384
1.35027,-1.22737,9.79478
1.37169,-1.25356,9.83287
1.36455,-1.30116,9.81145
1.36693,-1.34877,9.84477
1.3098,-1.27736,9.79478
1.37883,-1.26308,9.71623
1.35503,-1.25832,9.7686
1.3098,-1.31306,9.78288
1.31932,-1.31783,9.69957
1.29552,-1.20595,9.7448
1.26695,-1.13454,9.80907
1.31694,-1.17738,9.77574
1.35503,-1.16548,9.7448
1.3336,-1.14882,9.70195
1.24791,-1.14168,9.67577
1.23839,-1.19643,9.73527
1.28362,-1.27736,9.72337
1.31932,-1.31306,9.6115
1.28123,-1.2845,9.69719
1.286,-1.30592,9.71147
1.32646,-1.3083,9.69481
1.25029,-1.25832,9.62816
1.24791,-1.20833,9.65672
1.20744,-1.23927,9.76622
1.22649,-1.2607,9.72337
1.23363,-1.26546,9.67815
1.24077,-1.35353,9.63292
1.22887,-1.33449,9.62578
1.30504,-1.24641,9.79002
1.29076,-1.18452,9.66386
1.25743,-1.07503,9.71385
1.24315,-1.16548,9.72575
1.29314,-1.19881,9.75194
1.26695,-1.23213,9.71385
1.23363,-1.28688,9.71861
1.25505,-1.26546,9.69719
1.27647,-1.175,9.81859
1.2979,-1.21309,9.79478
1.27171,-1.24403,9.80431
1.29314,-1.25594,9.76146
1.27647,-1.15358,9.75908
1.20268,-1.09407,9.81383
1.17888,-1.10597,9.84477
1.2122,-1.19167,9.79478
1.28123,-1.17976,9.71147
1.20982,-1.16786,9.68291
1.25505,-1.22737,9.73289
1.28362,-1.22737,9.76384
1.30028,-1.29878,9.74242
1.29552,-1.25594,9.72337
1.25267,-1.22975,9.671
1.20744,-1.23451,9.69719
1.25267,-1.23689,9.6353
1.28123,-1.25594,9.64006
1.29076,-1.34401,9.75194
1.29076,-1.21547,9.71623
1.23839,-1.15596,9.74956
1.18126,-1.13454,9.70671
1.19316,-1.21547,9.65672
1.15269,-1.20357,9.71147
1.13127,-1.1631,9.74242
1.14793,-1.1512,9.74242
1.17888,-1.19643,9.71385
1.18126,-1.24165,9.74956
1.24315,-1.23927,9.69719
1.14555,-1.05836,9.71147
1.17412,-1.0298,9
1.27409,-0.979813,9.77812
1.28838,-0.972672,9.65672
1.16698,-1.13692,9.68053
1.09319,-1.27974,9.55437
1.04082,-1.26308,9.5139
1.10985,-1.11549,9.6353
1.1884,-1.04408,9.66148
1.22173,-0.956009,9.69957
1.21696,-1.4416,9.09258
1.20506,-1.62489,9.04021
1.26457,-1.72011,8.95213
1.23839,-1.78676,8.81169
1.2122,-1.89149,8.68553
1.15269,-2.02956,8.68553
1.1765,-2.17,8.64269
1.21935,-2.36757,8.62126
1.33836,-2.38185,8.66411
1.53831,-2.47707,8.69505
1.66685,-2.57942,8.65459
1.69304,-2.60085,8.73076
1.75017,-2.67226,8.64983
1.80016,-2.92458,8.65697
1.97868,-3.15785,8.82359
2.11198,-3.30544,8.84978
2.16911,-3.26497,8.71886
2.17625,-3.25307,8.67839
2.20006,-3.28401,8.48558
2.36906,-3.26973,8.48796
2.46904,-3.2007,8.50938
2.53807,-2.94124,8.63792
2.54997,-2.53658,8.83311
2.49046,-2.18666,9.12828
2.49998,-1.66536,9.42821
2.64757,-1.85103,9.502
2.8737,-2.11525,9.60435
3.06889,-2.26759,9.78288
3.2379,-2.19618,10.1566
3.40453,-1.83437,10.6517
5.50877,-1.15358,11.8586
5.42546,-1.60585,11.7967
5.36595,-1.82722,11.6372
5.38261,-1.2964,11.8371
5.37071,-0.394241,11.9657
5.41118,0.412704,11.8895
4.91844,1.2625,11.7229
4.73277,1.40294,11.7419
4.74705,1.19109,11.6443
4.84703,1.01018,11.5087
4.18053,2.04326,10.7398
3.98058,2.17418,10.666
3.87346,2.26939,10.8421
3.7473,2.31224,10.7255
3.77824,2.23607,10.7517
3.67589,2.29082,10.6017
3.4688,2.29082,10.4827
3.27837,2.10039,10.3708
3.13316,1.9052,10.128
2.93083,1.82664,9.87334
2.63329,1.81712,9.81383
2.25005,1.8195,9.67339
1.88585,1.92662,9.48772
1.56926,1.94804,9.46391
1.35741,2.11467,9.34251
1.17412,2.19798,9.29015
1.03844,2.20036,9.21874
0.862289,2.1956,9.05687
0.681381,2.1837,8.95451
0.595688,2.16942,8.95451
-2.68446,0.624557,5.89336
-2.79158,0.650742,5.92906
-3.29146,0.991135,5.89098
-3.59377,0.96257,5.87669
-3.74611,0.803085,5.86003
-3.76277,0.855453,5.91002
-3.81038,0.943527,5.88384
-3.93178,0.910202,5.78386
-4.15315,0.688828,5.66246
-4.196,0.300827,5.58867
-4.02461,-1.57729,6.50511
-3.8199,-1.94862,6.63841
-3.6866,-2.07002,6.75981
-3.78419,-1.9034,6.88835
-3.89607,-1.49635,7.13353
-3.77943,-1.0179,7.59294
-3.55806,-0.820328,7.92381
-3.38667,-1.0417,8.02617
-3.63661,-1.46779,8.01427
-4.01271,-1.91054,7.83574
-4.00795,-2.29854,7.96904
-3.63661,-2.41042,7.94286
-3.11055,-2.38185,8.31181
-2.72969,-2.15334,8.4713
-2.56068,-2.20808,8.74742
-2.90346,-2.30092,8.74028
-3.32002,-2.48659,8.71172
-3.35097,-2.64607,8.79741
-2.96297,-2.68416,9.04497
-2.53212,-2.54134,9.1378
-2.39406,-2.56038,9.42107
-2.45833,-2.43422,9.57817
-2.53688,-2.47707,9.6591
-2.50356,-2.48183,9.58055
-2.35835,-2.33424,9.76384
-2.1465,-2.34138,10.0638
-2.01082,-2.48183,10.159
-2.03462,-2.59132,10.259
-1.94655,-2.74843,10.259
-1.74184,-2.9579,10.2828
-1.45857,-3.27211,10.2447
-1.19673,-3.56728,10.597
-0.856339,-3.76247,10.6803
-0.768265,-3.88149,10.7041
-0.749222,-3.80769,10.8398
-0.770645,-3.68391,10.9397
-0.534988,-3.59584,11.1873
-0.261246,-3.52443,11.254
-0.0279694,-3.52919,11.4087
0.126755,-3.42921,11.5729
0.210068,-2.34853,11.0873
0.426682,-2.31758,11.0849
0.705185,-2.20094,11.1016
0.967026,-2.31282,11.1207
1.14793,-2.15334,11.1373
1.23601,-2.07002,11.1706
1.20268,-1.87245,11.1016
1.04558,-1.54634,11.0992
0.943222,-1.3083,11.0207
0.99321,-1.40114,11.1111
1.12175,-1.45113,10.9754
1.24315,-1.43684,10.8707
1.31456,-1.48445,10.7422
1.44548,-1.35591,10.9088
1.56212,-1.21785,10.9183
1.61211,-0.827469,11.0231
1.53593,-0.63942,11.0754
1.37169,-0.617996,10.9064
1.23839,-0.784622,10.8541
1.15269,-0.977432,10.7731
1.23601,-1.08931,10.6089
1.35979,-1.17738,10.5803
1.50023,-1.24403,10.6041
1.54546,-1.4297,10.4232
1.48833,-1.36543,10.259
1.42406,-1.2726,10.2423
1.38121,-0.870316,10.2328
1.3098,-0.518021,10.4303
1.26933,-0.389481,10.4422
1.31932,-0.396622,10.2375
1.37407,-0.982193,9.56151
1.40025,-1.00362,9.55437
1.38597,-0.972672,9.56627
1.36931,-1.04408,9.53294
1.39787,-1.17738,9.48772
1.36217,-1.31306,9.57103
1.34312,-1.33211,9.53294
1.34074,-1.36781,9.56151
1.31218,-1.35591,9.59007
1.32408,-1.39876,9.65672
1.29076,-1.65822,9.7686
1.29076,-1.73439,9.64958
1.286,-1.76772,9.60912
1.19316,-1.70345,9.61864
1.22887,-1.60347,9.68291
1.26933,-1.59157,9.7448
1.25505,-1.67488,9.70433
1.25505,-1.76534,9.6353
1.21458,-1.74391,9.70195
1.18126,-1.63918,9.70195
1.16698,-1.47731,9.70909
1.15031,-1.43684,9.7567
1.13603,-1.46303,9.73289
1.13127,-1.57729,9.72099
1.13365,-1.67012,9.58055
1.18602,-1.70583,9.63054
1.19792,-1.64632,9.63292
1.27409,-1.563,9.72337
1.3455,-1.57252,9.79478
1.28123,-1.60109,9.82811
1.26457,-1.59157,9.79955
1.1646,-1.59157,9.66148
1.19792,-1.61537,9.72099
1.20982,-1.58443,9.83287
1.29076,-1.52492,9.87096
1.27885,-1.51302,9.86382
1.30742,-1.54634,9.77336
1.26457,-1.49635,9.76146
1.3098,-1.5154,9.77336
1.24077,-1.55824,9.71861
1.24553,-1.68202,9.73289
1.26695,-1.62489,9.69957
1.23839,-1.57252,9.68767
1.20982,-1.47493,9.72099
1.19554,-1.41304,9.69243
1.1765,-1.43208,9.71861
1.18126,-1.47493,9.68767
1.19078,-1.5511,9.73527
1.19078,-1.50825,9.73052
1.24077,-1.50111,9.71623
1.20506,-1.5154,9.7567
1.18364,-1.46065,9.71861
1.15269,-1.36305,9.7567
1.09795,-1.41542,9.81383
1.2003,-1.48921,9.73766
1.2122,-1.57491,9.74004
1.23601,-1.5273,9.73527
1.23601,-1.54396,9.80669
1.16698,-1.48207,9.71623
1.18126,-1.46065,9.7686
1.21696,-1.39162,9.87096
1.23839,-1.394,9.86144
1.19792,-1.45351,9.78764
1.15746,-1.5511,9.7686
1.14793,-1.60347,9.80193
1.20744,-1.6487,9.76146
1.18126,-1.55586,9.70195
1.17174,-1.49397,9.70671
1.13841,-1.46065,9.74004
1.1884,-1.48921,9.83287
1.21935,-1.56062,9.68529
1.24553,-1.51064,9.67339
1.28838,-1.563,9.67815
1.22649,-1.52254,9.73766
1.1884,-1.45351,9.74718
1.16222,-1.34877,9.68767
1.22887,-1.31306,9.70671
1.23125,-1.38924,9.80431
1.18364,-1.54634,9.74242
1.1884,-1.54158,9.64482
1.20744,-1.44875,9.75908
1.20506,-1.39162,9.69005
1.22649,-1.46779,9.67815
1.24077,-1.55348,9.74004
1.1884,-1.58443,9.68767
1.13365,-1.5511,9.71385
1.0789,-1.54634,9.68291
1.12889,-1.55348,9.67577
1.21458,-1.49635,9.63768
1.2122,-1.3821,9.73289
1.14793,-1.42732,9.70671
1.10985,-1.54396,9.67339
1.19078,-1.58443,9.7567
1.23363,-1.56062,9.76384
1.26695,-1.47969,9.7686
1.21935,-1.54396,9.70195
1.16222,-1.59395,9.69481
1.11461,-1.53444,9.77812
1.17174,-1.48921,9.74718
1.14079,-1.49159,9.71861
1.16936,-1.42732,9.67577
1.13603,-1.46541,9.70909
1.12175,-1.41304,9.76146
1.15269,-1.4297,9.79955
1.13365,-1.4416,9.70195
1.15508,-1.37257,9.74956
1.18126,-1.42494,9.75432
1.20982,-1.44637,9.84715
1.26933,-1.49635,9.86382
1.23125,-1.38448,9.76146
1.17412,-1.37257,9.74004
1.18602,-1.41542,9.71385
1.17174,-1.45589,9.71623
1.19792,-1.41066,9.71147
1.23363,-1.36305,9.71147
1.2122,-1.37257,9.77574
1.24077,-1.31783,9.66148
1.19792,-1.31306,9.74718
1.13841,-1.30116,9.67577
1.15269,-1.27498,9.67339
1.08366,-1.31544,9.68053
1.10033,-1.31783,9.67339
1.17412,-1.31783,9.7448
1.18602,-1.31544,9.61864
1.10509,-1.34163,9.72813
1.15269,-1.30354,9.66386
1.10985,-1.29164,9.72099
1.11461,-1.34639,9.69481
1.15031,-1.35591,9.69481
1.21935,-1.26784,9.82335
1.2122,-1.49873,9.39726
1.2003,-1.42732,9.41155
1.18602,-1.23927,9.47582
1.11461,-1.1274,9.48058
1.10271,-1.1512,9.44249
1.12651,-1.19881,9.44725
1.17888,-1.21071,9.46629
1.20268,-1.22261,9.44011
1.21935,-1.2607,9.47343
1.27171,-1.33211,9.42821
1.3336,-1.33687,9.5377
1.42168,-1.30592,9.60674
1.46928,-1.19405,9.5139
1.48595,-1.32497,9.50438
1.45976,-1.42018,9.44487
1.48595,-1.63203,9.33775
1.48357,-1.65346,9.25444
1.43834,-1.62251,9.26158
1.36931,-1.6487,9.30443
1.37645,-1.67488,9.19017
2.13817,-3.69582,9.1497
2.1096,-3.54823,9.31871
2.07152,-3.13167,9.41393
2.06676,-2.70796,9.62816
2.05724,-2.45802,9.8662
2.14531,-2.46516,9.99474
2.26671,-2.76509,9.81383
2.26909,-3.13167,9.59007
2.33098,-3.65535,9.41393
2.46904,-3.97908,9.39488
2.59996,-4.00288,9.52342
2.74992,-3.63155,9.70909
2.8856,-3.13643,10.0709
2.94511,-2.68654,10.1828
2.97368,-2.06526,10.4732
2.9951,-1.77486,10.6422
2.96654,-1.84627,10.6969
3.09508,-2.17,10.9826
3.22124,-2.73177,11.0754
3.3831,-2.87935,11.2373
4.56139,-0.163345,12.5417
4.58043,0.291306,12.5084
4.55901,0.624557,12.4013
4.51378,1.13158,12.3894
4.47569,1.40532,12.1656
4.38286,1.61003,12.1347
4.25908,1.66478,11.8586
4.10197,1.57671,11.7848
3.90202,1.35057,11.5824
3.73778,1.13396,11.373
3.62114,1.04588,11.2611
3.50688,1.1768,11.1635
3.39262,1.37199,11.0897
3.29741,1.58861,10.9469
3.09746,1.74095,10.8302
2.74754,1.90044,10.7803
2.45476,2.03374,10.6993
2.27385,2.29558,10.7041
2.23338,2.52647,10.7374
2.16911,2.72166,10.6327
2.01201,2.75975,10.4422
1.77397,2.66216,10.2828
1.46928,2.27177,10.1542
1.18364,1.96233,9.88524
0.940842,1.86235,9.63054
0.650436,1.85283,9.44249
0.424301,1.93614,9.35918
0.331467,2.01469,9.09972
0.155319,2.14561,9.02116
0.0243988,2.25035,8.76885
-0.246964,2.27415,8.71172
-0.404068,2.24559,8.6165
-0.537369,2.23369,8.59746
-0.575455,2.19798,8.31181
-0.587357,2.22893,8.12376
-0.67305,2.17418,7.83098
-0.889664,2.10277,7.50725
-1.11818,2.00517,7.38347
-1.33955,1.9171,7.20256
-1.47762,1.78856,7.00499
-3.2867,2.30748,5.77434
-3.32954,2.2932,5.81004
-3.35573,2.0385,5.64818
-3.53188,1.77666,5.30778
-3.74611,1.2863,5.11259
-3.81514,0.810226,4.96977
-3.79134,0.18895,4.95311
-3.7961,-0.115738,4.91026
-3.94844,-0.132401,4.95549
-4.2198,0.172287,5.11736
-4.55544,0.500778,5.31969
-4.7292,0.586472,5.36491
-4.91487,0.519821,5.27684
-4.90059,0.305588,5.35063
-4.79109,0.0128021,5.42442
-4.68159,-0.0657501,5.45061
-4.59828,-0.303787,5.67436
-4.54353,-0.427567,5.75291
-4.47926,-0.556107,5.85765
-4.39595,-0.827469,6.17662
-4.39595,-0.998856,6.21947
-4.47926,-1.27022,6.3004
-4.50545,-1.563,6.49321
-4.3412,-1.65584,6.70506
-4.02223,-1.74391,6.86693
-3.65804,-1.80818,7.11449
-3.38429,-1.99623,7.22874
-3.47475,-2.33424,7.19542
-3.75563,-2.7151,6.94072
-3.86513,-2.84126,7.00975
1.0789,-1.87483,11.3682
1.11937,-1.4297,11.5896
1.10271,-1.19405,11.5872
1.00511,-1.16548,11.5039
0.962265,-1.1631,11.342
1.03844,-1.11787,11.2492
1.24553,-0.865555,11.273
1.37407,-0.648941,11.3349
1.51689,-0.344254,11.2682
1.57402,-0.182388,11.2468
1.65257,-0.213333,11.1587
1.63829,-0.470413,11.004
1.65733,-0.617996,10.9255
1.75493,-0.717972,10.8493
1.82634,-0.760818,10.7803
1.90727,-0.791763,10.6969
2.01201,-0.70369,10.6374
2.00487,-0.598953,10.5851
1.92632,-0.475174,10.478
1.77159,-0.527542,10.4018
1.72874,-0.598953,10.2994
1.69304,-0.756058,10.2304
1.68828,-0.817947,10.059
1.65019,-0.689407,10.1566
1.57878,-0.544205,10.2042
1.46214,-0.351395,10.1399
1.40263,-0.391861,9.95903
1.41216,-0.565628,9.88524
1.50975,-0.744156,9.83287
1.51689,-0.89888,9.74956
1.60616,-1.37257,9.77574
1.53831,-1.35591,9.76503
1.52046,-1.40828,9.7686
1.5395,-1.38329,9.77574
1.57164,-1.46184,9.74837
1.56807,-1.34282,9.73885
1.53355,-1.29283,9.76146
1.49904,-1.38091,9.75075
1.52641,-1.43922,9.69005
1.5645,-1.3821,9.70671
1.53355,-1.28926,9.66505
1.53355,-1.39043,9.63887
1.5276,-1.36662,9.62102
1.46214,-1.51421,9.62102
1.53117,-1.43565,9.65434
1.56212,-1.41185,9.71504
1.53593,-1.35115,9.73052
1.54308,-1.30711,9.76622
1.59068,-1.46779,9.6472
1.5276,-1.43208,9.63173
1.45262,-1.30473,9.64482
1.455,-1.30711,9.69362
1.42525,-1.27974,9.60554
1.48238,-1.32259,9.68648
1.55617,-1.4297,9.63054
1.48476,-1.35591,9.63411
1.38954,-1.22975,9.7079
1.42168,-1.14168,9.81383
1.5407,-1.39876,9.74123
1.50856,-1.42494,9.77336
1.47285,-1.15239,9.30919
1.47166,-1.1631,9.37703
1.43477,-1.16667,9.29729
1.3943,-1.4059,9.24849
1.4062,-1.52492,9.05449
1.48952,-1.89149,9.12352
1.49547,-2.29497,9.07829
1.87157,-2.96385,9.10924
2.22148,-3.39708,9.07234
2.40001,-3.2852,8.96999
2.56306,-2.92815,9.03545
2.58211,-3.11858,8.90334
2.70946,-3.14357,8.8712
2.89394,-2.11049,9.39012
2.90941,-1.8058,9.5139
2.99867,-2.34258,9.33418
3.19148,-2.93886,9.44963
3.35811,-2.5461,10.0293
3.54021,-2.145,10.6672
3.90797,-2.1212,11.1623
4.38286,-2.10216,11.3968
4.72682,-2.31877,11.4991
5.13148,-2.02956,12.0597
5.52187,-0.864365,12.3918
5.47783,-0.349014,12.2632
5.41237,-0.303787,12.0383
5.56471,0.466263,12.005
5.5171,1.72905,12.0216
5.17314,2.10753,11.9347
5.34691,1.91472,11.7372
2.63924,-2.91386,11.073
2.58092,-2.78175,10.8755
2.55949,-2.06645,11.029
2.73088,-1.4297,11.0683
2.70708,-1.2119,10.8743
2.62495,-1.0786,10.7636
2.67137,-1.01433,10.5946
2.86894,-0.556107,10.5672
2.85466,-0.122879,10.4863
2.81776,0.241318,10.4422
2.53093,-0.477554,9.26872
2.56783,-0.558487,9.27229
2.44286,-0.776291,9.22707
2.45952,-0.806046,9.32704
2.60234,-0.942917,9.38417
2.48332,-0.938156,9.36037
2.4369,-1.10597,9.31276
2.43452,-1.11311,9.30681
2.37621,-1.19762,9.37584
2.34645,-1.01909,9.3806
2.45,-0.840561,9.50557
2.44762,-0.606094,9.65791
2.4738,-0.851273,9.55675
2.49403,-0.96553,9.5984
2.44881,-0.861984,9.54723
2.4738,-0.598953,9.71623
2.49165,-0.727493,9.55318
2.42976,-0.96196,9.54842
2.45238,-0.928635,9.54365
2.47737,-0.861984,9.63768
2.42738,-0.810806,9.47819
2.40001,-0.739395,9.51628
2.40477,-0.57634,9.52818
2.46428,-0.57872,9.55913
2.56187,-0.678696,9.54128
2.45119,-0.842941,9.4651
2.43929,-0.723923,9.51866
2.49165,-0.647751,9.5139
2.47618,-0.637039,9.48415
2.43214,-0.613236,9.49724
2.47856,-0.660843,9.5627
2.4619,-0.688217,9.52699
2.47499,-0.637039,9.53532
2.46904,-0.653702,9.49605
2.44881,-0.670364,9.45796
2.49165,-0.504929,9.5389
2.50117,-0.589432,9.50081
2.4619,-0.626328,9.46629
2.4619,-0.626328,9.51152
2.45476,-0.414475,9.54961
2.41072,-0.504929,9.46867
2.45476,-0.462082,9.57579
2.56783,-0.57991,9.51747
2.45952,-0.70845,9.44963
2.47142,-0.598953,9.60078
2.52855,-0.647751,9.57341
2.4131,-0.528732,9.51985
2.36787,-0.45137,9.4532
2.41429,-0.603714,9.41035
2.4857,-0.553726,9.51628
2.4369,-0.600143,9.50676
2.36787,-0.563248,9.45439
2.40239,-0.463272,9.52223
2.43333,-0.537064,9.56389
2.45952,-0.615616,9.58769
2.43452,-0.548965,9.60674
2.45476,-0.608475,9.50914
2.45476,-0.421616,9.63887
2.45714,-0.602524,9.5746
2.4619,-0.632278,9.55318
2.39644,-0.57872,9.4532
2.36311,-0.614426,9.41869
2.40715,-0.569199,9.43535
2.44405,-0.64418,9.44368
2.38335,-0.570389,9.47343
2.40358,-0.468033,9.47701
2.39049,-0.615616,9.45082
2.42262,-0.423996,9.50676
2.51189,-0.51207,9.51271
2.48451,-0.560867,9.44368
-2.3524,1.84688,6.08617
-2.50594,1.7838,5.9969
-2.3893,2.3658,6.33849
-2.65471,2.28606,6.45512
-3.01295,1.51482,6.2766
-2.8737,0.948288,6.13258
-2.96654,0.679306,6.11711
-3.589,1.25417,6.46108
-4.04366,1.73143,6.63246
-3.7235,1.40889,6.67412
-3.85799,0.51387,6.3242
-4.36858,-0.370438,5.87431
-4.00557,0.292496,6.28017
-3.30336,0.650742,6.79076
-4.24361,-0.332352,6.45988
-4.64351,-0.568008,6.54082
-3.77705,-0.506119,6.9193
-3.82347,-1.25594,6.95262
-4.18172,-1.42375,7.1859
-3.45451,-1.30711,7.79646
2.28694,-1.0179,9.59721
2.24409,-1.08455,9.48772
2.27861,-1.15358,9.55794
2.35835,-0.913162,9.65315
2.35002,-0.982193,9.56508
2.3036,-1.05241,9.47105
2.23695,-0.995285,9.51271
2.32146,-0.927444,9.49843
2.28932,-0.936966,9.49843
2.30122,-1.06551,9.42583
2.27028,-0.877457,9.57103
2.1703,-0.845322,9.53651
2.13698,-0.907211,9.54961
2.20482,-0.882217,9.59602
2.18816,-0.775101,9.61507
2.25719,-0.827469,9.50438
2.34407,-0.753677,9.63887
2.35954,-0.779861,9.68291
2.34883,-0.871506,9.6115
2.34645,-0.902451,9.58174
2.35597,-0.846512,9.59126
2.29884,-0.689407,9.5984
2.35121,-0.784622,9.6115
2.31075,-0.77153,9.53294
2.28337,-0.765579,9.53294
2.27266,-0.733444,9.48058
2.21434,-0.70726,9.50795
2.22743,-0.762009,9.48891
2.36906,-0.739395,9.51509
2.27504,-0.758438,9.50319
2.21434,-0.766769,9.49248
2.28813,-0.756058,9.49724
2.26671,-0.842941,9.47819
2.26671,-0.83699,9.52937
2.24171,-0.76915,9.61626
2.37859,-0.763199,9.66743
2.35359,-0.856033,9.55437
2.32741,-0.788193,9.58769
2.30241,-0.907211,9.51747
2.26909,-0.760818,9.60554
2.26552,-0.590622,9.63411
2.27861,-0.619186,9.53532
2.29884,-0.678696,9.49248
2.3405,-0.688217,9.47701
2.32265,-0.694168,9.54723
2.3643,-0.698929,9.54961
2.33812,-0.742966,9.50676
2.2798,-0.691788,9.4294
2.26195,-0.573959,9.43178
2.32146,-0.656082,9.47224
2.3643,-0.617996,9.45201
2.30836,-0.626328,9.46986
2.25005,-0.672745,9.36275
2.25362,-0.620377,9.30681
2.24409,-0.553726,9.34966
2.25362,-0.682266,9.36037
2.35954,-0.737015,9.45677
2.45595,-0.713211,9.50914
2.4738,-0.738205,9.50081
2.49641,-0.792953,9.44487
2.52736,-0.986954,9.44844
2.59401,-1.13335,9.3437
2.4976,-1.07384,9.17708
2.34764,-0.984573,9.06877
2.28456,-1.1024,8.97118
2.28932,-1.20833,8.81645
2.3774,-1.6237,8.5677
2.56783,-2.19499,8.42131
2.65233,-2.33424,8.42607
2.92369,-2.48183,8.68791
3.18672,-2.61632,8.92
3.28075,-2.5461,9.33061
3.63304,-2.53539,9.78645
3.85918,-2.35805,10.3232
3.86156,-2.2426,10.5708
4.02223,-2.27473,10.8909
4.18291,-1.97719,11.1064
4.27217,-1.4547,11.4551
4.50307,-1.2238,11.655
4.75896,-0.966721,11.7169
4.90773,-1.24879,11.5515
5.08864,-1.45589,11.4182
5.09102,-0.666794,11.398
5.11839,0.354385,11.6824
4.95891,0.96257,11.398
4.6804,1.08397,11.2789
4.67088,0.918533,11.0326
4.70659,1.39461,11.0647
4.19838,2.24202,11.2825
3.99843,3.32152,11.3408
4.13768,3.54765,11.0742
3.81633,2.7776,10.7255
3.29741,2.15276,10.3958
3.20815,2.38246,10.3161
2.93083,3.03111,10.2851
2.73326,3.48576,10.3089
2.4857,3.41078,9.87096
2.22862,3.08467,9.45558
1.78706,2.89662,8.96999
1.23006,2.74309,8.49034
0.658768,2.68477,8.12376
0.244583,2.95018,8.02141
-0.0993805,3.11324,7.79051
-0.677811,3.14418,7.4882
-1.16936,3.04897,7.13829
-1.3336,2.8383,6.63841
-1.83586,2.78831,6.29088
-2.23814,2.74785,6.21352
-2.41905,2.84068,6.31349
-2.56306,2.64906,6.14687
-2.76421,2.10753,5.73982
-3.14983,1.72072,5.53868
-3.21291,1.6386,5.80647
-3.17244,2.02898,6.11711
-3.38191,1.7469,6.28255
-3.47356,1.09111,6.22304
-3.65089,0.70192,6.29683
-3.84489,0.657883,6.20638
-4.02818,0.791184,6.48131
-4.00319,1.13872,6.94072
-3.98772,0.554337,6.79195
-4.07222,-0.471603,6.63841
-3.82347,-0.759628,6.83003
-3.58781,-0.584671,7.14543
-3.8199,-0.547775,7.40608
-3.75206,-0.700119,7.51915
-3.53426,-1.45351,7.57152
-3.56639,-2.1581,7.7679
-3.23076,-1.66893,8.07378
-3.05223,-1.19524,8.49629
-3.05342,-2.09145,8.22136
-3.00819,-2.78532,8.24754
-2.74754,-2.95195,8.63673
-2.7773,-2.82341,8.84145
-2.65828,-2.84126,9.01283
-2.2072,-2.33067,9.75194
-1.82158,-1.99623,10.1495
-1.96202,-2.50206,10.0352
-1.62758,-2.63774,10.1899
-0.911087,-2.56752,10.7041
-0.713516,-2.87816,10.8326
-0.926559,-2.95195,10.8195
-0.679001,-2.62227,10.9671
-0.211258,-2.68297,10.8779
0.206497,-2.95671,10.7922
0.396927,-3.16975,10.8981
0.285049,-3.01741,10.9124
0.381454,-2.00456,11.0719
0.770645,-1.48445,11.4551
1.15269,-1.46422,11.5432
1.34431,-1.69273,11.2301
1.69185,-2.06288,11.004
1.74303,-1.97005,10.8671
1.79063,-1.64751,10.9612
1.92036,-1.27617,10.8909
2.03224,-0.63942,11.054
1.74422,-0.297836,11.2182
1.82753,-0.852463,10.979
2.37978,-1.13811,10.9112
2.59758,-1.06194,10.7315
2.33336,-0.51088,10.6779
2.28932,-0.45018,10.4982
2.48451,0.0211334,10.5351
2.28694,0.525772,10.791
2.02629,0.622177,10.2947
2.21315,0.180618,9.91023
2.25362,0.293686,9.89714
2.0858,0.417465,9.87096
2.0739,0.435318,9.87691
2.09889,0.669785,9.86025
2.04295,0.305588,9.4901
1.98344,-0.0252838,9.30919
1.99773,-0.147873,9.44249
2.14531,-0.200241,9.59007
2.08937,-0.108597,9.65196
2.05128,-0.376389,9.54485
1.99892,-0.602524,9.5258
2.0132,-0.538254,9.74004
2.06914,-0.734634,9.66386
2.13698,-0.936966,9.56508
2.13341,-0.847702,9.61983
2.09532,-0.895309,9.5865
1.97035,-0.914352,9.66267
2.01677,-0.864365,9.72099
2.0977,-0.870316,9.67815
2.00963,-0.871506,9.51271
2.00368,-0.966721,9.42702
2.09175,-0.936966,9.502
2.05843,-0.882217,9.64125
2.00725,-0.877457,9.44487
2.01558,-0.895309,9.4294
2.20482,-0.973862,9.47105
2.21434,-0.895309,9.56032
2.0977,-0.931015,9.66386
2.13579,-0.991715,9.58769
2.13817,-0.861984,9.58531
2.08461,-0.803665,9.54961
2.10246,-0.826279,9.61626
2.19173,-0.941727,9.67458
2.18459,-0.869125,9.68291
2.11555,-0.96315,9.64244
2.09532,-0.884598,9.66743
2.14531,-0.687027,9.77812
2.11317,-0.716782,9.77574
2.13936,-0.828659,9.68886
2.20006,-0.884598,9.78169
2.19173,-0.811996,9.65077
2.11794,-0.954819,9.61388
2.12746,-0.913162,9.65315
2.1096,-0.729874,9.77931
2.04533,-0.788193,9.67815
2.04771,-0.883408,9.51747
2.10484,-1.0298,9.5377
2.15483,-0.883408,9.65077
2.15245,-0.807236,9.62578
2.06914,-0.757248,9.52818
2.02748,-0.70488,9.47224
2.05009,-0.789383,9.49486
2.07509,-0.741776,9.56627
2.14769,-0.795334,9.60792
2.15126,-0.865555,9.55675
2.13222,-0.798904,9.58769
2.14769,-0.719162,9.68886
2.18816,-0.775101,9.66267
2.12389,-0.785812,9.63887
2.04176,-0.958389,9.54246
2.08223,-0.776291,9.72932
2.11794,-0.784622,9.60317
2.07985,-0.870316,9.57579
2.05486,-0.788193,9.54128
2.05009,-0.782242,9.58769
2.09532,-0.782242,9.63649
2.04771,-0.852463,9.52699
2.01796,-0.789383,9.55913
2.08818,-0.651321,9.58412
2.05843,-0.610855,9.62697
2.00011,-0.782242,9.58769
2.02391,-0.886978,9.63768
2.01082,-0.822708,9.64601
2.06081,-0.817947,9.68648
2.0977,-0.781052,9.65672
2.06319,-0.689407,9.70909
2.05486,-0.685837,9.71028
2.02867,-0.619186,9.66743
2.05247,-0.687027,9.65315
2.00844,-0.754868,9.59483
2.05486,-0.732254,9.56984
2.03938,-0.632278,9.62102
2.02986,-0.663223,9.53413
2.01439,-0.751297,9.54246
2.02986,-0.77034,9.57698
2.07866,-0.695358,9.68053
2.12151,-0.617996,9.62459
2.08818,-0.752487,9.60078
2.04414,-0.747726,9.60197
2.06914,-0.5811,9.69957
2.03462,-0.70488,9.57579
2.06081,-0.747726,9.5389
2.02629,-0.695358,9.51866
2.00249,-0.658462,9.5746
2.01558,-0.57634,9.57817
2.04414,-0.553726,9.58293
2.05962,-0.647751,9.57579
2.07985,-0.546585,9.64601
2.10722,-0.719162,9.66505
2.14055,-0.677505,9.70433
2.1346,-0.568008,9.74599
2.15483,-0.589432,9.72575
2.062,-0.656082,9.71147
2.07747,-0.70845,9.65315
2.09294,-0.596573,9.64958
2.02153,-0.509689,9.65434
1.98582,-0.416855,9.52342
2.00368,-0.498978,9.54246
2.03343,-0.541824,9.50795
2.12032,-0.558487,9.56151
2.08104,-0.663223,9.53413
2.06795,-0.606094,9.49367
2.062,-0.733444,9.46867
1.93227,-0.627518,9.50438
1.93584,-0.57872,9.56746
1.90489,-0.498978,9.59483
2.00249,-0.32045,9.84239
2.19054,-0.252609,9.98045
2.30598,-0.376389,9.94118
2.32384,-0.539444,9.74361
2.2191,-0.590622,9.63768
2.20125,-0.571579,9.4901
2.17982,-0.293076,9.53175
2.15602,-0.406143,9.48058
2.22505,-0.652512,9.48772
2.16435,-0.660843,9.39964
2.01082,-0.694168,9.3318
1.98106,-0.609665,9.24492
2.01082,-0.454941,9.33894
2.037,-0.416855,9.37108
2.11555,-0.573959,9.28777
2.21553,-0.740585,9.28181
2.2917,-0.777481,9.36632
2.28337,-0.697739,9.54365
2.28218,-0.689407,9.66863
2.33693,-0.840561,9.61388
2.2429,-0.765579,9.63292
2.18221,-0.696548,9.65315
2.29765,-0.695358,9.64363
2.40239,-0.992905,9.51747
2.48451,-1.58086,9.39726
2.49522,-1.83199,9.36989
2.5226,-2.56038,8.9926
2.77016,-3.64107,8.76646
3.10579,-4.20403,8.60579
3.26765,-3.57323,9.08543
3.16054,-2.37828,9.85429
2.838,-1.59157,10.2161
2.49998,-1.79747,10.3078
2.52379,-3.27568,10.2054
3.00105,-3.55061,10.6005
3.3224,-2.19737,11.6312
3.62114,-1.24641,11.7836
3.84251,-1.006,12.1228
4.11269,-0.738205,12.2311
4.35667,-0.453751,12.1299
4.5233,0.0687408,12.2739
4.6447,0.725723,12.2168
4.7661,1.17085,11.9883
4.67683,1.48506,11.8919
4.55663,1.69572,11.5265
4.21504,2.17894,11.5265
4.07103,2.5598,11.3706
3.70207,3.06801,11.423
3.36882,3.42625,11.3266
3.18077,2.98351,10.816
2.94154,2.42055,10.5577
2.89394,2.67525,10.4696
2.6797,2.92043,10.0602
2.19649,2.92162,9.77217
1.85133,2.95494,9.45677
1.70256,2.94661,8.89619
1.1039,2.88353,8.3737
0.343369,2.86092,8.03688
-0.0934296,3.03944,7.71196
-0.537369,3.03944,7.27873
-1.32289,2.80974,7.1002
-1.75969,2.88948,7.11568
-1.82753,3.05849,7.03593
-2.28932,2.62645,6.70863
-2.63924,2.02422,6.24446
-2.84038,2.08611,6.13615
-2.8987,2.02541,6.28731
-2.9463,1.81831,6.17186
-3.08199,1.68739,6.2278
-3.47118,1.29701,5.89812
-3.89726,0.662643,5.67198
-4.05794,0.143723,5.65651
-4.17815,0.353195,5.93858
-4.42928,0.603134,6.08617
-4.35191,0.330582,6.13734
-4.22337,-0.0621796,6.03142
-4.61256,-0.457321,5.73982
-4.52925,-0.662033,5.80171
-0.759934,-3.03645,11.2682
-0.557602,-3.53395,11.3337
0.0505829,-2.71153,11.924
-0.0315399,-2.52824,11.9621
0.319565,-3.04717,11.561
0.501663,-3.04597,11.4194
0.692093,-2.70439,11.4694
0.825394,-2.38423,11.3373
0.956314,-2.29616,11.2301
1.10628,-1.757,11.3837
1.3217,-1.4059,11.2551
1.6133,-1.72606,10.9493
1.88347,-1.66893,11.1337
1.7585,-0.966721,11.2099
1.6859,-1.07265,10.7529
1.94179,-0.936966,10.7196
1.87157,-0.654892,10.5791
1.76564,-0.181198,10.6672
1.81801,0.332962,10.7148
1.8549,0.484116,10.5553
1.9287,0.487686,10.5041
1.90846,0.348434,10.4161
1.98701,0.272263,10.3208
2.11555,0.153244,10.1637
2.02034,0.0937347,10.0233
1.90846,0.209183,10.015
1.868,-0.0276642,10.0066
1.86919,-0.113358,9.90428
1.76326,-0.0467072,9.78526
1.72993,-0.352585,9.696
1.71803,-0.3871,9.77098
1.68828,-0.404953,9.71861
1.60854,-0.535873,9.61031
1.54903,-0.717972,9.49843
1.6002,-0.777481,9.5865
1.71089,-0.763199,9.58293
1.62758,-1.06313,9.5139
1.55022,-1.28093,9.46272
1.63353,-1.29164,9.55437
1.65376,-0.995285,9.62697
1.54189,-0.857224,9.69005
1.54427,-1.25237,9.57936
1.59782,-1.24879,9.59959
1.58592,-1.11311,9.69005
1.52879,-1.12502,9.61626
1.50023,-1.19405,9.64006
1.46214,-1.28688,9.66505
1.55736,-1.06551,9.75075
1.64781,-0.934586,9.73885
1.65376,-1.11311,9.7924
1.67638,-1.18095,9.74599
1.71208,-1.23927,9.696
1.64543,-1.10954,9.6591
1.62996,-0.89888,9.70671
1.57521,-0.895309,9.69005
1.6371,-1.00005,9.78288
1.67519,-1.11311,9.71028
1.63472,-1.06075,9.70433
1.64305,-0.958389,9.70314
1.67995,-0.878647,9.6841
1.6859,-0.917923,9.70195
1.6371,-0.957199,9.7198
1.66447,-0.991715,9.64482
1.75969,-0.969101,9.70909
1.70851,-0.857224,9.67696
1.60258,-0.814377,9.64601
1.6002,-0.798904,9.70552
1.71089,-1.10716,9.66863
1.7466,-0.958389,9.71861
1.65733,-0.919113,9.65196
1.69066,-0.904831,9.67339
1.66209,-0.878647,9.68053
1.61449,-0.884598,9.65196
1.67638,-0.90007,9.69719
1.71327,-0.860794,9.71742
1.674,-0.863174,9.74956
1.69066,-0.798904,9.75789
1.81087,-0.884598,9.74361
1.73946,-0.895309,9.70552
1.65733,-0.860794,9.74599
1.71922,-0.783432,9.72813
1.78349,-0.739395,9.7198
1.65971,-0.722733,9.671
1.69423,-0.917923,9.62697
1.73827,-0.985764,9.62459
1.75493,-0.808426,9.64006
1.71327,-0.751297,9.61745
1.65614,-0.760818,9.62935
1.76326,-0.876266,9.68886
1.77278,-0.906021,9.68886
1.6978,-0.933395,9.69005
1.7942,-0.90007,9.69362
1.7823,-0.690598,9.78169
1.73708,-0.721542,9.74599
1.67162,-0.829849,9.6722
1.6978,-1.00838,9.58769
1.72517,-0.737015,9.74599
1.72279,-0.665604,9.76265
1.67281,-0.766769,9.62459
1.74422,-0.920303,9.58769
1.82277,-0.96553,9.60078
1.83705,-0.783432,9.66981
1.7823,-0.656082,9.73885
1.79182,-0.748917,9.58888
1.82515,-0.865555,9.63173
1.79539,-0.715591,9.7079
1.77992,-0.823898,9.65553
1.80968,-0.888168,9.63887
1.81087,-0.727493,9.69243
1.78825,-0.737015,9.76146
1.8311,-0.681076,9.76265
1.85966,-0.859604,9.65315
1.80968,-0.876266,9.60078
1.87633,-0.77034,9.69481
1.8918,-0.758438,9.70314
1.82158,-0.831039,9.63054
1.77159,-0.566818,9.68172
1.76207,-0.489456,9.64125
1.84181,-0.683456,9.70433
1.9037,-0.810806,9.68529
1.8549,-0.794144,9.69005
1.89894,-0.783432,9.62221
1.87514,-0.757248,9.6722
1.81325,-0.715591,9.69838
1.82634,-0.721542,9.7198
1.85966,-0.825089,9.69005
1.85252,-0.854843,9.60554
1.83705,-0.70845,9.60554
1.87395,-0.476364,9.80312
1.84776,-0.5811,9.71861
1.843,-0.829849,9.60078
1.90727,-0.792953,9.64839
1.92751,-0.663223,9.70552
1.87157,-0.631088,9.66505
1.85966,-0.702499,9.65077
1.8549,-0.627518,9.66505
1.92632,-0.550156,9.60197
1.9406,-0.70845,9.58531
1.89656,-0.76796,9.52937
1.83467,-0.507309,9.63649
1.84657,-0.504929,9.57817
1.84776,-0.756058,9.45796
1.87633,-0.939346,9.44844
1.93822,-0.854843,9.3925
1.87276,-0.806046,9.34727
1.76445,-0.803665,9.34489
1.72993,-0.978622,9.32585
1.7823,-1.21666,9.20326
1.75731,-1.64989,9.04854
1.77516,-2.01527,8.95451
1.77873,-2.08669,8.94975
1.86681,-2.59489,8.93666
1.95845,-2.78294,9.10329
1.99654,-2.30925,9.56627
2.07628,-2.33067,9.79478
2.1703,-2.53658,9.98879
2.21672,-2.88887,9.97688
2.50713,-2.76509,10.4208
2.87251,-2.35091,10.6053
3.26884,-2.27592,10.8731
3.59734,-2.06526,11.1278
3.88298,-2.00694,11.1468
4.22456,-2.06645,11.1099
4.53401,-1.31902,11.3646
4.66493,-0.763199,11.2944
4.81609,-0.525162,11.4729
4.73515,0.0187531,11.7776
4.60066,0.455551,11.8098
4.47807,0.57933,11.4111
4.3781,0.563858,11.4515
4.32216,1.62907,11.7003
4.51854,2.90495,11.9264
4.34001,3.44054,11.8836
3.99129,3.11205,11.4979
3.92583,2.36223,11.0707
3.80919,1.99803,10.8053
3.56758,2.39317,10.5601
3.10222,2.78355,10.3625
2.70827,3.05968,10.272
2.44048,3.2025,9.87572
1.98225,3.26439,9.56151
1.52998,3.23463,9.21754
0.828964,3.14537,8.67958
0.0720062,2.91447,8.31895
-0.382645,2.75856,7.96309
-0.614731,3.12038,7.7072
-0.859909,3.35841,7.6465
-1.23244,3.35484,7.27397
-1.58235,3.20369,6.9669
-1.87752,3.00374,6.71101
-2.31313,2.74785,6.23137
-2.79515,2.55266,5.8636
-2.93797,2.49434,5.58391
-2.97963,2.45863,5.57558
-3.09151,2.23964,5.72197
-3.47237,1.78499,5.61128
-3.41881,1.37199,5.42561
-3.39262,1.23393,5.4149
-3.94606,1.63502,5.51726
-4.1353,1.81712,5.67674
-3.92821,1.25655,5.69936
-3.95796,0.531723,5.40181
-3.94963,0.717392,5.57201
-4.06984,1.17918,6.04808
-4.25432,0.620987,6.11354
-4.02461,-0.163345,6.51344
-3.86275,-0.925064,6.58009
-4.08055,-1.43803,6.64079
-3.76634,-0.913162,7.30849
-3.43071,-1.22261,7.87978
-3.30574,-2.27235,7.90953
-3.44261,-2.6187,7.97737
-3.47951,-2.47231,8.03569
-2.95106,-2.6306,8.61769
-2.89037,-2.99242,8.89619
-2.66066,-3.02693,9.48415
-2.17149,-2.83293,9.75313
-2.17268,-2.86745,9.92808
-2.33812,-2.99956,10.2054
-2.04295,-3.02574,10.422
-1.57759,-3.19713,10.8933
-1.13246,-3.11977,11.0135
-0.644486,-3.2364,11.0826
-0.320755,-3.37923,11.1468
-0.208878,-3.38399,11.2682
-0.137466,-2.63298,11.6872
0.00892639,-2.29735,11.8086
0.243393,-2.42708,11.592
0.517136,-2.20808,11.5301
0.571884,-1.69154,11.4968
0.750412,-1.28926,11.4015
0.964645,-1.10478,11.2397
1.12889,-0.672745,11.2171
1.21458,-0.527542,11.0814
1.21101,-0.584671,11.0242
1.28123,-0.31926,11.0421
1.30147,-0.440659,10.8183
1.42406,-0.534683,10.6648
1.59663,-0.552536,10.566
1.7347,0.0401764,10.8671
1.79182,0.417465,10.9516
1.83943,0.503159,10.8445
1.90489,0.475784,10.7184
1.82396,0.268692,10.4732
1.77278,0.166336,10.3375
1.8918,0.396042,10.3339
1.98106,0.266312,10.2054
1.89656,0.205612,10.1983
1.72755,0.361526,10.0614
1.7704,0.185379,9.90904
1.74898,-0.0229034,9.75313
1.71803,-0.253799,9.62816
1.80849,-0.415665,9.59364
1.75969,-0.562057,9.55318
1.62877,-0.759628,9.53532
1.52879,-0.619186,9.59483
1.53593,-0.57634,9.55675
1.55141,-0.858414,9.54128
1.60377,-1.07741,9.68291
1.59544,-1.06789,9.78645
1.6002,-1.00838,9.83287
1.57521,-1.14763,9.76265
1.60735,-1.19762,9.7198
1.57045,-1.13335,9.75789
1.47524,-1.0417,9.75432
1.52641,-1.0536,9.69957
1.62877,-0.969101,9.69005
1.57521,-0.973862,9.72337
1.58235,-1.14882,9.63649
1.62877,-1.14882,9.59602
1.59663,-0.990524,9.78645
1.58473,-0.935776,9.74718
1.62639,-0.96196,9.7567
1.68233,-1.06313,9.70076
1.68352,-1.09288,9.67577
1.65138,-0.870316,9.72813
1.67281,-0.869125,9.77812
1.68471,-0.864365,9.76979
1.68114,-0.921494,9.63768
1.62877,-1.0905,9.61626
1.59663,-1.08574,9.61507
1.61449,-0.975052,9.67458
1.5883,-0.879837,9.71028
1.55617,-0.8965,9.69005
1.56093,-0.977432,9.6591
1.67995,-1.02623,9.71861
1.77754,-1.07384,9.74004
1.75136,-1.00957,9.76979
1.67162,-1.07384,9.68172
1.69661,-1.02742,9.63887
1.65971,-0.866745,9.64006
1.56093,-0.928635,9.63887
1.55379,-0.842941,9.72099
1.69423,-0.969101,9.72456
1.69899,-0.978622,9.79002
1.60377,-0.885788,9.76503
1.58711,-0.923874,9.74361
1.65257,-0.89769,9.77217
1.64543,-0.720352,9.8293
1.61806,-0.806046,9.78526
1.57878,-0.791763,9.58174
1.61925,-0.882217,9.57698
1.61092,-0.917923,9.60554
1.64662,-0.975052,9.66863
1.71922,-0.96553,9.71742
1.71565,-0.89769,9.73647
1.72874,-0.96553,9.76622
1.74303,-0.907211,9.77812
1.71089,-0.814377,9.73052
1.60377,-0.952438,9.65434
1.60973,-0.994095,9.63887
1.68709,-0.982193,9.63411
1.69304,-0.669174,9.76622
1.64424,-0.731064,9.79121
1.68709,-0.808426,9.72456
1.70018,-0.926254,9.67339
1.67162,-0.90007,9.74361
1.60735,-0.671555,9.76979
1.63234,-0.682266,9.696
1.71922,-0.804855,9.72337
1.68352,-0.873886,9.69243
1.59425,-0.778671,9.75075
1.5764,-0.735825,9.67458
1.64305,-0.77391,9.70671
1.70375,-0.827469,9.68529
1.59544,-0.785812,9.72575
1.62758,-0.800095,9.70314
1.68947,-0.802475,9.66624
1.63353,-0.89769,9.66029
1.54308,-0.823898,9.64244
1.56688,-0.647751,9.58888
1.64067,-0.851273,9.40202
1.5645,-0.915543,9.38179
1.51808,-0.766769,9.38774
1.55974,-0.983383,9.34609
1.61568,-1.0667,9.39369
1.49428,-1.04765,9.32347
1.50023,-1.08455,9.39845
1.53712,-0.950058,9.4901
1.34908,-1.00005,9.49248
1.24553,-1.369,9.55199
1.38121,-1.87602,9.37465
1.3824,-2.59847,9.12828
1.57402,-3.12572,9.01164
1.79301,-3.27211,8.9688
2.05009,-2.53777,9.17946
2.27266,-2.09502,9.53413
2.47142,-2.21761,9.43059
2.68565,-3.02217,9.2104
2.9225,-3.55894,9.12352
2.99391,-3.41255,8.98784
3.18434,-2.45564,9.34013
3.32359,-1.71059,9.82573
3.42952,-1.77129,9.8174
3.59138,-1.73558,10.453
3.71278,-1.45589,11.0957
4.09721,-1.62489,11.098
4.63042,-1.39995,11.6241
5.16719,-0.569199,12.3049
5.53853,-0.12883,12.5239
5.83965,0.31868,12.9226
5.90987,0.630508,12.506
5.67778,0.581711,12.1835
5.1898,1.79451,12.2109
4.94106,3.41554,12.3358
4.87679,4.07371,12.3287
4.70897,3.98088,11.93
4.60066,3.42268,11.2932
4.31264,3.07872,10.8909
3.93178,2.96327,10.3185
3.37358,3.00017,10.0554
3.06294,3.05254,9.81383
2.58806,3.06087,9.31633
2.0858,3.17394,9.01164
1.71922,3.28581,8.63792
1.2003,3.53218,8.43797
0.667099,3.74998,8.13686
0.148178,4.0392,7.80122
-0.250534,3.84877,7.60127
-0.526657,3.43935,7.1859
-0.73613,3.32033,6.88835
-0.850388,3.36794,6.68721
-1.28838,3.22749,6.30516
-1.79063,2.90019,5.97429
-2.00368,2.73357,5.91478
-2.3167,2.4872,5.84932
-2.62852,2.49196,6.18138
-2.60591,2.60503,6.20876
-2.69875,2.45982,6.08974
-3.05342,1.82307,5.81718
-3.16887,1.08873,5.54463
-3.11888,0.776901,5.86241
-3.13316,1.13277,6.00642
-3.36168,1.23631,6.25636
-3.84013,1.00185,5.97667
-4.16386,0.506729,5.84099
-3.87227,0.19014,6.12306
-3.58543,0.12587,6.57414
-3.79015,-0.270462,6.78242
-3.66518,-0.559677,6.79552
-3.56401,-0.687027,6.78004
-3.71516,-1.19881,6.88121
-3.37477,-1.54872,7.41203
-3.02486,-1.66536,7.93214
-3.4926,-1.68797,7.95357
-3.37477,-2.0248,7.97737
-2.91774,-2.28783,8.52962
-3.01176,-2.29497,9.01045
-2.98082,-2.44017,9.26991
-2.41072,-2.60918,9.48772
-2.02867,-2.79604,9.90309
-2.08342,-2.68535,10.2125
-2.231,-2.94005,10.2066
-1.82039,-3.2852,10.4256
-1.17769,-3.07335,10.9231
-1.04915,-2.76628,11.0742
-0.967026,-2.4854,11.2171
-0.587357,-2.946,11.2718
-0.248154,-3.42326,11.3754
-0.107712,-2.78294,11.7872
-0.295761,-1.92125,12.049
-0.00416565,-2.06169,11.9657
0.517136,-2.19618,11.8895
0.746841,-2.1331,11.7693
0.895615,-1.84151,11.6943
1.08009,-1.16905,11.6193
1.20625,-0.744156,11.3182
1.32765,-0.541824,11.0957
1.08485,-0.421616,10.7945
0.997971,-0.144302,10.8017
1.33479,-0.00386047,10.691
1.40263,0.198471,10.7196
1.29195,0.471024,10.8862
1.50142,0.625748,10.9647
1.8549,0.685257,10.9838
2.03343,0.772141,10.9719
1.89656,0.392471,10.6803
1.91917,0.158005,10.4006
1.89894,0.161575,10.3839
1.9287,-0.0383759,10.3042
1.8918,-0.220474,10.0733
1.91084,-0.472794,9.87572
1.78349,-0.646561,9.74956
1.64305,-0.621567,9.80907
1.6978,-0.775101,9.74004
1.64424,-0.892929,9.54961
1.59663,-1.20714,9.41869
1.54427,-1.5999,9.27705
1.49904,-1.38448,9.4651
1.46095,-1.20119,9.56746
1.39311,-1.36662,9.44487
1.35741,-1.58324,9.37346
1.40382,-1.62132,9.4175
1.55141,-1.31544,9.62102
1.52284,-1.25356,9.73766
1.54308,-1.56538,9.66029
1.60258,-1.37495,9.80073
1.49904,-1.38091,9.74242
1.42406,-1.49516,9.68886
1.51927,-1.60466,9.64601
1.69542,-1.30473,9.84715
1.70851,-1.15953,9.85548
1.57759,-1.22856,9.71385
1.65376,-1.30354,9.69124
1.70018,-1.30949,9.5865
1.59663,-1.24403,9.65196
1.63234,-1.31783,9.68767
1.69542,-1.20476,9.72218
1.61925,-1.08931,9.63768
1.53593,-1.21666,9.61388
1.70613,-1.23094,9.72694
1.76802,-1.23689,9.80312
1.75017,-1.22618,9.89238
1.76564,-1.25832,9.79121
1.82277,-1.40233,9.76265
1.75731,-1.42256,9.69719
1.63234,-1.26546,9.7567
1.6252,-1.21428,9.72813
1.64424,-1.2726,9.6841
1.59187,-1.37733,9.62816
1.61092,-1.31306,9.59007
1.69185,-1.27736,9.5984
1.68471,-1.31187,9.60792
1.64543,-1.2,9.65434
1.57402,-1.1024,9.63411
1.70851,-1.31425,9.56389
1.79063,-1.47136,9.5627
1.71208,-1.41304,9.59126
1.67995,-1.18095,9.71028
1.74184,-0.967911,9.80788
1.66685,-1.14406,9.6591
1.62758,-1.31425,9.67815
1.75374,-1.13811,9.75194
1.82039,-1.04765,9.82335
1.72874,-1.25832,9.73527
1.72279,-1.20952,9.68291
1.77635,-1.31425,9.59721
1.69661,-1.37852,9.59126
1.71208,-1.14406,9.76741
1.78587,-1.04527,9.81145
1.8311,-1.18333,9.76741
1.73946,-1.22142,9.60197
1.68828,-1.08336,9.63054
1.68828,-1.05241,9.63054
1.72279,-1.20595,9.67458
1.80135,-1.26665,9.63411
1.77992,-1.27141,9.63411
1.65376,-1.12144,9.60197
1.67281,-1.09407,9.66863
1.70018,-1.06908,9.72218
1.65733,-1.2119,9.72218
1.72279,-1.26427,9.65196
1.76326,-1.11787,9.60912
1.74422,-0.923874,9.80907
1.74065,-1.00243,9.74123
1.7466,-1.20833,9.696
1.72755,-1.19762,9.61983
1.64305,-1.04765,9.57698
1.74422,-1.16548,9.69719
1.73351,-0.997665,9.70076
1.77159,-1.04527,9.7448
1.72517,-1.04765,9.64363
1.74779,-1.11906,9.57222
1.69423,-1.15834,9.53056
1.71208,-0.971481,9.61031
1.68947,-0.909592,9.64839
1.62996,-1.13097,9.51152
1.64424,-1.27498,9.48653
1.71565,-0.948868,9.71385
1.86086,-1.00719,9.85786
1.93108,-1.26665,9.73289
1.79659,-1.19405,9.66743
1.80492,-1.06551,9.70552
1.82515,-1.1143,9.69719
1.8073,-1.14168,9.63411
1.71089,-1.05956,9.57817
1.67995,-0.946487,9.60912
1.64662,-1.02861,9.64244
1.70494,-1.02623,9.61864
1.75017,-0.96553,9.71504
1.75731,-0.934586,9.64482
1.77397,-0.986954,9.72099
1.81801,-0.969101,9.71028
1.71565,-0.950058,9.59364
1.81801,-1.09764,9.5984
1.89061,-1.15715,9.62102
1.82277,-1.10716,9.49129
1.8073,-1.09407,9.40678
1.81325,-1.08693,9.25444
1.68114,-1.175,9.06044
1.5645,-1.21428,8.89262
1.51689,-1.34877,8.7986
1.49904,-1.89149,8.35466
1.5526,-2.41518,8.04402
1.77992,-2.97575,7.86192
2.27623,-3.84697,7.81075
2.80348,-3.9398,8.25468
2.89394,-2.83293,8.87715
3.00938,-2.25093,9.17351
3.12245,-2.46278,9.42464
3.11888,-2.61156,9.5627
3.33549,-2.32115,10.1542
3.64732,-1.73201,10.6065
4.07698,-1.74867,10.7874
4.44237,-1.42851,11.2194
4.48402,-1.175,11.6669
4.77919,-1.27141,11.7848
5.36,-1.41185,11.9597
5.88963,-1.2964,11.9062
5.98247,-0.679886,11.5991
5.88368,-0.0895538,11.6777
5.81703,0.479355,11.6634
5.68611,1.13753,11.2992
5.57661,1.58861,11.1349
5.44688,2.12895,11.1421
5.16957,2.55147,11.0504
5.01128,2.57527,11.1254
5.04103,2.92876,11.1218
4.95058,3.43816,10.8588
4.68874,3.37508,10.6517
4.23409,3.05611,10.5458
4.07936,3.08467,10.516
4.0508,3.87138,10.4577
3.7104,4.23796,10.1578
3.02724,3.87972,9.8293
2.44167,3.34175,9.38655
2.05486,2.90019,9.25206
1.71565,2.74904,8.97356
1.40144,2.91685,8.71529
0.915848,3.21916,8.18208
0.0624847,3.4084,7.92619
-0.680191,3.40721,7.4763
-0.890854,3.481,6.93596
-1.17055,3.40245,6.40038
-1.79897,2.95018,5.58629
-2.23338,2.60027,5.27565
-2.63805,2.43721,5.03523
-3.12483,2.62883,5.0388
-3.21291,3.24892,5.2578
-3.11412,3.08586,5.37205
-3.54735,2.1956,5.28755
-3.83656,2.09206,5.3304
-3.76991,2.23131,5.54344
-3.9532,1.76833,5.58034
-4.35905,1.32558,5.71126
-4.42809,1.51006,5.81837
-4.29597,1.39937,5.84575
-4.50188,1.13991,5.94453
-4.61852,1.42436,6.25517
-4.58638,1.4565,6.50392
-3.56996,-1.44279,8.14995
-3.36525,-1.63203,8.34514
-3.19743,-2.10097,8.6046
-2.81657,-2.34377,8.92714
-2.35716,-2.12953,9.50676
-2.12865,-2.07954,10.0162
-2.14174,-2.10454,10.2554
-2.12389,-2.50444,10.4387
-1.77159,-2.59608,10.9159
-1.24791,-2.94957,11.2361
-0.942032,-3.38042,11.3385
-0.808731,-3.28996,11.3289
-0.694473,-3.24117,11.4468
-0.392166,-3.12096,11.4789
-0.0815277,-2.48778,11.636
-0.188644,-1.89864,11.6086
-0.176743,-1.80104,11.4575
0.129135,-1.86174,11.398
0.456436,-1.65108,11.4587
0.749222,-1.16072,11.6562
0.446915,-0.746536,11.4979
0.280289,-1.04527,11.0254
0.60997,-1.13811,10.9516
1.07414,-0.967911,11.1016
1.08009,-1.04884,10.979
1.08128,-0.8965,10.8326
1.12889,-0.489456,10.8029
1.19078,-0.360916,10.8481
1.21339,-0.200241,10.7124
1.2491,-0.202621,10.6612
1.35146,0.0163727,10.7088
1.37764,-0.0229034,10.4649
1.46095,0.178238,10.5184
1.53593,0.211563,10.3815
1.55379,0.158005,10.3566
1.48357,0.12825,10.2768
1.47404,-0.0300446,10.2435
1.34312,-0.0836029,10.1352
1.29909,-0.1931,10.1364
1.32527,-0.32045,10.1756
1.35622,-0.438278,10.1173
1.40263,-0.550156,10.04
1.53593,-0.723923,10.0959
1.54308,-0.883408,9.92451
1.40977,-0.982193,9.80431
1.33955,-0.983383,9.71742
1.38002,-1.03575,9.696
1.38597,-0.986954,9.56389
1.29314,-1.05122,9.47462
1.20982,-1.08693,9.47462
1.2003,-1.17976,9.5389
1.10985,-1.12383,9.50557
1.08247,-1.12978,9.52223
1.21935,-1.20714,9.50319
1.25505,-1.27855,9.50914
1.26695,-1.20476,9.72099
1.12413,-1.22023,9.71028
1.25386,-1.29283,9.75194
1.286,-1.22737,9.78288
1.26338,-1.29521,9.78526
1.25505,-1.23927,9.90309
1.28123,-1.17381,9.91499
1.29314,-1.20714,9.89
1.28242,-1.20238,9.88524
1.27052,-1.22975,9.79359
1.28719,-1.14644,9.8531
1.30266,-1.07146,9.80907
1.25862,-1.05598,9.71385
1.30623,-1.35591,9.65315
1.27171,-1.27379,9.6353
1.2253,-1.02623,9.70909
1.23006,-0.948868,9.74123
1.27647,-0.990524,9.79716
1.26219,-1.12263,9.78526
1.30504,-1.12025,9.77217
1.34193,-1.08336,9.85429
1.36812,-1.12978,9.87691
1.33241,-1.09288,9.89
1.19078,-0.952438,9.82335
1.20982,-1.03813,9.73289
1.22649,-1.12025,9.6841
1.2491,-0.96434,9.77336
1.23601,-1.00243,9.7317
1.24434,-1.0179,9.65434
1.22292,-1.00362,9.71742
1.21935,-1.006,9.73885
1.26933,-1.05122,9.75075
1.14555,-1.12502,9.73289
1.15627,-1.06194,9.71266
1.14436,-0.856033,9.7317
1.16817,-0.851273,9.79836
1.31218,-0.894119,9.80312
1.34193,-0.842941,9.80312
1.32289,-1.00719,9.68291
1.30742,-0.889359,9.86144
1.34074,-0.934586,9.77693
1.23839,-0.894119,9.78526
1.13246,-0.858414,9.7448
1.16817,-1.02147,9.78288
1.23601,-1.10359,9.7686
1.14198,-1.03456,9.69243
1.13246,-1.19405,9.66743
1.13841,-1.12859,9.70909
1.13365,-1.07503,9.72932
1.13484,-0.977432,9.73766
1.16222,-0.802475,9.79002
1.1646,-0.915543,9.74599
1.1396,-0.860794,9.86858
1.16698,-0.76796,9.96022
1.17412,-0.685837,9.95427
1.27171,-1.12621,9.89595
1.28004,-1.00719,9.93404
1.23601,-0.915543,9.88762
1.28242,-1.01671,9.93285
1.28719,-1.04051,9.97926
1.13484,-0.990524,9.83287
1.09795,-1.10002,9.71504
1.00511,-0.925064,9.67458
0.870621,-0.753677,9.69957
0.80159,-0.76915,9.7079
0.924179,-0.648941,9.88286
0.9944,-0.83461,9.71147
0.933701,-0.798904,9.70314
0.882523,-0.788193,9.80788
0.886093,-0.659653,9.94713
0.833725,-0.777481,9.94594
0.711136,-0.957199,9.83763
0.550461,-0.948868,9.76384
0.5457,-0.813187,9.8781
0.576645,-0.732254,9.91261
0.583786,-0.746536,9.89119
0.752792,-1.05717,9.82454
0.888474,-1.24998,9.76503
0.825394,-1.06194,9.89714
0.740891,-1.06432,9.73289
0.787308,-1.175,9.64482
0.790878,-1.10597,9.69957
0.763504,-0.920303,9.68767
0.837296,-0.809616,9.81502
1.01582,-0.700119,9.76146
1.0432,-0.435898,9.74123
0.93251,-0.508499,9.76146
0.857529,-0.531113,9.81145
0.901566,-0.620377,9.8055
0.849197,-0.663223,9.81026
0.855148,-0.64299,9.85072
0.852768,-0.473984,9.8174
0.806351,-0.32402,9.85191
0.753983,-0.297836,9.84834
0.67543,-0.433517,9.78764
0.945602,-0.290695,10.0554
0.963455,-0.00386047,10.0721
0.938461,0.0187531,9.76384
0.86824,-0.207382,9.66743
0.7397,-0.408524,9.73409
0.834915,-0.38472,9.94832
1.01344,-0.241898,10.0162
1.10152,-0.277603,9.92094
1.03963,-0.402573,9.82216
0.878952,-0.406143,9.71385
0.778976,-0.177628,9.69719
0.775406,0.0461273,9.59364
0.953934,-0.0145721,9.41869
0.813492,-0.0728912,9.30562
0.690903,-0.118118,9.31157
0.855148,0.0651703,9.3687
0.921799,0.266312,9.32942
0.843246,0.0663605,9.32109
0.93013,-0.0550385,9.54961
1.17293,-0.058609,9.67815
1.25624,-0.0431366,9.82692
1.28123,-0.0764618,9.96974
1.46333,-0.1931,10.0578
1.48595,-0.0526581,10.0721
1.50142,0.19133,9.91975
1.48476,0.312729,9.9626
1.47881,0.338913,9.9745
1.49071,0.31749,10.0971
1.455,0.346054,9.91856
1.455,0.441269,9.96855
