1.74303,-0.208572,9.74718
1.74303,-0.237137,9.72099
1.73351,-0.220474,9.67577
1.71922,-0.180008,9.71385
1.66685,-0.177628,9.69719
1.6978,-0.177628,9.70433
1.67638,-0.156204,9.67577
1.62401,-0.170486,9.64958
1.60973,-0.19191,9.60435
1.62163,-0.151443,9.62102
1.71684,-0.229996,9.7448
1.75017,-0.203812,9.74956
1.74065,-0.201431,9.77336
1.81682,-0.168106,9.88048
1.87395,-0.101456,9.94237
1.92632,-0.0157623,9.88762
1.89061,-0.101456,9.84715
1.8549,-0.110977,9.81621
1.843,-0.0990753,9.89238
1.90489,-0.0348053,9.85905
1.56926,0.00804138,9.69957
1.56688,-0.0443268,9.70433
1.65971,-0.101456,9.85429
1.87157,-0.296646,9.88762
1.97868,-0.301407,9.90666
1.79539,-0.208572,9.84477
1.77159,-0.210953,9.86144
1.75255,-0.275223,9.74242
1.69066,-0.327591,9.73289
1.64067,-0.360916,9.6234
1.57402,-0.370438,9.6591
1.60735,-0.401382,9.71861
1.5883,-0.396622,9.56389
1.56212,-0.470413,9.74242
1.68114,-0.565628,9.73766
1.75255,-0.553726,9.67815
1.71684,-0.432327,9.54485
1.66447,-0.368057,9.42821
1.58354,-0.325211,9.33537
1.49309,-0.334732,9.24492
1.77159,-0.689407,9.14018
1.73351,-0.598953,9.18303
1.74541,-0.548965,9.30681
1.76207,-0.603714,9.43535
1.82634,-0.906021,9.52104
1.90489,-1.13216,9.57341
1.79539,-1.19167,9.63054
1.82872,-1.18929,9.6353
1.79301,-1.0298,9.62816
1.71446,-0.90126,9.89476
2.00725,-0.57991,10.2137
1.88823,-0.565628,10.1233
1.82872,-0.646561,10.2494
1.85728,-0.601334,10.1899
1.96202,-0.615616,10.1042
1.96678,-0.610855,10.2233
1.9525,-0.551346,10.2947
1.89775,-0.539444,10.3089
1.91441,-0.544205,10.1399
1.76683,-0.558487,9.96141
1.5883,-0.594193,9.94475
1.60258,-0.622757,9.83763
1.5764,-0.684647,9.63054
1.51689,-0.589432,9.51866
1.45262,-0.570389,9.40916
1.4312,-0.594193,9.36394
1.40739,-0.651321,9.09019
1.36217,-0.717972,8.95689
1.34789,-0.529922,8.82835
1.30266,-0.558487,8.78789
1.9525,-0.594193,9.61388
2.02867,-0.63942,9.72337
2.04295,-0.634659,9.85905
1.93584,-0.548965,9.671
1.79063,-0.437088,9.58293
1.63353,-0.489456,9.46153
1.60735,-0.629898,9.5258
1.64305,-0.598953,9.59483
1.73827,-0.6418,9.71623
1.63591,-0.689407,9.6472
1.5764,-0.760818,9.67339
1.55022,-0.765579,9.70195
1.59782,-0.758438,9.85429
1.76445,-0.865555,9.99474
1.83586,-0.839371,10.1709
1.87871,-0.760818,10.1447
2.00249,-0.694168,10.1923
2.09532,-0.539444,10.09
2.13817,-0.551346,10.0138
2.06914,-0.401382,10.0043
1.85014,-0.32045,9.35442
1.84776,-0.294266,9.39012
1.75969,-0.337112,9.4044
1.85014,-0.437088,9.52818
1.92632,-0.472794,9.60197
1.89537,-0.484695,9.68291
1.9287,-0.525162,9.77812
2.01915,-0.615616,9.9876
2.21672,-0.689407,9.88524
2.33812,-0.679886,9.89952
2.45238,-0.808426,9.97807
2.42619,-0.758438,9.86382
2.3167,-0.696548,9.84477
2.15483,-0.646561,9.7686
2.06676,-0.525162,9.75432
2.00725,-0.546585,9.73527
1.92155,-0.532303,9.69719
1.83824,-0.494217,9.5377
1.76921,-0.553726,9.46391
1.71922,-0.546585,9.32347
1.97392,-0.637039,9.46867
1.98344,-0.660843,9.48058
2.03581,-0.63942,9.53294
2.08818,-0.589432,9.54485
2.09532,-0.632278,9.49962
2.04533,-0.606094,9.49724
2.04057,-0.496597,9.45677
2.00487,-0.501358,9.52104
2.05247,-0.613236,9.49724
2.03343,-0.70845,9.47582
2.0739,-0.77034,9.502
2.13817,-0.684647,9.54961
2.15959,-0.667984,9.6115
2.17625,-0.627518,9.71623
2.18578,-0.63942,9.77098
2.22148,-0.620377,9.83049
2.1953,-0.565628,9.83049
2.22624,-0.508499,9.77336
2.231,-0.456131,9.7805
2.22386,-0.429947,9.84715
2.0739,-0.77034,9.502
2.13817,-0.684647,9.54961
2.15959,-0.667984,9.6115
2.17625,-0.627518,9.71623
2.18578,-0.63942,9.77098
2.22148,-0.620377,9.83049
2.1953,-0.565628,9.83049
2.22624,-0.508499,9.77336
2.231,-0.456131,9.7805
2.22386,-0.429947,9.84715
2.35002,-0.353775,9.65434
2.3405,-0.410904,9.62816
2.29527,-0.377579,9.60435
2.28575,-0.489456,9.63292
2.3405,-0.556107,9.6115
2.29051,-0.568008,9.58769
2.32622,-0.51088,9.64244
2.3167,-0.446609,9.69005
2.40477,-0.460892,9.6591
2.39763,-0.529922,9.66624
2.39525,-0.487076,9.55199
2.39525,-0.522781,9.57341
2.34288,-0.544205,9.5139
2.29289,-0.501358,9.47819
2.30479,-0.470413,9.54961
2.22862,-0.413284,9.51866
2.24052,-0.418045,9.38536
2.28813,-0.318069,9.41393
2.26433,-0.270462,9.34013
2.26909,-0.260941,9.37346
2.49998,-0.494217,9.81859
2.45714,-0.558487,9.74004
2.41429,-0.572769,9.671
2.43571,-0.534683,9.7924
2.42381,-0.494217,9.74718
2.38573,-0.370438,9.86858
2.29765,-0.363297,9.84001
2.3167,-0.444229,9.82097
2.35478,-0.548965,9.77098
2.39525,-0.563248,9.80193
2.38097,-0.470413,9.82811
2.34526,-0.434708,9.80669
2.34764,-0.441849,9.88524
2.33812,-0.45137,9.84239
2.33336,-0.479935,9.95189
2.31908,-0.472794,9.89952
2.29527,-0.520401,9.82811
2.22624,-0.498978,9.87334
2.28337,-0.551346,9.92094
2.33098,-0.629898,10.0066
2.91417,-0.184769,11.5396
3.01415,-0.268082,11.5824
3.05461,-0.279984,11.7729
3.14983,-0.234756,11.9395
3.09508,-0.206192,11.8229
2.94035,-0.372818,11.761
2.72136,-0.544205,11.9062
2.63567,-0.625137,12.0585
2.64519,-0.891739,12.1633
2.56425,-1.19167,12.2966
2.55711,-1.33687,12.3227
2.42381,-1.19167,12.1395
2.14055,-0.858414,12.0371
1.8192,-0.632278,11.7824
1.49309,-0.553726,11.7634
1.48833,-0.765579,11.9109
1.51213,-0.944107,11.4634
1.11937,-1.06551,11.0254
0.638535,-1.03694,10.7993
0.200546,-0.953629,10.6398
-2.46071,-0.351395,8.1071
-2.65828,-0.213333,8.0952
-2.80586,-0.165726,7.98808
-3.03914,-0.13002,7.36919
-3.45094,-0.168106,7.43108
-3.63661,-0.0657501,6.85265
-3.9294,0.0366058,6.59319
-4.25075,0.00328064,6.80266
-4.45784,0.0675507,6.95262
-4.47926,0.0199432,6.87169
-5.70039,-0.213333,7.31682
-5.79561,-0.208572,7.04784
-6.08125,-0.0609894,6.93358
-6.19789,-0.132401,7.30492
-6.15742,-0.0490875,7.27397
-6.30739,0.25798,6.8217
-6.64778,0.462692,6.61461
-6.82393,0.657883,5.98381
-7.28572,0.776901,5.86241
-7.48091,0.76738,5.86479
-7.688,0.743576,5.73387
-7.87367,0.498398,5.83623
-7.81178,0.569809,5.36967
-7.97365,0.64122,5.42442
-8.00935,1.00542,4.80791
-8.39497,1.29344,4.53655
-8.59254,1.52196,3.851
-8.84724,1.75523,3.46538
-8.9496,1.9171,3.24638
-9.04005,2.06468,2.90599
-9.13051,2.04326,3.05357
-9.07814,2.10515,2.89409
-9.16859,2.14799,3.02739
-9.08528,1.90996,3.18449
-9.04005,1.80998,3.17735
-9.13765,1.929,2.97264
-9.23762,2.02898,2.72984
-9.32332,1.99565,2.66795
-9.43758,2.00755,2.36089
-9.52803,1.95757,2.07762
-9.54469,1.94566,1.94194
-9.53041,1.85283,1.911
-9.51613,1.87663,2.08476
-9.40425,1.72905,2.22758
-9.33998,1.5648,2.31328
-9.26143,1.32915,2.41087
-9.11861,1.26012,2.57274
-8.98531,1.23869,2.7346
-8.87581,1.28868,2.63701
-8.87343,1.31248,2.6132
-8.81868,1.2982,2.67271
-8.5735,1.06731,3.03929
-8.28786,0.845932,3.41301
-7.99507,0.70549,3.59154
-7.85225,0.603134,3.82481
-7.7737,0.546005,4.02715
-7.69276,0.610275,3.96288
-7.61897,0.626938,4.26518
-7.37856,0.734055,4.35802
-7.22859,0.807846,4.56273
-4.68636,-0.208572,8.09758
-4.29597,-0.310928,8.54747
-3.94844,-0.272842,8.76408
-3.78419,-0.0728912,8.53557
-3.88179,-0.096695,8.93071
-3.73421,0.0342255,9.1021
-3.53426,-0.0633698,8.91167
-3.38191,-0.45137,9.08543
-3.20576,-0.748917,9.46629
-3.01057,-0.958389,9.73766
-2.77968,-1.12025,9.92571
-2.70113,-1.26546,9.8781
-2.82014,-1.17738,10.09
-2.72255,-0.808426,10.2352
-2.45833,-0.57515,10.2328
-2.25362,-0.556107,10.3661
-1.868,-0.8965,10.3589
-1.60854,-1.27498,10.2709
-1.55855,-1.3821,10.2352
-1.70375,-1.22261,10.3018
-1.93941,-0.925064,10.1733
-2.16078,-0.775101,10.1447
-2.06081,-0.851273,10.3232
-1.75612,-0.986954,10.3946
-1.37764,-0.996475,10.1661
-1.22768,-0.798904,9.85667
-1.23006,-0.777481,9.96379
-0.975357,-0.875076,10.0614
-0.744461,-0.806046,9.93761
-0.730179,-0.746536,9.93047
-0.630203,-0.677505,10.2447
-0.382645,-0.498978,10.2756
-0.28981,-0.51326,10.1542
-0.318375,-0.468033,10.0995
-0.461197,-0.525162,10.0471
-0.506424,-0.589432,9.9138
-0.332657,-0.477554,9.96855
-0.132706,-0.401382,9.78288
-0.0303497,-0.349014,9.69719
0.0124969,-0.299026,9.85429
0.295761,-0.379959,10.1685
0.502853,-0.527542,10.3304
0.690903,-0.637039,10.2756
0.728989,-0.715591,10.0828
0.590927,-0.663223,10.209
0.686142,-0.625137,10.4232
0.8004,-0.489456,10.8064
1.2003,-0.565628,11.0873
1.62401,-0.90126,11.0397
1.70732,-1.03456,10.7112
1.72398,-1.11549,10.6946
1.58354,-0.903641,10.7755
1.52641,-0.589432,10.8874
1.59544,-0.303787,10.4375
1.88585,-0.363297,10.7088
2.19054,-0.556107,10.7184
2.41429,-0.801285,10.8517
2.67851,-0.891739,11.073
2.72374,-1.01552,11.0778
2.67375,-1.10835,10.9493
2.53569,-1.14882,10.7969
2.39763,-1.11787,10.735
2.20244,-0.958389,10.5398
1.99297,-0.798904,10.3899
1.84538,-0.591812,10.3423
1.82396,-0.496597,10.278
1.78349,-0.620377,10.2304
1.76207,-0.653702,10.0043
1.79778,-0.791763,9.80193
1.74303,-0.794144,9.63292
1.67876,-0.758438,9.6353
1.62877,-0.637039,9.62816
1.65971,-0.627518,9.63768
1.93108,-0.803665,9.60674
1.8311,-0.851273,9.60435
1.87157,-0.922684,9.51152
1.89775,-1.06551,9.46391
1.97392,-1.03218,9.41631
1.97154,-0.994095,9.49486
1.93584,-0.96553,9.66148
1.92155,-0.948868,9.76146
1.87633,-0.989334,9.62816
1.80492,-0.977432,9.66624
1.80016,-0.96553,9.66624
1.8311,-0.906021,9.59721
1.87157,-0.910782,9.64006
1.95726,-0.891739,9.61388
1.90727,-0.867935,9.6353
1.90489,-0.867935,9.59721
1.84776,-0.860794,9.66863
1.78349,-0.841751,9.57817
1.76683,-0.76796,9.61388
1.79778,-0.813187,9.60435
1.91917,-0.948868,9.65434
1.88585,-0.860794,9.68291
1.88823,-0.867935,9.67815
1.88823,-0.920303,9.63292
1.85252,-0.913162,9.60197
1.88585,-0.936966,9.55437
1.90965,-0.858414,9.56627
1.85014,-0.939346,9.56389
1.82396,-0.956009,9.57579
1.8311,-0.867935,9.62578
1.9525,-0.972672,9.59245
1.87871,-0.906021,9.64006
1.85966,-0.908401,9.58293
1.86443,-0.982193,9.55437
1.89775,-1.00124,9.54485
1.90013,-1.03694,9.60435
1.9287,-0.917923,9.6353
1.95012,-0.939346,9.65196
1.93584,-1.00124,9.66863
1.88823,-1.02028,9.64482
1.87157,-0.879837,9.68053
1.87871,-0.875076,9.59245
1.89775,-0.910782,9.58055
1.89061,-0.903641,9.55675
1.93108,-0.991715,9.53532
1.88823,-0.858414,9.60912
1.87871,-0.872696,9.61626
1.87871,-0.83461,9.57341
1.90013,-0.879837,9.56389
1.96678,-0.944107,9.66624
2.01201,-1.03694,9.74242
2.00487,-1.0536,9.70909
2.01201,-1.03694,9.74242
2.00487,-1.0536,9.70909
1.92393,-1.11311,9.67815
1.93346,-1.03218,9.68291
1.8192,-1.00838,9.60912
1.80492,-0.958389,9.67577
1.82396,-0.929825,9.54723
1.84538,-0.970291,9.54008
1.85014,-0.929825,9.56151
1.83824,-0.89888,9.60435
1.91203,-0.936966,9.63054
1.93822,-0.96315,9.59007
1.95012,-0.967911,9.57817
1.93346,-0.972672,9.5258
1.92632,-0.984573,9.55199
1.9287,-1.02266,9.62816
1.97392,-1.06789,9.51628
1.96916,-1.02266,9.46391
1.98582,-1.01076,9.54246
1.9644,-0.996475,9.58293
1.8549,-0.96553,9.502
1.93822,-1.02266,9.5258
1.88585,-1.006,9.57579
1.86919,-0.958389,9.6472
1.89775,-0.986954,9.58769
1.93108,-1.10835,9.68053
1.95012,-1.05598,9.59959
1.94774,-1.04408,9.59959
1.95488,-1.02504,9.66386
1.95488,-1.05122,9.59959
1.95012,-1.00362,9.66624
2.062,-0.967911,9.77336
2.07628,-1.0298,9.73289
2.02867,-1.04408,9.79002
2.04771,-1.08455,9.75432
1.98582,-1.10359,9.68767
1.93822,-1.0536,9.66386
1.98582,-1.02504,9.6591
1.98106,-0.986954,9.59959
1.94536,-0.939346,9.66148
2.05486,-0.989334,9.74242
2.09294,-0.948868,9.68053
2.05247,-0.989334,9.64244
2.05486,-1.03694,9.63292
2.02391,-1.02028,9.67815
1.98821,-1.03218,9.70909
1.9763,-1.04408,9.69243
1.98582,-1.12502,9.64006
1.95964,-1.11549,9.63054
1.89299,-1.02742,9.57103
1.9287,-0.956009,9.56151
1.92155,-1.01076,9.53056
1.9525,-1.0417,9.65434
2.00963,-1.08217,9.70671
1.96678,-1.07027,9.6115
2.01677,-1.03456,9.60435
1.9287,-0.956009,9.56151
1.92155,-1.01076,9.53056
1.9525,-1.0417,9.65434
2.00963,-1.08217,9.70671
1.96678,-1.07027,9.6115
2.01677,-1.03456,9.60435
2.00487,-1.02742,9.6472
1.95488,-1.0536,9.6472
2.00487,-1.11311,9.64006
2.05486,-1.09407,9.66863
2.07152,-1.03694,9.70195
2.04295,-1.04646,9.6115
1.9763,-1.03932,9.54485
1.98582,-1.006,9.5258
1.92155,-0.984573,9.50914
1.91679,-0.984573,9.58293
1.92155,-1.0179,9.63054
1.95964,-0.998856,9.65196
1.96916,-0.977432,9.59721
2.01439,-1.03694,9.59959
1.91203,-1.03932,9.60435
2.03581,-1.00362,9.63054
1.9644,-1.00362,9.61864
1.97868,-0.975052,9.59959
1.98344,-1.02028,9.6353
2.00487,-1.11311,9.54485
2.03105,-1.11073,9.57341
2.05247,-1.16548,9.54961
2.00487,-1.04884,9.64958
1.98582,-1.07027,9.62578
1.92393,-1.0179,9.58055
1.90013,-0.958389,9.55913
1.89775,-1.02504,9.671
1.93584,-1.08931,9.61626
1.98821,-1.11787,9.6115
1.99297,-1.10835,9.5139
1.95488,-1.0417,9.55437
1.96202,-0.972672,9.56389
1.92632,-0.913162,9.56389
2.00725,-0.917923,9.60674
2.00487,-1.06075,9.60197
2.02391,-1.14406,9.57579
2.02391,-1.15596,9.58531
1.98582,-0.972672,9.56627
1.93108,-0.863174,9.59007
1.91203,-0.827469,9.68529
1.95726,-0.906021,9.63292
1.95726,-1.03694,9.64244
1.9763,-1.05836,9.58055
2.01201,-1.04646,9.66863
2.02629,-1.06313,9.61626
2.05009,-1.13692,9.71385
2.01915,-1.18929,9.59483
2.05962,-1.17738,9.64244
2.05962,-1.14882,9.71385
2.00725,-1.11549,9.64958
1.96678,-1.08931,9.59959
1.95726,-1.16072,9.62578
1.95964,-1.09407,9.56389
1.99535,-1.02504,9.63292
1.96678,-1.00838,9.5377
2.01439,-1.04646,9.63768
2.05724,-1.02266,9.58293
2.03819,-0.998856,9.60912
1.99059,-1.04646,9.55199
1.99773,-1.06075,9.59007
1.9406,-1.04646,9.62102
1.93822,-1.03218,9.66386
1.95726,-1.0417,9.70909
1.93108,-1.03932,9.72099
2.15483,-1.00838,10.0614
2.13341,-1.06789,10.1352
2.14531,-1.08693,10.09
2.18101,-1.07265,10.1447
2.21196,-1.0417,10.178
2.22148,-1.03218,10.2661
2.22862,-1.08217,10.3732
2.32622,-1.12263,10.5184
2.39763,-1.15834,10.647
2.38097,-1.11787,10.6351
2.54045,-1.175,11.7943
2.39287,-1.18214,11.98
2.43095,-1.1512,12.1085
2.25957,-1.14168,11.8657
2.01915,-1.22975,11.8276
1.75731,-1.31544,11.9181
1.63115,-1.29402,12.1585
1.68114,-1.37733,11.9942
1.53593,-1.26784,11.5634
1.08842,-1.12025,11.2373
-0.951553,-1.23927,9.83287
-1.21815,-1.11073,9.34489
-1.66328,-0.925064,8.92357
-2.13698,-0.57991,8.59984
-2.35121,-0.439468,8.38084
-2.66066,-0.470413,8.25707
-2.7654,-0.57515,8.16899
-2.82014,-0.627518,7.93571
-3.11531,-0.817947,7.82384
-3.38191,-0.746536,7.32158
-5.73372,-0.63942,5.66484
-6.03841,-0.491837,5.41252
-6.2336,-0.408524,5.29826
-6.48116,-0.165726,5.11736
-6.73109,-0.0919342,5.41728
-6.74062,0.0818329,5.02452
-6.97627,0.0865936,5.24352
-7.01436,-0.0514679,5.36729
-7.10005,-0.0110016,5.27446
-7.23811,-0.0871735,5.31255
-7.35237,0.00804138,4.99834
-7.70943,0.0961151,5.01024
-7.84749,0.25798,4.89598
-8.0165,0.493637,4.76506
-8.10695,0.757858,4.04857
-8.4283,0.8983,4.01286
-8.54732,1.12206,3.66533
-8.74489,1.33867,3.40349
-8.90913,1.42436,3.15593
-9.071,1.43626,3.21068
-9.19478,1.47673,3.20354
-9.27095,1.48387,3.02501
-9.3614,1.39342,2.76317
-9.47566,1.39104,2.61082
-9.59706,1.53148,2.43944
-9.7137,1.61241,2.1895
-9.82558,1.67668,1.89195
-9.85414,1.66002,1.88243
-9.78273,1.82188,1.7896
-9.75893,1.65526,1.95146
-9.16621,0.31749,2.83696
-9.14241,0.403183,3.05833
-9.01149,0.44841,3.32494
-8.89723,0.379379,3.61058
-8.75441,0.281784,3.61772
-8.75917,0.248459,3.85576
-8.60683,0.267502,4.1057
-8.4283,0.355576,3.89384
-8.4521,0.543625,3.69627
-8.52589,0.688828,3.61296
-7.09767,0.655502,5.6458
-6.80013,0.505539,6.02666
-6.52162,0.19133,6.48131
-6.31453,-0.12764,6.54082
-6.28597,-0.425186,7.02403
-6.0027,-0.603714,7.61913
-5.7242,-0.518021,7.69292
-5.53615,-0.32045,7.93095
-5.33858,-0.403763,8.40227
-5.10054,-0.587051,8.48558
-3.52473,-0.858414,9.00212
-3.21291,-1.11549,9.10448
-3.07722,-1.2845,8.92119
-3.13197,-1.35115,8.88786
-3.24861,-1.26784,8.83788
-3.22957,-1.16072,9.03783
-3.13673,-0.844131,9.18779
-2.88441,-0.6418,8.94499
-2.71303,-0.615616,8.87834
-2.2798,-0.870316,9.29729
-0.446915,-0.83699,10.3113
-0.166031,-0.763199,10.466
0.0363007,-0.775101,10.5422
0.126755,-0.779861,10.4684
-0.0351105,-0.70845,10.297
-0.0850983,-0.727493,10.3661
-0.0160675,-0.520401,10.6589
0.262436,-0.420425,10.8231
0.410019,-0.594193,10.8279
0.488571,-0.744156,10.8826
1.52879,-1.05598,11.1207
1.52641,-1.04408,11.0778
1.4669,-0.851273,10.9826
1.30504,-0.63942,10.8898
1.14317,-0.553726,10.7255
1.13841,-0.596573,10.6779
1.12175,-0.627518,10.666
1.18602,-0.608475,10.6232
1.3336,-0.77272,10.6327
1.30504,-0.763199,10.5422
1.40739,-0.915543,10.0519
1.42168,-0.8965,9.8781
1.37169,-0.913162,9.77574
1.29552,-0.879837,9.67577
1.27885,-0.858414,9.66386
1.31456,-0.953629,9.49724
1.31694,-0.951248,9.48772
1.33122,-0.917923,9.65434
1.48595,-0.908401,9.69481
1.55974,-1.04408,9.61864
1.69304,-1.17262,9.7686
1.71922,-1.10597,9.74242
1.64543,-1.0179,9.90428
1.62639,-0.951248,9.82573
1.65019,-1.01314,9.80431
1.65733,-1.09645,9.9019
1.6859,-1.05836,9.89476
1.70494,-1.03932,9.98045
1.7097,-1.08931,9.94951
1.68114,-1.10835,9.90666
1.44548,-0.787003,9.72099
1.51213,-0.870316,9.7448
1.50975,-0.915543,9.67577
1.48833,-0.894119,9.67577
1.44786,-0.856033,9.68291
1.49309,-0.894119,9.68529
1.50261,-0.879837,9.66148
1.49071,-0.894119,9.68291
1.5526,-0.946487,9.64244
1.54546,-0.956009,9.59245
1.60258,-0.946487,9.76146
1.56926,-0.956009,9.73766
1.60973,-0.991715,9.67339
1.58116,-1.05836,9.71861
1.53117,-1.05598,9.65434
1.52641,-1.02028,9.7567
1.54784,-1.0298,9.82811
1.49309,-0.958389,9.84953
1.54308,-0.986954,9.77098
1.55974,-0.903641,9.77098
1.70018,-1.01314,9.83763
1.65733,-0.979813,9.6472
1.57164,-0.929825,9.70433
1.53355,-0.891739,9.68529
1.5526,-0.886978,9.76384
1.62639,-0.951248,9.73766
1.59782,-0.986954,9.66624
1.57402,-1.006,9.671
1.54308,-0.982193,9.74242
1.52641,-0.929825,9.70671
1.60735,-1.01314,9.71861
1.62401,-1.0298,9.79478
1.65495,-1.0298,9.79002
1.64305,-1.06789,9.81621
1.58116,-1.03932,9.80669
1.59068,-1.02028,9.77812
1.5764,-1.05598,9.83287
1.52403,-1.01314,9.74956
1.55736,-0.979813,9.72337
1.49309,-1.01076,9.75908
1.5764,-1.10835,9.67577
1.53593,-1.10359,9.59007
1.54784,-1.14644,9.64482
1.53593,-1.0417,9.74956
1.54308,-1.01314,9.71861
1.55022,-1.03932,9.61388
1.60497,-1.05836,9.65672
1.59544,-1.01076,9.68053
1.5526,-0.982193,9.71147
1.48357,-1.006,9.70909
1.55974,-1.00124,9.66386
1.53593,-0.996475,9.67577
1.53831,-1.00838,9.69005
1.49309,-1.04646,9.73289
1.54308,-1.01314,9.69243
1.49547,-1.00838,9.67339
1.51451,-0.994095,9.75432
1.50737,-0.977432,9.77812
1.49785,-0.975052,9.7448
1.52403,-1.0536,9.76146
1.59068,-1.00838,9.77336
1.65019,-1.01076,9.75194
1.59782,-0.96315,9.69005
1.60258,-0.989334,9.7448
1.58116,-1.06313,9.7805
1.55022,-0.975052,9.74718
1.55022,-1.06789,9.71385
1.52641,-1.06789,9.66624
1.51451,-1.02742,9.56865
1.47404,-0.96315,9.65672
1.53355,-0.90126,9.67815
1.54784,-0.925064,9.69957
1.55736,-0.939346,9.73527
1.63115,-0.927444,9.71147
1.60497,-0.929825,9.76384
1.63829,-0.96315,9.68291
1.60497,-1.03932,9.74242
1.63115,-0.944107,9.67577
1.60973,-1.02504,9.73289
1.55736,-1.09645,9.68767
1.5645,-0.925064,9.69005
1.55736,-0.90126,9.68529
1.53355,-0.951248,9.76622
1.59544,-0.972672,9.67577
1.59068,-1.06313,9.7567
1.57878,-0.991715,9.82811
1.55974,-0.956009,9.73527
1.58354,-0.946487,9.77098
1.53355,-0.996475,9.68529
1.56926,-0.996475,9.69957
1.55022,-0.958389,9.67339
1.60497,-1.08931,9.72575
1.55736,-0.970291,9.64958
1.61925,-0.925064,9.64958
1.59782,-0.920303,9.66863
1.64067,-0.891739,9.63292
1.65019,-0.90126,9.69005
1.62639,-0.958389,9.75432
1.58592,-1.01076,9.75432
1.55498,-1.09407,9.71623
1.674,-0.96077,9.71385
1.66209,-1.0298,9.72813
1.6859,-1.04408,9.68291
1.71922,-0.967911,9.72813
1.67876,-0.906021,9.77574
1.64543,-0.927444,9.70195
1.67638,-0.96077,9.68767
1.68828,-0.975052,9.69243
1.61449,-0.934586,9.71623
1.59782,-0.908401,9.65196
1.61925,-0.958389,9.73052
1.64781,-0.982193,9.66624
1.64305,-1.00838,9.75432
1.62401,-0.982193,9.70909
1.60497,-0.934586,9.79716
1.63353,-0.941727,9.72575
1.55498,-0.927444,9.67339
1.59068,-0.913162,9.70195
1.5883,-0.958389,9.75432
1.60497,-0.975052,9.72099
1.62877,-0.83461,9.66386
1.67876,-0.870316,9.71861
1.73351,-0.970291,9.70433
1.68352,-1.06313,9.64482
1.6859,-0.956009,9.66863
1.65733,-0.903641,9.67339
1.60735,-0.915543,9.70671
1.62163,-0.894119,9.59483
1.65019,-0.908401,9.69243
1.66924,-0.910782,9.671
1.63591,-0.929825,9.63054
1.61211,-0.908401,9.64244
1.60735,-0.889359,9.65196
1.58592,-0.803665,9.69243
1.66924,-0.867935,9.75908
1.75017,-1.0179,9.88762
1.8549,-0.982193,10.0162
1.8073,-0.970291,10.1019
1.8549,-1.08217,10.2399
1.87871,-1.03218,10.3899
2.64995,-0.787003,12.2251
2.42143,-0.665604,12.2489
2.28337,-0.553726,12.5346
2.22862,-0.470413,12.606
2.13103,-0.691788,12.6227
2.11436,-0.975052,12.5846
2.06914,-1.07027,12.5441
2.01201,-1.1512,12.5679
1.90013,-1.36781,12.6846
1.96202,-1.50587,12.6203
1.87871,-1.35829,12.2013
1.5883,-1.06313,11.8562
1.15269,-1.11073,11.9752
1.0432,-1.06075,11.9871
0.890854,-0.994095,11.7086
0.586166,-1.07503,11.2468
0.252914,-1.006,10.8207
-0.204117,-0.844131,10.5851
-0.423111,-0.734634,10.3542
-0.60878,-0.753677,10.0352
-0.749222,-0.894119,9.73527
-1.03011,-0.877457,9.19969
-1.54189,-0.620377,9.07115
-1.79659,-0.422806,8.89977
-2.04414,-0.346634,8.54509
-2.22505,-0.582291,8.59508
-2.27504,-0.737015,8.23802
-2.54402,-0.777481,8.35942
-2.63686,-0.813187,8.04283
-2.97487,-0.613236,7.50011
-3.44618,-0.410904,7.43822
-3.72469,-0.38472,7.29063
-3.83418,-0.479935,7.10496
-3.93416,-0.617996,7.06926
-4.01747,-0.584671,6.5313
-4.39595,-0.572769,6.84788
-4.49831,-0.660843,6.78838
-4.67921,-0.687027,6.62651
-4.86726,-0.720352,6.40038
-5.1291,-0.563248,6.09569
-5.44569,-0.418045,6.37895
-5.44093,-0.287125,6.10045
-5.70515,-0.220474,5.93144
-5.90273,-0.146683,5.72673
-6.17885,0.238937,5.36967
-6.50972,0.281784,5.28874
-6.72395,0.350815,4.99596
-7.12624,0.44841,4.6151
-7.37141,0.44841,4.79362
-7.4095,0.379379,4.80553
-7.6761,0.57695,4.61034
-7.84511,0.653122,4.81505
-7.81892,0.745956,4.52702
-7.92366,0.662643,4.28184
-8.11171,0.669785,4.02953
-8.29738,0.731674,4.02953
-8.44258,0.841171,4.19615
-8.48781,1.02446,4.03667
-8.60445,1.08397,4.15807
-8.62825,1.08635,3.92479
-8.60445,1.08397,4.15807
-8.62825,1.08635,3.92479
-8.80916,1.15538,3.74864
-8.99483,1.26012,3.56773
-9.1067,1.42674,3.16069
-9.3138,1.50529,2.8203
-9.41139,1.61003,2.38945
-9.54945,1.71239,2.0681
-9.59706,1.83379,1.92766
-9.71132,1.92662,1.79436
-9.80653,2.00279,1.74913
-9.83034,2.03374,1.56822
-9.86366,2.03136,1.59203
-9.78987,1.75523,1.78484
-9.7018,1.64812,1.88005
-9.60896,1.49101,2.08952
-9.48756,1.51006,2.17284
-9.49709,1.45055,2.32042
-9.38283,1.44817,2.32756
-9.43282,1.40056,2.43706
-8.28786,0.636459,3.87718
-8.20216,0.653122,3.8748
-8.20216,0.793564,3.93193
-8.10219,0.922104,4.08903
-8.00697,0.953049,4.24376
-7.75703,0.905441,4.26756
-7.62849,0.712631,4.25328
-7.45949,0.534103,4.49846
-7.25478,0.519821,4.98882
-7.0334,0.600754,5.24352
-6.93343,0.619797,5.48869
-6.83345,0.612656,5.77196
-6.69777,0.64122,5.67436
-6.67159,0.6436,5.65294
-6.54066,0.419846,5.75291
-6.29073,0.119919,6.5313
-5.79561,0.0366058,7.0526
-5.3481,-0.163345,7.54057
-5.00295,-0.339493,7.85954
-4.99104,-0.441849,7.5858
-2.7892,-1.04646,9.49962
-2.6559,-1.02266,9.283
-2.67732,-0.820328,9.15685
-2.72969,-0.682266,9.17827
-2.67018,-0.791763,9.21159
-2.57259,-0.851273,9.73527
-2.00606,-0.953629,10.4256
-1.52998,-1.12025,10.4351
-1.61568,-1.2726,10.09
-1.94417,-1.32259,9.82097
-1.96559,-0.948868,10.0471
-1.69899,-0.687027,10.0162
-1.59901,-0.732254,9.81383
-1.62044,-0.722733,9.41631
-1.96559,-0.948868,10.0471
-1.69899,-0.687027,10.0162
-1.59901,-0.732254,9.81383
-1.62044,-0.722733,9.41631
-1.5276,-0.853653,9.71385
-1.15388,-0.853653,9.98045
-0.794449,-0.920303,9.91618
-0.658768,-1.13692,10.1352
-0.48262,-1.25117,10.3351
-0.318375,-1.29878,10.4708
0.988449,-1.02266,11.0849
0.92894,-1.02504,10.8136
0.828964,-1.07265,10.5613
0.73613,-1.00124,10.3542
0.764694,-0.932205,10.2066
0.767075,-0.696548,9.9995
0.743271,-0.529922,9.99235
0.890854,-0.44899,9.95427
1.03844,-0.346634,9.88762
1.16698,-0.453751,10.1661
1.42168,-0.713211,10.3042
1.66447,-0.913162,10.4161
1.9406,-0.925064,10.6303
2.15007,-0.925064,10.647
2.25005,-0.991715,10.8374
2.44286,-1.00362,10.866
2.56425,-0.927444,10.9493
2.73326,-0.813187,10.9564
2.77611,-0.90126,10.8064
2.80467,-1.01552,10.8421
2.06914,-0.660843,9.97807
2.15959,-0.689407,10.0185
2.19292,-0.70607,9.85905
2.26909,-0.858414,9.93047
2.38097,-1.01552,10.078
2.47142,-1.02742,9.97569
2.45714,-1.0536,9.89952
2.47618,-0.982193,9.90666
2.52379,-1.02028,9.93047
2.55949,-0.991715,9.83763
2.54759,-0.967911,9.79716
2.53807,-1.05598,9.81145
2.53093,-1.11073,9.75194
2.39049,-1.14168,9.69243
2.30956,-1.0179,9.59721
2.22862,-0.986954,9.47582
2.17625,-0.96315,9.3806
2.11674,-0.998856,9.43535
2.18578,-0.996475,9.33537
2.17863,-0.917923,9.31395
2.32146,-1.07027,9.41631
2.30003,-1.06789,9.36394
2.30956,-1.0536,9.42107
2.3286,-1.10835,9.42345
2.29527,-1.20595,9.29729
2.27623,-1.17024,9.38536
2.29051,-1.04408,9.54485
2.33812,-0.970291,9.59483
2.34288,-1.1274,9.55199
2.44524,-1.17024,9.59245
2.44286,-1.06075,9.68767
2.40953,-1.0179,9.68529
2.3405,-0.986954,9.53294
2.36192,-0.939346,9.54485
2.32384,-0.944107,9.54008
2.34288,-1.006,9.57103
2.3405,-0.920303,9.49248
2.33812,-0.932205,9.57103
2.32622,-0.89888,9.63768
2.33098,-0.913162,9.61388
2.31194,-1.05122,9.64006
2.31908,-1.05836,9.57579
2.30717,-1.06551,9.6115
2.34526,-1.03932,9.65672
2.32622,-1.00838,9.6472
2.36906,-1.03456,9.60197
2.38811,-0.994095,9.60197
2.31194,-1.05122,9.64006
2.31908,-1.05836,9.57579
2.30717,-1.06551,9.6115
2.34526,-1.03932,9.65672
2.32622,-1.00838,9.6472
2.36906,-1.03456,9.60197
2.38811,-0.994095,9.60197
2.3524,-0.967911,9.60674
2.30479,-0.982193,9.66148
2.33812,-1.006,9.54485
2.34526,-0.886978,9.45439
2.32384,-0.982193,9.52818
2.34526,-1.00124,9.54485
2.3167,-1.006,9.51866
2.30003,-1.0417,9.55675
2.33336,-1.0298,9.54723
2.35478,-1.08455,9.42583
2.31432,-1.12978,9.51866
2.33574,-1.08455,9.49724
2.40477,-1.05836,9.53056
2.42143,-1.05122,9.49486
2.40953,-0.96077,9.5258
2.36906,-1.01552,9.53532
2.35478,-1.03456,9.54723
2.32622,-1.0298,9.58055
2.3286,-1.07741,9.60912
2.30003,-0.989334,9.59959
2.25957,-1.00362,9.57103
2.26909,-0.998856,9.47819
2.31908,-0.970291,9.50438
2.28337,-0.939346,9.59245
2.29289,-0.944107,9.51866
2.27861,-0.96077,9.51866
2.29527,-1.03456,9.53294
2.28575,-1.04646,9.56389
2.30003,-1.03218,9.61626
2.34526,-1.08455,9.50438
2.33812,-1.0536,9.58531
2.34288,-1.07741,9.54246
2.3405,-0.994095,9.54485
2.3286,-1.0298,9.48772
2.30717,-1.02028,9.51152
2.31194,-0.986954,9.57579
2.26671,-1.05122,9.48296
2.30479,-1.0298,9.45201
2.27623,-1.01314,9.4901
2.29051,-0.975052,9.40916
2.25719,-1.04646,9.52342
2.2429,-1.0298,9.54961
2.25243,-1.05598,9.46391
2.27623,-1.02028,9.43773
2.24767,-0.986954,9.44249
2.231,-0.936966,9.502
2.30479,-1.01314,9.5377
2.33812,-1.07979,9.46391
2.36192,-1.08693,9.59483
2.31194,-1.03456,9.56865
2.37621,-1.03218,9.55437
2.3286,-1.04884,9.44963
2.34526,-0.989334,9.502
2.32622,-0.956009,9.48534
2.33336,-1.03932,9.51152
2.29289,-1.07741,9.45915
2.30003,-1.06313,9.4901
2.21434,-1.02266,9.37584
2.2429,-1.05122,9.41631
2.20482,-1.02266,9.54246
2.28813,-0.956009,9.48296
2.26909,-0.903641,9.39964
2.29051,-0.875076,9.49962
2.28337,-0.841751,9.58055
2.29765,-0.934586,9.48534
2.28099,-0.996475,9.53294
2.31432,-0.994095,9.58531
2.33812,-0.989334,9.5377
2.31194,-0.925064,9.68053
2.40477,-0.915543,9.671
2.39287,-0.951248,9.69957
2.39287,-0.986954,9.61626
2.3286,-0.894119,9.59959
2.23338,-0.96077,9.46629
2.26195,-1.02028,9.42107
2.25719,-1.06551,9.43773
2.30956,-0.994095,9.54723
2.36668,-0.951248,9.46391
2.33812,-0.922684,9.56151
2.40477,-0.989334,9.58769
2.34288,-1.01314,9.46391
2.32146,-1.0179,9.54961
2.32146,-0.96553,9.57103
2.38335,-0.96077,9.5377
2.3405,-1.00362,9.56151
2.28813,-1.04408,9.5258
2.32384,-0.986954,9.54246
2.27861,-0.948868,9.47105
2.30956,-1.00124,9.55437
2.35002,-0.989334,9.58531
2.34764,-0.972672,9.57579
2.26909,-0.972672,9.58055
2.24767,-0.96077,9.51628
2.28099,-0.951248,9.52104
2.33336,-0.948868,9.5139
2.35002,-0.941727,9.52818
2.35002,-0.994095,9.59007
2.30717,-0.89888,9.49724
2.30717,-0.891739,9.50676
2.28099,-0.867935,9.47819
2.29527,-0.894119,9.46391
2.32622,-0.8965,9.52818
2.3286,-0.860794,9.49248
2.29289,-1.01076,9.49486
2.28099,-0.906021,9.54961
2.27623,-0.825089,9.54961
2.24767,-0.839371,9.48772
2.29051,-0.841751,9.42345
2.29289,-0.970291,9.52818
2.34288,-1.00124,9.55199
2.32384,-0.946487,9.51628
2.28099,-0.979813,9.50438
2.35002,-0.953629,9.55913
2.40477,-1.04408,9.6115
2.37859,-0.994095,9.54961
2.37621,-1.00362,9.51628
2.30003,-0.951248,9.4901
2.29289,-0.920303,9.48296
2.22386,-0.858414,9.43773
2.24052,-0.877457,9.41869
2.31432,-0.894119,9.55199
2.32146,-0.967911,9.50676
2.34764,-0.920303,9.50438
2.40001,-0.882217,9.5258
2.37144,-0.908401,9.51866
2.34764,-0.886978,9.48772
2.37859,-0.908401,9.59245
2.38811,-0.927444,9.51152
2.41905,-0.934586,9.56151
2.42381,-1.01314,9.51152
2.4619,-0.979813,9.54723
2.42619,-0.910782,9.53532
2.38335,-0.884598,9.52342
2.34764,-0.789383,9.45915
2.34526,-0.846512,9.48534
2.36906,-0.882217,9.42583
2.39287,-0.83461,9.52818
2.39763,-0.760818,9.51866
2.39287,-0.760818,9.56389
2.40715,-0.789383,9.54485
2.4619,-0.917923,9.53532
2.46904,-0.903641,9.52104
2.44286,-0.848892,9.46629
2.36906,-0.941727,9.56389
2.39287,-0.932205,9.56627
2.35478,-0.925064,9.56627
2.36906,-0.951248,9.49486
2.37144,-0.958389,9.44011
2.40001,-0.936966,9.48772
2.40477,-0.927444,9.54723
2.42619,-0.920303,9.48296
2.45238,-1.02028,9.45201
2.40953,-0.979813,9.46867
2.4857,-0.83223,9.74242
2.4976,-0.829849,9.88762
2.49522,-0.884598,9.83049
2.49284,-0.958389,9.84953
2.45714,-0.982193,9.88286
2.41191,-0.996475,9.94475
2.43333,-1.10121,9.97569
2.45238,-1.17976,10.1566
2.59996,-1.08931,10.3685
2.74754,-1.02028,10.6065
2.98082,-0.418045,12.1323
2.8856,-0.313309,12.3037
2.91417,-0.408524,12.4775
2.94749,-0.741776,12.656
3.02605,-1.00362,12.5941
3.04033,-1.28926,12.6227
3.03557,-1.45351,12.7988
3.13554,-1.48445,12.8202
3.07365,-1.35829,12.4608
2.80705,-1.22737,12.0419
-0.375504,-0.565628,9.20207
-0.723038,-0.334732,8.56889
-1.31099,-0.253799,8.24754
-1.77516,-0.265701,8.09044
-2.20125,-0.168106,7.82622
-2.50832,-0.249039,7.95
-2.60829,-0.329971,8.05711
-2.62495,-0.458511,7.96666
-2.74873,-0.479935,7.3549
-3.16292,-0.382339,6.61937
-5.83608,0.0984955,5.98619
-5.98842,0.0151825,5.82433
-6.18599,-0.113358,5.81718
-6.31215,-0.118118,5.46013
-6.57875,-0.246658,5.91478
-6.6454,-0.151443,5.51488
-6.93105,-0.125259,5.96715
-6.81679,-0.0157623,5.38158
-7.11433,0.0461273,5.09355
-7.32857,0.000900269,5.08641
-9.17573,1.75761,2.59178
-9.40663,1.95995,2.42516
-9.65419,2.15038,2.43706
-9.80891,2.17418,2.51085
-9.75178,1.9528,2.97502
-9.51851,1.71477,2.90837
-9.48042,1.5291,2.60368
-9.53755,1.36485,2.64177
-9.63277,1.34105,2.48467
-9.7018,1.27202,2.5894
-9.21382,0.676926,2.72032
-9.13765,0.474594,2.93694
-9.01387,0.422226,3.23448
-8.80916,0.405563,3.46776
-8.66157,0.312729,3.65819
-8.60683,0.186569,3.67247
-8.62111,0.236557,3.70342
-8.64253,0.453171,3.77245
-8.64015,0.817368,3.68675
-8.59016,1.04826,3.68199
-6.94533,0.605514,6.12901
-6.42165,0.374619,6.53844
-6.14076,-0.0871735,6.62413
-6.15742,-0.565628,6.75029
-6.06221,-0.875076,6.87645
-5.98842,-0.846512,7.09306
-5.80513,-0.679886,7.43584
-5.54329,-0.648941,7.49535
-5.44093,-0.558487,7.79527
-5.21242,-0.339493,7.76909
-3.51759,-0.796524,8.79979
-3.47713,-0.844131,8.70933
-3.37477,-1.03694,8.85454
-3.11769,-1.3083,9.08543
-2.80348,-1.51302,9.46153
-2.52498,-1.48683,10.0447
-2.19887,-1.34401,10.3518
-2.12984,-1.35829,10.1042
-2.21077,-1.50111,9.70433
-2.22505,-1.52492,9.37108
-1.07533,-0.468033,9.72099
-0.953934,-0.653702,9.69005
-0.725418,-0.732254,9.97093
-0.456436,-0.929825,10.1828
-0.242203,-1.10597,10.3351
-0.0470123,-1.17738,10.4161
-0.00178528,-1.14406,10.3542
-0.0970001,-1.25356,10.1709
-0.111282,-1.23689,10.128
-0.0136871,-0.970291,9.85667
1.15031,-1.24879,10.1709
1.35503,-1.09169,10.4994
1.75493,-1.22023,10.5065
1.85014,-1.45113,10.5113
1.85728,-1.44637,10.4399
1.88585,-1.26308,10.7136
1.88585,-1.09407,10.9778
2.07866,-1.1869,11.154
2.08104,-1.22023,11.0492
2.09294,-1.15358,10.8398
1.76445,-1.05836,10.3161
1.75969,-1.05836,10.2685
1.82396,-1.04646,10.2613
1.75731,-1.07503,10.1471
1.78587,-1.23689,10.2018
1.93584,-1.26308,10.1542
1.94774,-1.25832,9.98521
1.90251,-1.16786,9.93761
1.90489,-1.12025,9.93761
2.00725,-1.21547,9.98521
1.87871,-1.24879,9.54246
1.86443,-1.26308,9.46629
1.83824,-1.27498,9.502
1.84776,-1.40114,9.502
1.77873,-1.47017,9.48772
1.843,-1.40114,9.52818
1.82634,-1.43922,9.47343
1.81444,-1.40828,9.48534
1.87633,-1.4297,9.52104
1.87633,-1.36543,9.52104
1.78111,-1.34163,9.47105
1.76207,-1.26546,9.43773
1.70732,-1.23213,9.63768
1.78349,-1.27498,9.6591
1.84538,-1.33687,9.6234
1.81444,-1.3083,9.60197
1.8311,-1.33925,9.66148
1.80254,-1.27736,9.66148
1.82396,-1.29164,9.60912
1.75731,-1.2607,9.52342
1.8192,-1.35591,9.64244
1.78587,-1.27022,9.63768
1.75969,-1.2607,9.6353
1.79778,-1.27498,9.72337
1.80968,-1.33687,9.73052
1.79778,-1.29402,9.76384
1.82158,-1.29878,9.79716
1.8192,-1.33687,9.80431
1.8073,-1.29402,9.73527
1.81206,-1.36067,9.69005
1.76445,-1.2607,9.60197
1.72874,-1.3083,9.67339
1.73827,-1.37257,9.68291
1.75493,-1.37495,9.70195
1.76445,-1.36543,9.66863
1.72874,-1.36067,9.66624
1.74065,-1.37733,9.66386
1.68828,-1.34639,9.60674
1.66685,-1.39876,9.67577
1.64781,-1.33449,9.60197
1.71922,-1.38924,9.59007
1.674,-1.30592,9.63054
1.65733,-1.24403,9.59007
1.65733,-1.22975,9.52342
1.71684,-1.2607,9.57817
1.76207,-1.35353,9.54723
1.74303,-1.38924,9.62102
1.80492,-1.43922,9.62102
1.80968,-1.44637,9.57103
1.79063,-1.37733,9.55913
1.71208,-1.31544,9.68291
1.75493,-1.2845,9.60435
1.7216,-1.3083,9.71623
1.70018,-1.33687,9.62578
1.74779,-1.37495,9.6472
1.66447,-1.31306,9.72575
1.72398,-1.22975,9.74004
1.75969,-1.24641,9.78288
1.77159,-1.3083,9.66148
1.78587,-1.39638,9.80669
1.71208,-1.31783,9.6115
1.67638,-1.29878,9.63768
1.69304,-1.26308,9.61388
1.69304,-1.31306,9.61864
1.7097,-1.38924,9.6115
1.7216,-1.42256,9.59245
1.7097,-1.34163,9.58769
1.72398,-1.24403,9.70671
1.71446,-1.24165,9.57103
1.75255,-1.31544,9.57817
1.75493,-1.29878,9.70671
1.74541,-1.30116,9.68529
1.74303,-1.33449,9.7567
1.75017,-1.35115,9.73052
1.75731,-1.39876,9.6591
1.77635,-1.38448,9.67815
1.73351,-1.3821,9.69719
1.68352,-1.24879,9.6472
1.66685,-1.19405,9.65196
1.70256,-1.18929,9.62578
1.71446,-1.34401,9.54961
1.70256,-1.26308,9.60435
1.71446,-1.23213,9.62578
1.77873,-1.19405,9.70671
1.8192,-1.25356,9.66624
1.79301,-1.31783,9.67339
1.8073,-1.32259,9.70195
1.78349,-1.32735,9.70909
1.82158,-1.31306,9.69481
1.82396,-1.34639,9.69719
1.66685,-1.23689,9.64006
1.7216,-1.2607,9.59483
1.7216,-1.32021,9.70671
1.73827,-1.27498,9.73527
1.75493,-1.2607,9.73527
1.75969,-1.27974,9.7686
1.75731,-1.37019,9.71147
1.71684,-1.36543,9.69243
1.72874,-1.34401,9.66863
1.68114,-1.32497,9.62578
1.65019,-1.18929,9.61626
1.75255,-1.26546,9.64244
1.71922,-1.29878,9.57103
1.70732,-1.3821,9.59007
1.72398,-1.34877,9.59959
1.6859,-1.38686,9.60674
1.66924,-1.37019,9.65434
1.73827,-1.27736,9.61864
1.68352,-1.24165,9.671
1.72874,-1.25594,9.66386
1.74065,-1.32497,9.65672
1.68114,-1.32021,9.6472
1.6859,-1.32259,9.671
1.7216,-1.34401,9.6591
1.75731,-1.35115,9.61864
1.71446,-1.27736,9.70909
1.72398,-1.29402,9.74956
1.70732,-1.32497,9.70433
1.72398,-1.30592,9.7448
1.71922,-1.36543,9.70909
1.6978,-1.36781,9.69005
1.76445,-1.34877,9.69243
1.73112,-1.25356,9.73766
1.75493,-1.21785,9.74956
1.79778,-1.23927,9.74956
1.87633,-1.30354,9.77574
1.82158,-1.35829,9.70671
1.74779,-1.27022,9.68053
1.65495,-1.2845,9.69719
1.75731,-1.2726,9.71385
1.76683,-1.34401,9.60912
1.72398,-1.31544,9.6115
1.71208,-1.31068,9.65672
1.74065,-1.30592,9.65196
1.75731,-1.28212,9.68767
1.71446,-1.21547,9.64006
1.71446,-1.22975,9.64244
1.73112,-1.29164,9.671
1.68828,-1.29878,9.69719
1.77397,-1.33925,9.63768
1.70018,-1.23451,9.66386
1.72874,-1.23213,9.68529
1.76445,-1.24641,9.66148
1.67638,-1.21071,9.76146
1.71446,-1.15358,9.71623
1.75731,-1.22737,9.68291
1.75017,-1.28688,9.57579
1.75493,-1.27498,9.60912
1.72874,-1.26308,9.66624
1.72874,-1.21547,9.70909
1.76207,-1.27022,9.62816
1.76683,-1.23689,9.56627
1.76921,-1.2726,9.58531
1.78349,-1.32021,9.65196
1.82158,-1.26784,9.70433
1.8311,-1.27974,9.69243
1.82634,-1.30116,9.72575
1.8073,-1.26784,9.6234
1.78349,-1.32259,9.6234
1.72874,-1.29164,9.68291
1.76683,-1.394,9.6353
1.75969,-1.37257,9.64482
1.74541,-1.33687,9.62816
1.76207,-1.31783,9.67815
1.73827,-1.24403,9.65434
1.7216,-1.23213,9.62578
1.75255,-1.18929,9.6591
1.76445,-1.24879,9.6472
1.67876,-1.23213,9.67815
1.75017,-1.19643,9.56865
1.6978,-1.17024,9.63768
1.70256,-1.22737,9.55675
1.66447,-1.31783,9.55437
1.73351,-1.24165,9.57341
1.71684,-1.19405,9.6591
1.77635,-1.19167,9.66624
1.80016,-1.27974,9.69005
1.89537,-1.33687,9.73527
1.9525,-1.39638,9.73766
1.9763,-1.47969,9.77336
1.93822,-1.35829,9.82097
1.91679,-1.28926,9.79955
1.83348,-1.27498,9.70433
1.81682,-1.29878,9.67339
1.71684,-1.23213,9.67815
1.73827,-1.23451,9.64006
1.72636,-1.20119,9.63054
1.71208,-1.22499,9.65434
1.77635,-1.14882,9.69005
1.69066,-1.14882,9.70909
2.24528,-1.28212,11.1087
2.44286,-1.1869,11.2325
2.49522,-1.05598,11.3849
2.55235,-0.994095,11.6086
2.63091,-0.977432,11.7895
2.62376,-1.03456,11.9823
2.72374,-1.09169,11.9776
2.80467,-1.19643,12.1823
2.82848,-1.1512,12.4346
2.90941,-1.08455,12.3061
-1.92036,-0.382339,9.15447
-1.85133,-0.625137,8.7141
-2.10603,-0.665604,8.54033
-2.24409,-0.791763,8.35466
-2.65114,-0.498978,8.56175
-2.84633,-0.358536,8.37846
-3.13197,-0.391861,7.90001
-3.50331,-0.403763,7.19542
-3.85085,-0.434708,7.0526
-3.92464,-0.687027,7.65245
-3.77229,-0.565628,7.02879
-4.20314,-0.51326,7.05974
-4.51021,-0.425186,6.67174
-4.87679,-0.410904,6.59557
-5.0696,-0.572769,6.24803
-3.77229,-0.565628,7.02879
-4.20314,-0.51326,7.05974
-4.51021,-0.425186,6.67174
-4.87679,-0.410904,6.59557
-5.0696,-0.572769,6.24803
-5.38856,-0.558487,5.95287
-5.55519,-0.679886,5.7791
-5.75514,-0.691788,5.92192
-5.77419,-0.677505,5.91002
-5.92177,-0.468033,5.33159
-8.1498,0.681686,3.64629
-8.36879,0.546005,3.74626
-8.45448,0.548386,3.02739
-8.69966,0.538864,3.01311
-8.74965,0.581711,2.63225
-8.88057,0.793564,2.55132
-9.04481,0.957809,2.14189
-9.23762,1.29582,1.76341
-9.50423,1.57433,1.44682
-9.68037,1.71715,1.25639
0.715897,-1.13454,9.82216
0.680191,-1.08574,9.77098
0.700424,-1.11192,9.77931
0.67186,-1.1024,9.79836
0.677811,-1.06432,9.82573
0.755173,-1.13216,9.78169
0.768265,-1.20833,9.80431
0.745651,-1.17262,9.84715
0.761124,-1.1631,9.80312
0.820633,-1.12978,9.81859
0.731369,-1.12263,9.87334
0.725418,-1.09526,9.89952
0.776596,-1.2,9.86858
0.758743,-1.1881,9.81026
0.761124,-1.21309,9.83882
0.751602,-1.14763,9.88167
0.749222,-1.16072,9.87691
0.726608,-1.175,9.87096
0.67305,-1.06908,9.83049
0.690903,-1.11906,9.83525
0.181503,-0.885788,9.82335
0.0970001,-0.795334,9.89833
0.0946198,-0.789383,9.9269
0.188644,-0.801285,9.8174
0.196976,-0.690598,9.89595
0.212448,-0.760818,9.83049
0.206497,-0.759628,9.91856
0.249344,-0.775101,9.91142
0.238632,-0.701309,9.90309
0.229111,-0.679886,9.92928
0.360031,-0.851273,9.89357
0.299332,-0.873886,9.93523
0.28862,-0.766769,9.92213
0.277908,-0.846512,9.81502
0.299332,-0.881027,9.87572
0.274338,-0.861984,9.85429
0.311234,-0.882217,9.88048
0.310043,-0.916733,9.90428
0.293381,-0.902451,9.80907
0.314804,-0.90126,9.85548
0.519516,-0.907211,9.9388
0.424301,-0.856033,9.89952
0.519516,-0.907211,9.9388
0.424301,-0.856033,9.89952
0.368362,-0.877457,9.86977
0.35527,-0.916733,9.78169
0.370743,-0.847702,9.82335
0.405258,-0.820328,9.83525
0.393356,-0.811996,9.89476
0.363602,-0.861984,9.90666
0.41478,-0.872696,9.87334
0.413589,-0.865555,9.90309
0.382645,-0.869125,9.89119
0.336227,-0.878647,9.86144
0.35408,-0.882217,9.7686
0.35408,-0.83342,9.74004
0.306473,-0.813187,9.81621
0.3517,-0.840561,9.8174
0.348129,-0.888168,9.81383
0.367172,-0.866745,9.89833
0.362411,-0.821518,9.93047
0.402878,-0.853653,9.92213
0.432632,-0.83699,9.95308
0.48381,-0.869125,9.96022
0.451675,-0.8358,9.98283
0.432632,-0.858414,9.93523
0.404068,-0.859604,9.91618
0.399307,-0.792953,9.85072
0.381454,-0.810806,9.78288
0.336227,-0.892929,9.79836
0.390976,-0.860794,9.8055
0.443344,-0.948868,9.81621
0.445725,-0.856033,9.85429
0.402878,-0.851273,9.7924
0.425491,-0.879837,9.77336
0.504044,-0.913162,9.86977
0.559982,-0.923874,9.91856
0.525467,-0.920303,9.94713
0.515945,-0.928635,9.93166
0.450485,-0.8965,9.8662
0.41954,-0.96196,9.82573
0.405258,-0.944107,9.84596
0.467148,-0.931015,9.7924
0.437393,-0.831039,9.84001
0.408829,-0.876266,9.80193
0.399307,-0.819138,9.79836
0.432632,-0.809616,9.7924
0.411209,-0.895309,9.85667
0.475479,-0.8965,9.88881
0.552841,-0.892929,9.96617
0.54689,-0.933395,9.92571
0.505234,-0.926254,9.91499
0.475479,-0.875076,9.86501
0.469528,-0.853653,9.87929
0.457626,-0.856033,9.89119
0.476669,-0.881027,9.85072
0.429062,-0.913162,9.90309
0.451675,-0.89769,9.91737
0.427872,-0.885788,9.91023
0.471909,-0.863174,9.91142
0.476669,-0.879837,9.90428
0.475479,-0.829849,9.91261
0.452866,-0.806046,9.86025
0.41716,-0.8358,9.85191
0.452866,-0.8965,9.80431
0.390976,-0.838181,9.79121
0.427872,-0.910782,9.78883
0.401688,-0.804855,9.81502
0.387405,-0.826279,9.82573
0.41954,-0.886978,9.81264
0.408829,-0.77153,9.88643
0.452866,-0.871506,9.82454
0.424301,-0.817947,9.84715
0.392166,-0.928635,9.82811
0.374313,-0.998856,9.84953
0.335037,-0.857224,9.79478
0.335037,-0.841751,9.84001
0.406448,-0.890549,9.87929
0.469528,-0.891739,9.93404
0.438583,-0.913162,9.9269
0.421921,-0.796524,9.81621
0.364792,-0.733444,9.8531
0.424301,-0.871506,9.83644
0.446915,-0.920303,9.83406
0.436203,-0.842941,9.79002
0.381454,-0.867935,9.8055
0.439774,-0.800095,9.81978
0.395737,-0.808426,9.78764
0.398117,-0.827469,9.82692
0.361221,-0.851273,9.8412
0.412399,-0.820328,9.84239
0.393356,-0.781052,9.91618
0.438583,-0.728684,9.90428
0.470718,-0.784622,9.90904
0.513565,-0.753677,9.9626
0.512375,-0.815567,9.89
0.490952,-0.864365,9.89714
0.429062,-0.83223,9.8412
0.442154,-0.806046,9.84953
0.450485,-0.851273,9.81502
0.490952,-0.915543,9.83763
0.512375,-0.847702,9.78288
0.533798,-0.844131,9.8055
0.457626,-0.83223,9.81978
0.442154,-0.798904,9.83287
0.411209,-0.77391,9.79955
0.402878,-0.766769,9.79002
0.401688,-0.809616,9.83882
0.465958,-0.815567,9.82692
0.509995,-0.908401,9.91856
0.54451,-0.886978,9.99117
0.557602,-0.890549,9.9626
0.540939,-0.840561,9.9745
0.523087,-0.919113,9.9507
0.511185,-0.822708,9.93404
0.48262,-0.83699,9.78764
0.41716,-0.811996,9.81621
0.387405,-0.778671,9.82573
0.450485,-0.776291,9.78764
0.460007,-0.778671,9.77931
0.431442,-0.83342,9.81621
0.429062,-0.851273,9.77098
0.463577,-0.861984,9.8174
0.501663,-0.841751,9.88881
0.550461,-0.819138,9.92094
0.594498,-0.846512,9.97331
0.506424,-0.894119,10.015
0.525467,-0.869125,9.89476
0.487381,-0.814377,9.86262
0.461197,-0.766769,9.84715
0.461197,-0.775101,9.82811
0.519516,-0.745346,9.83763
0.539749,-0.795334,9.82097
0.521896,-0.858414,9.8055
0.519516,-0.884598,9.79955
0.537369,-0.783432,9.80431
0.509995,-0.667984,9.86382
0.511185,-0.733444,9.85548
0.561172,-0.803665,9.92808
0.598068,-0.808426,9.90547
0.561172,-0.725113,9.93999
0.557602,-0.788193,9.82692
0.573074,-0.740585,9.81026
0.518326,-0.760818,9.80312
0.48381,-0.839371,9.77098
0.492142,-0.811996,9.77217
0.573074,-0.740585,9.81026
0.518326,-0.760818,9.80312
0.48381,-0.839371,9.77098
0.492142,-0.811996,9.77217
0.426682,-0.647751,9.81502
0.494522,-0.798904,9.77098
0.590927,-0.864365,9.88643
0.581406,-0.804855,9.87096
0.5457,-0.826279,9.96617
0.523087,-0.871506,9.87929
0.496902,-0.788193,9.81383
0.450485,-0.803665,9.8055
0.451675,-0.875076,9.84358
0.469528,-0.841751,9.87691
0.537369,-0.777481,9.91261
0.492142,-0.864365,9.89238
0.504044,-0.883408,9.8531
0.485001,-0.878647,9.84001
0.563553,-0.841751,9.86977
0.558792,-0.891739,9.82454
0.636154,-0.958389,9.85786
0.618301,-0.958389,9.81978
0.576645,-0.950058,9.81383
0.54451,-0.971481,9.79955
0.532608,-0.888168,9.82692
0.538559,-0.891739,9.77455
0.54451,-0.866745,9.79955
0.575455,-0.852463,9.86025
0.559982,-0.848892,9.87096
0.521896,-0.846512,9.86382
0.629013,-1.02266,9.86025
0.649246,-0.909592,9.94356
0.659958,-0.853653,10.0673
0.702805,-0.933395,10.1994
0.728989,-0.892929,10.328
0.700424,-0.932205,10.4708
0.686142,-1.05598,10.7005
0.727798,-1.21309,10.8671
0.937271,-1.22737,11.292
1.23244,-1.15358,11.3932
1.07176,-0.935776,11.4968
1.15984,-1.11906,11.8609
1.12294,-1.2357,11.7824
0.731369,-0.998856,11.6907
0.263626,-0.914352,11.4634
0.0696259,-1.04646,11.3861
-0.0208282,-1.11668,11.5134
-0.152939,-1.21309,11.4694
-0.655197,-0.935776,11.0945
-1.09914,-0.884598,11.0814
-1.43001,-0.809616,10.5065
-1.66685,-0.829849,10.5387
-1.7823,-0.758438,10.2363
-2.52736,-0.401382,9.53175
-2.99272,-0.32402,9.15565
-3.15459,-0.501358,8.86168
-3.31526,-0.64299,8.54747
-3.87703,-0.294266,7.65959
-4.54472,0.0973053,7.1859
-4.75301,-0.233566,7.00499
-5.01842,-0.234756,6.59914
-5.5778,-0.0752716,6.6765
-5.82774,0.0318451,6.08736
-6.14552,0.0330353,5.78029
-6.4157,0.113968,5.79814
-6.67635,0.0794525,5.79576
-6.97746,0.376999,5.52797
-7.40712,0.536484,5.46251
-5.01842,-0.234756,6.59914
-5.5778,-0.0752716,6.6765
-5.82774,0.0318451,6.08736
-6.14552,0.0330353,5.78029
-6.4157,0.113968,5.79814
-6.67635,0.0794525,5.79576
-6.97746,0.376999,5.52797
-7.40712,0.536484,5.46251
-7.55351,0.399612,5.01857
-7.81059,0.6436,4.59367
-8.25215,1.12086,4.62343
2.05605,-0.597763,10.5993
1.80849,-0.465652,10.303
1.78825,-0.413284,10.3256
1.85371,-0.534683,10.3411
1.96083,-0.70488,10.2661
2.09056,-0.790573,10.3411
2.22148,-0.802475,10.3137
2.24767,-0.889359,10.3506
2.21791,-0.813187,10.2399
2.09175,-0.791763,10.0352
1.92513,-0.678696,9.5377
2.01082,-0.729874,9.63768
1.91798,-0.607285,9.502
1.87276,-0.64061,9.46034
1.91203,-0.702499,9.47939
2.02272,-0.650131,9.57103
2.05605,-0.569199,9.58888
1.90489,-0.717972,9.52937
1.97273,-0.817947,9.5746
1.98701,-0.669174,9.55913
1.92513,-0.678696,9.5377
2.01082,-0.729874,9.63768
1.91798,-0.607285,9.502
1.87276,-0.64061,9.46034
1.91203,-0.702499,9.47939
2.02272,-0.650131,9.57103
2.05605,-0.569199,9.58888
1.99654,-0.608475,9.66624
2.05247,-0.698929,9.70076
2.0013,-0.694168,9.63649
1.95369,-0.64061,9.61983
1.94417,-0.607285,9.60078
1.9525,-0.701309,9.58531
1.94298,-0.632278,9.58412
2.04414,-0.616806,9.71861
2.09294,-0.666794,9.81264
2.13341,-0.735825,9.84239
2.12508,-0.628708,9.73409
2.04414,-0.612045,9.69124
2.02391,-0.626328,9.63173
2.03105,-0.637039,9.60435
1.99416,-0.547775,9.61745
1.99773,-0.610855,9.58412
2.09532,-0.70726,9.61269
2.09175,-0.695358,9.67339
2.07033,-0.657272,9.58293
2.00963,-0.64537,9.65434
2.05962,-0.64299,9.59364
1.99059,-0.648941,9.56746
1.97987,-0.615616,9.5984
2.07985,-0.685837,9.61626
2.05486,-0.697739,9.61388
2.03343,-0.709641,9.62935
1.99892,-0.677505,9.66863
2.00368,-0.719162,9.60674
2.01915,-0.6418,9.63887
2.01439,-0.810806,9.57222
2.02748,-0.829849,9.58888
2.01558,-0.803665,9.57222
1.99773,-0.756058,9.57698
1.95845,-0.700119,9.6353
1.9525,-0.696548,9.51747
1.92274,-0.734634,9.59483
1.98821,-0.739395,9.61626
2.01558,-0.64537,9.66505
2.00725,-0.663223,9.71147
2.04414,-0.76915,9.67577
2.09294,-0.741776,9.66981
2.05009,-0.709641,9.61745
1.99892,-0.676315,9.59721
2.07509,-0.752487,9.59483
2.01439,-0.615616,9.61983
2.04414,-0.747726,9.60554
1.99773,-0.717972,9.57222
2.01558,-0.692978,9.60912
2.04652,-0.657272,9.62935
2.02986,-0.684647,9.62459
2.05367,-0.683456,9.671
1.99297,-0.652512,9.59959
2.04295,-0.64418,9.64482
2.04295,-0.715591,9.62459
2.04057,-0.76915,9.59245
2.04414,-0.737015,9.62459
2.03462,-0.723923,9.55556
1.99416,-0.750107,9.49367
1.9763,-0.740585,9.53056
1.96559,-0.637039,9.52104
1.99178,-0.614426,9.56627
2.05962,-0.728684,9.64244
2.09294,-0.794144,9.68529
1.9894,-0.70369,9.72099
1.92393,-0.550156,9.59483
1.97273,-0.684647,9.63054
2.06081,-0.806046,9.59721
2.07152,-0.664413,9.60792
2.10365,-0.689407,9.65196
2.09294,-0.747726,9.63173
2.09294,-0.798904,9.69005
2.01796,-0.748917,9.58769
2.05486,-0.741776,9.62459
2.01439,-0.801285,9.57103
2.01677,-0.797714,9.57579
2.02153,-0.760818,9.57222
2.00249,-0.583481,9.59245
1.95964,-0.744156,9.50081
1.99297,-0.779861,9.54842
2.03938,-0.751297,9.62697
2.05486,-0.802475,9.65791
2.04771,-0.814377,9.64601
1.98344,-0.690598,9.62935
1.98582,-0.753677,9.67696
2.03224,-0.760818,9.65553
2.05486,-0.802475,9.65791
2.04771,-0.814377,9.64601
1.98344,-0.690598,9.62935
1.98582,-0.753677,9.67696
2.03224,-0.760818,9.65553
2.03581,-0.784622,9.62221
2.01915,-0.727493,9.65553
2.0251,-0.673935,9.65196
2.00368,-0.745346,9.6234
2.00249,-0.795334,9.57222
2.02986,-0.794144,9.59959
2.01796,-0.685837,9.59007
2.05605,-0.663223,9.64244
2.06795,-0.746536,9.61983
2.02034,-0.766769,9.59721
2.02986,-0.738205,9.58531
1.98821,-0.676315,9.52461
2.02034,-0.627518,9.5746
2.062,-0.750107,9.61626
2.1096,-0.96315,9.61269
2.10008,-0.753677,9.66863
2.08699,-0.845322,9.62459
2.03938,-0.794144,9.58174
1.98344,-0.776291,9.55437
2.05367,-0.866745,9.5984
2.04176,-0.798904,9.61269
2.06081,-0.776291,9.60554
2.04176,-0.729874,9.62697
2.02867,-0.809616,9.54842
1.99416,-0.860794,9.49605
1.95726,-0.728684,9.55437
2.03105,-0.750107,9.61507
2.10365,-0.854843,9.61031
2.05009,-0.671555,9.66029
2.07747,-0.729874,9.66624
2.07152,-0.710831,9.61507
2.07271,-0.810806,9.58412
2.06914,-0.827469,9.61626
1.99773,-0.665604,9.59245
2.04414,-0.687027,9.6234
2.06795,-0.713211,9.65791
2.17387,-0.727493,9.63054
2.13698,-0.647751,9.68529
2.16078,-0.806046,9.63054
2.11198,-0.762009,9.60554
2.0858,-0.715591,9.5508
2.04057,-0.801285,9.49129
2.05605,-0.797714,9.53294
2.0858,-0.762009,9.56151
2.13698,-0.789383,9.70076
2.17625,-0.783432,9.78526
2.19887,-0.828659,9.93404
2.10246,-0.814377,10.0364
2.00011,-0.76915,10.2768
2.1096,-0.933395,10.7803
2.44762,-1.09645,11.3361
2.94987,-1.12621,12.1311
3.12602,-0.651321,12.4572
3.10936,-0.149063,13.0499
3.49498,-0.485886,13.62
3.65565,-1.12978,13.4808
3.1891,-1.23808,13.3035
2.57497,-1.26189,12.731
1.85014,-1.39043,12.287
1.30861,-1.26427,11.4277
0.557602,-1.11906,10.9064
0.207687,-1.00719,10.5006
-0.276718,-0.553726,9.57103
-0.972977,-0.508499,9.03664
-1.60735,-0.32402,8.61769
-2.23338,-0.219284,7.94167
-2.76659,-0.525162,7.23351
-3.05223,-0.539444,7.53462
-3.46046,-0.138351,6.81099
-4.15077,-0.045517,6.33254
-4.71016,-0.140732,6.06117
-4.94701,-0.354965,6.18495
-5.37428,-0.349014,6.14568
-5.79085,-0.289505,5.71602
-6.33238,-0.202621,5.2328
-6.71681,-0.290695,4.92455
-7.09648,-0.0859833,4.42229
-7.68086,0.159195,4.07118
-8.08196,0.138962,3.94264
-8.34856,0.481735,3.38802
-8.68776,0.975662,2.81078
-9.17812,1.36961,1.94908
-9.43639,1.73024,1.53609
-9.63277,1.82188,1.2802
-9.78035,1.87782,1.44206
-9.94341,1.8564,1.62773
-9.89104,1.61122,1.73842
-9.68514,1.30891,1.73604
-9.64229,1.22441,1.97527
-9.58873,0.804276,2.52275
-9.35069,0.625748,2.96907
-9.26381,0.498398,2.86671
-9.28047,0.625748,2.52632
-9.18526,0.64241,2.61678
-9.0341,0.654312,2.88814
-8.79012,0.618607,3.30351
-8.4045,0.725723,3.99858
-7.99626,0.717392,4.14616
-8.01173,0.747147,4.01762
-7.79274,0.70549,4.76982
-7.30595,0.403183,5.21614
-7.11552,0.305588,5.56963
-6.6942,0.180618,6.36705
-6.16695,-0.0693207,6.45988
-6.30739,-0.287125,6.17781
-5.99318,-0.115738,7.0764
-5.03508,-0.346634,8.09996
-4.75539,-0.564438,8.36894
-4.89226,-0.573959,7.67149
-4.76015,-0.297836,7.84288
-4.01509,-0.419235,8.80455
-3.6378,-0.877457,8.99022
-3.5533,-0.904831,9.06639
-3.32002,-0.570389,9.03307
-2.94749,-1.006,9.06877
-2.45119,-1.13573,9.29967
-2.31789,-0.917923,9.93166
-2.17744,-0.70369,9.60912
-1.72041,-0.628708,10.0602
-0.971786,-0.90007,10.1233
-0.99678,-1.11787,10.084
-0.651627,-1.05479,10.7493
-0.370743,-1.22737,10.7446
-0.367172,-0.763199,10.597
-0.261246,-0.501358,10.4042
0.271957,-0.928635,10.8636
0.537369,-1.23332,10.6779
0.506424,-0.879837,10.7838
0.562363,-0.984573,10.7541
0.79921,-0.919113,10.5517
0.99559,-0.758438,10.6255
1.28362,-0.939346,10.7267
1.29552,-1.03575,10.647
1.54546,-0.977432,11.1468
1.86086,-1.06551,11.0088
2.01439,-0.920303,11.0826
1.86443,-0.764389,10.9112
1.77397,-0.902451,10.7934
1.57997,-1.00362,10.622
1.44191,-0.846512,10.3851
1.40025,-0.738205,10.2125
1.43953,-0.797714,10.0614
1.57878,-0.978622,10.2042
1.64424,-0.975052,10.0745
1.49428,-0.863174,9.84239
1.39787,-0.797714,9.69243
1.47285,-0.96196,9.59602
1.40501,-0.979813,9.58293
1.34789,-0.971481,9.47462
1.31218,-0.903641,9.45082
1.35027,-0.921494,9.38774
1.36931,-1.01909,9.44011
1.43477,-1.07027,9.53413
1.5764,-1.12502,9.68172
1.56212,-0.90126,9.68053
1.54665,-0.923874,9.70314
1.59901,-1.05003,9.75551
1.60973,-0.934586,9.79359
1.53474,-0.928635,9.73885
1.46928,-1.13335,9.73052
1.5276,-1.14882,9.78883
1.57521,-0.881027,9.82097
1.5157,-0.894119,9.77693
1.46809,-0.8965,9.76146
1.49428,-0.935776,9.67577
1.6002,-0.984573,9.89238
1.62639,-1.01314,9.80073
1.5645,-0.921494,9.75075
1.51213,-1.00005,9.75194
1.47643,-1.08812,9.66981
1.51808,-0.958389,9.60078
1.50142,-1.08693,9.66029
1.48,-0.996475,9.72218
1.4669,-0.920303,9.70909
1.46571,-0.984573,9.70195
1.45857,-1.05122,9.66386
1.53593,-1.12383,9.68291
1.55379,-1.04051,9.72575
1.58949,-1.00957,9.74956
1.53593,-1.05122,9.76741
1.55855,-1.15001,9.72337
1.51332,-1.01076,9.71266
1.52046,-0.936966,9.71266
1.52998,-0.969101,9.74123
1.59663,-1.00957,9.74718
1.67519,-1.17857,9.76622
1.55736,-1.08931,9.77693
1.48714,-0.982193,9.72337
1.39906,-0.90126,9.71742
1.43715,-0.936966,9.70195
1.47881,-0.969101,9.64006
1.48,-0.969101,9.65196
1.51451,-0.942917,9.78764
1.59068,-1.02266,9.7924
1.58116,-1.07146,9.78169
1.58711,-1.05241,9.73289
1.57283,-0.979813,9.72932
1.52641,-0.978622,9.74004
1.47643,-0.96553,9.69005
1.41335,-1.03932,9.61388
1.46809,-0.969101,9.65315
1.57164,-1.04527,9.72575
1.53831,-1.04289,9.65077
1.50499,-1.05241,9.65434
1.51808,-1.10597,9.70076
1.56212,-1.03932,9.7079
1.53474,-1.02028,9.75432
1.49666,-1.04765,9.80907
1.48595,-1.00362,9.79478
1.49428,-0.956009,9.74956
1.5038,-0.976242,9.76027
1.51451,-0.995285,9.72813
1.51451,-1.10121,9.69957
1.52879,-1.06551,9.71861
1.59306,-1.00124,9.77455
1.58949,-1.10954,9.73052
1.4919,-1.00957,9.70433
1.44191,-0.941727,9.71266
1.58949,-1.10954,9.73052
1.4919,-1.00957,9.70433
1.44191,-0.941727,9.71266
1.49309,-1.01909,9.66148
1.5038,-1.06551,9.69362
1.5157,-0.928635,9.63768
1.5395,-0.947678,9.60197
1.59663,-1.09169,9.73766
1.52522,-1.05479,9.74361
1.47762,-0.948868,9.71385
1.50499,-1.03456,9.70552
1.49785,-1.05241,9.70195
1.51451,-0.96553,9.69362
1.57402,-1.08336,9.76741
1.58354,-1.04527,9.69957
1.48833,-0.935776,9.74956
1.48714,-0.985764,9.64125
1.47047,-0.975052,9.73289
1.49309,-1.08217,9.6841
1.47643,-1.07027,9.68291
1.48714,-0.981003,9.74956
1.53117,-0.953629,9.71861
1.52284,-0.989334,9.73885
1.57521,-1.03694,9.77931
1.57283,-1.04527,9.7317
1.51332,-1.03456,9.71623
1.53236,-0.997665,9.68053
1.55141,-1.04289,9.68767
1.53236,-1.00243,9.75194
1.51094,-0.921494,9.73647
1.49547,-0.983383,9.72932
1.55498,-1.04527,9.76265
1.53593,-1.03337,9.68053
1.48833,-0.96077,9.70909
1.51094,-0.945297,9.68053
1.54189,-1.03575,9.77574
1.52879,-0.995285,9.73647
1.54903,-0.958389,9.74123
1.56331,-0.970291,9.77812
1.53712,-1.01314,9.63292
1.48952,-1.12621,9.66624
1.52284,-0.994095,9.65672
1.48833,-0.878647,9.55318
1.48952,-1.12621,9.66624
1.52284,-0.994095,9.65672
1.48833,-0.878647,9.55318
1.48714,-0.96196,9.65672
1.50737,-1.02623,9.67577
1.47881,-1.00243,9.69362
1.4669,-0.975052,9.69838
1.47881,-1.04646,9.76265
1.56093,-1.09288,9.87334
1.58711,-1.02623,9.74956
1.53831,-0.994095,9.83525
1.50975,-1.04646,9.7198
1.49785,-0.96553,9.73647
1.50856,-0.982193,9.62697
1.55736,-1.00957,9.72099
1.58116,-1.0905,9.73527
1.55617,-1.04646,9.72218
1.49071,-1.01552,9.6472
1.44191,-0.951248,9.63411
1.44429,-1.03218,9.62816
1.5157,-1.06789,9.65791
1.57283,-0.940536,9.68172
1.55855,-1.02028,9.73647
1.47047,-1.01909,9.75551
1.48119,-1.00362,9.74718
1.5038,-0.96434,9.69362
1.5157,-0.907211,9.70076
1.56093,-0.96553,9.68172
1.50618,-0.938156,9.72337
1.41216,-0.876266,9.65672
1.49309,-0.971481,9.62578
1.56807,-0.90126,9.74718
1.70613,-0.879837,9.92333
1.72993,-0.951248,10.2494
1.72636,-1.19643,10.4434
1.73827,-1.20833,10.7993
1.87276,-1.00124,11.3575
2.28694,-1.11906,12.0371
2.62376,-0.978622,12.4525
2.64876,-0.712021,12.5394
2.57259,-1.01076,12.825
2.46904,-1.17143,12.7845
2.08818,-1.34282,12.7655
1.69185,-1.44399,12.5655
1.27766,-1.47136,12.1299
0.784927,-1.35234,11.517
0.089859,-1.15715,11.223
-0.274338,-1.06551,10.4934
-1.02058,-0.948868,9.56865
-1.7704,-0.848892,9.22588
-2.06081,-0.819138,8.67482
-2.28813,-0.951248,8.53438
-2.54402,-0.863174,8.03093
-3.11412,-0.445419,7.59532
-3.6497,-0.378769,7.59413
-3.92464,-0.533493,7.30849
-4.32216,-0.617996,6.85027
-4.91368,-0.626328,6.37776
-5.4326,-0.428757,6.34206
-5.7718,-0.537064,5.98738
-6.18004,-0.76915,5.80647
-6.62874,-0.57634,5.54106
-7.13219,-0.304977,5.12331
-7.28453,-0.503738,5.2209
-7.32738,-0.552536,5.15068
-7.81773,-0.19548,4.80791
-8.00697,0.265121,4.71745
-8.27834,0.286545,4.60201
-8.49852,0.261551,4.10213
-8.74608,0.51387,3.93431
-8.92937,0.920914,3.45348
-9.15193,1.34224,2.9774
-9.45186,1.43031,2.2621
-9.60539,1.15538,1.7765
-9.68751,1.28392,1.3647
-9.96364,1.35057,1.1945
-10.0243,1.09468,1.36113
-9.81486,0.76976,1.96217
-9.63277,0.397232,2.54655
-9.42806,0.241318,2.89409
-9.29118,0.198471,2.95479
-9.1555,0.360336,3.1226
-9.20906,0.45079,3.0143
-9.27571,0.403183,2.74413
-9.17812,0.250839,2.77507
-8.94127,0.329391,2.6132
-8.8651,0.525772,2.71913
-8.60326,0.631699,3.21068
-8.25453,0.636459,3.80934
-7.94984,0.516251,4.26994
-7.58446,0.31868,4.49013
-7.28929,0.419846,4.73412
-6.94414,0.311539,5.5482
-7.58446,0.31868,4.49013
-7.28929,0.419846,4.73412
-6.94414,0.311539,5.5482
-6.5121,-0.219284,6.22185
-6.19075,-0.729874,6.44322
-5.82298,-0.244278,6.78838
-5.6266,0.278214,6.91216
-5.06722,-0.397812,7.22755
-4.47331,-1.06551,8.36418
-4.10197,-1.05717,8.62483
-3.96153,-0.585861,8.77004
-3.8568,-0.107407,7.83455
-3.50688,-0.826279,8.48439
-2.41072,-0.985764,9.25206
-2.26552,-1.25951,9.84477
-2.14888,-0.800095,9.28181
-2.08104,-0.270462,8.81526
-1.77635,-0.844131,9.1747
-0.579025,-1.39281,10.1102
-0.659958,-1.00124,10.2566
-3.96153,-0.585861,8.77004
-3.8568,-0.107407,7.83455
-3.50688,-0.826279,8.48439
-2.41072,-0.985764,9.25206
-2.26552,-1.25951,9.84477
-2.14888,-0.800095,9.28181
-2.08104,-0.270462,8.81526
-1.77635,-0.844131,9.1747
-0.579025,-1.39281,10.1102
-0.659958,-1.00124,10.2566
-0.273148,-0.422806,10.4899
0.231491,-0.827469,10.4839
0.812302,-1.41661,11.0076
1.21815,-1.49159,11.7526
1.14198,-0.742966,11.5313
1.21101,-0.488266,11.3242
1.26338,-0.762009,10.9171
1.37407,-1.07979,11.3468
1.62163,-1.09645,11.5694
1.7347,-0.856033,11.4111
1.71684,-0.556107,10.9695
1.83705,-0.621567,10.9362
2.28099,-0.966721,11.2182
2.32146,-1.0417,11.1754
2.1096,-0.947678,10.8838
1.91798,-0.929825,10.5684
1.74541,-0.70488,10.1721
1.70851,-0.745346,10.0697
1.84181,-0.982193,10.0495
1.85966,-0.891739,10.0364
1.98582,-0.978622,9.95308
2.062,-1.04408,9.78645
2.01201,-0.879837,9.82573
1.96321,-0.931015,9.80669
1.99892,-1.13454,9.7079
1.86324,-0.923874,9.73527
1.73589,-0.892929,9.60674
1.72279,-1.006,9.53175
1.73589,-1.08336,9.48177
1.77873,-1.00838,9.46867
1.78944,-1.0298,9.53294
1.79063,-1.00005,9.51866
1.84538,-1.01314,9.52699
1.78706,-1.02028,9.55675
1.74303,-1.02028,9.57936
1.73112,-0.96434,9.61864
1.79897,-0.978622,9.6353
1.83348,-0.926254,9.66148
1.80849,-1.07503,9.66267
1.78111,-1.15001,9.696
1.74184,-0.995285,9.70552
1.81206,-1.15953,9.70671
1.72041,-1.11311,9.60078
1.72279,-1.15953,9.6722
1.74184,-1.08574,9.65672
1.71565,-0.958389,9.6472
1.70732,-1.06908,9.59483
1.72398,-1.03694,9.61507
1.69542,-1.006,9.55913
1.73589,-0.957199,9.59126
1.7704,-1.02623,9.58769
1.81206,-1.10716,9.63649
1.83348,-1.13692,9.64839
1.843,-1.03456,9.67696
1.87514,-1.15239,9.77217
1.80968,-1.11787,9.69957
1.77516,-1.02742,9.68648
1.77754,-1.01314,9.6591
1.7704,-0.96434,9.70076
1.79539,-0.975052,9.78288
1.78587,-0.985764,9.74956
1.79182,-1.02742,9.74718
1.7823,-1.07979,9.72932
1.75731,-0.925064,9.78883
1.81444,-0.977432,9.75075
1.7942,-1.01671,9.67934
1.72041,-0.923874,9.61388
1.6609,-1.01909,9.61507
1.70375,-1.00481,9.59245
1.80254,-1.01909,9.64244
1.80611,-0.976242,9.70195
1.77635,-1.0417,9.64244
1.7704,-1.08574,9.5984
1.70613,-1.13573,9.60912
1.7097,-1.05598,9.59007
1.64186,-0.920303,9.62935
1.68828,-0.938156,9.69124
1.71565,-1.01433,9.66386
1.72993,-1.00005,9.62935
1.69304,-1.08812,9.65077
1.70613,-1.0417,9.68291
1.71208,-1.02028,9.74123
1.72041,-1.02147,9.71861
1.67519,-1.02147,9.68648
1.71327,-0.957199,9.69124
1.75612,-0.996475,9.72813
1.75017,-1.00957,9.66148
1.71327,-1.14644,9.69362
1.64781,-1.07027,9.60912
1.61449,-0.958389,9.65553
1.65614,-0.986954,9.62816
1.67043,-0.933395,9.67339
1.71565,-0.959579,9.69243
1.65614,-0.986954,9.62816
1.67043,-0.933395,9.67339
1.71565,-0.959579,9.69243
1.77635,-0.944107,9.73052
1.76445,-0.913162,9.74242
1.72755,-1.02147,9.72099
1.71684,-0.96077,9.73647
1.70137,-0.978622,9.59245
1.67638,-1.02623,9.62816
1.60735,-1.01195,9.60554
1.6371,-0.911972,9.59245
1.67876,-0.966721,9.69362
1.71803,-0.96077,9.76741
1.7216,-0.927444,9.81383
1.72398,-0.989334,9.80907
1.67757,-1.03456,9.68886
1.67519,-0.985764,9.696
1.649,-0.970291,9.64601
1.67162,-0.948868,9.71623
1.63115,-0.985764,9.69481
1.6609,-0.951248,9.69957
1.65138,-0.977432,9.62935
1.63472,-1.00957,9.6115
1.56569,-0.915543,9.62578
1.65138,-1.00005,9.63292
1.65971,-0.96196,9.6722
1.69185,-0.981003,9.65791
1.67162,-1.01314,9.65672
1.66209,-1.04051,9.69481
1.67757,-0.983383,9.70076
1.67995,-1.04289,9.69481
1.67043,-0.988144,9.7198
1.66328,-0.995285,9.74837
1.63829,-1.006,9.63887
1.63353,-0.946487,9.73527
1.69304,-0.951248,9.7079
1.67757,-0.959579,9.66863
1.62877,-1.03218,9.61745
1.6371,-1.03218,9.72337
1.71922,-0.971481,9.72694
1.70613,-0.972672,9.69719
1.63472,-0.944107,9.69124
1.59187,-0.882217,9.65077
1.63234,-0.939346,9.61388
1.72517,-1.00838,9.68529
1.72993,-0.947678,9.69957
1.64305,-0.992905,9.6472
1.64781,-0.979813,9.64601
1.65257,-0.90126,9.64363
1.64186,-0.925064,9.6472
1.66447,-0.996475,9.70314
1.72636,-1.01195,9.72099
1.62044,-0.872696,9.71385
1.65852,-0.903641,9.68291
1.68709,-0.939346,9.67458
1.69185,-0.953629,9.71861
1.69304,-0.888168,9.75908
1.69542,-1.07741,9.74123
1.72636,-1.06789,9.7448
1.67995,-0.971481,9.72456
1.5883,-0.861984,9.7079
1.63234,-0.884598,9.71861
1.66685,-1.01433,9.63173
1.674,-0.941727,9.6722
1.70137,-0.977432,9.671
1.72517,-1.05241,9.6841
1.62758,-0.983383,9.64958
1.61806,-1.02028,9.59126
1.59187,-0.953629,9.62459
1.65257,-0.970291,9.61507
1.62639,-0.978622,9.66505
1.62996,-1.03575,9.69481
1.63591,-0.985764,9.696
1.67757,-0.922684,9.7198
1.73946,-0.973862,9.66863
1.70732,-1.02861,9.73766
1.6859,-1.06789,9.68767
1.5764,-0.967911,9.68053
1.57164,-0.873886,9.69124
1.5883,-0.883408,9.65553
1.65733,-0.940536,9.76384
1.72517,-0.978622,9.75194
1.69899,-0.927444,9.7198
1.674,-1.01433,9.67458
1.68352,-1.00957,9.68648
1.66804,-0.926254,9.62578
1.62282,-0.870316,9.67339
1.72279,-0.950058,9.6722
1.68471,-1.02861,9.69838
1.62163,-0.985764,9.6353
1.6002,-0.8965,9.70671
1.69185,-0.945297,9.75194
1.70375,-0.931015,9.72337
1.67162,-0.83342,9.80431
1.63115,-0.925064,9.70076
1.62758,-0.934586,9.72694
1.70613,-0.967911,9.74599
1.68828,-0.959579,9.87929
1.68114,-0.975052,9.94237
1.71446,-1.01909,9.93047
1.58473,-0.928635,9.90666
1.58235,-1.03337,10.0054
1.66685,-1.23094,10.1507
1.76445,-1.09526,10.5267
2.11555,-1.17857,11.0421
2.39763,-1.16191,11.5658
2.42381,-1.02028,11.8371
2.49284,-1.00243,12.1442
2.45595,-0.894119,12.4679
2.59282,-1.05717,12.9416
2.6797,-1.23451,12.9143
2.33812,-0.883408,12.706
2.00844,-0.817947,12.7464
1.50618,-0.919113,11.9264
0.782547,-0.788193,11.6205
0.22316,-0.648941,11.1825
-0.188644,-0.802475,10.6124
-0.712326,-0.694168,10.0043
-1.33241,-0.559677,9.43535
-2.11079,-0.470413,8.82597
-7.42973,0.0508881,3.70103
-7.85582,0.234177,3.49632
-8.09743,0.282974,3.44514
-8.17836,0.38176,3.45586
-8.50685,0.661453,2.96669
-8.86629,1.03517,2.66914
-9.02101,1.12801,2.84172
-9.15074,0.957809,2.85243
-9.39949,1.09111,2.67152
-9.70537,1.33986,2.24901
-9.84581,1.16252,1.55632
-9.77797,0.919724,1.4016
-9.5923,0.842361,2.11809
-9.56374,0.63765,2.66319
-9.38283,0.544815,2.57869
-9.3138,0.862595,2.83458
-9.33046,0.662643,3.22139
-9.35902,0.724533,3.50822
-9.3864,0.634079,3.20592
-9.44353,0.744766,3.06548
-9.24834,0.737625,3.37254
-9.03053,0.460312,3.80696
-8.85915,0.460312,4.17116
-8.68181,0.479355,4.28184
-8.50804,0.587662,4.31636
-8.32118,0.474594,4.47466
-8.19859,0.516251,4.91502
-7.91057,0.265121,5.43037
-7.51662,0.0139923,5.88502
-7.36546,0.38652,5.96239
-7.37856,0.325821,5.76363
-7.2274,-0.0550385,5.87907
-7.00246,-0.0645599,6.5789
-6.71681,-0.470413,6.80147
-6.50258,-0.44899,7.0038
-6.40141,-0.0621796,6.89787
-6.42641,-0.0562286,6.57414
-6.38594,-0.415665,6.97285
-5.5052,-0.568008,8.01784
-5.21004,-0.446609,7.89168
-5.44331,0.00209045,7.74409
-5.19576,-0.270462,7.76314
-4.91963,-0.434708,8.313
-4.40666,-0.665604,8.50462
-4.07103,-0.967911,8.95451
-3.78181,-0.894119,9.01997
-3.57948,-0.986954,9.1628
-3.46761,-0.735825,9.12828
-3.50926,-0.598953,9.03426
-3.37953,-0.369247,9.10567
-2.94868,-0.489456,9.32466
-2.54164,-0.662033,9.42226
-2.21791,-0.973862,9.29967
-2.11079,-0.775101,9.37227
-1.54427,-0.854843,9.74361
-1.09676,-0.873886,10.0983
-0.604019,-1.16786,10.1661
-0.599258,-1.11787,9.93404
-0.720657,-0.658462,9.91618
-0.337418,-0.932205,10.0173
0.230301,-1.03099,10.4899
0.602829,-1.22856,10.597
0.936081,-1.30949,10.6981
0.79921,-1.0905,10.447
0.689712,-0.848892,10.3875
0.846817,-1.04646,10.2566
1.16222,-0.978622,10.2613
1.27647,-0.878647,9.85072
1.34431,-1.05241,10.1209
1.72041,-1.19643,10.1173
0.230301,-1.03099,10.4899
0.602829,-1.22856,10.597
0.936081,-1.30949,10.6981
0.79921,-1.0905,10.447
0.689712,-0.848892,10.3875
0.846817,-1.04646,10.2566
1.16222,-0.978622,10.2613
1.27647,-0.878647,9.85072
1.34431,-1.05241,10.1209
1.72041,-1.19643,10.1173
2.00011,-1.11787,10.2268
2.27623,-1.04408,10.1316
2.37859,-0.941727,10.0816
2.62257,-1.02861,10.4589
2.83086,-1.21428,10.4875
2.85942,-1.19881,10.5684
2.82372,-1.03575,10.3554
2.82253,-0.860794,10.4113
2.8261,-1.10597,10.3827
2.70946,-1.05479,10.1994
2.58806,-1.0786,10.0578
2.55116,-0.907211,9.87453
2.57021,-0.856033,9.87453
2.73921,-0.985764,9.89952
2.79277,-1.01076,9.77455
2.77849,-0.96077,9.71028
2.71065,-0.883408,9.63173
2.70708,-1.03932,9.55318
2.71303,-1.02028,9.52818
2.66066,-1.02028,9.43416
2.59877,-1.00005,9.40083
2.619,-1.07146,9.32466
2.58211,-1.04408,9.32228
2.55354,-0.96196,9.28777
2.59639,-1.08336,9.37941
2.73921,-1.02742,9.39964
2.70232,-0.923874,9.43535
2.71065,-1.14049,9.46867
2.70232,-0.948868,9.42702
2.70708,-1.05241,9.44606
2.69518,-1.07503,9.38536
2.62376,-0.940536,9.41988
2.67137,-1.10597,9.38298
2.63686,-1.04408,9.34966
2.64757,-1.01195,9.39607
2.66185,-0.910782,9.37822
2.68684,-0.959579,9.46986
2.72731,-0.986954,9.41155
2.7047,-1.02504,9.34966
2.63686,-1.00838,9.32942
2.60591,-1.02623,9.43535
2.63567,-1.02385,9.35799
2.67732,-1.09169,9.36394
2.68565,-1.04051,9.45677
2.64757,-1.01314,9.40083
2.6559,-1.01552,9.47343
2.71541,-1.03099,9.51271
2.72374,-1.07979,9.50081
2.7166,-1.10002,9.47701
2.67851,-1.00481,9.55556
2.67018,-1.0417,9.55794
2.67494,-1.14406,9.51152
2.65233,-1.10716,9.46748
2.57973,-1.01552,9.47701
2.63924,-1.06075,9.3925
2.66185,-1.03932,9.44249
2.63329,-1.05717,9.4175
2.62972,-1.03932,9.36394
2.64519,-1.05241,9.42464
2.60829,-0.998856,9.42702
2.61186,-1.12502,9.4044
2.60829,-1.12859,9.4532
2.62733,-1.10121,9.48891
2.68684,-1.10478,9.43297
2.72255,-1.07503,9.43178
2.61424,-1.07503,9.39964
2.56306,-1.0667,9.42702
2.58211,-1.13811,9.34727
2.63329,-1.09883,9.41631
2.62257,-1.00957,9.42226
2.61186,-1.12502,9.4044
2.60829,-1.12859,9.4532
2.62733,-1.10121,9.48891
2.68684,-1.10478,9.43297
2.72255,-1.07503,9.43178
2.61424,-1.07503,9.39964
2.56306,-1.0667,9.42702
2.58211,-1.13811,9.34727
2.63329,-1.09883,9.41631
2.62257,-1.00957,9.42226
2.58449,-1.00124,9.44368
2.63567,-1.03694,9.44249
2.61543,-1.1143,9.40678
2.68684,-1.1869,9.38893
2.6678,-1.25117,9.41988
2.64876,-1.09169,9.44606
2.64876,-1.0905,9.46034
2.59401,-1.22023,9.3568
2.58449,-1.1024,9.41393
2.61424,-1.1024,9.34013
2.58211,-1.06075,9.36513
2.61305,-1.04646,9.37822
2.61781,-1.15239,9.37346
2.62019,-1.14882,9.38298
2.644,-1.13216,9.48653
2.7166,-1.14525,9.48177
2.65947,-1.08336,9.56151
2.56068,-1.09645,9.50676
2.56068,-1.13097,9.4901
2.70113,-1.23094,9.49486
2.6678,-1.0298,9.50081
2.67137,-1.006,9.53294
2.61424,-1.09526,9.47582
2.61305,-1.16072,9.42821
2.59163,-1.22856,9.41988
2.61781,-1.08812,9.35204
2.63686,-1.04884,9.42583
2.64162,-1.10478,9.48891
2.6321,-1.20595,9.40797
2.60353,-1.10359,9.40321
2.5952,-1.10835,9.39964
2.62972,-1.11073,9.48891
2.68446,-1.16667,9.46986
2.5952,-1.13454,9.4901
2.59163,-1.1869,9.46629
2.5464,-1.11668,9.36275
2.57735,-1.11787,9.4044
2.62138,-1.17262,9.43535
2.66185,-1.12383,9.48296
2.55116,-1.07027,9.42583
2.59758,-1.14882,9.46748
2.57735,-1.02504,9.34251
2.5345,-1.07503,9.37227
2.60234,-1.12383,9.41155
2.62138,-1.14287,9.51271
2.62138,-1.1881,9.50914
2.619,-1.09764,9.51509
2.58449,-1.11906,9.46748
2.56664,-1.08217,9.5389
2.57378,-1.04765,9.48415
2.59758,-1.14882,9.46748
2.64757,-1.19762,9.44725
2.60829,-1.19048,9.44844
2.59401,-1.09883,9.41631
2.51665,-1.01076,9.36632
2.50356,-1.14406,9.38179
2.51308,-1.10121,9.39369
2.57854,-1.1143,9.42583
2.62376,-1.15001,9.43773
2.63805,-1.16667,9.4532
2.56544,-1.08455,9.47105
2.53926,-1.1869,9.43059
2.55473,-1.11668,9.36751
2.55711,-1.08098,9.42464
2.55949,-1.11787,9.42464
2.57259,-1.07503,9.4413
2.60353,-1.14763,9.46034
2.61662,-1.15715,9.49129
2.60948,-1.15477,9.40678
2.54521,-1.12621,9.43535
2.54402,-1.04289,9.48177
2.60591,-1.09645,9.46272
2.62019,-1.12144,9.4901
2.60472,-1.14168,9.54128
2.66066,-1.07979,9.47819
2.64638,-1.06432,9.52342
2.62376,-1.10359,9.45915
2.59639,-1.1512,9.4651
2.51903,-1.11192,9.40083
2.59401,-1.14168,9.3925
2.61662,-1.15477,9.40083
2.57259,-1.08217,9.45677
2.53926,-1.05122,9.42107
2.49998,-1.06551,9.3568
2.59163,-1.07622,9.47701
2.6071,-1.11787,9.43654
2.62376,-1.18571,9.46629
2.59163,-1.11549,9.44725
2.52736,-1.02623,9.44487
2.53688,-1.03932,9.40797
2.56783,-1.1512,9.42821
2.57259,-1.08217,9.45677
2.53926,-1.05122,9.42107
2.49998,-1.06551,9.3568
2.46309,-1.07027,9.35204
2.44167,-1.02623,9.37465
2.4857,-0.886978,9.4413
2.63686,-1.08693,9.5139
2.67375,-1.10597,9.6591
2.80705,-1.06313,9.99831
2.91536,-1.00838,10.3089
3.29503,-1.08812,10.9945
3.74968,-0.954819,11.8586
4.11626,-1.07741,12.6548
4.22694,-1.14049,13.0309
4.2805,-1.39519,13.1285
3.6628,-1.32735,12.8167
2.92964,-1.62965,12.75
2.60472,-2.0117,12.6346
2.51308,-1.7701,12.4001
2.0489,-1.46303,11.7955
1.47881,-1.1881,11.2278
0.80159,-1.25594,10.8433
0.396927,-1.46541,10.3363
-0.404068,-1.0905,9.31157
-1.11937,-0.798904,9.11995
-1.28481,-0.851273,8.72243
-1.84895,-0.907211,7.94762
-2.53093,-0.89769,7.25969
-3.32478,-0.831039,7.01808
-3.56877,-0.988144,7.17281
-3.89845,-1.04408,6.567
-4.71254,-0.709641,6.46822
-5.13506,-0.785812,6.23732
-5.5183,-0.888168,5.75887
-5.98842,-0.607285,5.91716
-6.2205,-0.488266,5.79814
-6.63231,-0.601334,5.74339
-6.89296,-0.494217,5.53035
-7.29048,-0.296646,4.95906
-7.62849,0.203232,4.5782
-7.92009,0.635269,4.29494
-8.18431,0.63884,3.90337
-8.5009,0.799515,3.22139
-9.89223,1.43983,0.926712
-9.86366,1.17323,1.46825
-9.61491,0.787613,1.9586
-9.23762,0.411514,2.58464
-9.046,0.407944,2.91551
-9.1198,0.615036,3.15474
-8.9734,1.15062,2.49181
-9.4471,1.24702,1.55156
-9.76131,1.3101,0.781509
-9.91841,1.4803,0.664871
-9.89223,1.43983,0.926712
-9.86366,1.17323,1.46825
-9.61491,0.787613,1.9586
-9.23762,0.411514,2.58464
-9.046,0.407944,2.91551
-9.1198,0.615036,3.15474
-9.20311,0.404373,3.05833
-9.20311,0.374619,3.03096
-9.0222,0.297256,3.20354
-8.85439,0.228226,3.15236
-8.78178,0.432938,3.45705
-8.4033,0.38652,3.87361
-8.10695,0.184189,4.0331
-7.90819,0.171097,4.5663
-7.44759,0.259171,5.01381
-7.13933,0.279404,5.23161
-4.0508,-0.784622,8.8831
-3.50807,-0.8358,9.49843
-2.96416,-1.31544,9.52342
-2.86656,-1.2119,9.15565
-3.09627,-0.810806,8.87715
-2.79634,-0.848892,9.1497
-2.18816,-1.12263,9.27824
-1.85966,-1.12025,9.53532
-1.42168,-0.89888,9.85072
-0.905136,-0.970291,9.84834
-0.487381,-0.734634,10.0221
-0.248154,-0.801285,10.497
-0.175552,-1.08574,10.4565
-0.0958099,-1.12978,10.3268
0.0970001,-1.13692,10.5767
0.48262,-1.09764,10.4815
0.638535,-1.20714,10.2161
0.753983,-1.17738,10.4125
0.951553,-1.09883,10.3113
0.936081,-1.15596,10.2649
1.32527,-1.21904,10.5184
1.63115,-1.08574,10.322
1.66804,-0.762009,10.2185
1.82634,-0.669174,10.2054
2.00487,-0.910782,10.2911
2.30836,-1.24998,10.4303
2.35597,-1.24046,10.2435
2.23457,-1.04765,10.1471
2.35835,-1.03813,10.1054
2.52617,-0.946487,10.2863
2.85585,-1.02623,10.5006
3.0558,-1.26427,10.5267
3.10341,-1.32735,10.4589
2.99986,-1.14644,10.4101
2.83324,-1.19048,10.2601
2.70708,-1.1512,9.98521
2.55473,-1.01433,9.90428
2.56306,-0.984573,9.78883
2.61067,-1.12025,9.65791
2.61543,-1.24284,9.64006
2.61186,-1.05479,9.54246
2.64638,-1.02861,9.57103
2.64757,-1.20476,9.49605
2.59639,-1.25237,9.45796
2.52736,-1.14763,9.3568
2.49046,-1.06551,9.34727
2.47737,-0.989334,9.37703
2.50117,-1.18929,9.25801
2.49998,-1.12263,9.4175
2.5464,-1.18929,9.29253
2.62019,-1.23451,9.39964
2.619,-1.24879,9.47105
2.68684,-1.34401,9.43416
2.65947,-1.22142,9.48772
2.64995,-1.23451,9.40559
2.57854,-1.19524,9.35799
2.55116,-1.08217,9.4651
2.53212,-1.25951,9.37227
2.51665,-1.09407,9.42702
2.5583,-1.06432,9.47343
2.60829,-1.1869,9.47582
2.66542,-1.18452,9.46867
2.66542,-1.24165,9.43535
2.61781,-1.23689,9.49605
2.59996,-1.17619,9.41273
2.54283,-1.11668,9.42702
2.49522,-1.13216,9.40202
2.56783,-1.22856,9.44368
2.59163,-1.21666,9.51271
2.55235,-1.2,9.54008
2.55116,-1.15834,9.49248
2.47023,-1.11549,9.5377
2.49522,-1.21547,9.53532
2.50713,-1.20595,9.49129
2.5345,-1.21071,9.50438
2.48808,-1.24522,9.42821
2.51308,-1.2357,9.49248
2.55592,-1.28093,9.47701
2.50475,-1.27141,9.47582
2.40596,-1.14168,9.48177
2.41429,-1.21666,9.36156
2.45833,-1.31068,9.36751
2.45952,-1.23808,9.47462
2.51784,-1.11311,9.47582
2.51427,-1.19524,9.39726
2.52022,-1.30473,9.43535
2.46071,-1.3083,9.35799
2.45714,-1.2119,9.4532
2.47261,-1.23094,9.51866
2.51189,-1.28093,9.51866
2.50713,-1.17024,9.51628
2.47975,-1.11549,9.42464
2.47142,-1.22261,9.47224
2.50713,-1.17024,9.49248
2.55949,-1.28212,9.43773
2.49522,-1.17381,9.4901
2.42262,-1.17857,9.47105
2.46785,-1.25832,9.48415
2.44524,-1.1869,9.49962
2.39525,-1.11906,9.44011
2.425,-1.20238,9.47701
2.42738,-1.20238,9.51628
2.44286,-1.18929,9.48177
2.47975,-1.26665,9.48653
2.48213,-1.25832,9.51985
2.45357,-1.16548,9.59602
2.42143,-1.23451,9.51985
2.45,-1.31902,9.4413
2.42381,-1.32378,9.46272
2.38097,-1.22737,9.42702
2.4012,-1.17857,9.45796
2.37859,-1.34639,9.44844
2.37025,-1.23927,9.36751
2.42619,-1.25832,9.38893
2.42619,-1.22499,9.38774
2.36311,-1.14168,9.41393
2.37978,-1.15596,9.42702
2.44405,-1.20714,9.53532
2.48451,-1.28807,9.55437
2.42262,-1.09645,9.54485
2.43452,-1.28926,9.48296
2.50117,-1.29164,9.48891
2.45595,-1.15477,9.49843
2.47261,-1.20119,9.52104
2.42738,-1.16072,9.45558
2.40596,-1.1881,9.40797
2.40596,-1.19286,9.42464
2.41905,-1.23808,9.4413
2.38692,-1.23094,9.49843
2.36549,-1.17381,9.51747
2.39406,-1.18095,9.47462
2.49284,-1.32616,9.48653
2.49998,-1.24403,9.51033
2.47142,-1.17857,9.4901
2.45952,-1.15596,9.54128
2.40834,-1.3452,9.47939
2.41191,-1.39043,9.41988
2.34526,-1.19881,9.38179
2.38097,-1.1143,9.48772
2.40001,-1.18095,9.44844
2.38097,-1.24403,9.49843
2.39763,-1.18452,9.50319
2.40477,-1.23213,9.46272
2.4738,-1.22737,9.49367
2.47142,-1.32378,9.4175
2.40953,-1.2119,9.40797
2.39644,-1.12621,9.4651
2.35954,-1.18333,9.48177
2.40834,-1.22142,9.5377
2.41786,-1.17619,9.53651
2.43929,-1.1512,9.50676
2.46547,-1.08693,9.60912
2.48689,-1.1869,9.53651
2.47023,-1.20595,9.51985
2.52498,-1.2,9.54723
2.44762,-1.25356,9.50319
2.425,-1.19643,9.45677
2.40477,-1.21666,9.43773
2.39168,-1.19167,9.45439
2.38216,-1.13097,9.45201
2.40715,-1.12621,9.39845
2.45,-1.13335,9.43416
2.44762,-1.14763,9.41988
2.40001,-1.19048,9.39726
2.43452,-1.35591,9.37822
2.45119,-1.32616,9.42107
2.46666,-1.30949,9.41393
2.42381,-1.26665,9.42702
2.40239,-1.30592,9.44011
2.38097,-1.20238,9.48177
2.39763,-1.10597,9.57222
2.46071,-1.18214,9.57222
2.48451,-1.30473,9.54008
2.3893,-1.32497,9.50795
2.32979,-1.35591,9.49843
2.29765,-1.15001,9.53175
2.31432,-0.946487,9.5389
2.35716,-0.957199,9.50795
2.38216,-1.15477,9.46272
2.51784,-1.08336,9.59007
2.39763,-1.10597,9.57222
2.46071,-1.18214,9.57222
2.48451,-1.30473,9.54008
2.3893,-1.32497,9.50795
2.32979,-1.35591,9.49843
2.29765,-1.15001,9.53175
2.31432,-0.946487,9.5389
2.35716,-0.957199,9.50795
2.38216,-1.15477,9.46272
2.51784,-1.08336,9.59007
2.53807,-1.1274,9.57817
2.57854,-1.25237,9.64125
2.66304,-1.2964,9.79002
2.69399,-1.17976,9.95546
2.6797,-1.0536,10.2244
3.04271,-1.28688,11.0861
3.89964,-1.54991,11.9312
4.16386,-1.55705,12.4656
4.1115,-1.39281,12.8964
3.62352,-1.4416,12.7084
2.88084,-1.28331,12.5167
2.36668,-1.37257,12.3489
2.24409,-1.50349,12.2835
1.9644,-1.55348,11.98
1.60854,-1.47374,11.7693
1.30266,-1.29521,11.4622
0.920609,-1.33092,11.273
0.587357,-1.44041,10.7422
-0.268387,-1.21309,9.98879
-1.04439,-0.785812,9.31038
-1.5764,-0.889359,8.76408
-2.18221,-0.950058,8.11543
-2.80705,-0.885788,7.73814
-3.2379,-0.83699,7.31563
-3.71873,-0.601334,6.85265
-4.23766,-0.537064,6.48845
-4.70778,-0.64061,6.36586
-4.97914,-0.892929,6.09688
-5.45045,-0.802475,5.791
-5.94676,-0.692978,5.28755
-6.41093,-0.502548,5.04237
-6.89891,-0.263321,4.61272
-7.41664,-0.162155,4.1533
-7.77251,-0.0324249,4.00929
-7.92128,0.277023,3.70222
-8.36284,0.473404,3.31541
-8.67467,0.813797,2.856
-9.1198,1.1042,2.28828
-9.41853,1.08873,1.87291
-9.53517,1.25417,1.68724
-9.67799,1.39461,1.56108
-9.82677,1.12444,1.71342
-9.82558,1.03874,1.92052
-9.61253,0.791184,2.30257
-9.47447,0.697159,2.51799
-9.38164,0.541245,2.78102
-9.28404,0.338913,2.85957
-9.25429,0.353195,2.9774
-9.17573,0.442459,3.00121
-9.05196,0.516251,3.04643
-8.86867,0.538864,3.0381
-8.41997,0.531723,3.6808
-7.88676,0.429367,4.6032
-7.58684,0.103256,5.08403
-7.48091,-0.0740814,5.24352
-7.14528,-0.0371857,5.65413
-6.77989,-0.296646,6.92168
-6.28835,-0.5811,7.13353
-6.51686,-0.745346,6.94191
-6.4395,-0.45256,6.90263
-5.91582,-0.591812,7.38585
-5.27074,-1.15001,7.89049
-4.89821,-1.08455,8.21184
-5.02913,-1.09764,8.49391
-4.778,-1.0667,8.16185
-4.47688,-0.8358,8.2047
-4.13054,-0.685837,8.22969
-3.98296,-0.83461,8.25707
-3.61757,-1.0298,9.21397
-2.619,-1.25713,9.50319
-2.55116,-0.882217,9.09376
-2.5714,-0.627518,9.37584
-1.91322,-1.24522,9.49486
-1.79063,-1.32378,9.80907
-1.52998,-1.10478,10.1792
-1.1646,-0.90126,10.1138
-0.834915,-0.902451,10.1435
-0.564743,-1.2726,10.4161
-0.41478,-1.34401,10.8564
-0.163651,-1.32735,10.76
-0.0910492,-0.984573,10.4708
-0.0874786,-0.702499,10.2935
0.0672455,-1.0298,10.5767
0.338608,-1.16667,10.6279
0.399307,-1.02742,10.6136
0.520706,-0.979813,10.4708
0.73732,-0.988144,10.2042
0.707565,-1.01552,9.97926
0.615921,-1.02623,9.8293
0.889664,-1.19524,9.90904
1.15508,-1.02742,10.1364
1.54665,-0.951248,10.1257
1.77278,-1.05956,9.98402
1.8549,-0.96196,10.2566
1.91084,-1.04051,10.04
2.15126,-1.15834,10.4077
2.33931,-1.08217,10.3149
2.52022,-1.05717,10.2982
2.33812,-0.983383,10.1292
2.10008,-0.816757,10.0293
2.14293,-1.0667,9.90547
2.18459,-1.04289,9.83406
2.34883,-1.08217,9.73647
2.56664,-1.01314,9.95308
2.85942,-1.08098,10.1257
3.06889,-1.22618,10.3006
3.00819,-1.23451,10.1816
2.77254,-1.08217,10.0626
2.6071,-1.10478,9.85548
2.40358,-1.05122,9.6722
2.30836,-1.01076,9.5627
2.30241,-1.05122,9.39964
2.32503,-0.975052,9.53413
2.3524,-1.05956,9.46272
2.37025,-1.13335,9.53532
2.42619,-1.08217,9.51866
2.51665,-1.15358,9.46034
2.45833,-1.14763,9.44249
2.4381,-1.10597,9.43773
2.46428,-1.18571,9.48415
2.42738,-1.24284,9.48058
2.44405,-1.22023,9.47819
2.41429,-1.20119,9.41035
2.35478,-1.15596,9.50795
2.3405,-1.19524,9.4413
2.42738,-1.19762,9.48177
2.43452,-1.03694,9.53056
2.42262,-1.09526,9.55675
2.43929,-1.16429,9.53056
2.40239,-1.21547,9.57936
2.39763,-1.17738,9.54485
2.41191,-1.14287,9.54961
2.36073,-1.19762,9.46629
2.35002,-1.13573,9.49248
2.27742,-1.1024,9.53532
2.2917,-1.11906,9.51747
2.27028,-1.08455,9.59007
2.3167,-1.19881,9.50081
2.30003,-1.08574,9.54365
2.33693,-1.06551,9.54961
2.37978,-1.15715,9.5377
2.36311,-1.175,9.48891
2.29289,-1.14168,9.56389
2.30241,-1.25951,9.52937
2.29765,-1.27736,9.54842
2.24528,-1.21547,9.48772
2.24528,-1.14168,9.46986
2.22981,-1.15596,9.51271
2.25005,-1.21428,9.4651
2.24886,-1.07622,9.55199
2.23338,-1.15358,9.46391
2.22148,-1.14882,9.40797
2.26314,-1.14882,9.502
2.22148,-1.17619,9.48296
2.22862,-1.2,9.53413
2.28932,-1.22142,9.52818
2.26909,-1.23094,9.55199
2.22981,-1.19762,9.5258
2.25243,-1.22142,9.57936
2.22148,-1.05122,9.59126
2.2191,-1.10597,9.48058
2.19292,-1.15953,9.52342
2.16316,-1.27974,9.47819
2.1703,-1.23332,9.48296
2.21196,-1.08098,9.56865
2.25719,-1.11787,9.59721
2.25005,-1.11787,9.65672
2.29051,-1.17143,9.61031
2.28694,-1.13454,9.64363
2.21553,-1.12263,9.54485
2.20839,-1.12502,9.55199
2.20958,-1.12263,9.49843
2.21315,-1.12978,9.53056
2.21315,-1.13692,9.54128
2.256,-1.19167,9.60317
2.22267,-1.12502,9.5865
2.23695,-1.05598,9.64839
2.18816,-1.04765,9.63292
2.21315,-1.1881,9.48415
2.19054,-1.24403,9.46153
2.15364,-1.21309,9.46629
2.20006,-1.18452,9.51509
2.15483,-1.14644,9.52818
2.13579,-1.19643,9.48653
2.16911,-1.1512,9.55675
2.22148,-1.06432,9.56865
2.21553,-1.15001,9.6591
2.13579,-1.24284,9.58769
2.15959,-1.21428,9.61626
2.23219,-1.15715,9.5746
2.26909,-1.21785,9.60078
2.21672,-1.25713,9.60674
2.17863,-1.13454,9.54365
2.13341,-1.12025,9.55556
2.16673,-1.07027,9.55794
2.1346,-0.96553,9.50081
2.14769,-1.12978,9.49962
2.20482,-1.19643,9.51033
2.22624,-1.17857,9.51271
2.20244,-1.10835,9.52699
2.20244,-1.15953,9.55556
2.18459,-1.13097,9.55794
2.12746,-1.10359,9.55199
2.11079,-1.12383,9.52937
2.15959,-1.15239,9.54604
2.15602,-1.11192,9.59007
2.22386,-1.2238,9.60792
2.14531,-1.24641,9.59007
2.1953,-1.20952,9.59245
2.13936,-1.17024,9.54842
2.13103,-1.19524,9.52223
2.11079,-1.15596,9.51985
2.11555,-1.02623,9.57341
2.17982,-1.11787,9.57222
2.16435,-1.15596,9.54128
2.12746,-1.12978,9.58531
2.14531,-1.16548,9.64244
2.20006,-1.07146,9.63411
2.17387,-1.1881,9.55199
2.15602,-1.19881,9.53056
2.14293,-1.15358,9.55199
2.15007,-1.12383,9.57103
2.17149,-1.13097,9.60912
2.12389,-1.09288,9.60912
2.15126,-1.14525,9.60435
2.19411,-1.06551,9.58769
2.21553,-1.05241,9.56627
2.18221,-1.14525,9.48296
2.17506,-1.14049,9.48296
2.14293,-1.15358,9.55199
2.15007,-1.12383,9.57103
2.17149,-1.13097,9.60912
2.12389,-1.09288,9.60912
2.15126,-1.14525,9.60435
2.19411,-1.06551,9.58769
2.21553,-1.05241,9.56627
2.18221,-1.14525,9.48296
2.17506,-1.14049,9.48296
2.20244,-1.09526,9.52699
2.18101,-1.19286,9.60435
2.15126,-1.12263,9.58174
2.17982,-1.09288,9.54365
2.13222,-1.09526,9.54008
2.09651,-1.07741,9.49962
2.09413,-1.1393,9.52937
2.15959,-1.10121,9.58531
2.2072,-1.08574,9.63173
2.23576,-1.17381,9.60792
2.20125,-1.175,9.5746
2.18101,-1.19286,9.60435
2.15126,-1.12263,9.58174
2.17387,-1.10002,9.57579
2.16316,-1.16667,9.5865
2.15245,-1.08693,9.61626
2.13698,-1.0905,9.56508
2.12746,-1.13454,9.57698
2.17149,-1.22499,9.56627
2.22505,-1.17262,9.54961
2.13222,-1.04527,9.58412
2.15721,-1.11549,9.61269
2.16911,-1.17381,9.55794
2.1227,-1.1881,9.52342
2.11436,-1.16191,9.53413
2.09175,-1.0536,9.60078
2.13817,-1.04408,9.5377
2.17982,-1.13692,9.54842
2.22029,-1.29045,9.60912
2.22386,-1.14287,9.5984
2.16554,-1.0417,9.5627
2.09532,-1.14763,9.56508
2.09056,-1.19524,9.49367
2.1096,-1.02385,9.55794
2.11913,-1.08574,9.50795
2.12389,-1.11906,9.58055
2.15602,-1.16072,9.59007
2.15245,-1.14287,9.55913
2.13222,-1.12621,9.61031
2.09175,-1.02504,9.48891
2.0251,-0.970291,9.4901
2.02034,-1.10121,9.48177
2.05128,-1.006,9.42345
2.07152,-1.04051,9.45082
2.15483,-1.07027,9.51152
2.25124,-1.1143,9.61864
2.32265,-1.10954,9.70314
2.37859,-1.21547,9.8662
2.45119,-1.25356,9.94475
2.39644,-1.23094,10.1733
2.47856,-1.14882,10.3982
2.67018,-1.11668,10.8612
2.07152,-1.04051,9.45082
2.15483,-1.07027,9.51152
2.25124,-1.1143,9.61864
2.32265,-1.10954,9.70314
2.37859,-1.21547,9.8662
2.45119,-1.25356,9.94475
2.39644,-1.23094,10.1733
2.47856,-1.14882,10.3982
2.67018,-1.11668,10.8612
2.94749,-1.12978,11.342
3.33907,-1.05003,12.0395
3.40929,-1.0905,12.0181
3.27837,-1.14049,12.3656
3.0927,-1.2607,12.4537
2.76778,-1.32497,12.368
2.51665,-1.63084,12.4453
2.02391,-1.65822,11.8514
1.63472,-1.41542,11.6622
1.42287,-1.46422,11.7562
0.997971,-1.23689,11.0052
0.0958099,-1.17262,10.6969
-0.232681,-1.12263,10.4256
-0.661148,-1.03456,9.81145
-1.28123,-0.853653,9.59245
-1.9156,-0.546585,8.76765
-2.59758,-0.472794,8.45106
-2.99867,-0.6418,7.83574
-3.42714,-0.860794,7.57866
-3.84489,-0.667984,7.41084
-4.2198,-0.429947,6.89073
-4.76134,-0.494217,6.36943
-5.21599,-0.51564,5.86479
-5.67778,-0.70845,6.01714
-5.93367,-0.632278,5.93858
-6.30977,-0.615616,5.48631
-6.74181,-0.412094,4.97096
-7.19527,-0.277603,4.72102
-7.42616,-0.208572,4.84004
-7.57613,-0.0693207,4.82814
-7.85106,0.100876,4.79243
-8.06172,0.313919,4.44252
-8.32951,0.586472,4.01524
-8.63301,0.781662,3.82481
-8.86748,1.00066,3.43324
-9.23286,1.11134,2.6144
-9.653,1.50649,1.4623
-10.0481,1.67549,0.857681
-9.98268,1.32082,1.31471
-9.64824,0.909012,2.05025
-9.68156,0.676926,2.20021
-9.29594,0.731674,2.91194
-9.11147,0.504349,3.3297
-9.02577,0.431747,3.97359
-9.00197,0.313919,4.51988
-9.046,0.232986,4.27946
-9.28047,0.44722,3.45467
-9.46257,0.816177,3.13808
-9.27452,0.695969,3.52608
-9.02458,0.378189,3.76411
-8.87343,0.432938,3.90456
-8.79964,0.409134,3.85457
-8.68895,0.418655,4.02358
-8.38664,0.519821,4.5782
-8.0522,0.335342,4.78886
-7.92128,0.130631,5.00072
-7.61421,0.206802,5.28398
-7.36784,0.12587,5.55296
-7.01912,-0.140732,6.13615
-6.75252,-0.378769,6.32539
-6.77513,-0.250229,6.29088
-6.84892,0.0877838,6.03023
-6.32524,-0.102646,6.57771
-5.71944,-0.571579,7.02165
-5.61827,-0.541824,7.48702
-5.39809,-0.459702,7.97261
-4.98866,-0.378769,7.76195
-4.75182,-0.159775,7.99641
-4.31621,-0.284744,8.54866
-3.92583,-0.990524,9.17113
-3.4081,-1.31783,9.41273
-3.51997,-0.798904,9.1497
-3.6378,-0.0955048,8.83549
-3.4438,-0.143112,8.93547
-2.85228,-0.948868,9.40202
-2.26433,-1.08098,9.8662
-2.23695,-0.976242,9.64482
-1.9037,-0.6418,9.71385
-1.40382,-0.533493,9.9019
-0.753983,-1.0179,10.5018
-0.0850983,-1.39043,11.0802
0.0696259,-1.43684,11.0849
-0.15889,-0.997665,10.7279
-0.485001,-0.669174,10.4256
-0.41954,-0.957199,10.3554
-0.106522,-1.03218,10.6827
0.169601,-1.12621,10.7684
0.41716,-1.11787,10.6803
0.383835,-0.907211,10.4577
0.310043,-0.989334,10.5267
0.424301,-1.07622,10.4113
0.335037,-0.907211,10.2518
0.808731,-0.982193,10.3875
0.943222,-0.867935,10.2256
0.900375,-0.677505,10.2732
0.878952,-0.813187,10.1816
0.940842,-0.958389,10.1971
1.20982,-1.01195,10.1578
1.24077,-0.816757,10.0435
1.44548,-0.752487,10.1875
1.47524,-0.746536,10.2209
1.47047,-0.882217,9.68886
1.45381,-0.764389,9.68529
1.41454,-0.796524,9.68767
1.52998,-0.825089,9.69362
1.52403,-0.775101,9.81621
1.5395,-0.83461,9.70552
1.53474,-0.96077,9.62221
1.45738,-0.802475,9.68529
1.44905,-0.881027,9.65434
1.5038,-0.945297,9.73409
1.60616,-0.911972,9.80907
1.48476,-0.910782,9.72456
1.3586,-0.882217,9.69957
1.37764,-0.919113,9.64958
1.42644,-0.972672,9.72694
1.38478,-0.883408,9.68529
1.39787,-0.914352,9.71504
1.4669,-0.928635,9.80312
1.44667,-0.826279,9.78169
1.5038,-0.910782,9.73885
1.51808,-0.959579,9.8174
1.52046,-0.972672,9.7686
1.46095,-0.886978,9.70909
1.39192,-0.96077,9.61269
1.34669,-0.933395,9.67696
1.41692,-1.00957,9.63649
1.43834,-0.998856,9.58293
1.48476,-0.940536,9.75908
1.53236,-0.944107,9.73527
1.52284,-1.02028,9.78288
1.49547,-1.04765,9.83763
1.42882,-0.954819,9.83287
1.43239,-0.881027,9.82216
1.49309,-0.96196,9.78169
1.53236,-0.984573,9.79359
1.54784,-1.04289,9.85548
1.55974,-0.966721,9.83406
1.46809,-0.90007,9.77217
1.41692,-0.927444,9.79716
1.38954,-0.911972,9.69838
1.41216,-0.929825,9.6841
1.41097,-0.941727,9.76384
1.41454,-0.992905,9.71504
1.38954,-0.915543,9.70433
1.41216,-0.929825,9.6841
1.41097,-0.941727,9.76384
1.41454,-0.992905,9.71504
1.38954,-0.915543,9.70433
1.40977,-0.877457,9.61745
1.42168,-0.976242,9.67696
1.44786,-0.878647,9.63887
1.39073,-0.936966,9.66624
1.42763,-0.971481,9.66148
1.3824,-0.883408,9.6472
1.45024,-0.954819,9.72099
1.44429,-0.990524,9.69719
1.38121,-0.983383,9.65196
1.35503,-0.988144,9.66029
1.41454,-0.940536,9.66981
1.46095,-0.96196,9.73409
1.47762,-1.01909,9.69124
1.48952,-1.03099,9.78764
1.41454,-0.952438,9.75432
1.39192,-0.858414,9.79359
1.46214,-0.915543,9.80669
1.5276,-0.909592,9.73527
1.53236,-0.916733,9.78407
1.47643,-0.922684,9.78645
1.44905,-0.946487,9.7317
1.45143,-1.06313,9.696
1.48595,-1.01552,9.71028
1.42168,-1.02623,9.66386
1.45024,-0.928635,9.74956
1.45024,-0.879837,9.80073
1.5038,-0.940536,9.73052
1.46809,-1.04051,9.69005
1.42168,-0.971481,9.70433
1.42525,-0.991715,9.77336
1.42406,-1.06432,9.66743
1.49547,-0.951248,9.68648
1.48476,-0.951248,9.70076
1.48357,-1.00362,9.69838
1.49666,-0.951248,9.73766
1.41692,-0.888168,9.73885
1.41097,-0.96315,9.62578
1.46333,-1.01433,9.73052
1.41097,-0.96315,9.62578
1.46333,-1.01433,9.73052
1.50023,-1.02266,9.73766
1.46928,-0.953629,9.69957
1.44905,-1.02623,9.66624
1.49071,-0.992905,9.71742
1.42168,-0.926254,9.72099
1.47762,-0.998856,9.78288
1.50023,-0.945297,9.80669
1.5038,-1.02623,9.70552
1.53355,-0.958389,9.75194
1.54427,-0.946487,9.75908
1.54903,-0.981003,9.75551
1.53593,-1.0536,9.77812
1.54189,-0.989334,9.76384
1.44548,-0.902451,9.73289
1.36336,-0.867935,9.68886
1.40382,-0.96553,9.69362
1.50499,-0.985764,9.71504
1.52641,-0.915543,9.72694
1.50737,-0.945297,9.77812
1.50975,-1.01552,9.7317
1.48595,-1.006,9.75075
1.49666,-1.00362,9.66863
1.50618,-1.00243,9.72813
1.48,-0.929825,9.69481
1.41216,-0.936966,9.73409
1.42644,-0.96077,9.70909
1.47404,-1.03456,9.64958
1.47524,-1.10121,9.67458
1.52284,-1.16905,9.71028
1.51808,-1.01433,9.7317
1.4669,-0.969101,9.69362
1.49071,-0.983383,9.68767
1.45857,-0.969101,9.74123
1.47524,-0.959579,9.72218
1.49309,-0.902451,9.81502
1.49309,-1.0786,9.72218
1.52284,-1.16786,9.70314
1.47643,-1.07265,9.67696
1.48595,-0.951248,9.69957
1.46571,-0.979813,9.75432
1.46333,-0.934586,9.66505
1.50737,-1.00957,9.64482
1.49785,-0.908401,9.696
1.50261,-0.935776,9.6722
1.52165,-0.992905,9.6353
1.53236,-1.03337,9.69719
1.53236,-0.989334,9.66267
1.53236,-0.989334,9.69957
1.46333,-0.966721,9.72575
1.48119,-0.984573,9.72575
1.51808,-1.05479,9.76265
1.52641,-0.936966,9.72813
1.53593,-0.991715,9.74599
1.51927,-1.06551,9.74837
1.55379,-1.00957,9.77812
1.61687,-0.988144,9.76741
1.57045,-0.934586,9.77336
1.61806,-0.981003,9.89238
1.46333,-0.966721,9.72575
1.48119,-0.984573,9.72575
1.51808,-1.05479,9.76265
1.52641,-0.936966,9.72813
1.53593,-0.991715,9.74599
1.51927,-1.06551,9.74837
1.55379,-1.00957,9.77812
1.61687,-0.988144,9.76741
1.57045,-0.934586,9.77336
1.61806,-0.981003,9.89238
1.60616,-1.09764,10.1257
1.55498,-1.01909,10.3327
1.76564,-1.2964,10.6148
2.03343,-1.22142,11.1742
2.34764,-1.10954,11.7764
2.40953,-0.787003,12.0549
2.28694,-0.710831,12.2144
2.12984,-0.819138,12.5191
2.05486,-1.1869,12.5822
1.88704,-1.55348,12.6048
-1.57283,-0.573959,9.52223
-2.18697,-0.613236,8.97237
-2.6559,-0.57515,8.37846
1.51689,-1.37852,12.8464
1.3705,-1.55229,12.4239
0.706375,-1.37972,11.9109
0.106522,-1.22023,11.6158
-0.280289,-1.22737,11.317
-0.383835,-1.1631,10.8838
-0.878952,-0.841751,10.2233
-1.57283,-0.573959,9.52223
-2.18697,-0.613236,8.97237
-2.6559,-0.57515,8.37846
-3.09746,-0.659653,7.97499
-3.43785,-0.522781,7.42155
-3.97939,-0.399002,6.8467
-4.63756,-0.25856,6.40752
-4.83156,-0.453751,6.20042
-5.21242,-0.462082,5.93858
-5.6516,-0.376389,5.73149
-6.03722,-0.228806,5.44823
-6.27168,-0.239517,5.30183
-6.56804,-0.238327,4.9781
-3.09746,-0.659653,7.97499
-3.43785,-0.522781,7.42155
-3.97939,-0.399002,6.8467
-4.63756,-0.25856,6.40752
-4.83156,-0.453751,6.20042
-5.21242,-0.462082,5.93858
-5.6516,-0.376389,5.73149
-6.03722,-0.228806,5.44823
-6.27168,-0.239517,5.30183
-6.56804,-0.238327,4.9781
-7.02031,-0.0562286,4.94359
-7.19765,-0.12764,5.27922
-7.30119,-0.176437,4.9305
-7.73204,0.0663605,4.88408
-8.03078,0.279404,4.66627
-8.2462,0.369858,4.57939
-8.38902,0.286545,4.17592
-8.89128,0.474594,3.65105
-9.23525,0.812607,3.37849
-9.2888,1.12801,3.07738
-9.41258,1.35295,2.36803
-9.69585,1.61122,1.65511
-9.86604,1.66478,1.34447
-9.847,1.69096,1.48372
-9.7863,1.41246,1.78722
-9.88152,1.23512,1.91219
-9.89699,0.856644,1.90981
-9.56493,0.401993,2.20497
-9.47804,0.507919,2.55608
-9.52446,0.441269,2.65486
-9.45543,0.375809,2.5775
-9.39354,0.529343,2.57512
-9.36974,0.978043,2.38112
-9.46614,1.01494,2.1895
-9.40425,0.886398,2.11333
-9.33403,0.809036,2.20378
-9.18526,0.674545,2.53584
-9.10194,0.879257,2.91551
-8.92818,0.850693,3.32613
-8.58302,0.679306,3.69984
-8.47234,0.444839,3.81291
-8.27,0.415085,4.39372
-7.75346,0.349625,5.38277
-7.52733,0.0330353,5.41966
-7.56184,-0.0621796,5.36372
-7.325,0.216324,5.94096
-6.71324,0.104446,6.50154
-6.53828,-0.720352,6.63127
-6.23479,-0.859604,6.69197
-6.08601,-0.331161,6.87883
-5.97533,-0.106216,7.28944
-5.41475,-0.470413,7.47749
-5.21361,-0.927444,7.41917
-4.95891,-0.57991,8.05473
-4.43523,-0.239517,8.73552
-4.03532,-0.604904,8.78194
-3.79372,-0.978622,8.85097
-3.48189,-0.716782,9.05568
-3.226,-0.96315,9.76027
-2.58687,-1.15001,10.1328
-2.53569,-0.933395,9.96498
-2.56902,-0.646561,10.0412
-2.02272,-0.778671,9.96855
-1.93822,-0.637039,10.4434
-1.51689,-0.970291,10.5267
-1.45143,-1.04289,10.616
-1.45381,-0.6418,10.4934
-1.28719,-0.725113,10.4339
-0.956314,-0.740585,10.4375
-0.817062,-0.992905,10.3458
-0.813492,-1.175,10.466
-0.471909,-1.30116,10.3792
-0.556412,-0.83342,10.2244
-0.365982,-0.51326,10.3601
-0.105331,-0.696548,10.3804
0.356461,-0.96434,10.478
0.280289,-1.00124,10.4315
0.0565338,-0.884598,10.428
0.257675,-0.904831,10.2744
0.245773,-0.801285,10.1316
0.346939,-1.04408,10.0388
0.707565,-1.22142,10.0876
0.724228,-1.0298,10.1328
0.651627,-1.06313,9.99355
0.792068,-0.982193,10.1864
1.15865,-0.948868,10.1423
1.3217,-1.00838,10.2625
1.38121,-1.05717,10.3589
1.31575,-1.18929,10.3018
1.23363,-1.14644,10.0471
1.08128,-1.006,9.88524
0.918228,-0.882217,9.57817
0.99678,-0.77391,9.75194
1.21696,-0.917923,9.78645
1.27171,-1.12144,9.71147
1.286,-0.926254,9.87096
1.44905,-0.96434,9.9019
1.63591,-1.02861,10.0221
1.79063,-0.992905,10.1554
1.80611,-1.13454,10.1411
1.67519,-1.1393,10.1102
1.64305,-1.18452,10.0066
1.47881,-1.10716,9.88405
1.3705,-0.952438,9.81026
1.50975,-1.01909,9.87096
1.51332,-0.929825,9.97807
1.48833,-0.866745,9.91737
1.56688,-1.04289,9.88405
1.63234,-1.09764,9.86144
1.60258,-1.02504,9.80788
1.52165,-0.894119,9.88167
1.51927,-1.05003,9.78288
1.52403,-0.989334,9.79002
1.45619,-1.02742,9.75194
1.36336,-0.971481,9.75908
1.37288,-0.940536,9.63292
1.37169,-0.891739,9.64839
1.40739,-1.04527,9.68291
1.44191,-1.12263,9.6841
1.455,-1.04884,9.66267
1.35979,-1.08336,9.60317
1.43715,-1.08574,9.63768
1.43596,-1.0536,9.70552
1.40263,-1.04289,9.68648
1.35503,-1.05241,9.69243
1.3943,-1.07741,9.74718
1.44429,-1.00719,9.77217
1.45976,-1.07146,9.79002
1.5038,-1.05836,9.83168
1.51213,-1.07503,9.85786
1.46452,-1.05598,9.80193
1.3455,-1.05122,9.75789
1.29552,-0.996475,9.6472
1.3098,-1.01433,9.71028
1.25505,-0.958389,9.75194
1.27766,-0.977432,9.76741
1.38359,-1.07979,9.84239
1.39787,-1.02504,9.8293
1.37288,-0.927444,9.83406
1.36931,-1.01671,9.80431
1.35027,-1.06194,9.78883
1.27647,-1.03337,9.72694
1.29314,-1.02028,9.69362
1.24077,-0.967911,9.66981
1.20982,-1.15358,9.63768
1.28957,-1.02266,9.74004
1.25862,-0.877457,9.87572
1.31456,-0.889359,9.91737
1.27766,-1.13811,9.86025
1.25981,-1.12978,9.92213
1.23244,-1.05836,9.86025
1.22054,-1.09883,9.88167
1.14079,-1.13216,9.8781
1.06938,-1.26546,9.82335
0.952744,-1.29521,9.70195
0.836105,-1.2357,9.70195
0.769455,-1.31664,9.61745
0.696854,-1.24879,9.696
0.702805,-1.29759,9.70433
0.774216,-1.19405,9.87929
0.73494,-1.14644,9.91261
0.778976,-1.10478,9.9138
0.964645,-1.1024,9.89833
0.999161,-1.0667,10.0638
0.967026,-0.854843,10.0019
0.972977,-0.819138,9.95665
0.940842,-0.873886,9.85191
0.852768,-0.919113,9.92451
0.618301,-0.863174,9.89238
0.554031,-0.925064,9.99355
0.682571,-1.16191,9.92094
0.682571,-1.16191,9.92094
0.492142,-1.00838,9.80907
0.465958,-0.838181,9.81502
0.498093,-0.63942,9.85072
0.652817,-0.938156,9.7805
0.677811,-1.0905,9.78288
0.681381,-0.909592,9.70909
0.720657,-0.8358,9.68529
0.774216,-1.08336,9.7079
0.828964,-1.48683,9.59007
0.834915,-1.16905,9.56508
0.73732,-0.811996,9.53413
0.719467,-0.715591,9.52699
0.750412,-0.789383,9.46629
0.682571,-1.15239,9.56984
0.565933,-0.848892,9.57103
0.523087,-0.744156,9.65077
0.67186,-0.956009,9.74242
0.702805,-0.813187,9.76979
0.681381,-0.723923,9.71266
0.668289,-0.779861,9.64958
0.773026,-0.981003,9.78883
1.05153,-0.698929,10.059
1.26576,-0.365677,10.134
1.27766,-0.353775,9.9019
1.10747,-0.538254,9.8055
1.17055,-0.589432,9.85667
1.18602,-0.473984,9.91261
1.03011,-0.304977,9.7567
0.86467,-0.374008,9.65196
0.830154,-0.189529,9.7198
0.999161,-0.026474,9.78288
1.13365,0.00566101,9.92808
1.34074,0.0187531,10.1447
1.47047,-0.0788422,10.1435
1.50618,-0.0693207,10.2149
1.44667,0.0544586,10.0709
1.52522,0.0270844,10.0054
1.38121,-0.013382,9.83763
1.14793,0.0354156,9.69124
